19.9333	9.8081
19.8948	9.8466
19.8564	9.8466
19.7988	9.8658
19.7604	9.8658
19.7411	9.9234
19.7027	9.9618
19.7027	10.0003
19.7027	10.0387
19.7027	10.0771
19.7027	10.1155
19.6835	10.1732
19.6835	10.2116
19.6835	10.2500
19.6643	10.2885
19.6643	10.3269
19.6451	10.3653
19.6451	10.4229
19.5874	10.4229
19.5490	10.4229
19.5490	10.4614
19.5490	10.4998
19.5682	10.5382
19.5682	10.5766
19.5682	10.6151
19.5682	10.6727
19.5874	10.7111
19.6259	10.7496
19.6259	10.7880
19.6451	10.8264
19.6259	10.8264
19.5874	10.8264
19.5490	10.8264
19.5298	10.8840
19.5106	10.9225
19.5106	10.9609
19.5106	10.9993
19.5298	11.0377
19.5682	11.0954
19.5490	11.1338
19.5106	11.1722
19.4722	11.1722
19.4337	11.2107
19.4337	11.2683
19.3953	11.3067
19.3569	11.3452
19.3569	11.3836
19.3761	11.4220
19.4145	11.4412
19.4530	11.4989
19.4914	11.5373
19.5298	11.5757
19.5874	11.5949
19.6259	11.5949
19.6643	11.5949
19.7027	11.6141
19.7219	11.6718
19.7219	11.7102
19.7219	11.7486
19.6835	11.7678
19.6451	11.7678
19.6259	11.8255
19.6259	11.8639
19.6451	11.8831
19.7027	11.9215
19.7411	11.9215
19.7796	11.9408
19.8180	11.9600
19.8564	11.9984
19.8756	12.0368
19.8756	12.0945
19.8372	12.1329
19.8372	12.1713
19.8564	12.1905
19.8948	12.2097
19.9333	12.2289
19.9333	12.2674
19.9141	12.2866
19.8948	12.3250
19.8564	12.3442
19.8180	12.3442
19.7796	12.3250
19.7411	12.2866
19.7027	12.2674
19.6643	12.2482
19.6259	12.2097
19.5874	12.1713
19.5874	12.1329
19.5874	12.0945
19.5874	12.0560
19.5874	11.9984
19.5682	11.9600
19.5682	11.9215
19.5298	11.9215
19.5106	11.9408
19.4722	11.9792
19.4337	11.9792
19.4337	11.9600
19.4337	11.9215
19.4145	11.8639
19.3953	11.8255
19.3569	11.7870
19.3569	11.7486
19.3377	11.6910
19.3185	11.6526
19.2992	11.6141
19.2416	11.6141
19.2032	11.6333
19.1648	11.6718
19.1263	11.6910
19.0879	11.7486
19.0687	11.7870
19.0495	11.8255
19.0111	11.8255
18.9726	11.8063
18.9534	11.7486
18.9534	11.7102
19.0111	11.6910
19.0495	11.6526
19.0687	11.6141
19.0879	11.5757
19.1071	11.5373
19.1263	11.4796
19.1455	11.4412
19.1455	11.4028
19.1263	11.3836
19.0879	11.3836
19.0303	11.4028
18.9918	11.4220
18.9726	11.4604
18.9726	11.5181
18.9342	11.5565
18.8958	11.5757
18.8574	11.5757
18.8189	11.5565
18.7997	11.5181
18.7805	11.4796
18.7613	11.4220
18.7613	11.3836
18.7613	11.3452
18.7613	11.3067
18.7613	11.2683
18.7613	11.2299
18.7613	11.1915
18.7613	11.1338
18.7613	11.0954
18.7613	11.0570
18.7229	11.0570
18.6652	11.0762
18.6268	11.0762
18.5884	11.0954
18.5500	11.0954
18.5307	11.0570
18.5115	11.0185
18.4731	10.9801
18.4539	10.9225
18.3962	10.9033
18.3578	10.8840
18.3194	10.8840
18.2810	10.8648
18.2618	10.8072
18.2618	10.7688
18.2618	10.7303
18.2618	10.6919
18.2810	10.6535
18.3194	10.5959
18.3194	10.5574
18.3578	10.5190
18.3578	10.4806
18.3386	10.4422
18.2810	10.4422
18.2425	10.4037
18.2041	10.4037
18.1849	10.4422
18.1465	10.4806
18.1081	10.4998
18.0696	10.5382
18.0312	10.5766
17.9928	10.5766
17.9544	10.5766
17.9159	10.5766
17.8583	10.5574
17.8199	10.5574
17.7814	10.5766
17.7430	10.6151
17.7238	10.6535
17.6854	10.7111
17.6662	10.7496
17.6469	10.7880
17.6277	10.8264
17.6085	10.8840
17.6277	10.9033
17.6662	10.9225
17.7238	10.9225
17.7622	10.9033
17.8007	10.8840
17.8391	10.8840
17.8775	10.8840
17.8967	10.9225
17.8967	10.9609
17.8967	10.9993
17.9159	11.0377
17.9351	11.0762
17.8967	11.0954
17.8583	11.1338
17.8391	11.1722
17.7814	11.1915
17.7622	11.2491
17.7430	11.2875
17.7430	11.3259
17.7622	11.3644
17.8007	11.4028
17.8391	11.4220
17.8775	11.4220
17.9736	11.4412
18.0120	11.4412
18.0504	11.4604
18.0888	11.4796
18.1081	11.5181
18.0888	11.5757
18.0696	11.6141
18.0312	11.6526
18.0120	11.6910
17.9928	11.7294
17.9736	11.7870
17.9351	11.8255
17.9351	11.8639
17.8967	11.9023
17.8775	11.9600
17.8583	11.9215
17.8391	11.8831
17.8199	11.8447
17.8199	11.8063
17.8007	11.7678
17.7814	11.7102
17.7622	11.6718
17.7622	11.6333
17.7046	11.5949
17.6662	11.5565
17.6277	11.5373
17.5893	11.5373
17.5509	11.5373
17.4932	11.5757
17.4548	11.5757
17.4164	11.5949
17.3780	11.6333
17.3395	11.6333
17.3011	11.6333
17.2819	11.6141
17.2819	11.5757
17.2435	11.5373
17.2243	11.4989
17.1666	11.4604
17.1282	11.4412
17.0898	11.4028
17.0514	11.4028
17.0129	11.4412
16.9937	11.4796
16.9361	11.5181
16.9169	11.5565
16.8784	11.5949
16.8400	11.6526
16.8208	11.6910
16.7824	11.7294
16.7439	11.7678
16.7055	11.8063
16.6671	11.8447
16.6479	11.8831
16.6479	11.9215
16.6671	11.9792
16.7055	11.9792
16.7439	11.9792
16.7824	11.9792
16.8400	11.9792
16.8784	11.9792
16.9169	11.9984
16.9169	12.0368
16.9169	12.0752
16.9169	12.1329
16.9169	12.1713
16.9169	12.2097
16.9169	12.2482
16.9361	12.2674
16.9937	12.2866
17.0321	12.2866
17.0706	12.2866
17.1090	12.2866
17.1474	12.2866
17.2051	12.2866
17.2435	12.2674
17.2819	12.2482
17.3203	12.2482
17.3588	12.2289
17.3972	12.2097
17.4548	12.1905
17.4548	12.2097
17.4356	12.2482
17.4164	12.2866
17.4164	12.3250
17.4356	12.3826
17.4740	12.3826
17.5125	12.3826
17.5701	12.3442
17.6085	12.3250
17.6469	12.2866
17.6854	12.2866
17.7430	12.2674
17.7814	12.2482
17.8199	12.2289
17.8391	12.2482
17.8391	12.2866
17.8199	12.3250
17.8199	12.3826
17.8199	12.4211
17.8007	12.4595
17.8007	12.4979
17.8199	12.5171
17.8583	12.5363
17.8967	12.5363
17.9544	12.5171
17.9928	12.4979
18.0312	12.4787
18.0696	12.4403
18.1273	12.4403
18.1657	12.4403
18.2041	12.4403
18.2425	12.4403
18.2810	12.4403
18.3194	12.4403
18.3770	12.4403
18.4155	12.4403
18.4347	12.4787
18.4923	12.5171
18.4923	12.5556
18.4539	12.5556
18.3962	12.5748
18.3578	12.5940
18.3194	12.6516
18.2810	12.6900
18.2618	12.7285
18.2233	12.7669
18.2041	12.8053
18.1657	12.8630
18.1465	12.9014
18.1081	12.9398
18.0888	12.9782
18.0504	13.0359
18.0120	13.0551
17.9736	13.0551
17.9351	13.0551
17.8967	13.0359
17.8391	13.0359
17.8199	13.0551
17.7814	13.0935
17.7814	13.1512
17.7622	13.1896
17.7430	13.2280
17.7430	13.2664
17.7430	13.3049
17.7238	13.3625
17.7046	13.4009
17.6854	13.4393
17.6662	13.4778
17.6469	13.5162
17.6085	13.5546
17.5701	13.5738
17.5509	13.6315
17.5317	13.6699
17.5317	13.7083
17.5317	13.7468
17.5317	13.7852
17.5317	13.8236
17.5317	13.8812
17.5317	13.9197
17.5125	13.9581
17.4740	13.9581
17.4164	13.9773
17.3972	14.0349
17.3588	14.0734
17.3395	14.1118
17.3395	14.1502
17.3395	14.2079
17.3395	14.2463
17.3395	14.2847
17.3395	14.3231
17.3203	14.3616
17.3011	14.4000
17.2627	14.4000
17.2435	14.3616
17.1858	14.3423
17.1474	14.3039
17.1090	14.2847
17.0706	14.2847
17.0321	14.3231
16.9937	14.3231
16.9745	14.3039
16.9361	14.2463
16.9169	14.2079
16.8592	14.1886
16.8208	14.1502
16.7824	14.1310
16.7439	14.1118
16.6863	14.0734
16.6479	14.0734
16.6095	14.0926
16.5710	14.1310
16.5518	14.1694
16.5134	14.2079
16.4558	14.2463
16.4173	14.2847
16.3981	14.3423
16.3981	14.3808
16.4173	14.4000
16.4558	14.4000
16.4942	14.4384
16.5518	14.4576
16.5902	14.4961
16.6287	14.5153
16.6671	14.5729
16.6863	14.6113
16.7055	14.6498
16.7247	14.6882
16.7439	14.7266
16.7632	14.7842
16.7824	14.8227
16.8208	14.8611
16.8592	14.8995
16.8784	14.9379
16.9361	14.9572
16.9745	14.9956
16.9937	15.0340
16.9745	15.0724
16.9553	15.1301
16.9169	15.1685
16.8977	15.2069
16.8784	15.2454
16.8592	15.2838
16.8592	15.3414
16.8400	15.3798
16.8400	15.4183
16.8400	15.4567
16.8400	15.4951
16.8784	15.5335
16.9361	15.5143
16.9553	15.4759
16.9937	15.4375
17.0129	15.3991
17.0514	15.3414
17.0898	15.3222
17.1282	15.3030
17.1666	15.3222
17.2051	15.3606
17.2435	15.3991
17.2819	15.4375
17.3395	15.4375
17.3780	15.4375
17.4164	15.3991
17.4356	15.3606
17.4548	15.3222
17.4740	15.2838
17.5125	15.2454
17.5509	15.2454
17.5893	15.2838
17.6277	15.3222
17.6662	15.3414
17.7238	15.3414
17.7238	15.3030
17.7622	15.2454
17.7814	15.2069
17.8199	15.1685
17.8391	15.1301
17.8775	15.0724
17.8967	15.0340
17.9544	15.0148
17.9928	14.9764
18.0312	14.9572
18.0312	14.9956
18.0312	15.0340
18.0312	15.0724
18.0696	15.1109
18.0888	15.1493
18.1273	15.1685
18.1657	15.1685
18.2233	15.1877
18.2233	15.2261
18.2233	15.2646
18.2233	15.3030
18.2041	15.3222
18.1849	15.3606
18.1465	15.4183
18.1081	15.4375
18.0696	15.4759
18.0504	15.5335
18.0120	15.5720
17.9736	15.5912
17.9736	15.6296
17.9928	15.6680
18.0312	15.6680
18.0888	15.6680
18.1273	15.6872
18.1657	15.6872
18.2041	15.6872
18.2425	15.6872
18.2810	15.7065
18.2810	15.7449
18.2618	15.8025
18.2618	15.8409
18.3002	15.8602
18.3386	15.8602
18.3770	15.8794
18.4155	15.8986
18.4539	15.9562
18.4539	15.9946
18.4539	16.0331
18.4155	16.0715
18.3770	16.0907
18.3578	16.1291
18.3002	16.1676
18.2618	16.1676
18.2233	16.1484
18.1849	16.1484
18.1465	16.1099
18.0888	16.0907
18.0504	16.0907
18.0120	16.0523
17.9736	16.0523
17.9544	16.0715
17.9351	16.1291
17.9159	16.1676
17.8967	16.2060
17.8967	16.2444
17.9159	16.2828
17.9544	16.3213
17.9928	16.3597
18.0312	16.3981
18.0888	16.4173
18.1273	16.4558
18.1657	16.4558
18.2041	16.4750
18.2425	16.4942
18.3002	16.5134
18.3386	16.5326
18.3770	16.5518
18.4155	16.5710
18.4347	16.6287
18.4731	16.6671
18.4923	16.7055
18.4731	16.7055
18.4347	16.7055
18.3770	16.6863
18.3386	16.6479
18.3002	16.6095
18.2618	16.5710
18.2041	16.5518
18.1657	16.5326
18.1273	16.5518
18.0888	16.5710
18.0504	16.6287
18.0120	16.6479
17.9928	16.6863
17.9736	16.7247
17.9159	16.7824
17.8775	16.8016
17.8583	16.8400
17.8199	16.8977
17.7814	16.9169
17.7814	16.9553
17.8199	17.0129
17.8583	17.0514
17.9159	17.0898
17.9159	17.1282
17.8967	17.1666
17.8775	17.2051
17.8775	17.2435
17.8583	17.2819
17.8583	17.3395
17.8583	17.3780
17.8967	17.4164
17.9351	17.4356
17.9736	17.4548
18.0120	17.4548
18.0696	17.4548
18.1081	17.4164
18.1465	17.3972
18.1849	17.3780
18.2425	17.3972
18.2810	17.4164
18.3002	17.3972
18.3386	17.3588
18.3578	17.3011
18.3770	17.2627
18.4155	17.2243
18.4731	17.2243
18.5115	17.2243
18.5500	17.2627
18.5884	17.2627
18.6268	17.2627
18.6844	17.2435
18.7037	17.2051
18.7421	17.1666
18.7421	17.1282
18.7805	17.0706
18.8189	17.0514
18.8381	17.0129
18.8958	16.9937
18.9342	16.9937
18.9726	16.9937
19.0111	16.9937
19.0495	16.9937
19.0495	17.0321
19.0303	17.0706
18.9918	17.1090
18.9534	17.1474
18.9150	17.1858
18.8766	17.2243
18.8189	17.2435
18.7997	17.2819
18.7613	17.3395
18.7421	17.3780
18.7421	17.4164
18.7421	17.4548
18.7421	17.4932
18.7613	17.5509
18.7997	17.5893
18.8381	17.6085
18.8766	17.6085
18.9150	17.6277
18.9534	17.6469
19.0111	17.6469
19.0495	17.6085
19.0879	17.5701
19.1263	17.5509
19.1840	17.5125
19.2032	17.4740
19.2416	17.4356
19.2800	17.3780
19.3185	17.3588
19.3569	17.3395
19.3953	17.2819
19.4337	17.2819
19.4722	17.2627
19.5298	17.2435
19.5682	17.2243
19.6067	17.2051
19.6451	17.1858
19.6835	17.1666
19.7411	17.1282
19.7796	17.1090
19.7988	17.0514
19.8564	17.0514
19.8948	17.0321
19.9333	17.0129
19.9525	16.9745
19.9525	16.9361
19.9525	16.8977
19.9717	16.8400
20.0101	16.8016
20.0485	16.7824
20.0870	16.7632
20.1254	16.7632
20.1638	16.7632
20.2215	16.7632
20.2407	16.8208
20.2791	16.8208
20.3367	16.8208
20.3752	16.7824
20.4136	16.7632
20.4520	16.7439
20.4904	16.7247
20.5481	16.7247
20.5865	16.6863
20.6249	16.6863
20.6634	16.6863
20.7018	16.6863
20.7594	16.6863
20.7978	16.6863
20.8363	16.6863
20.8747	16.7055
20.8747	16.7439
20.8363	16.7632
20.8171	16.8208
20.7594	16.8592
20.7402	16.8977
20.7018	16.9361
20.6634	16.9937
20.6441	17.0321
20.5865	17.0706
20.5673	17.1282
20.5289	17.1474
20.4712	17.1858
20.4328	17.2051
20.4136	17.2435
20.3560	17.2819
20.3175	17.2627
20.2791	17.2627
20.2407	17.2435
20.2023	17.2435
20.1446	17.2435
20.1062	17.2243
20.0678	17.2243
20.0293	17.2435
19.9717	17.2819
19.9333	17.3203
19.8948	17.3588
19.8564	17.3972
19.8372	17.4356
19.7988	17.4548
19.7604	17.4548
19.7027	17.4740
19.6643	17.4740
19.6259	17.4740
19.5874	17.4740
19.5490	17.4932
19.5106	17.5317
19.4530	17.5509
19.4145	17.5701
19.3761	17.5893
19.3377	17.6277
19.2800	17.6662
19.2416	17.6854
19.2032	17.6854
19.1648	17.7046
19.1263	17.7238
19.0687	17.7238
19.0303	17.7430
18.9918	17.7430
18.9534	17.7430
18.9150	17.7430
18.8766	17.7430
18.8381	17.7814
18.8189	17.8199
18.7805	17.8583
18.7613	17.9159
18.7421	17.9544
18.7229	17.9928
18.7037	18.0312
18.7037	18.0696
18.6844	18.1273
18.6652	18.1657
18.7037	18.2041
18.7421	18.2425
18.7805	18.3002
18.8189	18.3194
18.8766	18.3194
18.9150	18.3194
18.9534	18.3194
18.9918	18.2618
19.0495	18.2425
19.0879	18.2233
19.1263	18.2041
19.1648	18.1849
19.1648	18.2041
19.1648	18.2425
19.1648	18.3002
19.1648	18.3386
19.1840	18.3386
19.2224	18.3386
19.2608	18.3194
19.3185	18.3002
19.3569	18.2618
19.3761	18.2233
19.4337	18.1849
19.4530	18.1465
19.4722	18.1081
19.5106	18.0696
19.5490	18.0312
19.5874	18.0312
19.5874	18.0504
19.6067	18.1081
19.6067	18.1465
19.5682	18.1657
19.5490	18.2233
19.5490	18.2618
19.5874	18.2810
19.6259	18.2810
19.6643	18.2810
19.7027	18.2618
19.7411	18.2233
19.7796	18.2233
19.8180	18.2233
19.8564	18.1849
19.8756	18.1465
19.8948	18.1081
19.9141	18.0696
19.9141	18.0120
19.9333	17.9736
19.9717	17.9544
20.0101	17.9544
20.0485	17.9736
20.0870	17.9928
20.1062	18.0504
20.1254	18.0888
20.1446	18.1273
20.1254	18.1273
20.0870	18.1465
20.0485	18.1465
19.9909	18.1849
19.9525	18.2233
19.9141	18.2425
19.8756	18.2810
19.8180	18.2810
19.7796	18.2810
19.7411	18.3002
19.7411	18.3386
19.7411	18.3770
19.7604	18.4347
19.7988	18.4347
19.8564	18.4539
19.8948	18.4731
19.9333	18.4731
19.9141	18.4923
19.8756	18.5115
19.8180	18.5307
19.7796	18.5884
19.7411	18.5692
19.7027	18.5500
19.6451	18.5500
19.6259	18.5692
19.5874	18.6076
19.5490	18.6460
19.5490	18.6844
19.5490	18.7229
19.5682	18.7613
19.6067	18.7997
19.6451	18.8189
19.6835	18.8574
19.7219	18.8958
19.7219	18.9342
19.7027	18.9726
19.6643	19.0111
19.6259	19.0303
19.5874	19.0687
19.5298	19.0879
19.4914	19.1263
19.4530	19.1648
19.4337	19.2032
19.4145	19.2608
19.4145	19.2992
19.4530	19.3185
19.5106	19.3377
19.5490	19.3569
19.5874	19.3569
19.6259	19.3761
19.6259	19.4145
19.5874	19.4530
19.5682	19.4914
19.5682	19.5298
19.5682	19.5682
19.5874	19.6259
19.6259	19.6451
19.6643	19.6835
19.7219	19.6835
19.7604	19.6835
19.7988	19.6643
19.8372	19.6451
19.8756	19.6451
19.9333	19.6451
19.9717	19.6451
20.0101	19.6451
20.0485	19.6451
20.0870	19.6451
20.1446	19.6259
20.1830	19.6067
20.2023	19.5490
20.2023	19.5106
20.2215	19.4722
20.2215	19.4337
20.2215	19.3953
20.2215	19.3377
20.2215	19.2992
20.2599	19.2992
20.2983	19.2992
20.3560	19.3185
20.3944	19.3185
20.4328	19.2992
20.4520	19.2608
20.4712	19.2224
20.4904	19.1840
20.4904	19.1263
20.4904	19.0879
20.4904	19.0495
20.4712	19.0111
20.4328	18.9726
20.4136	18.9150
20.4136	18.8766
20.4520	18.8574
20.5097	18.8381
20.5481	18.8381
20.5865	18.8381
20.6057	18.7997
20.6249	18.7613
20.6634	18.7613
20.6634	18.7805
20.6634	18.8189
20.6441	18.8574
20.6249	18.8958
20.6249	18.9342
20.6249	18.9918
20.6634	19.0111
20.7018	19.0495
20.7210	19.1071
20.7402	19.1455
20.7786	19.1840
20.7786	19.2224
20.7978	19.2608
20.8171	19.3185
20.8171	19.3569
20.8363	19.3953
20.8747	19.4337
20.9131	19.4337
20.9515	19.4337
20.9900	19.3953
20.9900	19.3377
21.0092	19.2992
21.0092	19.2608
21.0092	19.2224
21.0092	19.1840
21.0092	19.1455
21.0092	19.0879
20.9900	19.0495
20.9708	19.0111
20.9515	18.9726
20.9900	18.9534
21.0284	18.9150
21.0476	18.8766
21.0668	18.8189
21.0860	18.7805
21.1053	18.7421
21.1053	18.7037
21.1053	18.6652
21.0860	18.6076
21.0476	18.6076
21.0092	18.6076
20.9708	18.6268
20.9323	18.6652
20.9323	18.6460
20.9323	18.6076
20.9515	18.5500
20.9708	18.5115
20.9900	18.4731
20.9900	18.4347
20.9515	18.4155
20.9131	18.3962
20.8555	18.3770
20.8171	18.3386
20.7978	18.3002
20.7402	18.2618
20.7402	18.2233
20.7402	18.1657
20.7402	18.1273
20.7786	18.1081
20.8363	18.0696
20.8747	18.0504
20.9131	18.0120
20.9515	18.0120
21.0092	17.9544
21.0476	17.9351
21.0860	17.8967
21.1245	17.8775
21.1629	17.8583
21.2205	17.8583
21.2397	17.8775
21.2782	17.9351
21.3166	17.9736
21.3358	18.0120
21.3934	18.0312
21.4319	18.0504
21.4703	18.0504
21.4895	18.0120
21.5279	18.0120
21.5664	18.0120
21.6048	18.0504
21.6240	18.0888
21.6624	18.1273
21.6816	18.1657
21.7201	18.1849
21.7585	18.1849
21.8161	18.1849
21.8546	18.1657
21.8930	18.1273
21.9314	18.0888
21.9890	18.0696
22.0275	18.0504
22.0659	18.0120
22.1043	18.0120
22.1427	17.9928
22.1620	18.0120
22.1620	18.0504
22.1235	18.0888
22.1043	18.1273
22.1043	18.1657
22.1235	18.2041
22.1620	18.2041
22.2004	18.1849
22.2580	18.1657
22.2964	18.1657
22.3349	18.1657
22.3733	18.1657
22.3733	18.1849
22.3733	18.2233
22.3157	18.2618
22.2772	18.2810
22.2388	18.3002
22.2004	18.3386
22.1812	18.3770
22.1427	18.4155
22.1235	18.4539
22.0851	18.4923
22.0275	18.5307
21.9890	18.5307
21.9506	18.5307
21.9122	18.5500
21.8738	18.5692
21.8353	18.6076
21.8161	18.6460
21.8161	18.7037
21.8546	18.7037
21.8930	18.7037
21.9506	18.7037
21.9890	18.7037
22.0275	18.6844
22.0659	18.6844
22.0659	18.7229
22.0467	18.7613
22.0275	18.7997
22.0275	18.8574
22.0083	18.8958
22.0083	18.9342
22.0275	18.9726
22.0659	19.0303
22.0659	19.0687
22.0275	19.1071
22.0083	19.1455
21.9890	19.1840
22.0083	19.2416
22.0467	19.2800
22.0851	19.2800
22.1235	19.2800
22.1620	19.2800
22.2196	19.2416
22.2580	19.2224
22.2964	19.2032
22.3349	19.1840
22.3733	19.1648
22.4309	19.1263
22.4694	19.0879
22.5078	19.0495
22.5654	19.0303
22.6039	18.9918
22.6423	18.9918
22.6807	18.9726
22.7191	18.9150
22.7383	18.8766
22.7576	18.8381
22.7768	18.7997
22.7960	18.7613
22.8152	18.7037
22.8344	18.6652
22.8728	18.6268
22.8920	18.5884
22.9497	18.5500
22.9689	18.5115
23.0073	18.4731
23.0650	18.4539
23.1034	18.4539
23.1418	18.4539
23.1610	18.4923
23.1610	18.5307
23.1610	18.5692
23.1610	18.6076
23.1802	18.6076
23.2187	18.6076
23.2571	18.5884
23.2763	18.5500
23.3147	18.5115
23.3724	18.4731
23.4108	18.4539
23.4492	18.4539
23.4876	18.4155
23.5453	18.4347
23.5837	18.4731
23.6221	18.4923
23.6606	18.4923
23.6990	18.4923
23.7374	18.4539
23.7374	18.4155
23.7374	18.3770
23.7374	18.3386
23.7374	18.3002
23.7374	18.2618
23.7374	18.2041
23.7758	18.2041
23.8143	18.2041
23.8527	18.2041
23.9103	18.1849
23.9295	18.1465
23.9680	18.1081
24.0256	18.0888
24.0640	18.0696
24.1024	18.0504
24.1409	17.9928
24.1793	17.9544
24.2177	17.9351
24.2562	17.9351
24.2562	17.9544
24.2562	18.0120
24.2177	18.0504
24.1985	18.0888
24.1601	18.1273
24.1409	18.1849
24.1024	18.2233
24.0832	18.2618
24.0448	18.3002
24.0256	18.3578
24.0256	18.3962
24.0256	18.4347
24.0448	18.4731
24.0832	18.5115
24.0832	18.5692
24.1024	18.6076
24.1024	18.6460
24.1024	18.6844
24.0832	18.7229
24.0448	18.7805
24.0256	18.8189
23.9872	18.8381
23.9295	18.8381
23.8911	18.8574
23.8719	18.8958
23.8719	18.9342
23.8527	18.9918
23.8527	19.0303
23.8335	19.0687
23.7950	19.1071
23.7566	19.1263
23.7182	19.1263
23.6606	19.1263
23.6221	19.1263
23.5837	19.1455
23.5453	19.1648
23.5069	19.1263
23.4876	19.0879
23.4492	19.0879
23.4108	19.1263
23.3724	19.1648
23.3531	19.2032
23.3339	19.2608
23.2763	19.2800
23.2379	19.3185
23.1994	19.3377
23.1610	19.3569
23.1226	19.3953
23.1034	19.3761
23.0650	19.3377
23.0073	19.3377
22.9689	19.3185
22.9305	19.3185
22.8920	19.3185
22.8536	19.3185
22.8152	19.3569
22.7960	19.3953
22.7768	19.4337
22.7383	19.4914
22.7191	19.5298
22.6807	19.5298
22.6423	19.5298
22.6039	19.5298
22.5462	19.5106
22.5078	19.4722
22.4694	19.4530
22.4309	19.4145
22.4117	19.3761
22.3733	19.3377
22.3541	19.2992
22.3157	19.2992
22.2772	19.3377
22.2580	19.3761
22.2004	19.4145
22.1812	19.4530
22.1427	19.4530
22.1043	19.4337
22.0659	19.3953
22.0275	19.3953
21.9890	19.3953
21.9506	19.4145
21.9314	19.4530
21.9122	19.4914
21.8930	19.5490
21.8930	19.5874
21.9122	19.6259
21.9506	19.6643
21.9890	19.6835
22.0275	19.7219
22.0275	19.7604
21.9890	19.7988
21.9506	19.8180
21.9122	19.8372
21.8738	19.8372
21.8353	19.8180
21.7777	19.8180
21.7393	19.8180
21.7008	19.8564
21.6624	19.8564
21.6240	19.8372
21.5664	19.8372
21.5279	19.8180
21.4895	19.8372
21.4511	19.8564
21.3934	19.8756
21.3742	19.9141
21.3358	19.9525
21.2974	19.9909
21.2590	19.9909
21.2205	20.0293
21.2205	20.0678
21.2397	20.1062
21.2782	20.1062
21.3166	20.1446
21.3742	20.1638
21.4127	20.1830
21.4511	20.2023
21.4895	20.2215
21.4895	20.2599
21.4703	20.2983
21.4895	20.2983
21.5279	20.2983
21.5664	20.2791
21.5664	20.2407
21.6240	20.2407
21.6624	20.2407
21.6816	20.2791
21.6816	20.3175
21.7008	20.3560
21.7393	20.3752
21.7777	20.3944
21.8353	20.3944
21.8738	20.3752
21.8930	20.3367
21.9314	20.2791
21.9698	20.2599
22.0083	20.2215
22.0083	20.1638
22.0659	20.1830
22.0659	20.2215
22.0659	20.2599
22.0659	20.2983
22.0467	20.3560
22.0467	20.3944
22.0659	20.3944
22.1235	20.3752
22.1235	20.3367
22.1235	20.2983
22.1427	20.2599
22.1812	20.2407
22.2196	20.2599
22.2580	20.2791
22.2580	20.3175
22.2580	20.3560
22.2196	20.4136
22.2004	20.4520
22.2196	20.4712
22.2772	20.4904
22.3157	20.5097
22.3541	20.5097
22.3925	20.5097
22.4309	20.4904
22.4886	20.4712
22.4886	20.4328
22.5270	20.3752
22.5462	20.3367
22.5654	20.2983
22.5846	20.2599
22.5846	20.2215
22.6039	20.1638
22.6231	20.1254
22.6615	20.0870
22.6999	20.0485
22.7383	20.0101
22.7768	19.9909
22.8152	19.9909
22.8728	19.9525
22.8728	19.9717
22.8920	20.0293
22.9113	20.0678
22.9305	20.1062
22.9305	20.1446
22.9881	20.1446
23.0073	20.0870
23.0457	20.0678
23.0650	20.0293
23.1034	19.9717
23.1418	19.9333
23.1802	19.9141
23.2187	19.9141
23.2571	19.9141
23.2571	19.9333
23.2571	19.9717
23.2571	20.0101
23.2379	20.0485
23.2379	20.1062
23.2571	20.1254
23.2955	20.1254
23.3531	20.1254
23.3916	20.0678
23.4300	20.0485
23.4684	20.0101
23.5261	20.0101
23.5645	20.0293
23.6029	20.0485
23.6413	20.0678
23.6990	20.0678
23.7182	20.0293
23.7566	19.9909
23.7950	19.9909
23.8335	19.9909
23.8719	20.0293
23.8911	20.0678
23.8911	20.1062
23.8719	20.1446
23.8143	20.1830
23.7758	20.2023
23.7374	20.2407
23.6990	20.2791
23.6413	20.3175
23.6029	20.3175
23.5837	20.3752
23.5837	20.4136
23.5837	20.4520
23.6221	20.4904
23.6798	20.5289
23.6990	20.5673
23.7182	20.6057
23.7182	20.6441
23.6798	20.6634
23.6413	20.6826
23.6029	20.6826
23.5453	20.7018
23.5069	20.7402
23.4876	20.7786
23.4492	20.7786
23.4492	20.7594
23.4108	20.7210
23.3724	20.7210
23.3531	20.7594
23.3339	20.7978
23.2955	20.8363
23.2763	20.8747
23.2571	20.9323
23.2187	20.9708
23.1802	20.9900
23.1418	21.0284
23.1034	21.0284
23.0842	21.0092
23.0650	20.9515
23.0457	20.9131
23.0073	20.9131
22.9881	20.9323
22.9497	20.9900
22.9305	21.0284
22.8920	21.0668
22.8728	21.1053
22.8344	21.1053
22.7960	21.1437
22.7383	21.1629
22.6999	21.1629
22.6615	21.1629
22.6231	21.1629
22.5846	21.1821
22.5462	21.2013
22.4886	21.2205
22.4501	21.2397
22.4117	21.2782
22.3733	21.3166
22.3157	21.3358
22.2772	21.3550
22.2772	21.3934
22.2772	21.4319
22.3157	21.4703
22.3541	21.5087
22.4117	21.5279
22.4501	21.5664
22.4886	21.6048
22.5270	21.6048
22.5846	21.6048
22.6231	21.5856
22.6615	21.5856
22.6999	21.5664
22.7383	21.5279
22.7768	21.5087
22.8152	21.5087
22.8536	21.5471
22.8536	21.5856
22.8536	21.6240
22.8920	21.6624
22.9305	21.6624
22.9689	21.6432
23.0073	21.6048
23.0265	21.5664
23.0650	21.5471
23.0650	21.5664
23.0650	21.6048
23.0650	21.6432
23.0265	21.7008
22.9689	21.7201
22.9305	21.7585
22.8920	21.7969
22.8536	21.8353
22.8344	21.8738
22.7960	21.9314
22.7768	21.9698
22.7383	22.0083
22.7191	22.0467
22.6807	22.1043
22.6807	22.1427
22.6615	22.1812
22.6615	22.2196
22.6615	22.2580
22.6615	22.2964
22.6615	22.3541
22.7191	22.3541
22.7576	22.3541
22.7960	22.3733
22.8344	22.3733
22.8728	22.3733
22.9113	22.3733
22.9689	22.3541
23.0073	22.3157
23.0265	22.2772
23.0842	22.2580
23.1226	22.2196
23.1610	22.2196
23.1994	22.2196
23.2379	22.2196
23.2955	22.2388
23.3339	22.2388
23.3724	22.2388
23.3916	22.2004
23.3916	22.1620
23.4108	22.1043
23.4492	22.0659
23.4492	22.0275
23.4492	21.9890
23.4876	21.9506
23.5261	21.8930
23.5645	21.8738
23.6029	21.8353
23.6413	21.7777
23.6798	21.7393
23.6798	21.7008
23.7374	21.7008
23.7566	21.7393
23.7950	21.7585
23.8527	21.7969
23.8911	21.8161
23.9103	21.8546
23.9487	21.8930
23.9872	21.8930
24.0256	21.8930
24.0640	21.8738
24.1024	21.8353
24.1409	21.7777
24.1601	21.7393
24.1601	21.7008
24.1601	21.6624
24.1601	21.6240
24.1793	21.5664
24.1793	21.5279
24.1793	21.4895
24.1793	21.4511
24.2177	21.4319
24.2562	21.4127
24.2946	21.3550
24.2946	21.3166
24.2946	21.2782
24.2946	21.2397
24.2754	21.2013
24.2562	21.1437
24.2369	21.1053
24.2369	21.0668
24.2754	21.0284
24.2946	20.9900
24.2946	20.9515
24.2946	20.9131
24.2946	20.8747
24.2562	20.8171
24.2562	20.7786
24.2562	20.7402
24.2369	20.7018
24.2369	20.6634
24.2369	20.6249
24.2754	20.5673
24.2946	20.5289
24.3522	20.4904
24.3906	20.4520
24.4099	20.4136
24.4675	20.3944
24.4867	20.4136
24.5059	20.4520
24.5059	20.4904
24.5059	20.5289
24.5251	20.5673
24.5251	20.6249
24.5443	20.6634
24.5828	20.6826
24.6404	20.6634
24.6404	20.6826
24.6404	20.7210
24.6404	20.7786
24.6404	20.8171
24.6404	20.8555
24.6404	20.8939
24.6596	20.9323
24.6596	20.9900
24.6596	21.0284
24.6596	21.0668
24.6788	21.1053
24.7173	21.1053
24.7557	21.1053
24.7749	21.1245
24.7749	21.1821
24.7557	21.2205
24.7557	21.2590
24.7557	21.2974
24.7557	21.3358
24.7557	21.3934
24.7749	21.3550
24.8133	21.3166
24.8710	21.2782
24.9094	21.2397
24.9478	21.2205
24.9862	21.2205
25.0247	21.2205
25.0439	21.2397
25.0631	21.2782
25.0439	21.3166
25.0247	21.3742
25.0054	21.4127
24.9862	21.4511
24.9670	21.4895
24.9478	21.5279
24.9478	21.5856
24.9478	21.6240
24.9862	21.6240
25.0247	21.6240
25.0631	21.6240
25.0631	21.6816
25.0631	21.7201
25.0439	21.7585
25.0247	21.7969
25.0247	21.8353
25.0247	21.8930
24.9862	21.9314
24.9670	21.9698
24.9478	22.0083
24.9094	22.0467
24.9094	22.1043
24.9478	22.1235
24.9862	22.1235
25.0247	22.1235
25.0439	22.1427
25.0439	22.1812
25.0247	22.2196
25.0054	22.2580
25.0054	22.3157
24.9862	22.3541
24.9862	22.3925
24.9670	22.4309
24.9670	22.4694
24.9670	22.5078
24.9670	22.5654
24.9670	22.6039
25.0054	22.6039
25.0439	22.6231
25.1015	22.6231
25.1207	22.5846
25.1592	22.5462
25.1592	22.5078
25.1976	22.4694
25.2168	22.4117
25.2552	22.3733
25.2744	22.3349
25.2936	22.2964
25.3129	22.2388
25.3513	22.2004
25.3705	22.1620
25.3897	22.1235
25.3897	22.0851
25.4281	22.0275
25.4473	21.9890
25.4858	21.9506
25.5242	21.9122
25.5626	21.9122
25.5626	21.9314
25.5626	21.9698
25.5626	22.0083
25.5434	22.0467
25.5242	22.0851
25.5242	22.1427
25.5050	22.1812
25.4858	22.2196
25.4858	22.2580
25.5050	22.2772
25.5434	22.2772
25.6010	22.2580
25.6395	22.2580
25.6779	22.2580
25.6779	22.2964
25.6779	22.3349
25.6779	22.3733
25.6971	22.4117
25.7163	22.4501
25.7547	22.5078
25.7932	22.5078
25.8124	22.5654
25.8700	22.5846
25.9085	22.6039
25.9469	22.6039
25.9853	22.5846
26.0237	22.5462
26.0429	22.5078
26.0429	22.4694
26.0429	22.4117
26.0429	22.3733
26.0429	22.3349
26.0429	22.2964
26.0429	22.2580
26.0237	22.2196
26.0429	22.1812
26.1006	22.1620
26.1390	22.1235
26.1390	22.0851
26.1390	22.0467
26.1390	22.0083
26.1390	21.9698
26.1390	21.9122
26.1198	21.8738
26.0622	21.8546
26.0237	21.8353
25.9853	21.8161
25.9469	21.7777
25.9085	21.7393
25.8700	21.7201
25.8316	21.6816
25.8508	21.6240
25.8892	21.6048
25.9085	21.5664
25.9277	21.5279
25.8892	21.5279
25.8508	21.5279
25.8124	21.5279
25.7740	21.5279
25.7547	21.4703
25.7547	21.4319
25.7547	21.3934
25.7547	21.3550
25.7740	21.3166
25.8124	21.2974
25.8508	21.2974
25.8892	21.2974
25.9277	21.2974
25.9853	21.2590
26.0045	21.2013
26.0237	21.1629
26.0429	21.1245
26.0429	21.0860
26.0429	21.0476
26.0429	20.9900
26.0045	20.9900
25.9661	20.9900
25.9277	20.9900
25.8892	20.9900
25.8508	20.9900
25.7932	21.0092
25.7547	21.0092
25.7547	20.9900
25.7547	20.9515
25.7355	20.8939
25.7163	20.8555
25.6971	20.8171
25.6971	20.7786
25.6587	20.7402
25.6203	20.7210
25.5818	20.7210
25.5434	20.7018
25.4858	20.6826
25.4473	20.6441
25.4281	20.6057
25.4281	20.5673
25.4281	20.5289
25.4281	20.4712
25.4281	20.4328
25.4089	20.3944
25.3705	20.3752
25.3321	20.3752
25.2744	20.3752
25.2360	20.3752
25.1976	20.3752
25.1592	20.3752
25.1399	20.3367
25.1399	20.2983
25.1399	20.2599
25.1399	20.2215
25.1399	20.1830
25.1592	20.1254
25.1592	20.0870
25.2168	20.0678
25.2552	20.0870
25.2744	20.1254
25.2936	20.1638
25.3513	20.2215
25.3897	20.2407
25.4281	20.2599
25.4666	20.2983
25.5050	20.3367
25.5626	20.3752
25.6010	20.4136
25.6395	20.4136
25.6779	20.4136
25.7355	20.3944
25.7547	20.3560
25.7740	20.3752
25.7740	20.4136
25.8124	20.4520
25.8508	20.5097
25.8892	20.5097
25.9277	20.5289
25.9661	20.5289
26.0045	20.5289
26.0429	20.5289
26.1006	20.5289
26.0622	20.5289
26.0622	20.5673
26.0622	20.6057
26.1006	20.6249
26.1198	20.6634
26.1582	20.7018
26.2159	20.7210
26.2543	20.7402
26.2927	20.7402
26.3311	20.7402
26.3696	20.7786
26.3696	20.8363
26.3503	20.8747
26.3311	20.9131
26.3311	20.9515
26.3311	20.9900
26.3311	21.0284
26.3119	21.0860
26.3119	21.1245
26.3311	21.1629
26.3696	21.1629
26.4080	21.1629
26.4656	21.1821
26.4656	21.2205
26.4656	21.2590
26.4656	21.2974
26.4656	21.3550
26.4464	21.3934
26.4272	21.4319
26.4272	21.4703
26.4272	21.5087
26.4464	21.5664
26.4848	21.5664
26.5233	21.6048
26.5617	21.6432
26.5809	21.6816
26.6385	21.7201
26.6577	21.7585
26.6962	21.7969
26.7346	21.8353
26.7730	21.8546
26.8115	21.8738
26.8691	21.8930
26.9075	21.8930
26.9459	21.8738
26.9844	21.8546
27.0228	21.8546
27.0420	21.8738
27.0804	21.9122
27.1189	21.9122
27.1573	21.9122
27.1765	21.8738
27.1765	21.8353
27.1765	21.7969
27.1765	21.7585
27.1765	21.7201
27.1765	21.6816
27.1765	21.6240
27.1765	21.5856
27.1573	21.5471
27.1381	21.5087
27.1381	21.4703
27.1381	21.4127
27.1381	21.3742
27.1573	21.3358
27.1957	21.3358
27.2341	21.3166
27.2726	21.3166
27.3302	21.3166
27.3686	21.2782
27.4070	21.2590
27.4455	21.2205
27.5031	21.1821
27.5031	21.1437
27.5223	21.0860
27.5031	21.0860
27.4647	21.0668
27.4070	21.0284
27.3686	21.0284
27.3302	21.0284
27.2918	21.0092
27.2533	21.0092
27.2149	21.0092
27.1573	20.9900
27.1189	20.9900
27.0804	20.9708
27.0996	20.9323
27.1381	20.9131
27.1765	20.8939
27.2149	20.8747
27.2533	20.8363
27.2918	20.8171
27.3110	20.7594
27.3110	20.7210
27.3110	20.6826
27.2726	20.6826
27.2341	20.6634
27.1765	20.6634
27.1381	20.6441
27.0996	20.6057
27.0612	20.5673
27.0612	20.5289
27.0612	20.4904
27.0612	20.4520
27.0612	20.3944
27.0612	20.3560
27.0036	20.3367
26.9652	20.2791
26.9267	20.2791
26.9075	20.2215
26.8883	20.1830
26.8883	20.1446
26.8883	20.1062
26.8883	20.0678
26.8499	20.0293
26.8115	19.9909
26.7730	19.9525
26.8115	19.9333
26.8499	19.9141
26.8883	19.9141
26.9267	19.9141
26.9652	19.9333
27.0228	19.9525
27.0612	20.0101
27.0996	20.0293
27.1381	20.0101
27.1573	19.9717
27.1957	19.9333
27.2533	19.9141
27.2918	19.8948
27.3302	19.8948
27.3686	19.8948
27.4263	19.9333
27.4647	19.9525
27.5031	19.9525
27.5415	19.9525
27.5800	19.9333
27.6184	19.9141
27.6760	19.9141
27.6376	19.9141
27.5992	19.9141
27.5608	19.9141
27.5223	19.9333
27.5031	19.9717
27.5031	20.0101
27.5031	20.0485
27.5223	20.1062
27.5608	20.1254
27.5992	20.1638
27.6376	20.1830
27.6952	20.2023
27.7337	20.2407
27.7721	20.2791
27.8105	20.2599
27.8105	20.2215
27.7913	20.2023
27.7913	20.2215
27.7913	20.2791
27.7913	20.3175
27.7913	20.3560
27.8105	20.3944
27.8682	20.4328
27.8874	20.4904
27.9258	20.5289
27.9258	20.5673
27.9258	20.6057
27.9450	20.6441
27.9642	20.6826
28.0026	20.7210
28.0603	20.7786
28.0603	20.8171
28.0603	20.8555
28.0219	20.8555
27.9642	20.8747
27.9258	20.8747
27.9066	20.8555
27.8682	20.8363
27.8105	20.8363
27.7721	20.8555
27.7529	20.8939
27.7337	20.9323
27.7337	20.9708
27.7337	21.0284
27.7721	21.0476
27.8105	21.0668
27.8489	21.1053
27.8489	21.1437
27.8297	21.1629
27.7913	21.1629
27.7529	21.1821
27.7145	21.2013
27.6568	21.1821
27.6184	21.1821
27.5800	21.1821
27.5415	21.1821
27.5223	21.2397
27.5031	21.2782
27.5031	21.3166
27.5031	21.3550
27.5031	21.3934
27.5415	21.4127
27.5800	21.4127
27.6184	21.4127
27.6568	21.4319
27.6952	21.4703
27.6952	21.5087
27.6568	21.5664
27.6184	21.5664
27.5800	21.5856
27.5415	21.6240
27.4839	21.6240
27.4647	21.6624
27.4455	21.7201
27.4455	21.7585
27.4647	21.7969
27.4647	21.8353
27.5031	21.8930
27.5223	21.9314
27.5223	21.9698
27.5223	22.0083
27.5223	22.0467
27.5223	22.0851
27.5223	22.1427
27.5608	22.1427
27.5992	22.1427
27.6376	22.1427
27.6760	22.1620
27.6952	22.2004
27.7145	22.2388
27.7145	22.2964
27.7145	22.3349
27.7337	22.3733
27.7721	22.3925
27.8105	22.4117
27.8489	22.4117
27.9066	22.3733
27.9450	22.3349
27.9834	22.2964
27.9834	22.2388
27.9834	22.2004
27.9834	22.1620
27.9834	22.1235
28.0026	22.0851
28.0026	22.0467
28.0219	21.9890
28.0603	21.9890
28.0987	21.9890
28.1371	21.9506
28.1948	21.9314
28.2332	21.8738
28.2524	21.8353
28.2524	21.7969
28.2524	21.7585
28.2140	21.7393
28.1563	21.7585
28.1371	21.7201
28.1371	21.6816
28.1563	21.6432
28.1948	21.6048
28.2332	21.5471
28.2524	21.5087
28.3100	21.4895
28.3485	21.4511
28.3677	21.4127
28.3677	21.3742
28.3677	21.3358
28.3293	21.3166
28.3100	21.2782
28.3293	21.2205
28.3677	21.1821
28.3869	21.1437
28.4253	21.1245
28.4830	21.1053
28.5022	21.0476
28.5406	21.0092
28.5598	20.9708
28.5982	20.9323
28.6559	20.9131
28.6943	20.9131
28.7135	20.9323
28.7135	20.9708
28.7135	21.0092
28.7135	21.0668
28.6943	21.1053
28.6751	21.1437
28.6751	21.1821
28.6751	21.2205
28.6751	21.2590
28.6751	21.3166
28.7135	21.3166
28.7519	21.2974
28.7327	21.3166
28.6943	21.3358
28.6559	21.3742
28.6175	21.4319
28.5982	21.4703
28.5982	21.5087
28.5790	21.5471
28.5790	21.5856
28.6175	21.6048
28.6559	21.6048
28.6943	21.5856
28.6943	21.6048
28.6943	21.6432
28.6943	21.6816
28.6943	21.7393
28.6943	21.7777
28.6943	21.8161
28.7519	21.8353
28.7904	21.8546
28.8096	21.8930
28.8480	21.9314
28.8480	21.9698
28.8480	22.0083
28.8672	22.0467
28.9056	22.0659
28.9633	22.0659
28.9825	22.0083
29.0209	21.9890
29.0786	21.9506
29.0786	21.9122
29.0978	21.8738
29.1170	21.8353
29.1170	21.7969
29.1362	21.7393
29.1362	21.7008
29.1554	21.6624
29.1746	21.6240
29.1938	21.5856
29.1938	21.5279
29.2131	21.4895
29.2515	21.4895
29.2899	21.4895
29.2899	21.5279
29.3091	21.5664
29.3091	21.6048
29.3091	21.6624
29.3091	21.7008
29.3475	21.7201
29.4052	21.7008
29.4436	21.6624
29.4628	21.6240
29.5205	21.6432
29.5397	21.6816
29.5397	21.7201
29.5397	21.7585
29.5397	21.7969
29.5397	21.8546
29.5397	21.8930
29.5781	21.9122
29.6165	21.9122
29.6742	21.9122
29.7126	21.8738
29.7510	21.8738
29.7894	21.8546
29.8086	21.8738
29.8279	21.9122
29.8663	21.9314
29.9047	21.9122
29.9431	21.8738
29.9623	21.8353
29.9816	21.7969
30.0008	21.8161
30.0008	21.8546
30.0008	21.8930
29.9816	21.9506
29.9816	21.9890
30.0008	22.0275
30.0584	22.0275
30.0968	22.0275
30.1353	22.0275
30.1737	21.9698
30.2313	21.9506
30.2313	21.9122
30.2313	21.8546
30.2313	21.8161
30.2698	21.7393
30.2698	21.6816
30.2890	21.6240
30.3082	21.5664
30.3274	21.5279
30.3274	21.4895
30.3274	21.4511
30.3850	21.4511
30.4235	21.4511
30.4619	21.4511
30.5003	21.4319
30.5579	21.3934
30.5579	21.3550
30.5579	21.3166
30.5387	21.2590
30.5003	21.2205
30.4619	21.2013
30.4042	21.2013
30.4042	21.1437
30.4042	21.1053
30.4042	21.0668
30.4235	21.0284
30.4427	20.9900
30.4619	20.9323
30.5003	20.8939
30.5387	20.8555
30.5579	20.8171
30.5579	20.7594
30.5772	20.7210
30.5772	20.6826
30.5772	20.6441
30.5772	20.6057
30.5772	20.5673
30.5772	20.5097
30.6156	20.4904
30.6156	20.5097
30.6348	20.5481
30.6732	20.6057
30.6924	20.6441
30.7116	20.6826
30.7309	20.7210
30.7309	20.7594
30.7309	20.7978
30.7309	20.8555
30.7501	20.8939
30.7885	20.9131
30.8269	20.9131
30.8846	20.8939
30.9230	20.8747
30.9230	20.8939
30.9230	20.9323
30.9230	20.9708
30.9230	21.0092
30.9230	21.0476
30.9230	21.1053
30.9422	21.1437
30.9614	21.1821
30.9806	21.2205
31.0191	21.2590
31.0575	21.2590
31.0959	21.2590
31.1535	21.2590
31.1728	21.2205
31.2112	21.2205
31.2304	21.2590
31.2304	21.2974
31.2688	21.3166
31.3072	21.3550
31.3649	21.3742
31.4033	21.3742
31.4417	21.3742
31.4802	21.3550
31.5378	21.3358
31.5570	21.2782
31.5954	21.2397
31.5954	21.2013
31.5954	21.1629
31.5762	21.1053
31.5570	21.0668
31.5570	21.0284
31.5570	20.9900
31.5570	20.9515
31.5186	20.9515
31.4802	20.9515
31.4417	20.9515
31.4225	20.9131
31.4225	20.8747
31.4609	20.8555
31.4994	20.8171
31.5186	20.7786
31.5570	20.7402
31.5954	20.7018
31.6146	20.6634
31.6531	20.6441
31.7107	20.6441
31.7491	20.6441
31.7876	20.6634
31.8260	20.6634
31.8644	20.6634
31.9028	20.6634
31.9605	20.6634
31.9989	20.6441
32.0373	20.6249
32.0565	20.5865
32.0565	20.5481
32.0758	20.5097
32.0758	20.4712
32.0950	20.4328
32.1142	20.3752
32.0950	20.3752
32.0373	20.3752
31.9989	20.3752
31.9605	20.3367
31.9221	20.3175
31.8836	20.3175
31.8260	20.2983
31.8260	20.2599
31.8260	20.2023
31.8644	20.1638
31.8644	20.1254
31.8260	20.1062
31.7876	20.1062
31.7491	20.1254
31.7107	20.1254
31.6723	20.1446
31.6339	20.1446
31.5762	20.1638
31.5378	20.1638
31.4994	20.1638
31.4802	20.1254
31.4994	20.0870
31.4994	20.0485
31.5186	19.9909
31.5378	19.9525
31.5186	19.9333
31.4802	19.9333
31.4802	19.8948
31.4994	19.8564
31.5378	19.8372
31.5762	19.7796
31.5954	19.7411
31.6339	19.7219
31.6915	19.6835
31.6915	19.6451
31.6915	19.6067
31.6531	19.5682
31.6531	19.5298
31.6723	19.5106
31.7107	19.4914
31.7491	19.4722
31.7876	19.4914
31.7876	19.5490
31.7876	19.5874
31.7876	19.6259
31.7684	19.6643
31.7684	19.7027
31.7684	19.7411
31.7876	19.7604
31.8452	19.7796
31.8836	19.7988
31.9221	19.7988
31.9605	19.7988
31.9797	19.8372
31.9989	19.8948
32.0373	19.8948
32.0758	19.8948
32.1142	19.8948
32.1526	19.8756
32.1718	19.8372
32.1910	19.7988
32.2102	19.7604
32.2102	19.7027
32.2102	19.6643
32.2295	19.6259
32.2295	19.5874
32.1910	19.5490
32.1526	19.4914
32.1142	19.4530
32.1142	19.4145
32.0950	19.3761
32.0565	19.3185
32.0373	19.2800
32.0373	19.2416
32.0373	19.2032
32.0950	19.1648
32.1334	19.1648
32.1718	19.1648
32.1910	19.1840
32.1910	19.2416
32.1910	19.2800
32.2295	19.3185
32.2487	19.3569
32.2679	19.3953
32.2679	19.4530
32.2679	19.4914
32.2871	19.5298
32.3255	19.5298
32.3639	19.5106
32.4216	19.4722
32.4600	19.4530
32.4792	19.4145
32.4792	19.4337
32.4792	19.4722
32.4600	19.5106
32.4600	19.5490
32.4600	19.5874
32.4792	19.6067
32.5177	19.6067
32.5753	19.5874
32.6137	19.5490
32.6329	19.5106
32.6329	19.4722
32.5945	19.4722
32.5945	19.5106
32.5945	19.5490
32.5945	19.5874
32.5945	19.6259
32.5945	19.6835
32.6329	19.7219
32.6714	19.7604
32.6906	19.7988
32.7482	19.8180
32.7866	19.8180
32.8251	19.7604
32.8827	19.7219
32.9019	19.6835
32.9403	19.6835
32.9788	19.6643
32.9980	19.6835
32.9980	19.7219
33.0172	19.7796
33.0364	19.8180
33.0364	19.8564
33.0364	19.8948
33.0364	19.9333
33.0364	19.9717
33.0556	20.0293
33.0556	20.0678
33.0940	20.0870
33.1325	20.0870
33.1901	20.0870
33.2285	20.0870
33.2669	20.0870
33.3054	20.0870
33.3438	20.0678
33.3822	20.0293
33.4207	20.0101
33.4207	20.0293
33.4207	20.0678
33.4399	20.1062
33.4399	20.1638
33.4783	20.2023
33.5167	20.2215
33.5551	20.2407
33.6128	20.2599
33.6512	20.2599
33.6896	20.2407
33.7088	20.2023
33.7665	20.1830
33.7665	20.1254
33.8049	20.0870
33.8049	20.0485
33.8049	20.0101
33.8049	19.9717
33.7857	19.9333
33.7665	19.8756
33.7473	19.8372
33.7281	19.7988
33.6704	19.7604
33.6704	19.7027
33.6704	19.6643
33.6704	19.6259
33.6704	19.5874
33.6512	19.5490
33.6128	19.5106
33.5744	19.4914
33.5359	19.4914
33.4975	19.4914
33.4591	19.4914
33.4207	19.5106
33.3630	19.5298
33.3246	19.5298
33.3054	19.5106
33.3054	19.4722
33.3054	19.4337
33.3054	19.3953
33.3054	19.3569
33.3246	19.2992
33.3246	19.2608
33.3054	19.2416
33.2477	19.2416
33.2093	19.2032
33.1709	19.1840
33.1709	19.1455
33.1709	19.0879
33.1709	19.0495
33.1709	19.0111
33.1709	18.9726
33.1517	18.9342
33.1517	18.8958
33.1517	18.8574
33.1709	18.7997
33.2093	18.7997
33.2477	18.7997
33.2862	18.7997
33.3438	18.7613
33.3822	18.7229
33.4207	18.7229
33.4591	18.6844
33.4591	18.7037
33.4783	18.7613
33.4783	18.7997
33.4975	18.8381
33.4975	18.8766
33.5359	18.9150
33.5744	18.9150
33.6128	18.9150
33.6704	18.9150
33.7088	18.8958
33.7088	18.9150
33.6896	18.9534
33.6704	19.0111
33.6512	19.0495
33.6512	19.0879
33.6320	19.1263
33.6320	19.1648
33.6704	19.1648
33.7088	19.1648
33.8049	19.1071
33.8433	19.0879
33.8818	19.0687
33.9394	19.0495
33.9394	19.0687
33.9394	19.1071
33.9394	19.1648
33.9394	19.2032
33.9394	19.2416
33.9394	19.2800
33.9394	19.3185
33.9586	19.3569
33.9778	19.4145
34.0162	19.4530
34.0547	19.4722
34.0931	19.4914
34.1507	19.4914
34.1892	19.4914
34.2276	19.4914
34.2660	19.4914
34.3044	19.4914
34.3429	19.4914
34.3813	19.4914
34.4389	19.4722
34.4774	19.4337
34.5158	19.3953
34.5542	19.3569
34.5734	19.3185
34.5926	19.2608
34.6118	19.2224
34.6503	19.1840
34.6695	19.1455
34.6887	19.0879
34.7271	19.0495
34.7271	19.0111
34.6887	18.9726
34.6311	18.9726
34.5926	18.9534
34.5542	18.9150
34.5350	18.8766
34.5350	18.8189
34.5350	18.7805
34.5350	18.7421
34.4966	18.7229
34.4581	18.7037
34.4197	18.7037
34.3813	18.7037
34.3237	18.7037
34.2852	18.7037
34.2468	18.7037
34.2468	18.6652
34.2468	18.6076
34.2276	18.5884
34.2084	18.5500
34.2084	18.4923
34.1892	18.4539
34.1507	18.4347
34.1123	18.4347
34.1123	18.3962
34.1315	18.3578
34.1507	18.3194
34.1507	18.2810
34.1507	18.2425
34.1507	18.1849
34.1123	18.1465
34.0739	18.1273
34.0355	18.1081
33.9970	18.0888
33.9394	18.0696
33.9010	18.0696
33.8625	18.0696
33.8241	18.1081
33.7857	18.1273
33.7281	18.1657
33.6896	18.1657
33.6512	18.1657
33.6320	18.1465
33.6320	18.1081
33.6320	18.0696
33.5744	18.0312
33.5359	18.0312
33.4975	18.0312
33.4591	18.0312
33.4207	18.0312
33.3630	18.0312
33.3246	18.0312
33.2862	17.9928
33.2862	17.9544
33.3438	17.9351
33.3822	17.9159
33.4207	17.9159
33.4591	17.9351
33.4975	17.9544
33.5551	17.9544
33.5936	17.9544
33.6320	17.9351
33.6704	17.9351
33.7088	17.9351
33.7473	17.9736
33.7857	18.0120
33.8241	18.0120
33.8625	18.0120
33.9202	18.0120
33.9586	18.0120
33.9970	17.9736
34.0355	17.9736
34.0739	17.9736
34.1315	17.9544
34.1700	17.9159
34.2084	17.8775
34.2468	17.8391
34.3044	17.8007
34.3429	17.7814
34.3813	17.7814
34.4197	17.7814
34.4581	17.7814
34.5158	17.7814
34.5542	17.7814
34.5926	17.7814
34.6311	17.7814
34.6695	17.7622
34.7079	17.7622
34.7655	17.7430
34.8040	17.7238
34.8424	17.6854
34.8808	17.6662
34.9385	17.6277
34.9769	17.6085
35.0153	17.5701
35.0537	17.5509
35.0730	17.5125
35.0922	17.4548
35.1114	17.4164
35.1498	17.3780
35.1882	17.3395
35.2267	17.3203
35.2651	17.2819
35.2843	17.2243
35.3035	17.1858
35.3035	17.1474
35.3035	17.1090
35.3035	17.0706
35.3035	17.0321
35.3035	16.9937
35.3035	16.9361
35.3227	16.8977
35.3419	16.8592
35.3611	16.8208
35.3804	16.7824
35.3996	16.7247
35.4188	16.6863
35.4380	16.6479
35.4572	16.6095
35.4764	16.5518
35.4956	16.5134
35.4956	16.4750
35.4764	16.4558
35.4380	16.4558
35.3996	16.4558
35.3611	16.4558
35.3035	16.4558
35.2651	16.4750
35.2267	16.4942
35.2074	16.5326
35.1690	16.5326
35.1306	16.5518
35.0922	16.5902
35.0345	16.5902
34.9961	16.6095
34.9577	16.6287
34.9385	16.6095
34.9385	16.5518
34.9577	16.5134
34.9577	16.4750
34.9577	16.4365
34.9769	16.3981
34.9769	16.3597
34.9577	16.3021
34.9192	16.2828
34.8616	16.2636
34.8232	16.2636
34.7848	16.2636
34.7463	16.2444
34.7079	16.2444
34.6695	16.2828
34.6311	16.3213
34.6118	16.3597
34.6118	16.3981
34.5926	16.4365
34.5734	16.4942
34.5542	16.5326
34.4966	16.5710
34.4581	16.6095
34.4389	16.5710
34.4389	16.5326
34.4197	16.4942
34.3813	16.4750
34.3429	16.4750
34.2852	16.4750
34.2468	16.4750
34.2084	16.5134
34.1700	16.5518
34.1315	16.5710
34.1123	16.6287
34.0739	16.6479
34.0162	16.6863
33.9778	16.6863
33.9394	16.6863
33.9010	16.7055
33.9010	16.7439
33.8625	16.7824
33.8433	16.8400
33.8049	16.8016
33.7857	16.7632
33.7281	16.7439
33.7281	16.7055
33.7281	16.6479
33.7473	16.6479
33.7665	16.5902
33.7857	16.5518
33.8049	16.5134
33.8433	16.4942
33.8818	16.4942
33.9202	16.4750
33.9778	16.4750
34.0162	16.4558
34.0547	16.4558
34.0931	16.4365
34.1315	16.3981
34.1315	16.3597
34.1507	16.3213
34.1315	16.2828
34.0931	16.2828
34.0355	16.2444
33.9970	16.2252
33.9586	16.2252
33.9202	16.2252
33.8818	16.2252
33.8241	16.2444
33.8241	16.2828
33.7665	16.3213
33.7281	16.3597
33.6896	16.3789
33.6512	16.4173
33.5936	16.4365
33.6128	16.4173
33.6320	16.3789
33.6512	16.3405
33.6704	16.2828
33.6896	16.2444
33.6896	16.2060
33.7088	16.1676
33.7088	16.1291
33.6896	16.1291
33.6512	16.1291
33.6128	16.1291
33.5551	16.1676
33.5167	16.1676
33.4783	16.1868
33.4399	16.1868
33.4014	16.2252
33.3438	16.2444
33.3054	16.2828
33.2862	16.2444
33.2862	16.2060
33.2862	16.1676
33.3054	16.1291
33.3054	16.0907
33.3054	16.0523
33.3054	16.0139
33.2862	15.9754
33.2285	15.9754
33.1901	15.9754
33.1517	16.0139
33.1132	16.0331
33.0556	16.0523
33.0172	16.0907
32.9788	16.0907
32.9595	16.1484
32.9595	16.1099
32.9595	16.0715
32.9595	16.0331
32.9595	15.9946
32.9403	15.9562
32.9403	15.9178
32.9211	15.8602
32.9211	15.8217
32.9019	15.7833
32.8635	15.7449
32.8251	15.7257
32.7866	15.7257
32.7482	15.7065
32.6906	15.7065
32.6906	15.6872
32.6906	15.6488
32.6906	15.6104
32.7290	15.5528
32.7674	15.5335
32.8058	15.4951
32.8443	15.4759
32.9019	15.4567
32.9403	15.4759
32.9788	15.4951
33.0172	15.5143
33.0556	15.5335
33.1132	15.5528
33.1517	15.5528
33.1901	15.5528
33.2285	15.5335
33.2862	15.4951
33.3246	15.4759
33.3438	15.4375
33.3822	15.3991
33.4207	15.3991
33.4975	15.4183
33.5359	15.3798
33.5359	15.3414
33.5167	15.3030
33.4783	15.2838
33.4399	15.2646
33.4014	15.2261
33.3438	15.2069
33.3054	15.2069
33.2862	15.1685
33.2862	15.1109
33.3054	15.0724
33.3246	15.0340
33.3822	14.9956
33.4207	14.9764
33.4399	14.9379
33.4399	14.8995
33.4783	14.8419
33.4975	14.8035
33.4975	14.7650
33.4975	14.7266
33.4975	14.6882
33.4591	14.6690
33.4207	14.6690
33.3630	14.7074
33.3246	14.7266
33.2862	14.7458
33.2477	14.7650
33.1901	14.7842
33.1517	14.8035
33.1132	14.8419
33.0748	14.8611
33.0172	14.8803
32.9788	14.8803
32.9403	14.8995
32.9019	14.8995
32.8635	14.8611
32.8635	14.8035
32.8635	14.7650
32.9019	14.7266
32.9019	14.6882
32.9403	14.6498
32.9595	14.5921
32.9595	14.5537
32.9788	14.5153
33.0172	14.4961
33.0748	14.4768
33.1132	14.4384
33.1325	14.4000
33.1709	14.3616
33.1901	14.3231
33.1901	14.2655
33.1709	14.2271
33.1517	14.1886
33.1132	14.1502
33.0748	14.1310
33.0364	14.1118
32.9788	14.1118
32.9403	14.1118
32.9019	14.1118
32.8635	14.1118
32.8251	14.1118
32.7866	14.1118
32.7482	14.1118
32.6906	14.1118
32.6521	14.1118
32.6137	14.0734
32.5753	14.0542
32.5369	14.0157
32.5369	13.9773
32.5561	13.9389
32.5945	13.9005
32.6329	13.8812
32.6906	13.8236
32.7290	13.7852
32.7482	13.7468
32.7866	13.7083
32.8251	13.6699
32.8635	13.6507
32.9019	13.6507
32.9595	13.6507
32.9980	13.6507
33.0364	13.6315
33.0748	13.5931
33.1132	13.5931
33.1709	13.5738
33.2093	13.5354
33.2093	13.4970
33.2093	13.4586
33.1901	13.4201
33.1517	13.4201
33.1132	13.4201
33.0748	13.4201
33.0364	13.4393
32.9788	13.4586
32.9403	13.4778
32.9019	13.4778
32.9211	13.4778
32.9788	13.4393
32.9980	13.3817
33.0172	13.3433
33.0364	13.3049
33.0556	13.2664
33.0940	13.2088
33.1132	13.1704
33.1325	13.1319
33.1325	13.0935
33.1325	13.0551
33.1132	13.0167
33.0556	13.0359
33.0172	13.0359
32.9788	13.0359
32.9403	13.0359
32.9019	13.0359
32.8443	13.0359
32.8058	13.0551
32.7674	13.0935
32.7482	13.1319
32.7290	13.1704
32.7098	13.2088
32.6714	13.1896
32.6521	13.1512
32.6521	13.1127
32.6521	13.0743
32.6521	13.0167
32.6521	12.9782
32.6521	12.9398
32.6521	12.9014
32.6521	12.8630
32.6521	12.8245
32.6137	12.8053
32.5753	12.8053
32.5369	12.8053
32.4984	12.8053
32.4600	12.8053
32.4216	12.8245
32.4024	12.8630
32.3639	12.9014
32.3639	12.9590
32.3255	12.9975
32.3063	13.0359
32.2871	13.0743
32.2487	13.1319
32.2295	13.1704
32.1910	13.2088
32.1526	13.2280
32.1142	13.2280
32.0758	13.2472
32.0373	13.3049
32.0373	13.3433
32.0181	13.3817
32.0181	13.4201
31.9989	13.4586
31.9797	13.5162
31.9221	13.5354
31.9028	13.5738
31.8644	13.6315
31.8644	13.6699
31.8260	13.7083
31.8068	13.7468
31.8068	13.7852
31.7876	13.8428
31.7684	13.8812
31.7684	13.9197
31.7491	13.9005
31.7299	13.8620
31.7299	13.8044
31.7299	13.7660
31.7299	13.7275
31.7299	13.6891
31.7299	13.6507
31.7299	13.6123
31.7107	13.5738
31.7107	13.5162
31.6723	13.4586
31.6531	13.4201
31.6146	13.4393
31.5954	13.4778
31.5378	13.5162
31.5378	13.5546
31.5378	13.5931
31.5570	13.6507
31.5570	13.6891
31.5762	13.7275
31.5762	13.7660
31.5762	13.8236
31.5762	13.9005
31.5762	13.9389
31.5762	13.9965
31.5762	14.0542
31.5762	14.0926
31.5762	14.1310
31.5762	14.1694
31.5378	14.1694
31.4994	14.1694
31.4609	14.1694
31.4225	14.1694
31.3841	14.2079
31.3265	14.2079
31.3265	14.1694
31.3265	14.1118
31.3072	14.0734
31.2880	14.0349
31.2496	14.0157
31.2112	13.9773
31.1728	13.9773
31.1151	13.9581
31.0767	13.9581
31.0383	13.9581
30.9998	13.9581
30.9614	13.9197
30.9422	13.8812
30.9422	13.8428
30.9422	13.8044
30.9614	13.7468
30.9806	13.7083
30.9998	13.6699
31.0575	13.6315
31.0959	13.6315
31.1343	13.5931
31.1728	13.5738
31.2112	13.5162
31.2496	13.4970
31.2880	13.4586
31.3457	13.4201
31.3649	13.3817
31.4033	13.3433
31.4033	13.2856
31.4225	13.2472
31.4417	13.2088
31.4225	13.1896
31.3649	13.1896
31.3265	13.1896
31.2880	13.1896
31.2496	13.1896
31.2112	13.1896
31.2112	13.2280
31.1728	13.2280
31.1151	13.2280
31.0767	13.2280
31.0383	13.2280
30.9998	13.2280
30.9614	13.2280
30.9230	13.1896
30.8846	13.1704
30.8654	13.2088
30.8269	13.2472
30.7885	13.2664
30.7501	13.3049
30.6924	13.3433
30.6732	13.3817
30.6348	13.3817
30.5772	13.3817
30.5387	13.3817
30.5003	13.3817
30.4619	13.4009
30.4235	13.4201
30.3658	13.4393
30.3658	13.4970
30.3274	13.5354
30.3274	13.5162
30.3274	13.4778
30.3274	13.4393
30.3274	13.3817
30.3274	13.3433
30.3466	13.3049
30.3658	13.2664
30.3850	13.2280
30.3850	13.1704
30.3850	13.1319
30.3850	13.0935
30.3658	13.0551
30.3658	13.0167
30.3658	12.9782
30.3658	12.9206
30.3658	12.8822
30.3658	12.8438
30.3658	12.8053
30.4042	12.7669
30.4427	12.7093
30.4811	12.6708
30.5195	12.6324
30.5387	12.5940
30.5579	12.5363
30.5772	12.4979
30.5772	12.4595
30.5964	12.4211
30.6156	12.3826
30.6348	12.3250
30.6348	12.2866
30.6924	12.2674
30.7309	12.2674
30.7501	12.3058
30.7885	12.3250
30.8269	12.3634
30.8654	12.3634
30.9038	12.3634
30.9998	12.2866
31.0383	12.2482
31.0575	12.2097
31.0767	12.1521
31.0767	12.1137
31.0767	12.0752
31.0767	12.0368
31.1343	11.9984
31.1535	11.9600
31.1920	11.9408
31.2496	11.9023
31.2880	11.8831
31.3265	11.8639
31.3649	11.8255
31.4033	11.8255
31.4609	11.8447
31.4994	11.8447
31.5378	11.8639
31.5762	11.8639
31.6146	11.8639
31.6339	11.8255
31.6339	11.7870
31.6339	11.7294
31.6339	11.6910
31.5954	11.6718
31.5570	11.6526
31.5186	11.6333
31.5186	11.5949
31.5378	11.5565
31.5570	11.5181
31.5762	11.4604
31.5762	11.4220
31.5762	11.3836
31.5570	11.3644
31.5186	11.3452
31.4802	11.3452
31.4417	11.3452
31.3841	11.3452
31.3457	11.3452
31.3072	11.3836
31.2688	11.4220
31.2304	11.4604
31.2112	11.5181
31.1535	11.5565
31.1151	11.5949
31.0959	11.6526
31.0383	11.6910
30.9998	11.7102
30.9614	11.7486
30.9230	11.7294
30.9230	11.6718
30.9422	11.6333
30.9422	11.5949
30.9038	11.5565
30.9038	11.5181
30.8654	11.4604
30.8654	11.4220
30.8269	11.3836
30.8077	11.3452
30.7693	11.2875
30.7309	11.2875
30.6924	11.3259
30.6540	11.3644
30.6348	11.4028
30.5964	11.4412
30.5772	11.4989
30.5772	11.5373
30.5579	11.5181
30.5195	11.4989
30.4619	11.4796
30.4235	11.4604
30.3850	11.4604
30.3658	11.4796
30.3466	11.5181
30.3274	11.5565
30.3466	11.5949
30.4042	11.6526
30.4042	11.6910
30.4235	11.7294
30.4235	11.7678
30.3850	11.8063
30.3466	11.8063
30.3082	11.8063
30.2698	11.8255
30.2313	11.8447
30.1737	11.8831
30.1545	11.9215
30.1161	11.9408
30.0584	11.9792
30.0200	11.9984
30.0008	12.0560
29.9816	12.0945
29.9816	12.0752
29.9816	11.9408
29.9816	11.9023
29.9816	11.8639
29.9816	11.8255
29.9816	11.7870
29.9431	11.7486
29.9047	11.7486
29.8663	11.7678
29.8279	11.7678
29.7894	11.7678
29.7318	11.8063
29.7126	11.8447
29.7126	11.8255
29.7510	11.7870
29.7702	11.7294
29.8086	11.6910
29.8279	11.6526
29.8471	11.6141
29.8855	11.5565
29.8855	11.5181
29.8855	11.4796
29.8855	11.4412
29.8855	11.4028
29.8855	11.3644
29.8471	11.3452
29.8086	11.3452
29.7702	11.3452
29.7702	11.3067
29.7510	11.2491
29.7510	11.2107
29.7318	11.1722
29.7126	11.1338
29.6934	11.0954
29.6357	11.0570
29.5973	11.0570
29.5781	11.0185
29.5589	10.9801
29.5397	10.9225
29.5012	10.8840
29.4820	10.8456
29.4820	10.8072
29.4244	10.8072
29.3860	10.8264
29.3475	10.8648
29.3091	10.8648
29.2707	10.8840
29.2515	10.9225
29.2515	10.9609
29.2515	11.0185
29.2515	11.0570
29.2899	11.0954
29.2707	11.0954
29.2323	11.0954
29.1746	11.1146
29.1362	11.1338
29.0978	11.1722
29.0786	11.1530
29.0786	11.0954
29.0593	11.0570
29.0593	11.0185
29.0401	10.9801
29.0017	10.9417
29.0017	10.8840
28.9633	10.8456
28.9441	10.8072
28.9056	10.8072
28.8480	10.8072
28.8096	10.8264
28.7712	10.8456
28.7327	10.8648
28.6943	10.9033
28.6943	10.9417
28.6943	10.9801
28.6943	11.0185
28.6751	11.0185
28.6367	11.0185
28.5790	11.0185
28.5406	10.9993
28.5022	10.9993
28.4638	11.0185
28.4253	11.0185
28.3677	11.0185
28.3293	11.0185
28.2908	10.9801
28.2524	10.9993
28.2140	11.0377
28.1948	11.0762
28.1756	11.1338
28.1563	11.1722
28.1371	11.2107
28.0987	11.2491
28.0795	11.2875
28.0795	11.3452
28.1371	11.3644
28.1371	11.4028
28.1756	11.4604
28.1563	11.4604
28.1179	11.5181
28.0987	11.5565
28.0795	11.5949
28.0987	11.6333
28.1371	11.6333
28.1948	11.6718
28.2332	11.6910
28.2716	11.6910
28.2908	11.7486
28.2524	11.7486
28.2524	11.7870
28.2332	11.8447
28.2140	11.8831
28.2140	11.9215
28.2140	11.9600
28.2140	11.9984
28.2332	12.0176
28.2140	12.0560
28.1756	12.0560
28.1371	12.0752
28.0987	12.0752
28.0603	12.0752
28.0026	12.0752
27.9642	12.0752
27.9258	12.0560
27.8874	12.0560
27.8489	12.0752
27.7913	12.1137
27.7721	12.0752
27.7721	12.0368
27.7529	11.9984
27.7337	11.9600
27.6760	11.9408
27.6376	11.9600
27.6184	11.9984
27.5992	12.0368
27.5608	12.0752
27.5608	12.1137
27.5415	12.1713
27.5223	12.2097
27.5031	12.1905
27.5031	12.1329
27.4839	12.0945
27.4839	12.0560
27.4839	12.0176
27.4839	11.9792
27.4839	11.9408
27.4839	11.8831
27.4839	11.8447
27.4647	11.8447
27.4455	11.8639
27.4070	11.8831
27.3494	11.9215
27.3110	11.9408
27.2726	11.9600
27.2341	11.9792
27.1765	11.9984
27.1381	11.9984
27.1381	11.9792
27.1381	11.9408
27.1381	11.9023
27.1765	11.8639
27.2149	11.8255
27.2341	11.7870
27.2341	11.7294
27.2149	11.7294
27.1765	11.7102
27.1381	11.7102
27.1381	11.6718
27.1381	11.6333
27.1381	11.5757
27.1381	11.5373
27.1381	11.4989
27.1573	11.4604
27.1765	11.4220
27.1957	11.3644
27.2149	11.3259
27.2341	11.2875
27.2341	11.2491
27.2533	11.2107
27.2726	11.1530
27.2533	11.1338
27.1957	11.0954
27.1573	11.0954
27.1189	11.0954
27.0804	11.0954
27.0420	11.0954
27.0036	11.0954
26.9652	11.0954
26.9459	11.1338
26.9267	11.1722
26.9267	11.2107
26.9075	11.2491
26.9075	11.2875
26.8691	11.3452
26.8499	11.3836
26.8115	11.4220
26.7922	11.4604
26.7922	11.4989
26.7922	11.5565
26.7922	11.5949
26.7922	11.6333
26.7922	11.6718
26.8115	11.7102
26.8115	11.7486
26.7922	11.7870
26.7346	11.8255
26.7154	11.8639
26.6962	11.9215
26.6962	11.9600
26.7154	11.9984
26.7730	12.0368
26.7346	12.0176
26.6962	11.9984
26.6577	11.9984
26.6193	11.9984
26.5809	11.9984
26.5617	11.9600
26.5425	11.9215
26.5425	11.8831
26.5233	11.8447
26.5233	11.7870
26.4848	11.7678
26.4272	11.7678
26.3888	11.7678
26.3503	11.7678
26.3119	11.8063
26.2735	11.8255
26.2351	11.8831
26.1966	11.9215
26.1582	11.9600
26.1582	11.9984
26.1582	12.0368
26.1774	12.0945
26.1966	12.1329
26.2351	12.1713
26.1966	12.2097
26.1582	12.2097
26.1198	12.2289
26.1006	12.2674
26.0622	12.3250
26.0237	12.3442
25.9853	12.3826
25.9277	12.3826
25.9277	12.3442
25.8700	12.3058
25.8316	12.2866
25.7932	12.2866
25.7547	12.2674
25.7163	12.2482
25.6587	12.2482
25.6203	12.2097
25.6010	12.1713
25.5626	12.1137
25.5626	12.0752
25.5818	12.0368
25.6010	11.9984
25.6395	11.9600
25.6587	11.9215
25.6971	11.8831
25.7355	11.8447
25.7740	11.7870
25.8124	11.7486
25.8316	11.7102
25.8508	11.6718
25.8700	11.6141
25.8892	11.5757
25.9277	11.5373
25.9661	11.4989
25.9853	11.4412
26.0237	11.4028
26.0429	11.3644
26.0814	11.3259
26.1006	11.2683
26.1006	11.2299
26.1006	11.1915
26.1006	11.1530
26.1006	11.1146
26.0622	11.1146
26.0237	11.1146
25.9853	11.1530
25.9469	11.1722
25.9085	11.2107
25.8700	11.2491
25.8316	11.2683
25.7932	11.2683
25.7740	11.2299
25.7355	11.1915
25.6779	11.1722
25.6587	11.1146
25.6395	11.0762
25.6203	11.0377
25.6203	10.9993
25.6203	10.9609
25.6203	10.9225
25.6203	10.8648
25.5818	10.8264
25.5434	10.8264
25.5050	10.8264
25.4666	10.8456
25.4089	10.8840
25.3705	10.9225
25.3321	10.9801
25.2936	11.0185
25.2936	10.9993
25.2552	10.9417
25.2552	10.9033
25.2360	10.8648
25.2360	10.8264
25.2360	10.7880
25.2360	10.7496
25.2360	10.7111
25.2360	10.6535
25.1784	10.6535
25.1399	10.6535
25.1015	10.6535
25.0631	10.6727
25.0247	10.6919
24.9670	10.7303
24.9286	10.7496
24.8902	10.8072
24.8517	10.8072
24.8133	10.8648
24.7941	10.9033
24.7941	10.9417
24.8325	10.9801
24.8517	11.0185
24.8902	11.0762
24.8902	11.1146
24.8902	11.1530
24.8710	11.1722
24.8325	11.1722
24.8133	11.2107
24.7749	11.2491
24.7557	11.2875
24.7173	11.3452
24.6980	11.3836
24.6788	11.4220
24.6596	11.4604
24.6404	11.5181
24.6404	11.5565
24.6788	11.5565
24.7173	11.5949
24.7365	11.6333
24.7749	11.6718
24.7557	11.6718
24.6980	11.7102
24.6788	11.7486
24.6404	11.7870
24.6212	11.8447
24.5828	11.8831
24.5828	11.9215
24.5636	11.9600
24.5443	12.0176
24.5636	12.0560
24.5443	12.0560
24.4867	12.0560
24.4483	12.1137
24.4483	12.1521
24.4483	12.1905
24.4483	12.2289
24.4483	12.2674
24.4291	12.3250
24.4291	12.3634
24.4099	12.4019
24.3906	12.4403
24.3714	12.4787
24.3330	12.5363
24.3138	12.5748
24.2946	12.6132
24.2754	12.6516
24.2562	12.6900
24.2177	12.6708
24.1985	12.6324
24.1601	12.6324
24.1217	12.5940
24.1024	12.5556
24.1024	12.4979
24.0832	12.4403
24.0832	12.4019
24.0832	12.3058
24.0832	12.2674
24.0832	12.2289
24.0832	12.1713
24.0832	12.1329
24.0832	12.0752
24.0832	12.0368
24.1024	11.9984
24.1024	11.9600
24.1024	11.9215
24.1024	11.8831
24.0832	11.8639
24.0448	11.8831
24.0064	11.9215
23.9680	11.9408
23.9295	11.9792
23.8719	11.9984
23.8335	11.9984
23.7950	12.0368
23.7566	12.0368
23.7182	12.0368
23.6798	12.0945
23.6606	12.1329
23.6413	12.1713
23.6221	12.1521
23.6221	12.1137
23.6221	12.0752
23.6221	12.0176
23.6221	11.9792
23.6221	11.9215
23.6413	11.8447
23.6413	11.8063
23.6413	11.7678
23.6606	11.7102
23.6606	11.6718
23.6606	11.6333
23.6798	11.5949
23.6798	11.5565
23.6606	11.5565
23.6221	11.5757
23.5837	11.6141
23.5453	11.6526
23.5261	11.6910
23.4684	11.7486
23.4684	11.8063
23.4300	11.8447
23.3916	11.8447
23.3724	11.8255
23.3724	11.7678
23.3724	11.7294
23.3724	11.6910
23.3724	11.6526
23.3724	11.6141
23.3724	11.5757
23.3916	11.5373
23.3916	11.4796
23.4108	11.4412
23.4108	11.4028
23.4108	11.3644
23.3724	11.3644
23.3339	11.3644
23.2955	11.3836
23.2571	11.4028
23.2187	11.4028
23.1610	11.4028
23.1226	11.4028
23.1226	11.3644
23.1034	11.3259
23.1034	11.2875
23.0842	11.2299
23.0650	11.1915
23.0457	11.1530
23.0073	11.1146
23.0073	11.0762
23.0073	11.0185
23.0265	10.9801
23.0457	10.9417
23.0842	10.9033
23.1034	10.8456
23.1034	10.8072
23.1034	10.7688
23.1034	10.7303
23.1034	10.6919
23.1034	10.6535
23.1610	10.6151
23.1802	10.5766
23.2187	10.5382
23.2379	10.4806
23.2571	10.4422
23.2571	10.4037
23.2571	10.3653
23.2571	10.3269
23.2187	10.3269
23.1802	10.3269
23.1418	10.3461
23.0842	10.3653
23.0650	10.4229
23.0265	10.4422
23.0073	10.4806
22.9689	10.5382
22.9113	10.5382
22.8728	10.5190
22.8344	10.4998
22.7960	10.4806
22.7383	10.4422
22.6999	10.4422
22.6615	10.4229
22.6231	10.4229
22.5846	10.4614
22.5462	10.4806
22.5462	10.5190
22.5270	10.5766
22.5270	10.6151
22.5270	10.6535
22.4886	10.6343
22.4501	10.5959
22.4117	10.5766
22.3541	10.5382
22.3157	10.5382
22.2772	10.5574
22.2388	10.5959
22.2196	10.6343
22.2004	10.6727
22.1812	10.7303
22.1427	10.7688
22.1235	10.8072
22.0659	10.8456
22.0275	10.9033
21.9890	10.9225
21.9506	10.9417
21.9314	10.9225
21.9314	10.8840
21.9314	10.8264
21.9314	10.7880
21.9314	10.7496
21.9314	10.7111
21.9506	10.6727
21.9698	10.6343
21.9890	10.5766
21.9890	10.5382
21.9890	10.4998
21.9890	10.4614
22.0083	10.4229
22.0083	10.3845
22.0275	10.3269
22.0467	10.2885
22.0467	10.2500
22.0275	10.2116
21.9890	10.2116
21.9506	10.2116
21.8930	10.2116
21.8546	10.2308
21.8161	10.2692
21.7969	10.2308
21.7969	10.1540
21.7969	10.1155
21.7969	10.0771
21.8161	10.0195
21.8161	9.9810
21.8161	9.9426
21.8161	9.9042
21.7969	9.9042
21.7393	9.9042
21.7008	9.9234
21.6624	9.9810
21.6240	10.0003
21.5856	10.0387
21.5471	10.0963
21.5087	10.1347
21.5087	10.1732
21.4703	10.2116
21.4319	10.2692
21.3934	10.3077
21.3742	10.3461
21.3358	10.3845
21.3166	10.4422
21.3166	10.4806
21.3166	10.5190
21.3358	10.5190
21.3742	10.5190
21.4127	10.5190
21.4511	10.5190
21.5087	10.5190
21.5471	10.5382
21.5856	10.5574
21.6240	10.5959
21.5856	10.6151
21.5471	10.6535
21.5279	10.7111
21.4895	10.7496
21.4511	10.7880
21.4319	10.8264
21.4127	10.8648
21.4127	10.9225
21.4319	10.9225
21.4703	10.9225
21.5087	10.9225
21.5471	10.9033
21.6048	10.9033
21.6432	10.9033
21.6816	10.9033
21.7201	10.9033
21.7393	10.9225
21.7393	10.9801
21.7008	10.9993
21.6432	11.0377
21.6240	11.0954
21.6048	11.1338
21.5856	11.1722
21.5471	11.2107
21.5279	11.2683
21.5087	11.3067
21.5087	11.3452
21.5087	11.3836
21.5279	11.4220
21.5279	11.4796
21.5279	11.5181
21.5087	11.5565
21.4703	11.5757
21.4319	11.5757
21.3934	11.6333
21.3550	11.5949
21.3358	11.5181
21.3358	11.4796
21.3166	11.4412
21.3166	11.4028
21.3166	11.3452
21.3166	11.3067
21.3166	11.2683
21.3166	11.2299
21.2974	11.1915
21.2782	11.1530
21.2590	11.0954
21.2590	11.0570
21.2397	11.0954
21.2013	11.1722
21.1821	11.2107
21.1437	11.2491
21.1053	11.2875
21.1053	11.2683
21.1053	11.2299
21.1053	11.1722
21.1053	11.1338
21.1053	11.0954
21.1053	11.0570
21.1245	11.0185
21.1245	10.9801
21.1245	10.9225
21.1245	10.8840
21.0860	10.8840
21.0476	10.8840
20.9900	10.9033
20.9515	10.9417
20.9131	10.9609
20.8747	10.9609
20.8363	10.9417
20.8363	10.9033
20.8363	10.8648
20.8363	10.8264
20.8363	10.7880
20.8171	10.7303
20.7786	10.7303
20.7594	10.7688
20.7018	10.8264
20.6634	10.8264
20.6634	10.8072
20.6634	10.7688
20.6634	10.7303
20.6634	10.6919
20.6634	10.6535
20.6634	10.6151
20.6441	10.5574
20.6441	10.5190
20.6057	10.5190
20.5673	10.5190
20.5097	10.5190
20.4712	10.5382
20.4328	10.5766
20.3944	10.5959
20.3560	10.6535
20.3367	10.6919
20.3175	10.7303
20.3175	10.7688
20.3367	10.8264
20.3560	10.8648
20.3752	10.9033
20.3944	10.9417
20.3944	10.9801
20.3752	10.9993
20.3367	11.0377
20.2983	11.0954
20.2599	11.1338
20.2023	11.1722
20.1830	11.2299
20.1446	11.2299
20.1062	11.1915
20.1062	11.1530
20.1062	11.1146
20.1254	11.0762
20.1446	11.0377
20.1446	10.9801
20.1638	10.9417
20.1830	10.9033
20.1830	10.8648
20.2215	10.8072
20.2407	10.7111
20.2599	10.6727
20.2791	10.6343
20.2983	10.5959
20.2983	10.5382
20.3175	10.4998
20.3367	10.4614
20.3560	10.4229
20.3175	10.3845
20.2791	10.3461
20.2599	10.3077
20.2023	10.2692
20.2023	10.2308
20.1638	10.1924
20.1638	10.1540
20.1446	10.0963
20.1446	10.0579
20.1446	10.0195
20.1638	9.9810
20.1830	9.9426
20.1830	9.9042
20.1830	9.8466
20.1830	9.8081
20.1446	9.7889
20.0870	9.8081
20.0485	9.8081
