17.5799	5.6685
17.6258	5.6455
17.6258	5.5995
17.6718	5.5536
17.6948	5.4846
17.6948	5.4387
17.6948	5.3927
17.6718	5.3697
17.6258	5.3697
17.5799	5.3697
17.5339	5.3697
17.4650	5.3927
17.4650	5.3697
17.4650	5.3008
17.4650	5.2548
17.4420	5.2089
17.4190	5.1629
17.3731	5.1169
17.3271	5.1169
17.2811	5.0710
17.2122	5.0480
17.1662	5.0250
17.1203	5.0250
17.0743	5.0250
17.0284	5.0250
17.0284	5.0710
17.0284	5.1169
17.0284	5.1629
17.0284	5.2089
17.0284	5.2778
17.0054	5.3008
16.9594	5.3467
16.9364	5.3927
16.9364	5.4387
16.9594	5.4846
17.0054	5.5306
17.0284	5.5765
17.0284	5.6225
17.0284	5.6685
17.0054	5.7144
16.9824	5.7834
16.9594	5.8293
16.9135	5.8523
16.8675	5.8523
16.8215	5.8293
16.7756	5.8063
16.7066	5.8063
16.6607	5.8063
16.6147	5.8293
16.5917	5.8753
16.5917	5.9212
16.5917	5.9672
16.5917	6.0361
16.6377	6.0361
16.6607	6.1051
16.6607	6.1510
16.6607	6.1970
16.7066	6.2200
16.7526	6.2200
16.7986	6.2200
16.8445	6.2200
16.8905	6.2200
16.9364	6.2430
16.9824	6.2430
17.0284	6.2889
17.0513	6.3579
17.0513	6.4038
17.0743	6.4498
17.1203	6.4498
17.1662	6.4498
17.2352	6.4498
17.2582	6.4728
17.2582	6.5417
17.2582	6.5877
17.2582	6.6336
17.2122	6.6336
17.1662	6.6106
17.1203	6.6106
17.0743	6.6566
17.0743	6.7026
17.0743	6.7485
17.0743	6.7945
17.1203	6.8175
17.1203	6.8634
17.1203	6.9094
17.1203	6.9783
17.1433	6.9783
17.1892	6.9783
17.2352	6.9783
17.3041	7.0013
17.3271	7.0473
17.3501	7.0932
17.3731	7.1622
17.4190	7.1622
17.4650	7.1622
17.5109	7.1622
17.5569	7.2081
17.5339	7.2311
17.4880	7.2541
17.4420	7.2541
17.3960	7.2771
17.3731	7.3230
17.3501	7.3690
17.3501	7.4379
17.3960	7.4609
17.4420	7.4839
17.4880	7.5528
17.4650	7.5988
17.4650	7.6448
17.4650	7.6907
17.5109	7.7137
17.5569	7.7367
17.6029	7.7367
17.6488	7.7597
17.6718	7.8286
17.6718	7.8746
17.6718	7.9205
17.7178	7.9435
17.7637	7.9895
17.8327	8.0354
17.8556	8.0814
17.8786	8.1503
17.8786	8.1963
17.8786	8.2422
17.8327	8.2652
17.7867	8.2652
17.7407	8.2652
17.6718	8.2652
17.6258	8.2422
17.5799	8.1963
17.5339	8.1733
17.4880	8.1503
17.4190	8.1503
17.3731	8.1503
17.3271	8.1503
17.2811	8.1503
17.2352	8.1273
17.1892	8.1044
17.1203	8.1044
17.0743	8.0814
17.0284	8.0584
16.9824	8.0354
16.9364	8.0354
16.8675	8.0584
16.8215	8.0814
16.7986	8.0354
16.7756	7.9895
16.7526	7.9435
16.7296	7.8975
16.6837	7.8746
16.6377	7.8746
16.5917	7.8746
16.5458	7.8975
16.4998	7.9205
16.4539	7.9665
16.4079	7.9895
16.3619	8.0124
16.2930	8.0124
16.2470	8.0124
16.2011	8.0354
16.1781	8.0124
16.1781	7.9665
16.1781	7.9205
16.1781	7.8746
16.1551	7.8056
16.1321	7.7597
16.1321	7.7137
16.1321	7.6677
16.1321	7.6218
16.1321	7.5758
16.1321	7.5069
16.0862	7.4839
16.0402	7.4609
15.9942	7.4379
15.9483	7.3920
15.9253	7.3460
15.9253	7.3001
15.9253	7.2541
15.8564	7.2311
15.8104	7.2081
15.7644	7.2081
15.7185	7.2541
15.6955	7.3001
15.6495	7.3001
15.6036	7.2541
15.5346	7.2311
15.4887	7.1852
15.4427	7.1622
15.4427	7.1162
15.4427	7.0473
15.4887	7.0013
15.5117	6.9554
15.4887	6.9094
15.4427	6.8864
15.3968	6.8864
15.3278	6.8864
15.2819	6.9094
15.2359	6.9094
15.2129	6.9554
15.1670	7.0243
15.1210	7.0243
15.0750	7.0243
15.0521	6.9783
15.0291	6.9324
15.0291	6.8634
15.0061	6.8175
14.9372	6.8175
14.8912	6.8405
14.8452	6.8864
14.7993	6.8864
14.7533	6.8634
14.6844	6.8405
14.6384	6.8405
14.5925	6.8405
14.5695	6.9094
14.5235	6.9554
14.5235	7.0013
14.5235	7.0473
14.5235	7.0932
14.5925	7.1622
14.6154	7.2081
14.6844	7.2311
14.6384	7.2771
14.5925	7.2771
14.5465	7.3001
14.5465	7.3690
14.5465	7.4150
14.5465	7.4609
14.5695	7.5069
14.6154	7.5528
14.6844	7.5528
14.7303	7.5758
14.7763	7.5988
14.7993	7.6448
14.7993	7.6907
14.7993	7.7367
14.8452	7.7597
14.8912	7.7826
14.9372	7.7826
14.9831	7.7826
15.0521	7.7597
15.0980	7.7597
15.1440	7.8056
15.1899	7.8516
15.2359	7.8975
15.2129	7.9435
15.1440	7.9435
15.0980	7.9435
15.0750	7.9895
15.0750	8.0354
15.1440	8.0814
15.1899	8.1044
15.1670	8.1273
15.0980	8.1273
15.0521	8.1503
15.0061	8.1503
14.9601	8.1733
14.9372	8.2193
14.9372	8.2882
14.9142	8.3342
14.9142	8.3801
14.9142	8.4261
14.9372	8.4720
14.9831	8.5410
15.0291	8.5640
15.0521	8.6099
15.0980	8.6559
15.1440	8.7019
15.1670	8.7478
15.1899	8.7938
15.2359	8.7938
15.3048	8.7938
15.3508	8.8168
15.3738	8.8627
15.4197	8.9317
15.4657	8.9546
15.4887	9.0006
15.5576	9.0695
15.6036	9.0466
15.6495	9.0236
15.7185	8.9776
15.7644	8.9776
15.7874	9.0236
15.7874	9.0695
15.7415	9.1385
15.7185	9.1844
15.7415	9.2304
15.7874	9.2764
15.8564	9.2993
15.8564	9.3453
15.8793	9.4142
15.8564	9.4372
15.8334	9.4832
15.8104	9.5521
15.7415	9.5521
15.6955	9.5521
15.6495	9.5521
15.6036	9.5291
15.5576	9.5062
15.4887	9.5062
15.4427	9.5062
15.3968	9.5521
15.3508	9.6211
15.3278	9.6670
15.2819	9.6900
15.2129	9.6670
15.1899	9.6211
15.1440	9.5751
15.0750	9.5291
15.0291	9.5291
14.9831	9.5521
14.9372	9.5751
14.8912	9.6211
14.8452	9.6670
14.7993	9.6900
14.7533	9.6900
14.7074	9.6900
14.6384	9.6900
14.5925	9.6900
14.5465	9.6900
14.5005	9.6900
14.4546	9.6900
14.4086	9.6900
14.3397	9.6900
14.2937	9.6900
14.2478	9.6900
14.2018	9.6900
14.1558	9.6900
14.1099	9.6900
14.0409	9.6900
13.9950	9.7360
13.9720	9.7819
13.9720	9.8279
13.9950	9.8738
14.0179	9.9428
14.0409	9.9887
14.0179	10.0117
13.9720	10.0577
13.9260	10.1036
13.9030	10.1496
13.9030	10.1956
13.9030	10.2645
13.9490	10.2645
14.0179	10.3105
14.0409	10.3564
14.0409	10.4024
14.0409	10.4484
14.0409	10.5173
14.0409	10.5633
13.9950	10.6092
13.9950	10.6552
13.9720	10.7011
13.9720	10.7701
13.9030	10.7931
13.9030	10.8390
13.9030	10.9080
13.9490	10.9080
14.0179	10.9309
14.0639	10.9769
14.1099	10.9999
14.1558	10.9769
14.2018	10.9080
14.2248	10.8620
14.2707	10.8390
14.3167	10.8390
14.3627	10.8390
14.4086	10.8390
14.4776	10.8390
14.5005	10.7931
14.5465	10.7471
14.5925	10.7011
14.6384	10.6552
14.6614	10.6092
14.6844	10.5633
14.7533	10.5173
14.7993	10.5173
14.8452	10.5633
14.8912	10.5633
14.9372	10.5633
15.0061	10.5862
15.0521	10.5862
15.0980	10.5862
15.1210	10.5173
15.1210	10.4713
15.1210	10.4254
15.1210	10.3794
15.1670	10.3564
15.2129	10.3334
15.2589	10.3334
15.2589	10.3564
15.2589	10.4254
15.2589	10.4713
15.2589	10.5173
15.2589	10.5633
15.2589	10.6092
15.2819	10.6552
15.3278	10.7011
15.3738	10.7011
15.4427	10.7011
15.4887	10.6782
15.5346	10.6552
15.5806	10.6552
15.6266	10.6782
15.6266	10.7241
15.6955	10.7701
15.7415	10.7701
15.7874	10.7471
15.8334	10.7471
15.8793	10.7241
15.9483	10.7011
15.9942	10.7011
15.9942	10.7241
15.9713	10.7701
15.9483	10.8160
15.9023	10.8620
15.9023	10.9309
15.9023	10.9769
15.9483	10.9769
15.9942	10.9769
16.0402	10.9539
16.1091	10.9539
16.1551	10.9080
16.2011	10.8850
16.2470	10.8850
16.2700	10.9080
16.2700	10.9539
16.2700	10.9999
16.2700	11.0458
16.2930	11.0918
16.2930	11.1607
16.3619	11.1607
16.4079	11.1607
16.4539	11.1607
16.4998	11.1148
16.5458	11.1148
16.5917	11.1378
16.5917	11.1837
16.5917	11.2297
16.5917	11.2756
16.5917	11.3216
16.5917	11.3905
16.5917	11.4365
16.6377	11.4825
16.6837	11.4825
16.7296	11.4825
16.7756	11.4825
16.8215	11.4825
16.8675	11.4135
16.9135	11.4135
16.9594	11.3905
17.0054	11.3905
17.0513	11.3905
17.1203	11.4365
17.1433	11.4825
17.1892	11.5284
17.1892	11.5974
17.1662	11.5974
17.1203	11.5744
17.0743	11.5514
17.0284	11.5514
16.9824	11.5514
16.9135	11.5514
16.9594	11.5744
17.0054	11.5974
17.0513	11.6433
17.0973	11.6663
17.1433	11.6663
17.2122	11.6893
17.2582	11.7123
17.3041	11.7123
17.3501	11.7582
17.4190	11.7812
17.4190	11.8501
17.4190	11.8961
17.4190	11.9421
17.4190	11.9880
17.4190	12.0340
17.4190	12.0799
17.4190	12.1489
17.3731	12.1489
17.3041	12.1029
17.2582	12.0570
17.2352	12.0110
17.1662	11.9650
17.1433	11.9191
17.0973	11.9421
17.0973	11.9880
17.0743	12.0570
17.0284	12.1029
16.9824	12.1259
16.9594	12.0799
16.9135	12.0340
16.8675	12.0110
16.8215	11.9421
16.7756	11.9421
16.7296	11.9191
16.7066	11.9421
16.6837	11.9880
16.6607	12.0570
16.6147	12.0570
16.5688	12.0570
16.5228	12.0570
16.4539	12.0340
16.4079	12.0340
16.4079	12.0570
16.3619	12.1259
16.3390	12.1719
16.3390	12.2178
16.3160	12.2638
16.3160	12.3097
16.2700	12.3327
16.2470	12.3097
16.2241	12.2638
16.2241	12.2178
16.2241	12.1489
16.2241	12.1029
16.1781	12.0799
16.1321	12.0799
16.0862	12.0799
16.0862	12.0340
16.0862	11.9880
16.0862	11.9421
16.0632	11.8961
16.0172	11.8961
15.9483	11.8961
15.9023	11.8961
15.8564	11.8961
15.8104	11.8961
15.7874	11.9421
15.7874	11.9880
15.7874	12.0340
15.7874	12.0799
15.8334	12.1489
15.8334	12.1948
15.7874	12.1948
15.7415	12.1948
15.6725	12.1948
15.6266	12.2178
15.6266	12.2638
15.6266	12.3097
15.6495	12.3557
15.6955	12.4017
15.7415	12.4247
15.7874	12.4476
15.8564	12.4706
15.8564	12.5166
15.8564	12.5625
15.8334	12.6085
15.7874	12.6545
15.7415	12.6545
15.6725	12.6545
15.6266	12.6774
15.5806	12.7004
15.5346	12.7234
15.5346	12.7004
15.5117	12.6545
15.5117	12.6085
15.4887	12.5625
15.4887	12.5166
15.4887	12.4476
15.4197	12.4247
15.3738	12.4476
15.3278	12.4936
15.2819	12.5396
15.2359	12.5166
15.2359	12.4706
15.2129	12.4017
15.2129	12.3557
15.1670	12.3097
15.1440	12.2638
15.0750	12.2178
15.0521	12.1719
15.0291	12.1259
15.0291	12.0799
15.0061	12.0110
14.9831	11.9650
14.9372	11.9650
14.8912	11.9880
14.8452	12.0340
14.8223	12.0799
14.8223	12.0570
14.8223	12.0110
14.7993	11.9650
14.7763	11.9191
14.7533	11.8501
14.7533	11.8042
14.7533	11.7582
14.7303	11.7123
14.7074	11.6663
14.6844	11.5974
14.6844	11.5514
14.6154	11.5284
14.5695	11.4825
14.5235	11.4365
14.4776	11.4135
14.4086	11.3905
14.3627	11.3676
14.3167	11.3676
14.2707	11.3676
14.2478	11.4365
14.2248	11.4825
14.2248	11.5284
14.2248	11.5744
14.2707	11.6203
14.2937	11.6663
14.3397	11.7123
14.3397	11.7582
14.3397	11.8272
14.3397	11.8731
14.3397	11.9191
14.3397	11.9650
14.2937	11.9650
14.2937	12.0110
14.3397	12.0570
14.3856	12.0799
14.3627	12.1259
14.3167	12.1489
14.2478	12.1489
14.2478	12.1948
14.2478	12.2638
14.2478	12.3097
14.2478	12.3557
14.2707	12.4017
14.2937	12.4476
14.3627	12.4936
14.3627	12.5396
14.3167	12.5855
14.2937	12.6545
14.2707	12.7004
14.2248	12.7234
14.1788	12.7923
14.1328	12.7923
14.0869	12.7923
14.0409	12.7923
13.9950	12.7923
13.9490	12.7694
13.8801	12.7694
13.8341	12.7694
13.7881	12.7923
13.7881	12.8383
13.7652	12.8843
13.7192	12.9072
13.6962	12.8843
13.6503	12.8383
13.6273	12.7923
13.5813	12.7234
13.5354	12.7004
13.4894	12.7004
13.4205	12.7234
13.3975	12.7694
13.3515	12.8383
13.3515	12.8843
13.3056	12.9302
13.3285	12.9762
13.3975	12.9992
13.4205	13.0451
13.3975	13.0451
13.3515	13.0451
13.3056	13.0451
13.2596	13.0451
13.1907	13.0911
13.1907	13.1370
13.1907	13.1830
13.1907	13.2290
13.1217	13.2290
13.0758	13.2290
13.0528	13.2979
13.0528	13.3439
13.0528	13.3898
13.0758	13.4358
13.0987	13.4817
13.1677	13.5277
13.2136	13.5507
13.2596	13.5507
13.3056	13.5507
13.3515	13.5047
13.3745	13.4588
13.4205	13.4588
13.4434	13.4817
13.4894	13.5277
13.5583	13.5507
13.5813	13.5047
13.6273	13.4588
13.6503	13.4128
13.6962	13.3898
13.6962	13.4128
13.7192	13.4588
13.7422	13.5277
13.7422	13.5737
13.7652	13.5966
13.8111	13.5966
13.8801	13.5966
13.9260	13.5966
13.9720	13.5737
13.9950	13.5277
13.9950	13.4817
14.0409	13.4128
14.0639	13.3668
14.0869	13.3209
14.1328	13.3209
14.1788	13.3439
14.2478	13.3439
14.2937	13.3439
14.3167	13.3898
14.3627	13.3898
14.4316	13.3668
14.4776	13.3668
14.5235	13.3209
14.5695	13.2979
14.6384	13.2519
14.6844	13.2290
14.7303	13.2060
14.7763	13.1600
14.8452	13.1370
14.8912	13.1141
14.9372	13.1141
14.9831	13.1141
15.0291	13.1600
15.0750	13.2060
15.1210	13.2060
15.1670	13.2060
15.2129	13.2290
15.2589	13.2519
15.3278	13.2749
15.3738	13.2749
15.4197	13.2749
15.4657	13.2519
15.5117	13.2290
15.5576	13.2749
15.6036	13.3209
15.6495	13.3439
15.7185	13.3898
15.6725	13.4128
15.6266	13.4358
15.6036	13.4817
15.5806	13.5507
15.6036	13.5737
15.6495	13.5737
15.7185	13.5737
15.7644	13.5737
15.8104	13.5507
15.8564	13.5277
15.9023	13.5277
15.9713	13.5277
16.0172	13.5507
16.0632	13.5966
16.1091	13.6196
16.1551	13.6196
16.2011	13.6656
16.2241	13.7345
16.2241	13.7805
16.2241	13.8264
16.2700	13.8494
16.3160	13.8724
16.3619	13.8724
16.4079	13.9184
16.4079	13.9643
16.4768	13.9873
16.5228	14.0103
16.5688	14.0333
16.6147	14.0333
16.6607	14.0562
16.7296	14.0562
16.7756	14.0792
16.7986	14.1252
16.8445	14.1711
16.8675	14.2401
16.8905	14.2861
16.8675	14.2861
16.8215	14.2861
16.7756	14.2861
16.7066	14.2861
16.6607	14.2631
16.6147	14.2631
16.5688	14.2631
16.5228	14.2631
16.4768	14.2401
16.4079	14.2171
16.3619	14.1711
16.3160	14.1482
16.2700	14.1022
16.2011	14.0792
16.1551	14.0792
16.1091	14.0792
16.0632	14.0562
16.0172	14.0562
15.9483	14.1022
15.9483	14.1482
15.9253	14.1941
15.9023	14.2401
15.8793	14.3090
15.8793	14.3550
15.8793	14.4010
15.8793	14.4469
15.9023	14.4929
15.9483	14.5159
15.9942	14.5159
16.0402	14.5159
16.1091	14.4929
16.1551	14.4929
16.2011	14.4929
16.2011	14.5159
16.2241	14.5618
16.2241	14.6078
16.2011	14.6767
16.1551	14.6997
16.1091	14.7457
16.0402	14.7686
16.0172	14.8146
16.0172	14.8835
16.0402	14.9295
16.0862	14.9755
16.1091	15.0214
16.1321	15.0904
16.1781	15.1363
16.2470	15.1823
16.2930	15.2282
16.3160	15.2972
16.3160	15.3431
16.2930	15.3891
16.2930	15.4351
16.3160	15.5040
16.3619	15.5270
16.4079	15.5500
16.4539	15.5500
16.4998	15.5959
16.5688	15.6189
16.6147	15.6189
16.6607	15.6419
16.7066	15.6649
16.7756	15.6878
16.8215	15.7338
16.8445	15.7798
16.8445	15.8257
16.8445	15.8717
16.8445	15.9406
16.8445	15.9866
16.8215	16.0325
16.7756	16.0555
16.7296	16.0325
16.6607	16.0096
16.6147	15.9636
16.5688	15.9406
16.5228	15.9406
16.4768	15.9406
16.4079	15.9406
16.3619	15.9176
16.3160	15.8947
16.2700	15.8947
16.2241	15.8717
16.1551	15.8487
16.1091	15.8257
16.0632	15.8027
16.0172	15.7798
15.9713	15.7798
15.9253	15.7568
15.8564	15.7568
15.8104	15.7568
15.7644	15.7798
15.7415	15.8257
15.7644	15.8717
15.8104	15.8947
15.8564	15.9406
15.9023	15.9866
15.9483	16.0096
15.9942	16.0096
16.0402	16.0555
16.1091	16.0785
16.1551	16.1015
16.2011	16.1475
16.2470	16.1704
16.3160	16.2164
16.3619	16.2853
16.4079	16.3083
16.4539	16.3543
16.4768	16.4232
16.4998	16.4692
16.5228	16.5151
16.5228	16.5611
16.5458	16.6071
16.5458	16.6760
16.5458	16.7220
16.5458	16.7679
16.5458	16.8139
16.5458	16.8598
16.5458	16.9058
16.5458	16.9518
16.5458	17.0207
16.5458	17.0667
16.5917	17.0896
16.6377	17.0896
16.6837	17.1356
16.6837	17.2045
16.6837	17.2505
16.6837	17.2965
16.6607	17.3424
16.6607	17.3884
16.6607	17.4343
16.6607	17.5033
16.6607	17.5492
16.6607	17.5952
16.6607	17.6412
16.6607	17.6871
16.6607	17.7331
16.6607	17.7790
16.6607	17.8480
16.6607	17.8939
16.6607	17.9399
16.7066	17.9169
16.7296	17.8710
16.7526	17.8250
16.7756	17.7790
16.7756	17.7331
16.7986	17.6641
16.8215	17.6182
16.8445	17.5722
16.8675	17.5263
16.8905	17.4803
16.9135	17.4114
16.9135	17.3654
16.9135	17.3194
16.9135	17.2735
16.9364	17.2275
16.9824	17.1586
16.9824	17.1126
17.0284	17.0667
17.0513	17.0207
17.0973	16.9747
17.1662	16.9518
17.2122	16.9288
17.2582	16.9288
17.3041	16.9288
17.3501	16.9288
17.3960	16.9288
17.4650	16.9058
17.5109	16.9058
17.5569	16.8828
17.6029	16.8598
17.6488	16.8369
17.7178	16.8369
17.7637	16.8369
17.8097	16.8369
17.8556	16.8369
17.8786	16.8598
17.9246	16.8828
17.9705	16.9058
17.9705	16.9518
17.9705	16.9977
17.9705	17.0437
17.9705	17.1126
17.9476	17.1586
17.9016	17.2045
17.8556	17.2505
17.8327	17.3194
17.8097	17.3654
17.7637	17.4114
17.7407	17.4573
17.7178	17.5263
17.7178	17.5722
17.7178	17.6182
17.7178	17.6641
17.7178	17.7101
17.7178	17.7561
17.7178	17.8250
17.6488	17.8250
17.6029	17.8480
17.5569	17.8710
17.5109	17.8939
17.4420	17.9399
17.3960	17.9399
17.3501	17.9859
17.3041	18.0088
17.2582	18.0548
17.1892	18.0778
17.1433	18.0778
17.0973	18.1008
17.0513	18.1238
17.0054	18.1467
16.9364	18.1697
16.9135	18.2157
16.8675	18.2616
16.8215	18.3076
16.8215	18.3536
16.8215	18.3995
16.8675	18.4455
16.9135	18.4685
16.9594	18.4914
17.0284	18.5144
17.0743	18.5144
17.1203	18.5374
17.1662	18.5374
17.2122	18.5604
17.2811	18.5834
17.3271	18.6063
17.3731	18.6063
17.4190	18.6063
17.4650	18.6293
17.5109	18.6293
17.5569	18.6753
17.5799	18.7442
17.5799	18.7902
17.6029	18.8361
17.6029	18.8821
17.6029	18.9281
17.6258	18.9740
17.6258	19.0200
17.6258	19.0889
17.6488	19.1349
17.6948	19.1579
17.7407	19.1808
17.7867	19.2268
17.8556	19.2268
17.9016	19.1808
17.9246	19.1349
17.9476	19.0889
17.9705	19.0430
17.9705	18.9970
17.9705	18.9281
17.9705	18.8821
17.9935	18.8361
18.0395	18.8132
18.1084	18.8132
18.1544	18.8132
18.1774	18.8361
18.2004	18.8821
18.2463	18.8821
18.2923	18.8591
18.3153	18.7902
18.3612	18.7442
18.3612	18.6983
18.3612	18.6523
18.4072	18.6063
18.4302	18.5374
18.4302	18.4914
18.4531	18.4455
18.4531	18.3995
18.4531	18.3536
18.4072	18.3076
18.3842	18.2616
18.3842	18.2157
18.3842	18.1697
18.4072	18.1008
18.4302	18.0548
18.4531	18.0088
18.4761	17.9629
18.4761	17.9169
18.5451	17.8939
18.5910	17.8939
18.6140	17.9399
18.6600	17.9859
18.6370	18.0318
18.6140	18.0778
18.5680	18.1238
18.5680	18.1697
18.5680	18.2157
18.5680	18.2616
18.5680	18.3306
18.5680	18.3765
18.6140	18.3765
18.6600	18.3765
18.7289	18.3765
18.7749	18.3306
18.8208	18.3076
18.8668	18.2616
18.9127	18.1927
18.9587	18.1697
19.0276	18.1238
19.0736	18.0778
19.1196	18.0548
19.1655	17.9859
19.2345	17.9629
19.2804	17.9169
19.3264	17.9169
19.3723	17.8710
19.4183	17.8480
19.4872	17.8480
19.5332	17.8250
19.5792	17.8250
19.6251	17.8020
19.6711	17.8020
19.7170	17.8020
19.7630	17.8250
19.7630	17.8939
19.7630	17.9399
19.7630	17.9859
19.7630	18.0318
19.7630	18.0778
19.7630	18.1238
19.7630	18.1697
19.7630	18.2387
19.7400	18.2846
19.7400	18.3306
19.7400	18.3765
19.7400	18.4225
19.7400	18.4685
19.7630	18.5374
19.7860	18.5834
19.7860	18.6293
19.7630	18.6753
19.7170	18.6983
19.6711	18.7212
19.6481	18.7902
19.6021	18.8361
19.6021	18.8821
19.6021	18.9281
19.6021	18.9740
19.6251	19.0430
19.6481	19.0889
19.7170	19.1119
19.7630	19.1579
19.7630	19.2038
19.7630	19.2498
19.7630	19.2957
19.7630	19.3417
19.7630	19.4106
19.7630	19.4566
19.7860	19.5026
19.8549	19.5485
19.9009	19.5715
19.9469	19.5715
19.9928	19.5715
20.0388	19.5715
20.1077	19.5715
20.1537	19.5485
20.1767	19.5715
20.1767	19.6175
20.1767	19.6634
20.1767	19.7324
20.1996	19.7783
20.2226	19.8243
20.2226	19.8702
20.2916	19.9162
20.3375	19.9162
20.3835	19.9162
20.4294	19.8932
20.4754	19.8702
20.5443	19.8473
20.5903	19.8013
20.6133	19.7553
20.6133	19.7094
20.6822	19.7324
20.6822	19.7783
20.7282	19.8243
20.7741	19.8702
20.8201	19.9162
20.8890	19.9392
20.8890	19.9852
20.8890	20.0541
20.9120	20.1001
20.9580	20.1001
21.0039	20.1001
21.0729	20.1001
21.1188	20.1001
21.1648	20.1001
21.2108	20.0771
21.2337	20.0311
21.2567	19.9852
21.2567	19.9392
21.2567	19.8932
21.3257	19.8932
21.3716	19.9392
21.4176	19.9392
21.4635	19.9392
21.5095	19.9392
21.5784	19.8932
21.5784	19.8473
21.6014	19.8013
21.6244	19.7553
21.6474	19.6864
21.6474	19.6404
21.6474	19.5945
21.6244	19.5485
21.5784	19.5255
21.5325	19.5255
21.4635	19.5026
21.4176	19.4796
21.3716	19.4566
21.3257	19.4106
21.2797	19.3877
21.2108	19.3647
21.1648	19.3187
21.1418	19.2728
21.1418	19.2268
21.1648	19.1808
21.1878	19.1349
21.2337	19.0659
21.2337	19.0200
21.2108	18.9970
21.1418	18.9740
21.0959	18.9510
21.0499	18.9281
21.0039	18.9281
20.9580	18.9281
20.8890	18.9281
20.8431	18.9281
20.7971	18.9051
20.7971	18.8591
20.8201	18.8132
20.8661	18.7672
20.9120	18.7442
20.9580	18.7442
21.0039	18.7212
21.0729	18.6753
21.1188	18.6753
21.1648	18.6523
21.2108	18.6293
21.2567	18.6063
21.3257	18.5834
21.3716	18.5604
21.4176	18.5374
21.4635	18.5374
21.5095	18.5374
21.5325	18.5604
21.5325	18.6063
21.5555	18.6523
21.5784	18.6983
21.6244	18.6983
21.6704	18.6983
21.7163	18.6753
21.7623	18.6293
21.8082	18.6063
21.8312	18.6293
21.8542	18.6983
21.9002	18.7442
21.9691	18.7672
21.9691	18.8132
21.9691	18.8591
21.9921	18.9051
21.9921	18.9510
21.9921	19.0200
22.0151	19.0659
22.0610	19.0659
22.1070	19.0659
22.1530	19.0659
22.1989	19.0659
22.2679	19.0430
22.2908	18.9740
22.3138	18.9281
22.3368	18.8821
22.3368	18.8361
22.3598	18.7902
22.3598	18.7212
22.3828	18.6753
22.4287	18.7212
22.4747	18.7672
22.5206	18.7902
22.5666	18.8132
22.6126	18.8132
22.6585	18.8361
22.7275	18.8361
22.7734	18.8821
22.7964	18.9281
22.8653	18.9510
22.9113	18.9740
22.9573	18.9740
23.0032	18.9970
23.0492	18.9970
23.0951	18.9970
23.1411	18.9281
23.1641	18.8821
23.2100	18.9281
23.2560	18.9510
23.3020	18.9970
23.3709	18.9970
23.3709	19.0430
23.4169	19.1119
23.4628	19.1349
23.5088	19.1349
23.5547	19.1119
23.6007	19.0659
23.6467	19.0200
23.6696	18.9740
23.6696	18.9281
23.6467	18.8821
23.6007	18.8361
23.5318	18.8132
23.4858	18.7672
23.4398	18.7442
23.3939	18.6983
23.3249	18.6753
23.3249	18.6063
23.3249	18.5604
23.3479	18.5374
23.3479	18.4914
23.3249	18.4455
23.3249	18.3995
23.3479	18.3995
23.3939	18.3995
23.4398	18.3995
23.4858	18.4225
23.5547	18.4685
23.6007	18.4685
23.6467	18.4685
23.6926	18.4685
23.7386	18.4685
23.7846	18.4685
23.8305	18.4685
23.8995	18.4685
23.9454	18.4685
23.9914	18.4455
24.0144	18.3995
24.0144	18.3536
24.0144	18.3076
24.0373	18.2387
24.0373	18.1927
24.0144	18.1467
23.9684	18.1008
23.9684	18.0548
23.9914	18.0318
24.0373	17.9859
24.0603	17.9399
24.0833	17.8939
24.0833	17.8480
24.0833	17.8020
24.0603	17.7331
24.0144	17.7101
24.0144	17.6641
24.0603	17.5952
24.0833	17.5492
24.1522	17.5033
24.1982	17.4803
24.2212	17.5033
24.2901	17.5492
24.3361	17.5492
24.3820	17.5492
24.4050	17.5033
24.4740	17.4573
24.5199	17.4573
24.5659	17.4573
24.6118	17.4803
24.6578	17.4573
24.7038	17.4114
24.7267	17.3654
24.7727	17.3194
24.8187	17.3424
24.8646	17.3654
24.9336	17.3654
24.9795	17.3654
25.0255	17.3654
25.0714	17.3654
25.1174	17.3654
25.1634	17.3424
25.2093	17.2965
25.2323	17.2505
25.2553	17.1816
25.2553	17.1356
25.2553	17.0896
25.2783	17.0437
25.2783	16.9977
25.2783	16.9518
25.2553	16.8828
25.2093	16.8828
25.1634	16.8828
25.1174	16.8828
25.0714	16.8828
25.0485	16.8598
25.0025	16.8369
24.9336	16.8369
24.9336	16.8598
24.8646	16.9288
24.8187	16.9288
24.7727	16.9058
24.7267	16.8828
24.6808	16.8369
24.6118	16.8369
24.5659	16.8369
24.5199	16.8598
24.4740	16.8828
24.4050	16.9058
24.3591	16.9288
24.3131	16.9288
24.2671	16.9518
24.2212	16.9747
24.1752	16.9747
24.1063	16.9747
24.0833	16.9518
24.0833	16.8828
24.1522	16.8828
24.1752	16.8139
24.2212	16.8139
24.2442	16.7679
24.2901	16.6990
24.3131	16.6530
24.3591	16.6071
24.3591	16.5611
24.4050	16.4922
24.4050	16.4462
24.3591	16.4232
24.3131	16.3773
24.2671	16.3543
24.2212	16.3543
24.1752	16.4002
24.1522	16.4692
24.1293	16.5151
24.0833	16.5151
24.0373	16.4692
23.9684	16.4232
23.9224	16.4002
23.8765	16.4002
23.8305	16.4002
23.7846	16.4232
23.7616	16.4692
23.7616	16.5151
23.7616	16.5841
23.7156	16.5841
23.6696	16.5841
23.6007	16.6071
23.5547	16.6530
23.5547	16.6300
23.5088	16.6071
23.4858	16.6300
23.4858	16.6760
23.4398	16.7220
23.3939	16.7449
23.3479	16.7220
23.3020	16.6760
23.2560	16.6300
23.2100	16.6300
23.1641	16.6760
23.1411	16.7220
23.1181	16.6990
23.1411	16.6530
23.1871	16.6071
23.2330	16.5611
23.2560	16.5151
23.2330	16.4922
23.1871	16.4922
23.1411	16.4922
23.0951	16.4922
23.0492	16.4462
23.0492	16.4002
23.0492	16.3313
23.0951	16.3313
23.1411	16.3313
23.2100	16.3083
23.2560	16.2853
23.3020	16.2853
23.3479	16.2624
23.3939	16.2164
23.4398	16.1704
23.4628	16.1245
23.4858	16.0785
23.5318	16.0785
23.5318	16.1015
23.5318	16.1704
23.5318	16.2164
23.5777	16.2394
23.6237	16.2394
23.6696	16.2394
23.7156	16.2394
23.7616	16.1934
23.7846	16.1475
23.8075	16.1015
23.8535	16.0555
23.8995	16.0555
23.9684	16.0555
24.0144	16.1015
24.0603	16.1245
24.1063	16.1704
24.1752	16.1934
24.2212	16.1934
24.2442	16.1475
24.2671	16.1015
24.3131	16.0555
24.3820	16.0785
24.4280	16.1015
24.4740	16.1245
24.5199	16.1475
24.5659	16.1704
24.6348	16.1704
24.6348	16.1245
24.6348	16.0785
24.6348	16.0096
24.6348	15.9636
24.6118	15.9176
24.5889	15.8717
24.5199	15.8257
24.4740	15.8257
24.4280	15.8257
24.3820	15.8257
24.3361	15.8257
24.2901	15.7798
24.2901	15.7338
24.2901	15.6878
24.2901	15.6419
24.2901	15.5729
24.2442	15.5729
24.1982	15.5729
24.1522	15.5729
24.1063	15.5959
24.0373	15.6189
24.0373	15.5729
23.9914	15.5270
23.9914	15.4810
23.9914	15.4351
24.0144	15.4121
24.0603	15.4121
24.1293	15.3891
24.1752	15.3661
24.2212	15.3202
24.2671	15.3202
24.3361	15.2742
24.3820	15.2512
24.4280	15.1823
24.4740	15.1363
24.4969	15.0904
24.5429	15.0444
24.5429	14.9755
24.5659	14.9295
24.6118	14.9295
24.6578	14.9525
24.7267	14.9984
24.7727	14.9984
24.7957	14.9755
24.7957	14.9295
24.8187	14.8606
24.8187	14.8146
24.7727	14.7916
24.7957	14.7916
24.8416	14.7227
24.8876	14.7227
24.9106	14.6767
24.9106	14.6308
24.9106	14.5848
24.8646	14.5618
24.8187	14.5388
24.7727	14.5388
24.7497	14.4929
24.7497	14.4469
24.7038	14.4239
24.6578	14.4239
24.6348	14.3550
24.6348	14.3090
24.6348	14.2631
24.6578	14.2171
24.6578	14.1711
24.6578	14.1252
24.6578	14.0562
24.6578	14.0103
24.6578	13.9643
24.6348	13.9184
24.6578	13.9413
24.7267	13.9873
24.7727	14.0103
24.8187	14.0562
24.8646	14.1252
24.9106	14.1482
24.9565	14.1941
25.0255	14.2171
25.0255	14.1941
25.0255	14.1482
25.0255	14.1022
25.0255	14.0562
25.0714	14.0562
25.1404	14.0792
25.1863	14.0792
25.2323	14.0792
25.2553	14.0562
25.2783	13.9873
25.2783	13.9413
25.2783	13.8954
25.2323	13.8494
25.2093	13.7805
25.1404	13.7575
25.0944	13.7345
25.0485	13.7115
25.0714	13.6426
25.1174	13.6196
25.1634	13.6196
25.2093	13.5966
25.2553	13.5966
25.3012	13.5966
25.3702	13.5737
25.4161	13.5737
25.4621	13.5966
25.5081	13.6426
25.5540	13.6426
25.6230	13.6426
25.6689	13.6426
25.7149	13.6426
25.7609	13.6426
25.8068	13.6656
25.8528	13.6656
25.9217	13.6656
25.9677	13.6656
26.0136	13.6196
26.0136	13.5737
26.0136	13.5277
26.0136	13.4817
26.0136	13.4128
26.0136	13.3668
26.0596	13.3439
26.1285	13.3439
26.1745	13.2979
26.2205	13.2519
26.2434	13.2060
26.2434	13.1600
26.2434	13.0911
26.2205	13.0451
26.1745	13.0221
26.1285	13.0221
26.0826	13.0221
26.0366	13.0221
25.9907	13.0221
25.9217	12.9992
25.9217	12.9532
25.8987	12.9072
25.8758	12.8383
25.8528	12.7923
25.7838	12.7923
25.7379	12.7694
25.6919	12.7923
25.6689	12.8383
25.6230	12.8843
25.5770	12.9302
25.5310	12.9302
25.4621	12.9072
25.4621	12.8383
25.4391	12.7923
25.3932	12.7694
25.3472	12.7694
25.2783	12.7694
25.2783	12.7234
25.2783	12.6545
25.3012	12.6085
25.3012	12.5625
25.3242	12.5166
25.3702	12.5166
25.4161	12.5166
25.4621	12.5625
25.5081	12.5855
25.5770	12.5855
25.6230	12.5855
25.6689	12.5625
25.6919	12.5166
25.6919	12.4706
25.7609	12.4476
25.8068	12.4476
25.8528	12.4476
25.8987	12.4476
25.9447	12.4476
25.9907	12.4476
26.0596	12.4476
26.1056	12.4247
26.1056	12.3787
26.1056	12.3327
26.0826	12.2868
26.0366	12.2408
25.9907	12.1948
25.9447	12.1719
25.8758	12.1489
25.8298	12.1259
25.8068	12.0799
25.7379	12.0340
25.7379	11.9650
25.7379	11.9191
25.7838	11.8731
25.8298	11.8501
25.8758	11.8272
25.8987	11.7812
25.8987	11.7123
25.8987	11.6663
25.9217	11.6433
25.9677	11.6433
26.0366	11.6203
26.0366	11.5744
26.0596	11.5054
26.0596	11.4595
26.0596	11.4135
26.0826	11.4135
26.1515	11.4365
26.1975	11.4365
26.2434	11.4365
26.2894	11.4365
26.3124	11.3905
26.3354	11.3216
26.3813	11.2756
26.4043	11.2297
26.4273	11.1837
26.4732	11.1378
26.5192	11.1378
26.5881	11.1148
26.5881	11.0688
26.5881	11.0229
26.5652	10.9769
26.5192	10.9309
26.4732	10.9309
26.4043	10.9309
26.3583	10.9309
26.3583	10.9080
26.3354	10.8620
26.3354	10.8160
26.3354	10.7471
26.3354	10.7011
26.3124	10.6552
26.3124	10.6092
26.3354	10.5633
26.4043	10.5403
26.4503	10.5173
26.4962	10.5173
26.5422	10.4943
26.5881	10.4943
26.6571	10.5403
26.7030	10.5403
26.7490	10.5403
26.7950	10.5403
26.8179	10.4943
26.8179	10.4484
26.8179	10.3794
26.8179	10.3334
26.7720	10.3334
26.7260	10.3334
26.6801	10.3105
26.6111	10.2875
26.5652	10.2645
26.5652	10.1956
26.6111	10.1726
26.6571	10.1496
26.7260	10.1266
26.7490	10.0577
26.7950	10.0347
26.7950	9.9887
26.8179	9.9428
26.8179	9.8968
26.8639	9.8279
26.8639	9.7819
26.8869	9.7360
26.8869	9.6900
26.8869	9.6440
26.8869	9.5751
26.8639	9.5291
26.7950	9.5062
26.7490	9.4832
26.7030	9.4602
26.6571	9.4602
26.6111	9.4372
26.5652	9.4372
26.4962	9.4602
26.4503	9.4832
26.4043	9.5291
26.3583	9.5521
26.3354	9.5062
26.3354	9.4602
26.3354	9.4142
26.3583	9.3683
26.4043	9.3223
26.4503	9.2764
26.4503	9.2304
26.4503	9.1844
26.4043	9.1615
26.3583	9.1385
26.3124	9.1385
26.2434	9.0925
26.1975	9.0695
26.1515	9.0695
26.1056	9.1155
26.1056	9.1615
26.0826	9.2074
26.0826	9.2534
26.0596	9.2993
26.0136	9.3223
25.9677	9.3223
25.9677	9.2534
25.9677	9.2074
25.9447	9.1615
25.9217	9.1155
25.8758	9.1155
25.8528	9.1844
25.8298	9.2304
25.8068	9.2764
25.7838	9.3223
25.7838	9.3683
25.7609	9.4372
25.7149	9.4832
25.6689	9.5062
25.6689	9.5751
25.6460	9.5291
25.6460	9.4832
25.6460	9.4372
25.6460	9.3913
25.6460	9.3453
25.6460	9.2993
25.6460	9.2304
25.6689	9.1844
25.6689	9.1385
25.6919	9.0925
25.6919	9.0466
25.6919	9.0006
25.6689	8.9317
25.6689	8.8857
25.6230	8.8857
25.5770	8.8857
25.5310	8.8857
25.4621	8.9087
25.4621	8.9546
25.4621	9.0006
25.4391	9.0466
25.4391	9.0925
25.4391	9.1615
25.4391	9.2074
25.4161	9.2074
25.3472	9.2074
25.3472	9.2534
25.3472	9.2993
25.3702	9.3453
25.3932	9.4142
25.3932	9.4602
25.4161	9.5062
25.3932	9.5062
25.3472	9.5062
25.3012	9.5062
25.2553	9.5521
25.2553	9.5981
25.2783	9.6440
25.3012	9.6900
25.3472	9.7360
25.3702	9.8049
25.3702	9.8509
25.3702	9.8968
25.3472	9.9198
25.3012	9.9198
25.2553	9.9198
25.1863	9.9198
25.1863	9.8738
25.1174	9.8279
25.0714	9.8509
25.0255	9.8738
24.9795	9.9198
24.9565	9.9887
24.9106	10.0117
24.8416	10.0577
24.8416	10.1036
24.7957	10.1266
24.7497	10.1956
24.7038	10.1956
24.7038	10.1726
24.7038	10.1266
24.7038	10.0807
24.7038	10.0347
24.6578	10.0347
24.6118	10.0577
24.5659	10.1036
24.5199	10.1266
24.4510	10.1726
24.4050	10.1726
24.3591	10.1726
24.3131	10.1726
24.2671	10.1726
24.2212	10.1726
24.2442	10.1266
24.2671	10.0807
24.3361	10.0577
24.3591	9.9887
24.4050	9.9428
24.3820	9.8968
24.4050	9.8509
24.4740	9.8279
24.5199	9.8049
24.5429	9.7589
24.5889	9.7130
24.5889	9.6670
24.5659	9.6440
24.4969	9.6440
24.4510	9.6440
24.4050	9.6440
24.3591	9.6211
24.3591	9.5751
24.3820	9.5291
24.4280	9.4602
24.4740	9.4372
24.5199	9.3913
24.5659	9.3453
24.6348	9.3223
24.6808	9.2764
24.6808	9.2304
24.6808	9.1844
24.7038	9.1385
24.7727	9.1385
24.8187	9.1155
24.8646	9.0695
24.8876	9.0236
24.9106	8.9776
24.9106	8.9317
24.9336	8.8857
24.9795	8.8627
25.0255	8.8627
25.0944	8.8627
25.1174	8.8168
25.1174	8.7708
25.0485	8.7478
25.0025	8.7248
24.9565	8.7019
24.9795	8.6789
25.0255	8.6559
25.0944	8.6099
25.1404	8.6099
25.1863	8.6099
25.2323	8.6099
25.2783	8.6099
25.3242	8.5640
25.3242	8.5180
25.3472	8.4720
25.3932	8.4720
25.4391	8.4720
25.4851	8.4720
25.4851	8.4261
25.4851	8.3571
25.4851	8.3112
25.4851	8.2652
25.4621	8.2193
25.4621	8.1733
25.4621	8.1273
25.4621	8.0584
25.4161	8.0124
25.3472	7.9895
25.3012	7.9895
25.2553	7.9435
25.2783	7.9205
25.3242	7.8975
25.3932	7.8746
25.4391	7.8516
25.4851	7.8286
25.4851	7.7826
25.4161	7.7137
25.4161	7.6677
25.4391	7.6677
25.5081	7.6677
25.5540	7.6218
25.5770	7.5758
25.5770	7.5299
25.5770	7.4609
25.5770	7.4150
25.6230	7.3690
25.6460	7.3230
25.6919	7.2771
25.7149	7.2081
25.6919	7.1852
25.6460	7.1622
25.6000	7.1392
25.5310	7.1392
25.4851	7.1392
25.4391	7.1622
25.3932	7.1852
25.3472	7.2081
25.3012	7.1852
25.2783	7.1392
25.2783	7.0932
25.2323	7.0243
25.1863	7.0013
25.1404	7.0013
25.0714	7.0013
25.0255	7.0013
24.9795	7.0013
24.9565	7.0473
24.9565	7.1162
24.9565	7.1622
24.9565	7.2081
24.9565	7.2541
24.8876	7.2771
24.8416	7.3001
24.8416	7.3460
24.8416	7.3920
24.8416	7.4379
24.8416	7.4839
24.8416	7.5299
24.8416	7.5758
24.8187	7.6448
24.8187	7.6907
24.7727	7.6907
24.7267	7.6677
24.7038	7.5988
24.6348	7.5758
24.5889	7.5758
24.5659	7.6218
24.5429	7.6677
24.5429	7.7137
24.5429	7.7597
24.4969	7.8056
24.4510	7.8056
24.3820	7.8056
24.3591	7.8286
24.3131	7.8516
24.2671	7.8516
24.1982	7.8516
24.1522	7.8516
24.1063	7.8516
24.0603	7.8286
24.0144	7.8286
23.9684	7.8286
23.9224	7.7826
23.8995	7.7137
23.8535	7.7137
23.8075	7.7137
23.7616	7.7597
23.7156	7.8056
23.6926	7.8516
23.6926	7.8975
23.6926	7.9435
23.6696	8.0124
23.6696	8.0584
23.6237	8.1044
23.5777	8.1503
23.5777	8.1273
23.5547	8.0814
23.5547	8.0354
23.5318	7.9895
23.4858	7.9895
23.4398	8.0124
23.3709	8.0124
23.3479	8.0814
23.3020	8.1044
23.2330	8.1503
23.1871	8.1733
23.1641	8.2193
23.0951	8.2652
23.0492	8.3112
23.0032	8.3571
23.0032	8.3342
23.0492	8.2882
23.0722	8.2422
23.1181	8.1963
23.1411	8.1273
23.2100	8.0814
23.2330	8.0354
23.2790	7.9895
23.3020	7.9205
23.3479	7.8975
23.3939	7.8975
23.4628	7.8746
23.5088	7.8286
23.5318	7.7826
23.5318	7.7137
23.4858	7.6907
23.4858	7.6448
23.5318	7.6218
23.6007	7.5758
23.6467	7.5528
23.6467	7.5069
23.6007	7.4839
23.5547	7.4609
23.5777	7.4379
23.6237	7.3920
23.6696	7.3690
23.7156	7.3230
23.7156	7.2771
23.6926	7.2541
23.6696	7.1852
23.6926	7.1622
23.7616	7.1162
23.8075	7.0703
23.8075	7.0243
23.7846	6.9783
23.7846	6.9324
23.8075	6.9324
23.8535	6.8864
23.8765	6.8405
23.9224	6.7945
23.9224	6.7256
23.9224	6.6796
23.8765	6.6796
23.8535	6.6106
23.8535	6.5647
23.8995	6.5187
23.8995	6.4728
23.8995	6.4268
23.9454	6.4268
24.0144	6.4268
24.0603	6.4268
24.1063	6.4268
24.1522	6.3808
24.1752	6.3349
24.1752	6.2889
24.1752	6.2430
24.1522	6.1740
24.0833	6.1740
24.0373	6.1740
23.9914	6.1740
23.9454	6.1740
23.8995	6.1281
23.8995	6.0821
23.8765	6.0361
23.8535	5.9672
23.8075	5.9212
23.7616	5.8983
23.7156	5.8983
23.6696	5.8983
23.6007	5.8983
23.5777	5.9442
23.5777	5.9902
23.5777	6.0361
23.5777	6.0821
23.5318	6.1281
23.4858	6.1281
23.4398	6.1281
23.3939	6.1281
23.3479	6.1281
23.3020	6.1281
23.2330	6.1281
23.1871	6.1281
23.1411	6.1510
23.0951	6.1970
23.0492	6.2200
23.0262	6.2659
23.0262	6.3119
23.0951	6.3579
23.1181	6.4038
23.1181	6.4498
23.0951	6.4728
23.0492	6.4728
23.0032	6.4728
22.9343	6.4728
22.8883	6.4728
22.8653	6.5187
22.8653	6.5647
22.9113	6.6336
22.9343	6.6796
22.9343	6.7256
22.9573	6.7715
22.9573	6.8175
22.9343	6.7945
22.8883	6.7715
22.8194	6.7715
22.7734	6.7485
22.7275	6.7715
22.7275	6.8175
22.7275	6.8634
22.7275	6.9094
22.7275	6.9554
22.7734	7.0013
22.7964	7.0703
22.8653	7.1162
22.8653	7.1622
22.8194	7.2081
22.7734	7.2311
22.7275	7.2311
22.6815	7.2311
22.6355	7.2771
22.6815	7.2771
22.7045	7.3460
22.7504	7.3920
22.7045	7.4150
22.6585	7.4379
22.6355	7.4839
22.6355	7.5528
22.6815	7.5528
22.7275	7.5988
22.7504	7.6448
22.7504	7.6907
22.7045	7.6907
22.6585	7.7137
22.6126	7.7367
22.5666	7.7367
22.5206	7.7137
22.4977	7.6677
22.4747	7.6218
22.4517	7.5528
22.4517	7.5069
22.3828	7.4839
22.3368	7.4609
22.2908	7.4379
22.2449	7.4150
22.1989	7.3690
22.2449	7.3230
22.2908	7.3001
22.2679	7.2541
22.1989	7.2541
22.1530	7.2541
22.1070	7.2541
22.0610	7.2541
22.0610	7.2311
22.1070	7.2081
22.1530	7.1622
22.1989	7.1622
22.2679	7.1162
22.2679	7.0703
22.2219	7.0703
22.1759	7.0703
22.1300	7.0473
22.1300	7.0013
22.1759	7.0013
22.2219	6.9783
22.2679	6.9783
22.3138	6.9783
22.3828	6.9783
22.4287	6.9783
22.4747	6.9783
22.5206	6.9324
22.5666	6.9094
22.5436	6.8864
22.4977	6.8634
22.4517	6.8405
22.4057	6.8405
22.3368	6.8405
22.2908	6.8405
22.2908	6.7945
22.3368	6.7715
22.3828	6.7256
22.4287	6.6796
22.4747	6.6796
22.5206	6.6566
22.5896	6.6106
22.6355	6.5877
22.6126	6.5187
22.5666	6.5187
22.5666	6.4498
22.5896	6.4498
22.6126	6.3808
22.6355	6.3349
22.6585	6.2889
22.6815	6.2430
22.7045	6.1970
22.7045	6.1510
22.7045	6.0821
22.6815	6.0361
22.6355	6.0132
22.5896	6.0132
22.5436	6.0132
22.4977	6.0132
22.4517	6.0591
22.4057	6.1051
22.3598	6.1051
22.2908	6.0821
22.2449	6.0821
22.2219	6.1281
22.2219	6.1970
22.2219	6.2430
22.2219	6.2889
22.2219	6.3349
22.2219	6.3119
22.1989	6.2659
22.1759	6.1970
22.1759	6.1510
22.1070	6.1281
22.0610	6.1510
22.0381	6.1970
21.9691	6.2430
21.9461	6.3119
21.8772	6.3579
21.8772	6.4038
21.8772	6.4498
21.8772	6.4957
21.8312	6.4957
21.7623	6.4728
21.7623	6.4268
21.7393	6.3808
21.6933	6.3349
21.6704	6.2659
21.6244	6.2430
21.5555	6.2430
21.5784	6.1970
21.6014	6.1281
21.6474	6.0821
21.6704	6.0361
21.6704	5.9902
21.6704	5.9442
21.6704	5.8753
21.7393	5.8523
21.7393	5.8063
21.6933	5.7604
21.6474	5.7374
21.6014	5.6914
21.5555	5.6685
21.5095	5.6455
21.4406	5.6685
21.4176	5.6225
21.3486	5.5765
21.3027	5.5536
21.2567	5.5536
21.2108	5.5306
21.1648	5.5306
21.1648	5.4846
21.1648	5.4387
21.1648	5.3697
21.1648	5.3238
21.1418	5.2778
21.1188	5.2318
21.0959	5.1859
21.0499	5.1629
20.9810	5.1169
20.9350	5.1169
20.8890	5.1169
20.8661	5.0480
20.7971	5.0250
20.7512	5.0250
20.7282	5.0480
20.7282	5.0940
20.7282	5.1399
20.7282	5.1859
20.7282	5.2548
20.7282	5.3008
20.6822	5.3238
20.6363	5.3238
20.5903	5.3238
20.5443	5.3238
20.4754	5.3238
20.4524	5.3927
20.4524	5.4387
20.4065	5.4616
20.3605	5.4846
20.3145	5.5076
20.3145	5.5536
20.3375	5.5995
20.4065	5.6455
20.4524	5.6685
20.4984	5.7144
20.5443	5.7604
20.5673	5.8063
20.5673	5.8523
20.4984	5.8983
20.4524	5.9212
20.4294	5.9902
20.4294	6.0361
20.4524	6.0361
20.4984	6.0361
20.5443	6.0361
20.5903	6.0591
20.6363	6.1051
20.6822	6.1510
20.7052	6.1970
20.7052	6.2430
20.7052	6.3119
20.7052	6.3579
20.6592	6.4038
20.6133	6.4498
20.5903	6.5187
20.5214	6.5417
20.4754	6.5417
20.4294	6.5417
20.3835	6.5417
20.3375	6.5647
20.2916	6.5417
20.2916	6.4957
20.2916	6.4498
20.2916	6.4038
20.2456	6.3579
20.1996	6.3579
20.1307	6.3808
20.1307	6.3579
20.1307	6.2889
20.1767	6.2430
20.1767	6.1970
20.1996	6.1510
20.2226	6.1051
20.2456	6.0361
20.2456	5.9902
20.2916	5.9442
20.3145	5.8983
20.3375	5.8293
20.3145	5.8063
20.2686	5.8063
20.1996	5.8063
20.1537	5.8293
20.1537	5.8063
20.1537	5.7604
20.1537	5.7144
20.1537	5.6685
20.1537	5.5995
20.1537	5.5536
20.1077	5.5536
20.0618	5.5306
20.0158	5.5306
19.9698	5.5306
19.9009	5.5076
19.8549	5.5076
19.8090	5.5306
19.7860	5.5765
19.7630	5.6455
19.7170	5.6914
19.6941	5.7374
19.6481	5.7374
19.6021	5.7374
19.5562	5.7374
19.5102	5.7374
19.4643	5.7604
19.3953	5.7834
19.3953	5.8293
19.3953	5.8753
19.4413	5.8983
19.5102	5.9442
19.5102	5.9902
19.5562	6.0361
19.5332	6.0591
19.4643	6.0591
19.4183	6.0591
19.3723	6.1051
19.3264	6.1281
19.3034	6.1740
19.3034	6.2430
19.3264	6.2889
19.3494	6.3349
19.3264	6.3579
19.2804	6.3808
19.2804	6.4268
19.2804	6.4957
19.3264	6.5187
19.3953	6.5647
19.4413	6.6106
19.4643	6.6566
19.5102	6.7026
19.5102	6.7715
19.4643	6.7715
19.4183	6.7715
19.3723	6.7715
19.3264	6.7485
19.2574	6.7256
19.2574	6.6566
19.2345	6.6106
19.1885	6.5877
19.1196	6.5647
19.1196	6.5187
19.0966	6.4728
19.0966	6.4038
19.0506	6.4038
18.9817	6.4038
18.9357	6.4498
18.9127	6.4957
18.8438	6.5187
18.8438	6.5877
18.7978	6.5877
18.7289	6.5877
18.6829	6.5877
18.6600	6.6336
18.6600	6.6796
18.6140	6.7256
18.5680	6.7256
18.5221	6.7715
18.4761	6.7945
18.4072	6.8634
18.3612	6.9094
18.3382	6.9554
18.3382	6.9324
18.3382	6.8864
18.3382	6.8405
18.3382	6.7945
18.3382	6.7256
18.3612	6.6796
18.3612	6.6336
18.3842	6.5877
18.4302	6.5417
18.4991	6.5187
18.5221	6.4728
18.5680	6.4038
18.5680	6.3579
18.5451	6.3119
18.5221	6.2659
18.4991	6.1970
18.5221	6.1970
18.5680	6.1510
18.6370	6.1281
18.6600	6.0591
18.6600	6.0132
18.6370	6.0132
18.6140	5.9442
18.6370	5.9442
18.6829	5.9212
18.7289	5.8753
18.7749	5.8753
18.8438	5.8293
18.8438	5.7834
18.7978	5.7604
18.7289	5.7374
18.6829	5.6685
18.6370	5.6685
18.5910	5.5995
18.6140	5.5536
18.6600	5.5536
18.7059	5.5306
18.7749	5.4846
18.7978	5.4387
18.8438	5.4387
18.8898	5.4157
18.8668	5.3697
18.8208	5.3467
18.8208	5.2778
18.8208	5.2318
18.8668	5.1859
18.8668	5.1399
18.8438	5.0940
18.7978	5.0710
18.7519	5.0710
18.7059	5.0710
18.6600	5.0710
18.6140	5.0710
18.5680	5.1399
18.5221	5.1859
18.4761	5.2318
18.4302	5.2778
18.3842	5.2778
18.3382	5.2778
18.2693	5.2778
18.2463	5.3467
18.2004	5.3927
18.2004	5.4387
18.2004	5.4846
18.2004	5.5306
18.1774	5.5306
18.1314	5.5306
18.0855	5.5536
18.0165	5.5995
18.0165	5.6455
18.0165	5.6914
18.0165	5.7374
18.0165	5.7834
18.0395	5.8293
18.0395	5.8983
18.0165	5.9212
17.9705	5.9672
17.9476	6.0361
17.9705	6.0821
17.9935	6.1281
17.9935	6.1740
17.9935	6.2200
17.9935	6.2659
17.9935	6.3349
17.9935	6.3808
17.9935	6.3579
17.9935	6.3119
17.9935	6.2430
17.9705	6.1970
17.9705	6.1510
17.9705	6.1051
17.9476	6.0591
17.9246	5.9902
17.9246	5.9442
17.9016	5.8983
17.8556	5.8983
17.8097	5.9212
17.7637	5.9442
17.6948	5.9902
17.6488	6.0132
17.6258	5.9902
17.6258	5.9442
17.6488	5.8983
17.6718	5.8293
17.6948	5.7834
17.7178	5.7374
17.7407	5.6914
17.8097	5.6914
