7.5596	3.7425
7.5298	3.7574
7.4999	3.7723
7.4701	3.7723
7.4552	3.7425
7.4254	3.7127
7.3956	3.6978
7.3508	3.6531
7.3210	3.6381
7.2912	3.6232
7.2614	3.6083
7.2316	3.6083
7.1868	3.6381
7.1570	3.6680
7.1421	3.6978
7.1123	3.7276
7.0825	3.7574
7.0526	3.7425
7.0079	3.7425
6.9781	3.7276
6.9483	3.6978
6.9184	3.6978
6.8886	3.6978
6.8588	3.7276
6.8439	3.7574
6.7992	3.7873
6.7842	3.8171
6.7544	3.8618
6.7544	3.8916
6.7544	3.9214
6.7693	3.9513
6.7842	3.9960
6.7842	4.0258
6.7842	4.0556
6.7693	4.0855
6.7693	4.1153
6.7842	4.1600
6.8290	4.1749
6.8439	4.2047
6.8737	4.2197
6.9035	4.2346
6.9483	4.2346
6.9781	4.2346
7.0079	4.2197
7.0377	4.2047
7.0675	4.1749
7.1123	4.1749
7.1123	4.1898
7.0974	4.2197
7.0825	4.2495
7.0675	4.2793
7.0675	4.3240
7.0675	4.3538
7.0974	4.3688
7.1272	4.3688
7.1570	4.3688
7.1868	4.3688
7.2316	4.3688
7.2614	4.3688
7.2912	4.3688
7.3210	4.3837
7.3508	4.3986
7.3658	4.4433
7.3658	4.4731
7.3658	4.5030
7.3658	4.5328
7.3508	4.5477
7.3210	4.5477
7.2912	4.5477
7.2465	4.5626
7.2465	4.5924
7.2465	4.6371
7.2316	4.6670
7.2166	4.6968
7.1868	4.7266
7.1570	4.7266
7.1272	4.7266
7.0825	4.7266
7.0526	4.7713
7.0377	4.8012
7.0079	4.8310
7.0079	4.8608
7.0079	4.8906
7.0228	4.9354
7.0228	4.9652
7.0377	4.9950
7.0675	5.0248
7.0825	5.0546
7.1123	5.0695
7.1421	5.0994
7.1868	5.1143
7.2166	5.1292
7.2465	5.1441
7.2763	5.1590
7.3210	5.1739
7.3508	5.1888
7.3807	5.1888
7.4105	5.2037
7.4403	5.2037
7.4701	5.2187
7.5149	5.2336
7.5447	5.2336
7.5745	5.2336
7.6043	5.2336
7.6341	5.2336
7.6640	5.2485
7.7087	5.2485
7.7385	5.2634
7.7683	5.2634
7.7832	5.2336
7.8280	5.2336
7.8578	5.2336
7.8876	5.2336
7.9174	5.2336
7.9473	5.2336
7.9771	5.2187
8.0218	5.2187
8.0516	5.2187
8.0815	5.2187
8.1113	5.2187
8.1411	5.2187
8.1709	5.2187
8.2156	5.2187
8.2156	5.2485
8.2306	5.2783
8.2604	5.2932
8.2902	5.3081
8.3349	5.3081
8.3648	5.3081
8.3946	5.3081
8.4244	5.2932
8.4542	5.2783
8.4989	5.2783
8.5288	5.2783
8.5586	5.2932
8.5884	5.3081
8.6182	5.3081
8.6481	5.3081
8.6928	5.3379
8.7077	5.3678
8.7375	5.3976
8.7822	5.4125
8.8121	5.4125
8.8419	5.4125
8.8717	5.4125
8.9015	5.4125
8.9313	5.4125
8.9761	5.4125
9.0059	5.4125
9.0357	5.4125
9.0655	5.4125
9.0954	5.4125
9.1252	5.4125
9.1699	5.4125
9.1997	5.4125
9.2146	5.4423
9.2445	5.4721
9.2445	5.5020
9.2743	5.5318
9.3041	5.5467
9.3339	5.5467
9.3638	5.5467
9.3638	5.5318
9.3787	5.5020
9.3936	5.5169
9.4085	5.5616
9.4532	5.5914
9.4830	5.6063
9.5129	5.6212
9.5427	5.6361
9.5725	5.6361
9.6172	5.6361
9.5874	5.6212
9.5874	5.6361
9.5874	5.6660
9.6023	5.6958
9.6172	5.7256
9.6471	5.7703
9.6620	5.8002
9.6918	5.8300
9.7067	5.8598
9.7067	5.9045
9.7067	5.9344
9.7067	5.9642
9.7067	5.9940
9.7067	6.0238
9.7067	6.0536
9.7067	6.0835
9.7067	6.1282
9.7067	6.1580
9.7067	6.1878
9.7067	6.2177
9.7067	6.2475
9.7365	6.2773
9.7514	6.3220
9.7962	6.3518
9.8111	6.3817
9.8409	6.4115
9.8707	6.4562
9.9005	6.4711
9.9303	6.5009
9.9751	6.5308
10.0049	6.5457
10.0347	6.5755
10.0645	6.5904
10.0944	6.6351
10.1242	6.6501
10.1391	6.6799
10.1689	6.7097
10.1987	6.7097
10.2435	6.6948
10.2733	6.6799
10.3031	6.6501
10.3329	6.6351
10.3777	6.6053
10.4075	6.6053
10.4373	6.5606
10.4671	6.5606
10.4969	6.5308
10.5417	6.5159
10.5715	6.4860
10.5864	6.4562
10.6013	6.4264
10.6311	6.3817
10.6311	6.3518
10.6311	6.3220
10.6311	6.2922
10.6311	6.2624
10.6311	6.2326
10.6311	6.2027
10.6460	6.1580
10.6759	6.1431
10.7206	6.1431
10.7504	6.1431
10.7802	6.1431
10.8101	6.1431
10.8399	6.1431
10.8697	6.1282
10.8846	6.0984
10.9144	6.0685
10.9144	6.0387
10.9144	6.0089
10.9293	5.9791
10.9293	5.9493
10.9293	5.9194
10.8995	5.8747
10.8846	5.8449
10.8548	5.8151
10.8250	5.7852
10.7952	5.7554
10.7802	5.7256
10.7653	5.6958
10.7653	5.6511
10.7653	5.6212
10.7653	5.5914
10.7653	5.5616
10.7653	5.5318
10.7802	5.5020
10.7802	5.4572
10.8101	5.4274
10.8250	5.3976
10.8399	5.3678
10.8697	5.3379
10.8995	5.3081
10.9293	5.2932
10.9443	5.2485
10.9592	5.2187
10.9741	5.1888
10.9890	5.1590
11.0039	5.1292
11.0039	5.0845
11.0039	5.0546
11.0039	5.0248
11.0188	4.9950
11.0188	4.9652
11.0337	4.9354
11.0337	4.8906
11.0337	4.8608
11.0337	4.8310
11.0337	4.8012
11.0337	4.7713
11.0337	4.7415
11.0337	4.7117
11.0188	4.6670
11.0039	4.6371
10.9890	4.6073
10.9741	4.5775
10.9741	4.5477
10.9741	4.5030
10.9741	4.4731
10.9741	4.4433
10.9592	4.4135
10.9293	4.3837
10.8995	4.3538
10.8697	4.3389
10.8399	4.3091
10.7952	4.2942
10.7653	4.2942
10.7355	4.2793
10.7057	4.2644
10.6759	4.2644
10.6311	4.2644
10.6013	4.2644
10.5715	4.2644
10.5417	4.2644
10.5119	4.2644
10.4820	4.2644
10.4373	4.2793
10.4075	4.3240
10.3926	4.3538
10.3777	4.3837
10.3478	4.4135
10.3180	4.4135
10.2882	4.4135
10.2584	4.3986
10.2286	4.3986
10.1987	4.3986
10.1689	4.4284
10.1540	4.4582
10.1391	4.5030
10.1093	4.5328
10.1093	4.5626
10.1093	4.5924
10.1093	4.6222
10.1093	4.6521
10.1093	4.6968
10.1093	4.7266
10.1093	4.7564
10.0944	4.7564
10.0645	4.7564
10.0347	4.7862
10.0347	4.8161
10.0347	4.8459
10.0347	4.8757
10.0496	4.9055
10.0496	4.9354
10.0645	4.9801
10.0645	5.0099
10.0645	5.0397
10.0645	5.0695
10.0645	5.0994
10.0496	5.0845
10.0347	5.0546
10.0347	5.0248
10.0198	4.9801
10.0049	4.9503
9.9900	4.9204
9.9602	4.8906
9.9453	4.8608
9.9154	4.8161
9.8856	4.8012
9.8558	4.7713
9.8111	4.7713
9.7812	4.7713
9.7514	4.7713
9.7216	4.7713
9.6918	4.7713
9.6620	4.7862
9.6471	4.7713
9.6321	4.7266
9.6321	4.6968
9.6321	4.6670
9.6321	4.6371
9.6172	4.6073
9.5874	4.5775
9.5576	4.5775
9.5278	4.5775
9.4979	4.5775
9.4532	4.5775
9.4234	4.5924
9.3936	4.6073
9.3638	4.6371
9.3488	4.6222
9.3488	4.5775
9.3339	4.5477
9.3190	4.5179
9.2892	4.4880
9.2594	4.4582
9.2296	4.4433
9.1997	4.4284
9.1550	4.4284
9.1252	4.4284
9.0954	4.4284
9.0655	4.4284
9.0357	4.4284
9.0059	4.4582
8.9612	4.4433
8.9463	4.4135
8.9313	4.3837
8.9164	4.3538
8.9164	4.3240
8.8866	4.2793
8.8568	4.2495
8.8270	4.2346
8.7822	4.2346
8.7524	4.2346
8.7226	4.2346
8.6928	4.2197
8.6630	4.2197
8.6331	4.2047
8.5884	4.1898
8.5586	4.1898
8.5288	4.1898
8.4989	4.1600
8.4691	4.1451
8.4393	4.1004
8.4095	4.0705
8.3797	4.0556
8.3349	4.0258
8.3051	4.0109
8.2753	3.9960
8.2455	3.9811
8.2007	3.9662
8.1709	3.9364
8.1560	3.9065
8.1113	3.8767
8.0815	3.8767
8.0665	3.9065
8.0367	3.9065
8.0367	3.8916
8.0218	3.8618
7.9920	3.8469
7.9473	3.8320
7.9174	3.8171
7.9025	3.8320
7.8876	3.8767
7.8727	3.9065
7.8429	3.9065
7.8131	3.9065
7.7832	3.8916
7.7385	3.8767
7.7385	3.8469
7.6938	3.8469
