22.7605	8.6517
22.7356	8.6017
22.7356	8.5518
22.7356	8.5019
22.7106	8.4520
22.7106	8.3771
22.6856	8.3272
22.6856	8.2773
22.6607	8.2274
22.6108	8.2024
22.5359	8.1775
22.4860	8.1775
22.4361	8.1775
22.3862	8.1775
22.3363	8.2024
22.3113	8.2524
22.2863	8.3023
22.2614	8.3522
22.2115	8.3522
22.1616	8.3522
22.1116	8.3522
22.0617	8.3522
22.0368	8.4270
22.0368	8.4770
22.0617	8.5269
22.0617	8.5768
22.0617	8.6267
22.0867	8.7016
22.0617	8.6766
22.0118	8.6517
21.9369	8.6017
21.8870	8.5768
21.8371	8.5768
21.7872	8.6017
21.7623	8.6517
21.7373	8.7016
21.7623	8.7764
21.7872	8.8264
21.8122	8.8763
21.8371	8.9262
21.8371	8.9761
21.8371	9.0510
21.7872	9.0510
21.7872	9.1009
21.7872	9.1758
21.8122	9.2257
21.8371	9.2756
21.8621	9.3255
21.8870	9.3754
21.9120	9.4503
21.9120	9.5002
21.9120	9.5501
21.9120	9.6000
21.9120	9.6499
21.9120	9.6998
21.8621	9.7747
21.8122	9.7747
21.7623	9.7747
21.7123	9.7747
21.6624	9.7747
21.6125	9.7248
21.5876	9.6499
21.5876	9.6000
21.5626	9.5501
21.5626	9.5002
21.5626	9.4503
21.5376	9.4004
21.5376	9.3255
21.5376	9.2756
21.5376	9.2257
21.4877	9.2007
21.4378	9.2257
21.3879	9.2756
21.3380	9.3005
21.2881	9.3005
21.2881	9.2756
21.2382	9.2257
21.1882	9.1758
21.1633	9.1258
21.1383	9.0759
21.0884	9.0011
21.0385	9.0011
20.9886	9.0260
20.9636	9.0759
20.9636	9.1258
20.9636	9.1758
20.9636	9.2257
20.9636	9.3005
20.9636	9.3504
20.9636	9.4004
20.9387	9.4004
20.8888	9.4004
20.8389	9.4503
20.8389	9.5002
20.8389	9.5751
20.8389	9.6250
20.8139	9.6499
20.7640	9.6499
20.7390	9.6998
20.7390	9.7747
20.7390	9.8246
20.7390	9.8745
20.7390	9.9245
20.7889	9.9744
20.8139	10.0492
20.8389	10.0991
20.8638	10.1491
20.8888	10.1990
20.8888	10.2489
20.9137	10.3238
20.9137	10.3737
20.9137	10.4236
20.8638	10.4485
20.8139	10.4485
20.7640	10.4485
20.7390	10.4236
20.7390	10.3737
20.7390	10.3238
20.7141	10.2738
20.7141	10.2239
20.7141	10.1491
20.7141	10.0991
20.6891	10.0492
20.6642	9.9993
20.6642	9.9494
20.6392	9.8995
20.5893	9.8995
20.5394	9.8995
20.4895	9.8995
20.4395	9.8745
20.4395	9.8246
20.3896	9.7498
20.3647	9.6998
20.3397	9.6499
20.2898	9.6000
20.2399	9.5251
20.2149	9.4752
20.2149	9.4253
20.1650	9.4253
20.0902	9.4253
20.0402	9.4253
19.9903	9.4752
19.9404	9.5251
19.8905	9.6000
19.8655	9.6499
19.8905	9.6998
19.9404	9.7248
19.9903	9.7997
19.9903	9.8496
20.0153	9.8995
19.9903	9.9494
19.9404	9.9494
19.8905	9.9494
19.8156	9.9744
19.8156	10.0243
19.8406	10.0742
19.8655	10.1491
19.9155	10.1990
19.9654	10.2489
20.0153	10.3238
20.0402	10.3737
20.0652	10.4236
20.0902	10.4735
20.0902	10.5234
20.0902	10.5733
20.0902	10.6482
20.0902	10.6981
20.0902	10.7480
20.0902	10.7979
20.0652	10.7979
20.0153	10.7730
19.9654	10.7231
19.9155	10.6732
19.8905	10.6232
19.8406	10.5733
19.7907	10.4985
19.7408	10.4485
19.7408	10.3986
19.7158	10.3487
19.6659	10.2738
19.6659	10.2239
19.6160	10.1740
19.5910	10.1990
19.5661	10.2489
19.5161	10.3238
19.4413	10.3238
19.3914	10.3238
19.3664	10.2738
19.3165	10.1990
19.2915	10.1491
19.2666	10.0991
19.2416	10.0492
19.2416	9.9993
19.2416	9.9245
19.2666	9.8745
19.2666	9.8246
19.2666	9.7747
19.2666	9.7248
19.2416	9.6749
19.2416	9.6000
19.2416	9.5501
19.2167	9.5002
19.2167	9.4503
19.1418	9.4004
19.0919	9.4004
19.0420	9.4004
18.9921	9.4253
18.9421	9.4503
18.9172	9.5002
18.8922	9.5501
18.8922	9.6000
18.8673	9.6499
18.8174	9.7248
18.7674	9.7248
18.7425	9.6749
18.7175	9.6250
18.6926	9.5501
18.6676	9.5002
18.6676	9.4503
18.6427	9.4004
18.6177	9.3255
18.6177	9.2756
18.5927	9.2257
18.5678	9.1758
18.5428	9.1258
18.4929	9.1009
18.4430	9.1009
18.3931	9.1258
18.3182	9.1508
18.2933	9.2007
18.2933	9.2506
18.2933	9.3005
18.2933	9.3754
18.3182	9.4253
18.3432	9.4752
18.3681	9.5251
18.3931	9.5751
18.4181	9.6499
18.4430	9.6998
18.4430	9.7498
18.3931	9.7498
18.3681	9.7747
18.3432	9.8496
18.3432	9.8995
18.3931	9.9245
18.3931	9.9744
18.3931	10.0492
18.3931	10.0991
18.3931	10.1491
18.3432	10.1990
18.2933	10.2489
18.2434	10.2489
18.1934	10.2489
18.1685	10.1990
18.1435	10.1491
18.1186	10.0742
18.0936	10.0243
18.0687	9.9744
18.0437	9.9245
18.0437	9.8745
18.0437	9.7997
18.0187	9.7498
17.9938	9.6998
17.9688	9.6499
17.9439	9.6000
17.8940	9.5251
17.8940	9.4752
17.8440	9.4752
17.7692	9.5002
17.7193	9.5751
17.6694	9.6000
17.6194	9.6749
17.5695	9.6998
17.5196	9.7498
17.5196	9.7997
17.5196	9.8496
17.5446	9.8995
17.5695	9.9494
17.5945	10.0243
17.6194	10.0742
17.6444	10.1241
17.6444	10.1740
17.6943	10.2239
17.7193	10.2988
17.7193	10.3487
17.7442	10.3986
17.7692	10.4485
17.7941	10.4985
17.7941	10.5733
17.7941	10.6232
17.8191	10.6732
17.8440	10.7231
17.8440	10.7730
17.8440	10.8229
17.8690	10.8978
17.8690	10.9477
17.8690	10.9976
17.8191	11.0225
17.7692	11.0225
17.7193	10.9976
17.6444	10.9477
17.6194	10.8978
17.5695	10.8229
17.5196	10.7730
17.4697	10.7979
17.4198	10.7979
17.3699	10.8728
17.3200	10.8728
17.2950	10.8229
17.2451	10.7730
17.1952	10.7480
17.1453	10.6981
17.0704	10.6732
17.0205	10.7231
16.9706	10.7730
16.9206	10.8229
16.8707	10.8728
16.8458	10.9227
16.8208	10.9726
16.8208	11.0225
16.8957	11.0725
16.9456	11.1224
16.9955	11.1972
17.0454	11.2472
17.0704	11.2971
17.0953	11.3470
17.1203	11.4219
17.1952	11.4718
17.2451	11.4967
17.2950	11.5466
17.3449	11.5716
17.4198	11.5966
17.4697	11.6465
17.5196	11.6714
17.5695	11.7213
17.6444	11.7213
17.6943	11.7463
17.7442	11.7712
17.7941	11.7712
17.8440	11.7962
17.9189	11.8212
17.9688	11.8461
18.0187	11.8711
18.0687	11.9210
18.1186	11.9709
18.1685	11.9959
18.1934	12.0458
18.1934	12.0957
18.1435	12.1456
18.0936	12.1706
18.0437	12.1955
17.9938	12.2205
17.9439	12.2454
17.8940	12.2953
17.8440	12.3702
17.7941	12.4201
17.7692	12.4700
17.7193	12.5199
17.6943	12.5948
17.6943	12.6447
17.6694	12.6946
17.6444	12.7446
17.6444	12.7945
17.5945	12.8444
17.5695	12.9193
17.5695	12.9692
17.5446	13.0191
17.5196	13.0690
17.4697	13.0690
17.4447	13.0440
17.4198	12.9941
17.3948	12.9442
17.3699	12.8693
17.3699	12.8194
17.3449	12.7695
17.3200	12.7196
17.3200	12.6697
17.2950	12.6198
17.2950	12.5449
17.2451	12.5449
17.1702	12.5449
17.1203	12.5449
17.0704	12.5449
17.0205	12.5449
16.9706	12.5948
16.8957	12.5948
16.8458	12.5948
16.8208	12.5449
16.7709	12.4700
16.7709	12.4201
16.7460	12.3702
16.7460	12.3203
16.7460	12.2704
16.7460	12.1955
16.7210	12.1456
16.7210	12.0957
16.6711	12.0707
16.5962	12.0707
16.5713	12.1206
16.5213	12.1955
16.4964	12.2454
16.4465	12.2454
16.4465	12.1955
16.4215	12.1456
16.3966	12.0957
16.3966	12.0208
16.3716	11.9709
16.3217	11.9959
16.3217	12.0458
16.3217	12.0957
16.3217	12.1456
16.3217	12.1955
16.3217	12.2704
16.3217	12.3203
16.3217	12.3702
16.3466	12.4201
16.3466	12.4700
16.3466	12.5199
16.3466	12.5699
16.3217	12.6198
16.2468	12.6198
16.1969	12.6198
16.1470	12.6198
16.0971	12.6198
16.0721	12.6697
16.0721	12.7196
16.1220	12.7695
16.1470	12.8194
16.1969	12.8693
16.1969	12.9442
16.1969	12.9941
16.1719	13.0191
16.1220	13.0440
16.0721	13.0940
16.0222	13.1189
15.9723	13.1189
15.9224	13.1439
15.8725	13.2187
15.8974	13.2687
15.9224	13.3186
15.9473	13.3685
15.9473	13.4184
15.9723	13.4933
15.9723	13.5432
16.0472	13.5681
16.0971	13.5681
16.1220	13.6430
16.1220	13.6929
16.1220	13.7428
16.1470	13.7927
16.1969	13.7927
16.2468	13.8427
16.3217	13.8676
16.3466	13.9175
16.3966	13.9924
16.3966	14.0423
16.4215	14.0922
16.4465	14.1421
16.4465	14.1920
16.3966	14.1920
16.3466	14.1920
16.2967	14.1421
16.2219	14.1421
16.1719	14.1172
16.1220	14.0673
16.0721	14.0673
16.0721	14.0922
16.0472	14.1421
16.0222	14.1920
15.9723	14.1920
15.9473	14.1421
15.8725	14.1172
15.8475	14.0673
15.7976	13.9924
15.7726	13.9425
15.7227	13.9175
15.6978	13.8427
15.6479	13.8427
15.5730	13.8427
15.5231	13.8926
15.5231	13.9425
15.5480	13.9924
15.5480	14.0423
15.5979	14.0922
15.6479	14.1421
15.6978	14.1920
15.7477	14.2420
15.7976	14.2669
15.8475	14.3168
15.8725	14.3917
15.8974	14.4416
15.8725	14.4666
15.7976	14.4915
15.7477	14.5165
15.6978	14.5664
15.6479	14.6163
15.5730	14.5914
15.5730	14.5414
15.4981	14.4915
15.4482	14.4167
15.3983	14.4167
15.3484	14.3917
15.2985	14.4167
15.2735	14.4666
15.2735	14.5165
15.2735	14.5914
15.2236	14.6413
15.1737	14.6413
15.1238	14.6163
15.0739	14.5914
14.9990	14.5664
14.9491	14.5414
14.8992	14.5165
14.8492	14.5165
14.7993	14.5165
14.7245	14.5414
14.6745	14.5914
14.6246	14.5914
14.5747	14.5914
14.4998	14.6413
14.4499	14.6413
14.4000	14.6413
14.3501	14.6413
14.3002	14.6413
14.2503	14.6662
14.1754	14.6662
14.1505	14.7411
14.1005	14.7161
14.0506	14.6662
14.0007	14.6163
13.9508	14.5914
13.9009	14.5914
13.8260	14.6163
13.8260	14.6662
13.8260	14.7411
13.8260	14.7910
13.8510	14.8409
13.8260	14.8409
13.7511	14.8409
13.7012	14.8160
13.6513	14.8160
13.6513	14.8659
13.6014	14.8908
13.5515	14.8908
13.4766	14.8908
13.4267	14.8908
13.3768	14.8908
13.3269	14.9158
13.3019	14.9657
13.2770	15.0156
13.2770	15.0655
13.2770	15.1404
13.3269	15.1654
13.4018	15.1903
13.4517	15.2153
13.5016	15.2153
13.5515	15.2402
13.5765	15.2901
13.6014	15.3401
13.6513	15.4149
13.7012	15.4399
13.7511	15.4149
13.7761	15.3650
13.8260	15.3151
13.9009	15.3151
13.9009	15.3650
13.9758	15.4149
14.0257	15.4648
14.0756	15.4898
14.1255	15.4898
14.1754	15.4648
14.2253	15.4399
14.2503	15.4898
14.3002	15.5397
14.3501	15.5397
14.4000	15.5397
14.4499	15.5397
14.4998	15.4898
14.5248	15.4399
14.5248	15.3900
14.5747	15.3151
14.6246	15.2901
14.6745	15.3151
14.6745	15.3650
14.7245	15.4399
14.7494	15.4898
14.7744	15.5397
14.8243	15.5896
14.8742	15.6395
14.9241	15.7144
14.9990	15.7643
15.0239	15.8142
15.0489	15.8891
15.0489	15.9390
15.0239	15.9390
14.9491	15.9640
14.8992	15.9889
14.8492	16.0139
14.7993	16.0638
14.7494	16.0638
14.6995	16.0139
14.6496	15.9640
14.5997	15.9141
14.5498	15.8891
14.4998	15.8891
14.4499	15.8641
14.3751	15.8641
14.3501	15.9141
14.3252	15.9640
14.3002	16.0139
14.3252	16.0888
14.3501	16.1387
14.4000	16.1886
14.4250	16.2385
14.4250	16.2884
14.3751	16.3633
14.3501	16.4132
14.3252	16.4631
14.3252	16.5130
14.3252	16.5629
14.3252	16.6378
14.3252	16.6877
14.2752	16.6877
14.2253	16.6628
14.1754	16.6628
14.1005	16.6628
14.0506	16.6628
14.0007	16.6628
13.9508	16.6877
13.9009	16.7376
13.9009	16.7875
13.9009	16.8375
13.9009	16.8874
13.9508	16.9373
14.0257	16.9622
14.0756	16.9622
14.1255	17.0122
14.1754	17.0371
14.2253	17.0371
14.2752	16.9872
14.3252	16.9373
14.3501	16.8874
14.3751	16.8375
14.4250	16.7626
14.4749	16.7376
14.5248	16.6877
14.5997	16.6877
14.6496	16.7127
14.6995	16.7626
14.7494	16.8375
14.8243	16.8375
14.8742	16.8375
14.9241	16.8375
14.9740	16.8375
15.0239	16.8375
15.0739	16.8375
15.1487	16.8375
15.1986	16.8375
15.2485	16.8375
15.2985	16.8375
15.3484	16.8624
15.3733	16.9123
15.4232	16.9622
15.4732	17.0371
15.5231	17.0621
15.5730	17.1120
15.6479	17.1369
15.6479	17.1869
15.6728	17.2617
15.6978	17.3116
15.7227	17.3616
15.7976	17.4115
15.8226	17.4863
15.8725	17.5113
15.8475	17.5362
15.7976	17.5362
15.7477	17.5362
15.6978	17.5612
15.6229	17.5862
15.6229	17.6361
15.6479	17.7109
15.6728	17.7609
15.7227	17.8108
15.7477	17.8607
15.7477	17.9106
15.7477	17.9605
15.7477	18.0354
15.6978	18.0354
15.6229	18.0603
15.5730	18.0853
15.5231	18.1103
15.4732	18.1352
15.4232	18.1602
15.3484	18.1602
15.2985	18.1602
15.2485	18.1851
15.2236	18.2350
15.1487	18.2350
15.1238	18.1851
15.0739	18.1352
15.0489	18.0603
14.9990	18.0104
14.9491	17.9605
14.9241	17.9106
14.8492	17.9106
14.7993	17.9356
14.7744	17.9855
14.6995	18.0354
14.6995	18.0853
14.7494	18.1103
14.7993	18.1602
14.8492	18.2350
14.8742	18.2849
14.8992	18.3349
14.8992	18.3848
14.8742	18.3848
14.8243	18.3848
14.7993	18.3349
14.7245	18.2849
14.6745	18.2600
14.6246	18.2350
14.5747	18.2350
14.5248	18.2849
14.5248	18.3349
14.5248	18.3848
14.5248	18.4347
14.5248	18.4846
14.5248	18.5595
14.4998	18.5595
14.4499	18.5595
14.3751	18.5844
14.3751	18.6343
14.3252	18.6843
14.3252	18.7591
14.3252	18.8090
14.3252	18.8590
14.3252	18.9089
14.2752	18.9089
14.2253	18.8590
14.1505	18.8340
14.1005	18.7841
14.0506	18.7591
14.0007	18.6843
13.9508	18.6593
13.9009	18.6593
13.8759	18.6843
13.8011	18.7342
13.8011	18.8090
13.7761	18.8590
13.7761	18.9089
13.7761	18.9588
13.7761	19.0087
13.7262	19.0337
13.7262	19.0836
13.7012	19.1335
13.6763	19.2083
13.6763	19.2583
13.6763	19.3082
13.7012	19.3581
13.7761	19.3830
13.8260	19.4080
13.8759	19.4080
13.9258	19.4080
13.9508	19.4829
13.9758	19.5328
14.0257	19.5827
14.0756	19.6326
14.1255	19.6326
14.1505	19.5827
14.1754	19.5328
14.1754	19.4829
14.2253	19.5078
14.2503	19.5577
14.3002	19.6077
14.3501	19.6576
14.4000	19.6825
14.4749	19.7324
14.4998	19.6825
14.4998	19.6326
14.4998	19.5827
14.4998	19.5328
14.5248	19.4829
14.5498	19.4330
14.5997	19.4330
14.6496	19.4330
14.6995	19.4829
14.7494	19.4829
14.8243	19.4829
14.8492	19.4579
14.8492	19.4080
14.8492	19.3581
14.8492	19.3082
14.8992	19.3331
14.9241	19.3830
14.9740	19.4330
15.0239	19.4829
15.0739	19.5078
15.0988	19.4579
15.1487	19.4080
15.1487	19.3581
15.1487	19.3082
15.1737	19.2583
15.1737	19.1834
15.2485	19.2083
15.2985	19.2333
15.3234	19.3082
15.3983	19.3331
15.4482	19.3581
15.4732	19.3331
15.4732	19.2832
15.4732	19.2083
15.4981	19.1584
15.5231	19.1085
15.5730	19.1085
15.6229	19.1335
15.6728	19.1834
15.7477	19.2083
15.7976	19.2083
15.8226	19.1834
15.8475	19.1335
15.8974	19.0836
15.9224	19.1085
15.9723	19.1335
16.0222	19.1584
16.0971	19.1335
16.1470	19.1584
16.1470	19.2083
16.1470	19.2583
16.1719	19.3082
16.1719	19.3830
16.2468	19.3830
16.2967	19.3830
16.3466	19.3830
16.3966	19.3830
16.4465	19.4080
16.4964	19.4579
16.5213	19.5328
16.5213	19.5827
16.5213	19.6326
16.5213	19.6825
16.5213	19.7324
16.5213	19.7824
16.4714	19.7824
16.4215	19.7824
16.3716	19.7324
16.3217	19.7324
16.2468	19.6825
16.2468	19.7075
16.2468	19.7574
16.2468	19.8323
16.2468	19.8822
16.2468	19.9321
16.2468	19.9820
16.2468	20.0319
16.1719	20.1068
16.1220	20.1068
16.0721	20.1068
16.0222	20.0569
15.9723	20.0070
15.9473	19.9570
15.9224	19.9071
15.8974	19.8323
15.8226	19.8572
15.7976	19.9071
15.7477	19.9570
15.6978	20.0070
15.6479	20.0319
15.5979	20.0319
15.5480	19.9820
15.4981	19.9570
15.4482	19.9570
15.4482	19.9820
15.4482	20.0319
15.4732	20.0818
15.4981	20.1567
15.5231	20.2066
15.5231	20.2565
15.5231	20.3064
15.4981	20.3564
15.4482	20.3564
15.3983	20.3314
15.3234	20.3064
15.2735	20.3064
15.2236	20.3314
15.2236	20.3813
15.2236	20.4312
15.2485	20.5061
15.2735	20.5560
15.3234	20.5810
15.3484	20.6309
15.3733	20.7058
15.3733	20.7557
15.3733	20.8056
15.3733	20.8555
15.3733	20.9054
15.3733	20.9553
15.3733	21.0302
15.3983	21.0801
15.4232	21.1300
15.4732	21.1799
15.4732	21.2298
15.5231	21.2798
15.5979	21.3047
15.6479	21.3297
15.6978	21.3297
15.7477	21.3546
15.7976	21.4045
15.7976	21.4545
15.7726	21.5293
15.7726	21.5792
15.7726	21.6291
15.7726	21.6791
15.7726	21.7290
15.7726	21.7789
15.7726	21.8288
15.7726	21.8787
15.7726	21.9536
15.7726	22.0035
15.7477	22.0534
15.7227	22.1033
15.6978	22.1532
15.6978	22.2281
15.6978	22.2780
15.6978	22.3279
15.7477	22.3529
15.7976	22.3778
15.8475	22.3778
15.8974	22.3279
15.9723	22.3030
16.0222	22.2281
16.0721	22.2032
16.1220	22.1532
16.1969	22.1532
16.2219	22.0784
16.2718	22.0285
16.2718	21.9785
16.3217	21.9536
16.3466	21.9037
16.3716	21.8538
16.3716	21.8038
16.3466	21.7290
16.3466	21.6791
16.3966	21.6791
16.4465	21.7040
16.4714	21.7789
16.5463	21.7789
16.5962	21.8038
16.6212	21.7789
16.6212	21.7290
16.6212	21.6791
16.6711	21.6291
16.7210	21.6291
16.7709	21.6042
16.8208	21.6042
16.8458	21.5543
16.8458	21.5044
16.8208	21.4545
16.8208	21.4045
16.8707	21.4045
16.9206	21.4045
16.9706	21.4295
17.0205	21.4545
17.0704	21.4545
17.1453	21.4794
17.1952	21.4794
17.2201	21.4545
17.2201	21.4045
17.1952	21.3297
17.1702	21.2798
17.1203	21.2298
17.0704	21.1799
16.9955	21.1051
16.9955	21.0551
16.9706	21.0052
16.9955	21.0052
17.0454	21.0052
17.0953	21.0052
17.1702	21.0052
17.2201	21.0052
17.2201	20.9803
17.2451	20.9304
17.2451	20.8804
17.2451	20.8305
17.2451	20.7557
17.2700	20.7557
17.3200	20.7557
17.3699	20.7806
17.3948	20.7557
17.3948	20.7058
17.3948	20.6309
17.3699	20.5810
17.3200	20.5311
17.3200	20.4811
17.3449	20.4811
17.4198	20.4811
17.4697	20.4811
17.5196	20.4811
17.5695	20.4811
17.5945	20.4312
17.6194	20.3564
17.6194	20.3064
17.6194	20.2565
17.6694	20.2565
17.6943	20.3064
17.7692	20.3564
17.8191	20.3813
17.8690	20.4063
17.9189	20.4312
17.9688	20.4312
18.0187	20.4312
18.0936	20.4312
18.1435	20.4063
18.1685	20.3564
18.2184	20.3064
18.2434	20.2316
18.2683	20.1817
18.3182	20.1817
18.3681	20.1817
18.4181	20.1817
18.4929	20.1567
18.5428	20.1567
18.5428	20.2066
18.4929	20.2565
18.4430	20.2815
18.4181	20.3314
18.3681	20.3813
18.3681	20.4312
18.4181	20.5061
18.4680	20.5560
18.5179	20.6059
18.5428	20.6558
18.5678	20.7058
18.5179	20.7806
18.4680	20.8056
18.4430	20.8804
18.3931	20.9304
18.3432	20.9553
18.2933	21.0052
18.2933	21.0801
18.2933	21.1300
18.3432	21.1550
18.4181	21.2049
18.4181	21.2548
18.3681	21.2798
18.2933	21.3047
18.2933	21.3546
18.2933	21.4295
18.2933	21.4794
18.3432	21.5044
18.3432	21.5543
18.4181	21.6042
18.4181	21.6541
18.4181	21.7040
18.4181	21.7539
18.4181	21.8288
18.4181	21.8787
18.4181	21.9286
18.4181	21.9785
18.3931	22.0285
18.3681	22.1033
18.3432	22.1532
18.3182	22.2032
18.3432	22.2531
18.3681	22.3030
18.4181	22.3778
18.4181	22.4278
18.4680	22.4777
18.5179	22.5026
18.5678	22.5276
18.6427	22.5525
18.6926	22.5525
18.6926	22.5276
18.7175	22.4527
18.7425	22.4028
18.7674	22.3279
18.7674	22.2780
18.7924	22.2281
18.7924	22.1782
18.8174	22.1283
18.8423	22.0534
18.8673	22.0035
18.9172	21.9536
18.9671	21.9286
19.0170	21.9037
19.0669	21.8538
19.0919	21.8038
19.0919	21.7539
19.1168	21.7040
19.1168	21.6541
19.1418	21.5792
19.1668	21.5293
19.1917	21.4794
19.2167	21.4295
19.2416	21.3796
19.2666	21.3047
19.3165	21.2548
19.3664	21.2049
19.3914	21.1550
19.4163	21.0801
19.4662	21.0302
19.4912	20.9803
19.5411	20.9304
19.5910	20.9054
19.6409	20.8555
19.7158	20.8305
19.7657	20.8305
19.7657	20.8555
19.7657	20.9054
19.7657	20.9553
19.7657	21.0302
19.7657	21.0801
19.7657	21.1300
19.7657	21.1799
19.7657	21.2298
19.7657	21.2798
19.7657	21.3297
19.7657	21.4045
19.7657	21.4545
19.7657	21.5044
19.7907	21.5543
19.8156	21.6042
19.8406	21.6791
19.8655	21.7290
19.8905	21.7789
19.9155	21.8288
19.9155	21.8787
19.9155	21.9286
19.9155	22.0035
19.9155	22.0534
19.8905	22.1033
19.8655	22.1532
19.7907	22.1532
19.7408	22.1782
19.6908	22.2032
19.6409	22.2531
19.5910	22.3030
19.5910	22.3529
19.5910	22.4278
19.5910	22.4777
19.6409	22.5276
19.6659	22.5775
19.7158	22.6274
19.7657	22.7023
19.8156	22.7272
19.8655	22.7522
19.9155	22.7772
19.9903	22.7772
19.9654	22.8520
19.9404	22.9019
19.9404	22.9519
19.9404	23.0018
19.9404	23.0517
19.9404	23.1266
19.9654	23.1765
19.9903	23.2264
20.0402	23.2763
20.0902	23.3512
20.1401	23.3761
20.2149	23.4260
20.2648	23.4510
20.3148	23.4759
20.3647	23.4759
20.4146	23.4759
20.4895	23.4510
20.5144	23.4011
20.5394	23.3512
20.5643	23.3012
20.5893	23.2264
20.6392	23.1765
20.6392	23.1266
20.6392	23.0766
20.6392	23.0267
20.6392	22.9768
20.6392	22.9269
20.6392	22.8520
20.6392	22.8021
20.6642	22.7522
20.6891	22.7023
20.7141	22.6524
20.7390	22.5775
20.7889	22.5276
20.8638	22.5026
20.8638	22.4278
20.8888	22.3778
20.8888	22.3279
20.9137	22.2780
20.9137	22.2281
20.9137	22.1782
20.9387	22.1033
20.9886	22.0534
21.0135	22.0035
21.0635	21.9536
21.0635	21.8787
21.0635	21.8288
21.0884	21.7789
21.1383	21.7789
21.1383	21.7290
21.1134	21.6791
21.0884	21.6042
21.0884	21.5543
21.0884	21.5044
21.0635	21.4545
21.0884	21.4295
21.1383	21.4295
21.2132	21.4295
21.2631	21.4295
21.2631	21.4045
21.2631	21.3297
21.2132	21.2798
21.2132	21.2298
21.1882	21.1799
21.1633	21.1300
21.1383	21.0551
21.1383	21.0052
21.1882	20.9803
21.2382	20.9803
21.2881	20.9803
21.3380	20.9803
21.3879	20.9803
21.3879	20.9304
21.3879	20.8555
21.3380	20.8056
21.3380	20.7557
21.3380	20.7058
21.3629	20.6808
21.4129	20.6558
21.4378	20.6059
21.4378	20.5560
21.4129	20.5061
21.3879	20.4312
21.3380	20.3813
21.3130	20.3314
21.3629	20.2815
21.4129	20.2815
21.4628	20.2815
21.4628	20.2316
21.4378	20.1817
21.3879	20.1567
21.3130	20.1068
21.2881	20.0569
21.2382	20.0070
21.2382	19.9321
21.2881	19.9071
21.3380	19.8572
21.3879	19.8073
21.4378	19.7574
21.4877	19.7324
21.5376	19.7075
21.5876	19.7324
21.6375	19.7824
21.6624	19.8323
21.7123	19.9071
21.7373	19.9570
21.8122	19.9820
21.8621	20.0319
21.9120	20.0569
21.9619	20.0818
22.0118	20.1317
22.0867	20.1567
22.1116	20.2066
22.1366	20.2815
22.1366	20.3314
22.1116	20.3813
22.1116	20.4312
22.0368	20.4811
21.9869	20.4811
21.9369	20.4562
21.8870	20.4562
21.8371	20.5061
21.8371	20.5560
21.8870	20.6309
21.9120	20.6808
21.9369	20.7307
21.9369	20.7806
21.9619	20.8305
21.9619	20.9054
21.9120	20.9054
21.8371	20.9553
21.7872	20.9803
21.7373	21.0052
21.7373	21.0551
21.7123	21.1051
21.7123	21.1799
21.7123	21.2298
21.7123	21.2798
21.7123	21.3297
21.7373	21.3796
21.7373	21.4295
21.6874	21.4545
21.6375	21.4545
21.5626	21.4545
21.5127	21.4545
21.4628	21.5044
21.4378	21.5543
21.4378	21.6042
21.4378	21.6541
21.4378	21.7040
21.4129	21.7789
21.3629	21.8288
21.3629	21.8787
21.3130	21.9286
21.2881	21.9785
21.2631	22.0534
21.2132	22.1033
21.1633	22.1532
21.1383	22.2032
21.1383	22.2780
21.1383	22.3279
21.1383	22.3778
21.1383	22.4278
21.1882	22.4777
21.2382	22.5276
21.2881	22.5525
21.3380	22.5525
21.3879	22.5525
21.4628	22.5276
21.5127	22.5026
21.5626	22.4278
21.6125	22.3778
21.6375	22.3279
21.6874	22.2780
21.7123	22.2032
21.7623	22.1532
21.7623	22.1033
21.8122	22.0534
21.8371	21.9785
21.8870	21.9286
21.9369	21.9037
21.9869	21.8288
22.0617	21.8038
22.1116	21.7539
22.1616	21.7539
22.2115	21.7539
22.2614	21.7539
22.3363	21.7539
22.3363	21.8038
22.3363	21.8538
22.3363	21.9286
22.3363	21.9785
22.3363	22.0285
22.3363	22.0784
22.3363	22.1283
22.3363	22.1782
22.3363	22.2531
22.3363	22.3030
22.3363	22.3529
22.3862	22.4028
22.4361	22.4028
22.4860	22.4278
22.5359	22.4278
22.6108	22.4028
22.6607	22.3279
22.7106	22.2780
22.7356	22.2032
22.7855	22.1532
22.7855	22.1033
22.8104	22.0285
22.8603	21.9785
22.8853	21.9286
22.9352	21.8787
22.9602	21.8038
23.0101	21.7539
23.0101	21.7040
23.0350	21.6541
23.0600	21.6042
23.0600	21.5293
23.0600	21.4794
23.1099	21.4295
23.1598	21.3796
23.2097	21.3546
23.2846	21.3047
23.3345	21.2798
23.3844	21.2798
23.3595	21.2798
23.3345	21.3546
23.3345	21.4045
23.3345	21.4545
23.3345	21.5044
23.3345	21.5792
23.3345	21.6291
23.3345	21.6791
23.3345	21.7290
23.3345	21.8038
23.3595	21.8538
23.3595	21.9037
23.3844	21.9536
23.4344	22.0035
23.4344	22.0784
23.4344	22.1283
23.4344	22.1782
23.4344	22.2281
23.4344	22.2780
23.3844	22.3279
23.3096	22.3778
23.2846	22.4278
23.2347	22.5026
23.2097	22.5525
23.2097	22.6025
23.1848	22.6524
23.1848	22.7023
23.1598	22.7772
23.1598	22.8271
23.1598	22.8770
23.1848	22.9269
23.1848	22.9768
23.1598	23.0267
23.1598	23.1016
23.0850	23.1266
23.0850	23.1765
23.0350	23.2513
23.0101	23.3012
23.0101	23.3512
22.9851	23.4011
22.9602	23.4510
22.9352	23.5259
22.9103	23.5758
22.8853	23.6257
22.8354	23.6756
22.8104	23.7255
22.8104	23.7754
22.7855	23.8253
22.7855	23.8753
22.8354	23.9252
22.8603	23.9751
22.9352	24.0250
22.9851	24.0250
23.0350	24.0250
23.0850	24.0000
23.1349	23.9501
23.1349	23.9751
23.1349	24.0250
23.1349	24.0749
23.1349	24.1248
23.1349	24.1997
23.1349	24.2496
23.1349	24.2995
23.1598	24.3494
23.1848	24.3993
23.2097	24.4742
23.2097	24.5241
23.2097	24.5740
23.2597	24.6240
23.2846	24.6739
23.2846	24.7487
23.3345	24.7737
23.4094	24.8236
23.4593	24.8236
23.5092	24.7737
23.5591	24.7238
23.5591	24.6739
23.5591	24.6240
23.5841	24.5491
23.5841	24.4992
23.6090	24.4493
23.6340	24.3993
23.6839	24.3494
23.7089	24.2746
23.7588	24.2246
23.8087	24.2246
23.8586	24.2246
23.9085	24.1997
23.9584	24.1498
23.9834	24.0999
23.9834	24.0499
23.9834	24.0000
23.9834	23.9501
23.9834	23.8753
23.9834	23.8253
23.9834	23.7754
24.0084	23.7255
24.0583	23.7255
24.1082	23.7255
24.1581	23.7006
24.1581	23.6506
24.1581	23.6007
24.1331	23.5259
24.1331	23.4759
24.1331	23.4260
24.1331	23.3761
24.1082	23.3262
24.1331	23.3262
24.1831	23.3012
24.2330	23.2513
24.2330	23.2014
24.2330	23.1515
24.2330	23.0766
24.2080	23.0267
24.2080	22.9768
24.2080	22.9269
24.2579	22.8770
24.2579	22.8021
24.2579	22.7522
24.2579	22.7023
24.2579	22.6524
24.2579	22.6025
24.2579	22.5525
24.2579	22.5026
24.2579	22.4278
24.2829	22.3778
24.2829	22.3279
24.3078	22.2780
24.3328	22.2281
24.3328	22.1532
24.3577	22.1033
24.4077	22.1033
24.4326	22.1283
24.4576	22.2032
24.4576	22.2531
24.4576	22.3030
24.4576	22.3529
24.4576	22.4028
24.4825	22.4527
24.4825	22.5276
24.5075	22.5775
24.5324	22.6274
24.5324	22.6773
24.5574	22.7272
24.5824	22.8021
24.5824	22.8520
24.5824	22.9019
24.6073	22.9519
24.6323	23.0018
24.6822	23.0517
24.7321	23.0517
24.8070	23.0267
24.8319	22.9768
24.8818	22.9269
24.9567	22.8770
24.9817	22.8271
25.0316	22.8271
25.0815	22.8520
25.0815	22.9019
25.0815	22.9519
25.0815	23.0018
25.0815	23.0517
25.0815	23.1016
25.0815	23.1515
25.0815	23.2264
25.1314	23.2264
25.1813	23.2264
25.2063	23.2513
25.2063	23.3012
25.2063	23.3512
25.2063	23.4260
25.2063	23.4759
25.2063	23.5259
25.2562	23.5508
25.3061	23.5259
25.3061	23.5508
25.3061	23.6007
25.3061	23.6756
25.3061	23.7255
25.3061	23.7754
25.3061	23.8253
25.3061	23.8753
25.3560	23.8753
25.4309	23.8753
25.4808	23.8253
25.5307	23.8004
25.5806	23.8004
25.6305	23.8503
25.6805	23.9002
25.7304	23.9002
25.7553	23.8753
25.7803	23.8253
25.7803	23.7505
25.7803	23.7006
25.7803	23.6506
25.7803	23.6007
25.7553	23.5508
25.7054	23.4759
25.7054	23.4260
25.7054	23.3761
25.7304	23.3262
25.7304	23.2763
25.7304	23.2264
25.7304	23.1515
25.7304	23.1016
25.7304	23.0517
25.6805	23.0018
25.6805	22.9519
25.6555	22.8770
25.6805	22.8770
25.7304	22.8770
25.7803	22.8770
25.8302	22.8271
25.8302	22.7772
25.8302	22.7272
25.8302	22.6773
25.8302	22.6274
25.8302	22.5525
25.8052	22.5026
25.7803	22.4527
25.7803	22.4028
25.7803	22.3529
25.7803	22.3030
25.7803	22.2281
25.8302	22.2281
25.8801	22.1782
25.9300	22.1283
25.9550	22.0784
26.0049	22.0285
26.0548	21.9785
26.0798	21.9286
26.0798	21.8787
26.0798	21.8038
26.0798	21.7539
26.0548	21.7040
26.0298	21.6541
26.0298	21.6042
26.0298	21.5543
26.0049	21.4794
26.0049	21.4295
25.9799	21.3796
25.9550	21.3297
25.9300	21.2798
25.9051	21.2049
25.8801	21.1550
25.8552	21.1051
25.8302	21.0551
25.8052	21.0052
25.8052	20.9304
25.8552	20.8804
25.8552	20.8305
25.9051	20.7806
25.9051	20.7058
25.9300	20.6558
25.9799	20.6309
26.0049	20.5810
26.0049	20.5061
26.0798	20.5061
26.1297	20.5311
26.1546	20.5810
26.1796	20.6309
26.2045	20.7058
26.2295	20.7557
26.2545	20.8056
26.3044	20.8555
26.3543	20.8555
26.3792	20.8056
26.4292	20.7557
26.4541	20.7806
26.4541	20.8305
26.4541	20.9054
26.4541	20.9553
26.4541	21.0052
26.4791	21.0551
26.5040	21.1051
26.5040	21.1799
26.5040	21.2298
26.5290	21.2798
26.5539	21.3297
26.5539	21.3796
26.5290	21.4545
26.5290	21.5044
26.5040	21.5543
26.5040	21.6291
26.4791	21.6791
26.4791	21.7290
26.4791	21.7789
26.4541	21.8538
26.4042	21.9037
26.4042	21.9536
26.3543	22.0035
26.3293	22.0784
26.3293	22.1283
26.3044	22.1782
26.2545	22.2281
26.2545	22.2780
26.2295	22.3529
26.2045	22.4028
26.1796	22.4527
26.1796	22.5026
26.1796	22.5525
26.2045	22.6025
26.2295	22.6773
26.2545	22.7272
26.3044	22.7772
26.3543	22.8021
26.4042	22.7772
26.4292	22.7272
26.4541	22.6773
26.4791	22.6274
26.5290	22.5525
26.5290	22.5026
26.5789	22.4777
26.6538	22.5026
26.6787	22.5525
26.7037	22.6274
26.7536	22.6773
26.8035	22.7023
26.8285	22.6524
26.8534	22.6025
26.8784	22.5525
26.8784	22.5026
26.8784	22.4527
26.8784	22.3778
26.8784	22.3279
26.8784	22.2780
26.9033	22.2281
26.9532	22.2281
27.0281	22.2281
27.0780	22.2281
27.0780	22.1782
27.0780	22.1283
27.0780	22.0534
27.1030	22.0035
27.1529	21.9785
27.2028	21.9785
27.2278	22.0285
27.2527	22.0784
27.2777	22.1283
27.2777	22.1782
27.2777	22.2281
27.2777	22.3030
27.2777	22.3529
27.2777	22.4028
27.2777	22.4527
27.2777	22.5026
27.3026	22.5026
27.3526	22.5026
27.4274	22.5026
27.4274	22.5276
27.4773	22.5775
27.5023	22.6274
27.5023	22.7023
27.5023	22.7522
27.5023	22.8021
27.5522	22.8271
27.6021	22.8271
27.6520	22.8271
27.6520	22.8770
27.6520	22.9269
27.6520	22.9768
27.6520	23.0267
27.6520	23.0766
27.6271	23.1515
27.6021	23.2014
27.6021	23.2513
27.5522	23.3012
27.5273	23.3512
27.5772	23.4011
27.6271	23.4011
27.6770	23.4011
27.7269	23.4011
27.7019	23.3761
27.7269	23.3262
27.7519	23.2763
27.8018	23.2264
27.8267	23.1515
27.8766	23.1016
27.9016	23.0517
27.9515	23.0267
27.9765	23.0517
27.9765	23.1266
27.9765	23.1765
27.9765	23.2264
27.9765	23.2763
27.9765	23.3262
27.9765	23.3761
27.9765	23.4510
27.9765	23.5009
27.9765	23.5508
27.9765	23.6007
28.0014	23.6007
28.0513	23.6007
28.0763	23.6257
28.0763	23.7006
28.0763	23.7505
28.0763	23.8004
28.0763	23.8503
28.0763	23.9002
28.1013	23.9252
28.1761	23.9002
28.2260	23.9002
28.2510	23.9252
28.2510	23.9751
28.2510	24.0250
28.2510	24.0749
28.2510	24.1498
28.2510	24.1997
28.2510	24.2496
28.2510	24.2995
28.2510	24.3494
28.2760	24.3993
28.3009	24.4742
28.3508	24.4992
28.4007	24.5241
28.4756	24.4992
28.5255	24.4992
28.5754	24.4243
28.6253	24.4243
28.6503	24.3494
28.6753	24.2995
28.6753	24.2496
28.6753	24.1997
28.6753	24.1498
28.6753	24.0999
28.6753	24.0250
28.7002	23.9751
28.7252	23.9252
28.7252	23.8753
28.7501	23.8004
28.7501	23.7255
28.7501	23.6756
28.7751	23.6007
28.7751	23.5508
28.7751	23.5009
28.7751	23.4510
28.7751	23.4011
28.7751	23.3512
28.7751	23.3012
28.8250	23.3012
28.8999	23.3012
28.9498	23.3262
28.9997	23.3512
29.0496	23.3512
29.0995	23.3512
29.1245	23.3012
29.1744	23.2264
29.1744	23.1765
29.1744	23.1266
29.1994	23.0766
29.1994	23.0267
29.1994	22.9768
29.1744	22.9269
29.1245	22.9019
29.0496	22.8770
28.9997	22.8271
28.9498	22.7772
28.8999	22.7272
28.8250	22.6773
28.7751	22.6524
28.8000	22.6025
28.8500	22.5775
28.8749	22.5026
28.9498	22.4777
28.8999	22.4278
28.8500	22.3778
28.8000	22.3529
28.7501	22.3030
28.7002	22.2531
28.6753	22.2032
28.6503	22.1283
28.6004	22.0784
28.6004	22.0285
28.5754	21.9785
28.5255	21.9286
28.5006	21.8538
28.4756	21.8038
28.4506	21.7539
28.4756	21.7290
28.5255	21.7290
28.5505	21.6791
28.5505	21.6291
28.5006	21.5792
28.4506	21.5293
28.4257	21.4794
28.3758	21.4295
28.4007	21.4295
28.4756	21.4295
28.4756	21.4045
28.4756	21.3546
28.4257	21.2798
28.3758	21.2298
28.3259	21.1799
28.3009	21.1300
28.2760	21.0551
28.3259	21.0302
28.3259	20.9803
28.3508	20.9054
28.3508	20.8555
28.3259	20.8056
28.3009	20.7557
28.2510	20.7058
28.2011	20.6309
28.1512	20.6059
28.1761	20.5810
28.2260	20.5560
28.2760	20.5560
28.3508	20.5560
28.4007	20.5560
28.4257	20.6059
28.4756	20.6309
28.5505	20.6808
28.6004	20.6808
28.6253	20.7557
28.7002	20.7557
28.7252	20.7058
28.7751	20.6309
28.8250	20.6558
28.8749	20.6558
28.9248	20.6558
28.9747	20.6558
29.0496	20.6309
29.0496	20.5560
29.0995	20.5560
29.1245	20.6059
29.1494	20.6808
29.1744	20.7307
29.1744	20.7806
29.2243	20.8056
29.2742	20.8305
29.3241	20.8305
29.3740	20.7806
29.3990	20.7307
29.4739	20.7058
29.4739	20.7307
29.5487	20.8056
29.5987	20.8305
29.6486	20.8305
29.6486	20.7806
29.6735	20.7307
29.7234	20.7557
29.7484	20.8056
29.7484	20.8555
29.7734	20.9054
29.8233	20.9553
29.8233	21.0302
29.8482	21.0801
29.8981	21.1051
29.9481	21.1051
30.0229	21.1051
30.0728	21.0801
30.1227	21.0801
30.1727	21.1051
30.2226	21.1550
30.2725	21.1799
30.3224	21.2298
30.3723	21.2548
30.4222	21.2798
30.4721	21.3047
30.5221	21.3047
30.5720	21.3047
30.6468	21.2548
30.6968	21.2548
30.7467	21.2049
30.7966	21.1550
30.8465	21.1051
30.8964	21.1051
30.9463	21.0801
30.9962	21.0801
31.0711	21.0801
31.1210	21.0801
31.1210	21.1051
31.1959	21.1550
31.2458	21.1550
31.2957	21.1550
31.3456	21.1051
31.3955	21.0302
31.4455	21.0302
31.4954	21.0302
31.5453	21.0302
31.5952	21.0302
31.6451	20.9803
31.6451	20.9304
31.6451	20.8804
31.6451	20.8305
31.6202	20.7557
31.5952	20.7058
31.5702	20.6558
31.5203	20.6309
31.4704	20.6309
31.4205	20.6309
31.3706	20.6309
31.2957	20.6558
31.2458	20.6808
31.1959	20.6808
31.1460	20.7058
31.1210	20.6808
31.1460	20.6309
31.1709	20.5560
31.2208	20.5311
31.2957	20.4811
31.3456	20.4811
31.3706	20.4063
31.3706	20.3564
31.3456	20.3064
31.3207	20.2565
31.2458	20.2066
31.1959	20.1817
31.1460	20.1817
31.1210	20.1317
31.1210	20.0569
31.0961	20.0070
31.0212	19.9820
30.9713	19.9570
30.9214	19.9570
30.8715	19.9570
30.8715	19.9071
30.8964	19.8572
30.9214	19.7824
30.9713	19.7574
31.0212	19.7324
31.0961	19.7075
31.1460	19.7075
31.1959	19.7075
31.2458	19.7075
31.2957	19.7075
31.3706	19.7075
31.3706	19.6576
31.3955	19.6077
31.4455	19.5577
31.4704	19.4829
31.5203	19.4829
31.5702	19.4829
31.6202	19.4829
31.6950	19.4579
31.7449	19.4330
31.7948	19.4080
31.8448	19.4080
31.8448	19.4579
31.8448	19.5328
31.8697	19.5827
31.9196	19.6326
31.9945	19.6576
32.0444	19.6576
32.0943	19.6326
32.1442	19.5577
32.1442	19.5827
32.1942	19.6576
32.1942	19.7075
32.2690	19.7324
32.2940	19.8073
32.3439	19.8073
32.4188	19.7574
32.4188	19.7075
32.4936	19.7075
32.4936	19.7574
32.5186	19.8073
32.5435	19.8572
32.5935	19.9071
32.6434	19.9321
32.6933	19.9321
32.7432	19.9820
32.7682	20.0319
32.8181	20.0818
32.8680	20.0818
32.9179	20.0319
32.9429	20.0569
32.9678	20.1068
32.9678	20.1567
32.9928	20.2066
32.9928	20.2815
33.0676	20.2815
33.1176	20.3064
33.1675	20.3064
33.2174	20.3064
33.2673	20.3064
33.2923	20.2565
33.3172	20.2066
33.3172	20.1567
33.3921	20.1567
33.4420	20.1567
33.4919	20.1567
33.5418	20.1567
33.5917	20.1567
33.6416	20.1068
33.7165	20.0818
33.7415	20.0319
33.7914	20.0070
33.8663	20.0070
33.9162	20.0070
33.9661	20.0070
34.0160	20.0070
34.0410	19.9570
34.0410	19.8822
34.0659	19.8323
34.0659	19.7824
34.0659	19.7324
34.0410	19.7075
33.9910	19.6576
33.9162	19.6326
33.8663	19.6326
33.8163	19.6326
33.7664	19.6326
33.7415	19.5827
33.7165	19.5328
33.6666	19.4829
33.6666	19.4080
33.6416	19.3581
33.5917	19.3082
33.5418	19.2832
33.4919	19.3331
33.4420	19.3830
33.3921	19.3830
33.3671	19.3331
33.3671	19.2832
33.3671	19.2083
33.3671	19.1584
33.3671	19.1085
33.3172	19.0836
33.2423	19.0836
33.1924	19.1085
33.1425	19.1335
33.0926	19.1834
33.0177	19.2333
33.0177	19.2083
33.0177	19.1584
32.9928	19.1085
32.9678	19.0337
32.9678	18.9837
32.9429	18.9338
32.9429	18.8839
32.8929	18.8590
32.8430	18.8590
32.7931	18.8590
32.7432	18.8839
32.6683	18.8340
32.6683	18.7841
32.5935	18.7591
32.5435	18.7342
32.4936	18.7342
32.4687	18.7591
32.4437	18.8090
32.3938	18.8839
32.3439	18.8839
32.3189	18.8590
32.3189	18.8090
32.3189	18.7591
32.3189	18.7092
32.3189	18.6593
32.2441	18.6343
32.1942	18.6343
32.1442	18.6343
32.0943	18.6593
32.0943	18.6343
32.0694	18.5844
32.0444	18.5345
31.9945	18.5096
31.9446	18.4596
31.8947	18.4097
31.8198	18.4097
31.7699	18.4347
31.7449	18.4097
31.7449	18.3598
31.7449	18.3099
31.7200	18.2600
31.6701	18.1851
31.6202	18.1602
31.5702	18.1352
31.5203	18.1352
31.4704	18.1103
31.3955	18.0354
31.3456	18.0104
31.2957	17.9855
31.2458	17.9855
31.1959	17.9855
31.1460	18.0104
31.1210	18.0853
31.0961	18.0354
31.0461	17.9855
31.0212	17.9356
30.9713	17.8856
30.9463	17.8357
30.9463	17.7858
30.9713	17.7359
30.9962	17.6610
31.0212	17.6111
31.0212	17.5612
30.9713	17.5362
30.8964	17.5113
30.8715	17.4614
30.8715	17.3865
30.8715	17.3366
30.8715	17.2867
30.9214	17.2368
30.9463	17.1869
30.9463	17.1120
30.9713	17.0621
30.9962	17.0122
31.0212	16.9622
31.0461	16.9123
31.0961	16.9123
31.1460	16.9622
31.1709	17.0371
31.1959	17.0870
31.2458	17.1120
31.2708	17.0870
31.3207	17.0371
31.3456	16.9872
31.3955	17.0122
31.4205	17.0621
31.4455	17.1120
31.4455	17.1619
31.4954	17.2368
31.5203	17.2867
31.5702	17.3366
31.6202	17.3116
31.6451	17.2617
31.6451	17.2118
31.6701	17.1369
31.7200	17.1369
31.7699	17.1369
31.8198	17.1869
31.8448	17.2617
31.8697	17.3116
31.8947	17.3616
31.9446	17.3865
32.0195	17.3616
32.0444	17.3116
32.0943	17.2617
32.0943	17.2118
32.1692	17.2118
32.1692	17.2368
32.2191	17.2867
32.2441	17.3366
32.2690	17.3865
32.3189	17.4614
32.3439	17.5113
32.3938	17.5612
32.4437	17.5612
32.4437	17.5362
32.4687	17.4863
32.5186	17.4364
32.5685	17.4115
32.5935	17.4364
32.6434	17.4863
32.6683	17.5612
32.7432	17.5612
32.7931	17.5862
32.8430	17.6111
32.8929	17.6111
32.9179	17.5612
32.9678	17.5362
33.0177	17.5362
33.0676	17.5612
33.1425	17.5612
33.1924	17.5612
33.2423	17.5612
33.2923	17.5612
33.3422	17.5113
33.3671	17.4614
33.4170	17.4115
33.4170	17.3616
33.4170	17.3116
33.4170	17.2368
33.4170	17.1869
33.3921	17.1369
33.3671	17.0870
33.2923	17.0870
33.2423	17.0621
33.1924	17.0621
33.1425	17.0621
33.0926	17.0621
33.0177	17.0122
32.9678	16.9872
32.9179	16.9872
32.8680	17.0621
32.8680	17.0371
32.8430	16.9622
32.8430	16.9123
32.7931	16.8874
32.7432	16.8624
32.6683	16.8624
32.6184	16.8624
32.5685	16.8874
32.5186	16.8874
32.5186	16.8375
32.5186	16.7626
32.5186	16.7127
32.5186	16.6628
32.5186	16.6128
32.5435	16.5629
32.5435	16.5130
32.5685	16.4382
32.5685	16.3882
32.5685	16.3383
32.5935	16.2884
32.6434	16.2884
32.6933	16.3134
32.7432	16.3633
32.7682	16.4132
32.8181	16.4631
32.8680	16.4631
32.8929	16.3882
32.9429	16.3633
32.9678	16.3882
32.9928	16.4382
33.0177	16.4881
33.0676	16.5130
33.1425	16.5130
33.1675	16.4631
33.2174	16.4631
33.2673	16.4881
33.2923	16.5380
33.3671	16.5879
33.4170	16.6628
33.4669	16.6628
33.5169	16.6628
33.5418	16.6128
33.5668	16.5380
33.5668	16.4881
33.5917	16.4382
33.6416	16.4132
33.7165	16.4132
33.7664	16.4132
33.8163	16.4132
33.8663	16.4132
33.9162	16.3633
33.9910	16.3383
33.9910	16.2884
34.0410	16.2884
34.0909	16.2884
34.1408	16.2884
34.1657	16.2135
34.1907	16.1636
34.2156	16.1137
34.2406	16.0638
34.2406	16.0139
34.2406	15.9390
34.1907	15.9390
34.1408	15.9141
34.0659	15.8891
34.0160	15.8891
34.0160	15.8392
34.0410	15.7893
34.0659	15.7394
34.0659	15.6645
34.0659	15.6146
34.0659	15.5647
34.0160	15.5397
33.9661	15.5148
33.9162	15.5148
33.8663	15.5148
33.7914	15.5647
33.7415	15.5896
33.6916	15.6146
33.6416	15.6146
33.5917	15.6146
33.5418	15.6146
33.4669	15.6146
33.4170	15.6146
33.3671	15.6645
33.3172	15.6146
33.3172	15.5647
33.3172	15.5148
33.2923	15.4648
33.2423	15.4399
33.1924	15.4149
33.1176	15.4149
33.0676	15.4399
33.0427	15.4898
33.0177	15.5397
32.9928	15.5896
32.9678	15.6645
32.9179	15.6146
32.8680	15.6146
32.8181	15.5397
32.7682	15.5148
32.7182	15.4648
32.6683	15.4149
32.6184	15.3650
32.5685	15.3151
32.5186	15.2652
32.4687	15.2402
32.4188	15.2652
32.3938	15.3151
32.3689	15.3650
32.2940	15.4399
32.2441	15.4898
32.1942	15.5148
32.1442	15.5896
32.0694	15.6146
32.0195	15.6146
31.9695	15.6146
31.9446	15.5647
31.9446	15.4898
31.9446	15.4399
31.9196	15.3900
31.8947	15.3401
31.8697	15.2901
31.7948	15.2153
31.8198	15.2153
31.8947	15.2402
31.9446	15.2652
31.9945	15.2652
32.0444	15.2652
32.0943	15.2402
32.0943	15.1903
32.0943	15.1404
32.0943	15.0905
32.0444	15.0406
31.9695	14.9907
31.9446	14.9158
31.8947	14.8659
31.8448	14.8160
31.8198	14.7661
31.8198	14.6912
31.8697	14.6413
31.9196	14.5914
31.9695	14.5414
32.0195	14.4666
32.0694	14.4167
32.1193	14.3667
32.1692	14.3667
32.1942	14.4167
32.2690	14.4666
32.3189	14.4915
32.3689	14.4915
32.3689	14.4416
32.3938	14.3917
32.3938	14.3418
32.3938	14.2669
32.3938	14.2170
32.3938	14.1671
32.3938	14.1172
32.4188	14.0673
32.4687	13.9924
32.4687	13.9425
32.5435	13.8926
32.5935	13.8676
32.6434	13.8676
32.6933	13.8676
32.7432	13.8676
32.7931	13.8676
32.8680	13.8427
32.9179	13.7927
32.9179	13.7428
32.8929	13.6929
32.9429	13.6430
32.9928	13.6430
33.0427	13.6430
33.0926	13.5681
33.0926	13.5182
33.0926	13.4683
33.0926	13.4184
33.1425	13.4184
33.2174	13.4184
33.2174	13.3934
33.2174	13.3435
33.2174	13.2936
33.2423	13.2437
33.2423	13.1938
33.2423	13.1189
33.2423	13.0690
33.2423	13.0191
33.2423	12.9692
33.2923	12.9692
33.3422	12.9442
33.3921	12.9442
33.4420	12.8943
33.4919	12.8444
33.4919	12.7945
33.5418	12.7446
33.5917	12.7446
33.6416	12.7695
33.6916	12.7695
33.7664	12.7695
33.7664	12.7196
33.7664	12.6697
33.7664	12.5948
33.7914	12.5449
33.8413	12.5449
33.8912	12.5199
33.9661	12.4950
33.9910	12.4451
34.0410	12.3952
34.0410	12.3203
34.0659	12.2704
34.1158	12.2454
34.1907	12.2454
34.2406	12.1955
34.2656	12.1456
34.2656	12.0957
34.2156	12.0458
34.1657	12.0208
34.1158	11.9709
34.0659	11.9709
33.9910	11.9709
33.9411	11.9709
33.8912	11.9709
33.8413	11.9709
33.7914	11.9459
33.7664	11.8960
33.7165	11.8461
33.6666	11.8212
33.6167	11.8212
33.5917	11.8711
33.5917	11.9210
33.5917	11.9959
33.5917	12.0458
33.5917	12.0957
33.5668	12.1456
33.5418	12.1955
33.4919	12.1955
33.4669	12.1456
33.4420	12.0957
33.4420	12.0458
33.3921	11.9959
33.3422	11.9959
33.3172	12.0208
33.2673	12.0707
33.2673	12.1206
33.2423	12.1706
33.2423	12.2454
33.2423	12.2953
33.1675	12.2953
33.1675	12.2454
33.1425	12.1955
33.1176	12.1206
33.1176	12.0707
33.0427	12.0707
32.9928	12.0707
32.9429	12.1206
32.8929	12.1456
32.8181	12.1955
32.7682	12.1955
32.7182	12.1955
32.7182	12.1456
32.7182	12.0957
32.7432	12.0458
32.7432	11.9959
32.7682	11.9459
32.7931	11.8711
32.8430	11.8461
32.8680	11.7962
32.8680	11.7463
32.8680	11.6714
32.8430	11.6215
32.8430	11.5716
32.8430	11.5217
32.8430	11.4718
32.8430	11.4219
32.8181	11.3470
32.7682	11.2971
32.7432	11.2472
32.6933	11.1972
32.6933	11.1224
32.6933	11.0725
32.6933	11.0225
32.6933	10.9726
32.6683	10.9227
32.6184	10.9227
32.5435	10.9227
32.4936	10.9227
32.4437	10.9477
32.3938	10.9976
32.3439	11.0475
32.3189	11.1224
32.3189	11.1723
32.3189	11.2222
32.3189	11.2721
32.3189	11.3220
32.3439	11.3969
32.3689	11.4468
32.3689	11.4967
32.3689	11.4718
32.3189	11.4219
32.2441	11.3969
32.1942	11.3719
32.1442	11.3470
32.1193	11.3719
32.0943	11.4468
32.0943	11.4967
32.0943	11.5466
32.0943	11.5966
32.0943	11.6465
32.0943	11.6964
32.0943	11.7712
32.0694	11.7463
32.0195	11.6964
31.9695	11.6714
31.9196	11.6714
31.9196	11.7213
31.9196	11.7712
31.9196	11.8212
31.9446	11.8960
31.9446	11.9459
31.9196	11.9459
31.8697	11.9210
31.8198	11.8960
31.7699	11.9210
31.7449	11.9709
31.7449	12.0208
31.7449	12.0957
31.7449	12.1456
31.7449	12.1955
31.7449	12.2454
31.6701	12.2953
31.6202	12.3203
31.5702	12.3702
31.5203	12.3702
31.4704	12.3453
31.4704	12.2953
31.4704	12.2454
31.4704	12.1955
31.4954	12.1206
31.4954	12.0707
31.4954	12.0208
31.5453	11.9959
31.5952	11.9709
31.5952	11.9210
31.5952	11.8711
31.5952	11.8212
31.6202	11.7463
31.6451	11.6964
31.6451	11.6465
31.6701	11.5966
31.6950	11.5466
31.6950	11.4718
31.6701	11.4219
31.5952	11.3969
31.5453	11.3969
31.4954	11.3969
31.4455	11.3969
31.3955	11.3969
31.3207	11.4468
31.2708	11.4468
31.2208	11.3969
31.1959	11.3470
31.1709	11.2971
31.1460	11.2472
31.1460	11.1972
31.1460	11.1224
31.1210	11.0725
31.1210	11.0225
31.0461	10.9726
30.9962	10.9726
30.9463	10.9976
30.8964	11.0475
30.8465	11.0974
30.8215	11.1723
30.8215	11.2222
30.8215	11.2721
30.8215	11.3220
30.8215	11.3719
30.8215	11.4219
30.8465	11.4967
30.8465	11.5466
30.7966	11.5466
30.7467	11.5217
30.6968	11.4967
30.6219	11.4967
30.6219	11.5217
30.6219	11.5716
30.6219	11.6215
30.6468	11.6964
30.6718	11.7463
30.6718	11.7962
30.6718	11.8461
30.6718	11.8960
30.6468	11.9210
30.6219	11.8960
30.5470	11.8461
30.4971	11.8212
30.4472	11.7962
30.4222	11.8212
30.4222	11.8711
30.4222	11.9210
30.3973	11.9959
30.3973	12.0458
30.3973	12.0957
30.3973	12.1456
30.3224	12.1955
30.2725	12.1955
30.2226	12.1706
30.1727	12.1456
30.1227	12.1206
30.0479	12.0707
29.9980	12.0458
29.9481	11.9959
29.8981	11.9959
29.8233	11.9459
29.7983	11.8960
29.7983	11.8461
29.8732	11.8212
29.9231	11.7962
29.9730	11.7962
30.0229	11.7962
30.0728	11.7463
30.0479	11.6964
30.0229	11.6215
30.0229	11.5716
30.0229	11.5217
30.0728	11.5217
30.1227	11.5217
30.1727	11.5466
30.2226	11.5466
30.2725	11.5217
30.3474	11.4967
30.3474	11.4468
30.3474	11.3719
30.3474	11.3220
30.3474	11.2721
30.3474	11.2222
30.3474	11.1723
30.3474	11.1224
30.3224	11.0725
30.3224	10.9976
30.3224	10.9477
30.3474	10.8978
30.3474	10.8478
30.3474	10.7979
30.3474	10.7480
30.2974	10.6981
30.2475	10.6482
30.1976	10.6232
30.1477	10.6232
30.0978	10.6232
30.0229	10.6232
29.9730	10.6732
29.9481	10.7231
29.9481	10.7730
29.8732	10.7979
29.8233	10.7979
29.7734	10.7979
29.7234	10.7480
29.6735	10.7480
29.5987	10.6981
29.5487	10.6732
29.4988	10.6482
29.4739	10.6732
29.4489	10.7231
29.4489	10.7730
29.4489	10.8229
29.3990	10.8478
29.3491	10.8478
29.2992	10.8478
29.2742	10.8978
29.2742	10.9726
29.2742	11.0225
29.2742	11.0725
29.2243	11.0725
29.1994	11.0475
29.1494	10.9726
29.1245	10.9227
29.0995	10.8728
29.0746	10.8229
29.0496	10.7480
28.9997	10.7480
28.9997	10.7730
28.9997	10.8229
28.9997	10.8728
28.9747	10.9227
28.9498	10.9976
28.9498	11.0475
28.9498	11.0974
28.9498	11.1473
28.9248	11.1972
28.9248	11.2472
28.9248	11.3220
28.8999	11.3719
28.8500	11.4219
28.8000	11.4219
28.7751	11.3969
28.7252	11.3220
28.7252	11.2721
28.6753	11.3220
28.6503	11.3719
28.5754	11.3719
28.5255	11.3719
28.4756	11.3719
28.4506	11.3470
28.4506	11.2721
28.4506	11.2222
28.5006	11.1972
28.5505	11.1473
28.6004	11.0974
28.6253	11.0475
28.6503	10.9976
28.6503	10.9227
28.6503	10.8728
28.6503	10.8229
28.6004	10.7730
28.5505	10.7231
28.5006	10.6981
28.4756	10.6482
28.4506	10.5733
28.4007	10.5484
28.3508	10.5234
28.3009	10.5484
28.2760	10.5983
28.2760	10.6482
28.2510	10.6981
28.2510	10.7480
28.2510	10.7979
28.2510	10.8728
28.2011	10.9227
28.1512	10.9477
28.1013	10.9477
28.0264	10.9477
27.9765	10.9227
27.9515	10.9477
27.9515	10.9976
27.9515	11.0725
27.9515	11.1224
27.9515	11.1723
27.9266	11.1972
27.8766	11.1972
27.8267	11.1723
27.7768	11.0974
27.7519	11.0475
27.7269	10.9976
27.7019	10.9477
27.7019	10.8728
27.6770	10.8229
27.6770	10.7730
27.6770	10.7231
27.6770	10.6732
27.7269	10.6232
27.7519	10.5484
27.8018	10.4985
27.8018	10.4485
27.8766	10.3986
27.9266	10.3737
27.9515	10.3238
27.9765	10.2489
27.9765	10.1990
28.0264	10.1990
28.0763	10.1990
28.1512	10.1990
28.2011	10.2239
28.2510	10.2239
28.3009	10.2239
28.3009	10.1990
28.3009	10.1241
28.3009	10.0742
28.2510	10.0243
28.2260	9.9744
28.2260	9.9245
28.2260	9.8496
28.2260	9.7997
28.2510	9.7997
28.2760	9.7498
28.3508	9.6998
28.3508	9.6499
28.3758	9.5751
28.3758	9.5251
28.4007	9.4752
28.3758	9.4253
28.3259	9.4253
28.2760	9.4004
28.2260	9.4004
28.1761	9.4004
28.1013	9.4253
28.0513	9.5002
28.0264	9.5501
27.9765	9.6000
27.9515	9.6499
27.9266	9.7248
27.8766	9.7747
27.8267	9.7997
27.7768	9.8246
27.7269	9.8496
27.6770	9.8496
27.6271	9.8496
27.5522	9.8496
27.5023	9.8496
27.4524	9.8745
27.4025	9.9494
27.4025	9.8995
27.4025	9.8246
27.4025	9.7747
27.4025	9.7248
27.4025	9.6749
27.4025	9.6250
27.4025	9.5751
27.3775	9.5251
27.3276	9.5002
27.2777	9.5002
27.2028	9.5002
27.1529	9.5002
27.1030	9.5251
27.0531	9.5501
27.0032	9.6250
26.9782	9.6749
26.9283	9.7248
26.9033	9.7747
26.8534	9.8496
26.8285	9.8995
26.7785	9.9494
26.7286	9.9993
26.7037	10.0742
26.6787	10.1241
26.6787	10.1740
26.6787	10.2239
26.6288	10.2239
26.5789	10.2239
26.5290	10.2239
26.4791	10.2239
26.4292	10.2239
26.3792	10.1990
26.3044	10.1491
26.3044	10.0991
26.2545	10.0492
26.2545	9.9993
26.2545	9.9494
26.2295	9.8745
26.1546	9.8745
26.1047	9.8745
26.0548	9.8745
26.0049	9.8995
25.9550	9.9494
25.9550	9.9993
26.0049	10.0742
26.0298	10.1241
26.0798	10.1491
26.1297	10.2239
26.1546	10.2738
26.1796	10.3238
26.2045	10.3737
26.2295	10.4236
26.2295	10.4985
26.2295	10.5484
26.2045	10.5983
26.1546	10.6482
26.1047	10.6732
26.0548	10.7231
26.0049	10.7979
25.9799	10.8478
25.9300	10.8478
25.8801	10.8478
25.8302	10.8229
25.7553	10.8229
25.7054	10.8229
25.6805	10.8728
25.6555	10.9227
25.6305	10.9726
25.6056	11.0225
25.5557	11.0475
25.4808	11.0725
25.4309	11.0725
25.3810	11.0725
25.3311	11.0725
25.2562	11.0225
25.2063	10.9726
25.1813	10.9227
25.1564	10.8728
25.1314	10.7979
25.1314	10.7480
25.1314	10.6981
25.1564	10.6732
25.2312	10.6732
25.2811	10.6981
25.3311	10.7231
25.3810	10.7231
25.4309	10.7480
25.4309	10.7231
25.4309	10.6732
25.4309	10.6232
25.3810	10.5484
25.3560	10.4985
25.3061	10.4735
25.2562	10.3986
25.2063	10.3737
25.2063	10.3238
25.2063	10.2738
25.2063	10.1990
25.2562	10.1491
25.2562	10.0991
25.2562	10.0492
25.2063	9.9993
25.1564	9.9494
25.0815	9.9245
25.0565	9.8496
25.0066	9.7997
24.9318	9.7747
24.8818	9.7747
24.8569	9.8246
24.8569	9.8745
24.8569	9.9245
24.8569	9.9993
24.8070	9.9993
24.7321	9.9744
24.6822	9.9494
24.6323	9.9245
24.5824	9.9245
24.5574	9.9494
24.5574	9.9993
24.5574	10.0492
24.5324	10.0991
24.4576	10.0991
24.4077	10.0991
24.3577	10.0991
24.3078	10.0991
24.2829	10.1491
24.2829	10.1990
24.2829	10.2489
24.3078	10.3238
24.3078	10.3737
24.3577	10.4236
24.3827	10.4735
24.3328	10.5484
24.2829	10.5484
24.2330	10.5484
24.1831	10.5484
24.1331	10.5983
24.1082	10.6482
24.1082	10.6981
24.1082	10.7730
24.0583	10.7730
23.9834	10.7979
23.9834	10.8478
23.9834	10.8978
23.9834	10.9726
23.9834	11.0225
24.0084	11.0725
24.0084	11.1224
23.9834	11.1224
23.9335	11.1224
23.8836	11.0475
23.8586	10.9976
23.8087	10.9477
23.7837	10.8978
23.7588	10.8229
23.7588	10.7730
23.7837	10.7231
23.8337	10.6732
23.8337	10.6232
23.8836	10.5484
23.8836	10.4985
23.8836	10.4485
23.8586	10.4485
23.8087	10.4485
23.7588	10.4485
23.7089	10.4735
23.6839	10.4485
23.6340	10.3986
23.5841	10.3737
23.5092	10.3737
23.4593	10.3737
23.4094	10.3737
23.3595	10.3737
23.3345	10.3487
23.3096	10.2988
23.3096	10.2489
23.3096	10.1990
23.3096	10.1491
23.3345	10.0742
23.3595	10.0243
23.3844	9.9744
23.4094	9.9245
23.4094	9.8745
23.4344	9.7997
23.4344	9.7498
23.4344	9.6998
23.4344	9.6499
23.4344	9.6000
23.4344	9.5501
23.3844	9.5002
23.3096	9.4752
23.2597	9.4752
23.2097	9.5251
23.1848	9.6000
23.1598	9.6499
23.0850	9.6998
23.0850	9.6749
23.0600	9.6250
23.0350	9.5751
23.0101	9.5002
23.0101	9.4503
23.0101	9.4004
23.0101	9.3504
23.0101	9.3005
23.0101	9.2506
22.9851	9.1758
22.9352	9.1508
22.8853	9.1508
22.8104	9.1258
22.7605	9.1508
22.7356	9.1009
22.7356	9.0510
22.7356	9.0011
22.7356	8.9511
22.7356	8.9761
