28.3197	3.9386
28.2620	3.9386
28.1756	3.9386
28.1179	3.9386
28.1179	4.0251
28.1179	4.0827
28.1179	4.1404
28.1179	4.1980
28.0891	4.2556
28.0603	4.3133
28.0891	4.3709
28.1467	4.4285
28.1756	4.4862
28.1467	4.5438
28.1179	4.6015
28.1179	4.6591
28.1756	4.7167
28.2044	4.7744
28.2620	4.8320
28.2908	4.9185
28.3485	4.9473
28.3197	5.0049
28.2908	5.0626
28.3197	5.1202
28.3485	5.1778
28.3485	5.2355
28.3485	5.3219
28.3197	5.3796
28.2620	5.4084
28.2044	5.4949
28.1467	5.5237
28.1467	5.4949
28.1467	5.4372
28.1467	5.3796
28.1756	5.2931
28.1756	5.2355
28.1467	5.2067
28.1179	5.1490
28.1179	5.0626
28.1179	5.0049
28.1179	4.9473
28.0891	4.8897
28.0603	4.8320
28.0026	4.7744
27.9738	4.7167
27.9450	4.6591
27.9450	4.6015
27.9450	4.5438
27.9162	4.4574
27.8585	4.4285
27.7721	4.3709
27.7145	4.3709
27.6568	4.3709
27.6280	4.4285
27.6280	4.4862
27.6280	4.5438
27.6280	4.6015
27.6568	4.6591
27.6856	4.7167
27.7145	4.8032
27.7145	4.8608
27.6280	4.8897
27.6280	4.9473
27.5992	5.0049
27.5992	5.0626
27.6280	5.1490
27.6280	5.2067
27.6856	5.2067
27.7721	5.2643
27.8009	5.3219
27.8297	5.3796
27.8009	5.4660
27.7721	5.5237
27.7145	5.5813
27.6568	5.5813
27.6280	5.5525
27.5704	5.5237
27.5127	5.5237
27.4839	5.4949
27.4839	5.4084
27.4263	5.3508
27.3686	5.3508
27.3110	5.3508
27.2533	5.3796
27.2533	5.4660
27.2822	5.5237
27.3110	5.5813
27.3110	5.6390
27.3110	5.6101
27.2533	5.5525
27.1957	5.5525
27.1381	5.5813
27.1092	5.6390
27.1092	5.6966
27.1381	5.7831
27.0804	5.8119
27.0516	5.8695
27.0516	5.9560
27.1092	6.0136
27.1092	6.0712
27.1092	6.1289
27.1381	6.1865
27.1381	6.2442
27.1381	6.3306
27.1381	6.3883
27.1381	6.4459
27.1669	6.5035
27.2245	6.5035
27.2822	6.5323
27.3686	6.5612
27.4263	6.5900
27.4839	6.6476
27.5415	6.7053
27.5704	6.7629
27.5992	6.8205
27.5704	6.8205
27.4839	6.8205
27.4263	6.7917
27.3686	6.7917
27.3686	6.8205
27.3686	6.8782
27.3686	6.9646
27.3398	6.9935
27.3398	7.0511
27.3974	7.0799
27.4551	7.1087
27.5127	7.1664
27.5704	7.2240
27.5704	7.2816
27.5992	7.3681
27.5704	7.3681
27.5127	7.3393
27.4263	7.3105
27.3686	7.2816
27.3110	7.2816
27.2533	7.2816
27.1957	7.2816
27.1092	7.2816
27.0804	7.2240
27.0804	7.1664
27.0516	7.1087
26.9940	7.0799
26.9363	7.0799
26.8787	7.1087
26.8499	7.1664
26.8499	7.2240
26.8499	7.2816
26.8499	7.3681
26.8787	7.4257
26.8499	7.4546
26.7922	7.4834
26.7346	7.5410
26.7058	7.6275
26.6193	7.6563
26.6193	7.7139
26.5905	7.7428
26.5329	7.7716
26.4464	7.8004
26.3888	7.8580
26.3600	7.8004
26.3600	7.7428
26.3311	7.6851
26.3311	7.6275
26.3600	7.5698
26.4464	7.4834
26.4752	7.4257
26.5329	7.3969
26.5905	7.3393
26.5329	7.3105
26.4752	7.3105
26.4176	7.3105
26.3600	7.3105
26.3600	7.2528
26.3888	7.1952
26.3888	7.1376
26.4176	7.0799
26.4176	6.9935
26.4176	6.9358
26.3888	6.9070
26.3311	6.8782
26.2447	6.8494
26.1870	6.7917
26.1582	6.7341
26.1294	6.6764
26.0718	6.5900
26.0429	6.5323
25.9853	6.5035
25.8988	6.4747
25.8412	6.4459
25.7836	6.4459
25.7836	6.4747
25.7836	6.5612
25.7836	6.6188
25.8124	6.6764
25.8124	6.7341
25.8412	6.7917
25.8124	6.7917
25.7547	6.8205
25.6971	6.8782
25.6971	6.9358
25.6971	7.0223
25.7259	7.0799
25.7259	7.1376
25.7547	7.1952
25.7259	7.2240
25.6683	7.1952
25.6683	7.1087
25.7259	7.0511
25.7259	6.9935
25.7259	6.9358
25.7259	6.8782
25.6683	6.8782
25.6107	6.9070
25.5818	6.9646
25.5242	7.0223
25.4666	7.0511
25.4089	7.0511
25.3513	7.0511
25.3225	6.9646
25.2936	6.9070
25.2936	6.8494
25.2936	6.7917
25.2936	6.7341
25.2072	6.7053
25.1495	6.6476
25.0919	6.6476
25.0343	6.6188
24.9478	6.6188
24.9478	6.7053
24.9478	6.7629
24.9478	6.8205
25.0054	6.8782
25.0343	6.9646
25.0631	7.0223
25.0343	7.0223
25.0054	7.1087
25.0054	7.1664
25.0343	7.1952
25.0919	7.1952
25.1495	7.2816
25.1495	7.3393
25.1207	7.3969
25.1207	7.4546
25.1784	7.4546
25.2360	7.4546
25.2648	7.5122
25.2936	7.5698
25.2936	7.6563
25.3225	7.7139
25.3801	7.7139
25.4377	7.7139
25.4954	7.7428
25.5530	7.8292
25.5242	7.8869
25.4666	7.9157
25.4666	7.9733
25.4954	7.9733
25.5530	8.0021
25.6395	8.0598
25.6683	8.1174
25.7259	8.1462
25.7547	8.2327
25.8124	8.2903
25.7547	8.2903
25.6971	8.2903
25.6395	8.2903
25.6395	8.3191
25.6395	8.3768
25.6683	8.4632
25.7259	8.5209
25.7547	8.5785
25.7836	8.6362
25.8124	8.7226
25.8124	8.7802
25.7836	8.7802
25.6971	8.8379
25.6395	8.8379
25.5818	8.8091
25.5530	8.7226
25.5530	8.6650
25.5242	8.6073
25.4666	8.5497
25.4666	8.4921
25.4666	8.4056
25.4666	8.3480
25.4377	8.2903
25.3801	8.2903
25.3225	8.2903
25.2360	8.2903
25.2072	8.3191
25.1784	8.4056
25.1784	8.4632
25.2072	8.5209
25.2360	8.5785
25.2360	8.6362
25.2072	8.6362
25.1495	8.6362
25.0919	8.6650
25.0919	8.7226
25.0919	8.7802
25.0919	8.8667
25.1495	8.8955
25.1207	8.8955
25.0919	8.9532
25.0919	9.0396
25.0919	9.0973
25.0919	9.1549
25.0343	9.1549
24.9766	9.1549
24.9190	9.1261
24.8614	9.1261
24.8037	9.0396
24.8037	8.9820
24.8037	8.9243
24.8037	8.8667
24.8325	8.8091
24.8325	8.7514
24.8325	8.6650
24.8037	8.6073
24.7749	8.5497
24.7461	8.4921
24.7173	8.4056
24.7173	8.3480
24.6884	8.2903
24.6308	8.2903
24.5443	8.3191
24.5443	8.3768
24.5443	8.4632
24.5443	8.5209
24.5443	8.5785
24.5443	8.6362
24.5732	8.6938
24.5443	8.7514
24.4867	8.7514
24.4579	8.8379
24.4579	8.8955
24.4579	8.9532
24.4867	9.0108
24.4867	9.0684
24.4579	9.1261
24.4579	9.1837
24.4291	9.2414
24.3714	9.3278
24.3138	9.3278
24.2562	9.2990
24.2273	9.2414
24.2273	9.1837
24.2273	9.1261
24.2273	9.0396
24.2273	8.9820
24.2562	8.9243
24.3138	8.8667
24.3714	8.8091
24.4002	8.7514
24.4002	8.6938
24.3714	8.6362
24.3138	8.5785
24.2562	8.5497
24.1985	8.5497
24.1409	8.6073
24.0832	8.6650
24.0256	8.6938
23.9680	8.6938
23.8815	8.6650
23.8239	8.6362
23.7662	8.6073
23.7086	8.6073
23.6509	8.6073
23.5933	8.6073
23.5933	8.5785
23.5933	8.5209
23.6509	8.4921
23.7086	8.4632
23.7950	8.4056
23.7950	8.3480
23.7374	8.2903
23.7374	8.2327
23.7662	8.1750
23.7950	8.1174
23.7950	8.0598
23.7950	8.0021
23.7374	7.9445
23.6798	7.8869
23.6221	7.8580
23.5645	7.8292
23.5069	7.8292
23.4492	7.8580
23.3916	7.8869
23.3339	7.8869
23.3051	7.8292
23.2763	7.7716
23.2475	7.7139
23.2475	7.6563
23.2475	7.5987
23.2763	7.5122
23.3339	7.4834
23.3916	7.4257
23.3916	7.3681
23.3628	7.3393
23.3339	7.2816
23.3339	7.2240
23.3339	7.1664
23.3339	7.1087
23.3339	7.0511
23.3339	6.9646
23.3051	6.9070
23.2763	6.8494
23.2187	6.8205
23.1610	6.8205
23.1034	6.8782
23.0169	6.9070
23.0169	6.9646
23.0169	7.0223
23.0169	7.0799
23.0457	7.0511
23.0169	7.0223
22.9305	6.9646
22.9016	6.8782
22.8440	6.8782
22.7576	6.8494
22.6999	6.8494
22.6711	6.9070
22.6711	6.9646
22.6711	7.0223
22.6135	7.0511
22.5558	7.0511
22.5270	7.0799
22.5270	7.1376
22.5270	7.2240
22.4982	7.1664
22.4694	7.1087
22.4405	7.0511
22.4117	6.9935
22.3541	6.9070
22.3253	6.8494
22.3253	6.7917
22.3829	6.7341
22.4117	6.6476
22.4982	6.6476
22.5270	6.5900
22.5270	6.5035
22.5270	6.4459
22.4982	6.4459
22.4405	6.3883
22.3541	6.3883
22.2964	6.4171
22.2388	6.4747
22.1812	6.4747
22.1235	6.4747
22.0371	6.4459
21.9794	6.4459
21.9218	6.4459
21.8930	6.5035
21.8642	6.5612
21.8065	6.6188
21.7489	6.6188
21.6912	6.5900
21.6336	6.6188
21.6336	6.6764
21.6048	6.6476
21.5760	6.5900
21.5760	6.5323
21.5760	6.4459
21.6048	6.3883
21.6912	6.3594
21.7489	6.3018
21.7489	6.2442
21.6912	6.1865
21.6912	6.1289
21.6912	6.0712
21.7777	6.0424
21.8065	5.9560
21.8642	5.8983
21.8642	5.8407
21.8642	5.7831
21.8930	5.7254
21.9506	5.6966
22.0083	5.6101
22.0083	5.5525
21.9794	5.4949
21.9794	5.4372
21.9794	5.3796
22.0371	5.2931
22.0371	5.2355
22.0371	5.1778
22.0371	5.1202
22.0371	5.0626
22.0371	5.0049
22.0371	4.9185
22.0083	4.9185
21.9218	4.9185
21.8642	4.9473
21.8065	4.9761
21.7777	5.0626
21.7777	5.1202
21.7489	5.1778
21.6912	5.1778
21.6336	5.1778
21.6048	5.2067
21.6336	5.2931
21.6624	5.3508
21.6048	5.3508
21.5471	5.3219
21.4895	5.3219
21.4319	5.3219
21.4319	5.3508
21.4607	5.4084
21.5183	5.4660
21.5183	5.5525
21.5183	5.6101
21.4607	5.6101
21.4031	5.6101
21.3454	5.6101
21.2878	5.6678
21.2878	5.7254
21.2878	5.7831
21.3166	5.8695
21.3166	5.9271
21.3166	5.9848
21.2590	6.0424
21.2013	6.1001
21.1725	6.0712
21.1437	5.9848
21.1437	5.9271
21.1149	5.8695
21.1149	5.8119
21.1149	5.7542
21.1149	5.6966
21.0860	5.6101
21.0284	5.6101
20.9708	5.6101
20.8843	5.6390
20.8843	5.6966
20.8843	5.6678
20.8843	5.6101
20.8843	5.5237
20.8843	5.4660
20.8843	5.4084
20.8843	5.3508
20.8267	5.3219
20.7690	5.3219
20.7114	5.3508
20.6538	5.3508
20.6249	5.2931
20.5673	5.2355
20.4808	5.2355
20.4232	5.2067
20.3944	5.2355
20.3944	5.2931
20.3944	5.3508
20.3944	5.4372
20.3656	5.4949
20.3079	5.5237
20.2503	5.5813
20.3079	5.6101
20.3656	5.6678
20.4232	5.6966
20.4808	5.7542
20.4520	5.7831
20.3944	5.8119
20.3944	5.8695
20.3367	5.9271
20.3079	5.9848
20.3079	6.0424
20.3656	6.1001
20.4232	6.1001
20.4808	6.1865
20.5097	6.2442
20.5673	6.2730
20.5961	6.3306
20.5961	6.4171
20.5961	6.4747
20.6249	6.5323
20.6826	6.5900
20.6538	6.5900
20.5961	6.5612
20.5385	6.5323
20.4808	6.4747
20.4232	6.5035
20.3656	6.5323
20.3367	6.5035
20.2791	6.4459
20.2215	6.3883
20.1926	6.3306
20.1350	6.3018
20.1350	6.3306
20.0774	6.3883
20.0197	6.3883
19.9621	6.3306
19.9333	6.2442
19.8468	6.2153
19.7892	6.2153
19.7315	6.2153
19.6739	6.2153
19.6163	6.2442
19.5298	6.2442
19.4722	6.2442
19.4145	6.2442
19.3569	6.2442
19.2992	6.2442
19.2416	6.2153
19.1552	6.1865
19.0975	6.1289
19.0399	6.1001
18.9822	6.1577
18.9822	6.2153
19.0399	6.2442
19.0687	6.3018
19.1263	6.3883
19.1840	6.4171
19.2416	6.4747
19.2992	6.4747
19.3857	6.5612
19.3569	6.6188
19.3569	6.6764
19.4145	6.7341
19.4722	6.7629
19.5586	6.7917
19.5586	6.8494
19.5874	6.9070
19.6451	6.9358
19.7027	6.9646
19.7027	7.0223
19.7027	7.0799
19.7315	7.1087
19.7892	7.1087
19.8468	7.1087
19.9333	7.1376
19.9621	7.1952
19.9621	7.2528
19.9333	7.3105
19.9621	7.3105
20.0197	7.3105
20.0774	7.3105
20.1638	7.3393
20.1638	7.3969
20.1638	7.4546
20.1926	7.5410
20.2503	7.5410
20.3079	7.6275
20.2791	7.6851
20.2215	7.6851
20.1638	7.6851
20.1062	7.6563
20.0197	7.6275
19.9621	7.5987
19.9045	7.5987
19.8468	7.5987
19.7892	7.6275
19.7604	7.6851
19.7604	7.7428
19.7604	7.8004
19.7892	7.8580
19.8180	7.9445
19.7892	7.9733
19.7315	7.9733
19.6451	7.9445
19.5874	7.8869
19.5298	7.8580
19.4722	7.8004
19.3857	7.8004
19.3281	7.8004
19.2992	7.7139
19.2416	7.7139
19.1552	7.6851
19.0975	7.6563
19.0399	7.6275
18.9822	7.6275
18.9246	7.6275
18.8381	7.6275
18.7805	7.6563
18.7229	7.6851
18.6940	7.7428
18.6940	7.7139
18.6652	7.7139
18.6076	7.6851
18.5500	7.6275
18.4923	7.5987
18.4347	7.5987
18.4059	7.6851
18.3770	7.7428
18.3482	7.8004
18.3482	7.8580
18.3770	7.8869
18.4347	7.9157
18.5211	7.9733
18.5788	8.0021
18.5788	8.0886
18.5788	8.1462
18.5788	8.2039
18.6364	8.2615
18.6076	8.2903
18.5500	8.2903
18.4635	8.2615
18.4059	8.2615
18.3482	8.2615
18.3194	8.3191
18.2618	8.3191
18.2041	8.2615
18.1465	8.2327
18.0600	8.2327
18.0600	8.2615
18.0312	8.3191
18.0024	8.4056
18.0024	8.4632
18.0024	8.5209
18.0600	8.5209
18.1177	8.5785
18.1465	8.6362
18.2041	8.6938
18.2618	8.6938
18.3482	8.6650
18.3482	8.6938
18.3482	8.7514
18.3482	8.8091
18.3482	8.8667
18.3482	8.9243
18.2906	8.9243
18.2329	8.8667
18.1753	8.8379
18.1177	8.8667
18.1177	8.9243
18.0600	8.8955
18.0600	8.8379
18.0600	8.7802
18.0024	8.7226
17.9447	8.6938
17.8871	8.7226
17.8871	8.7802
17.8583	8.7514
17.8007	8.6938
17.7142	8.6938
17.6566	8.6938
17.5989	8.7226
17.5701	8.6938
17.4836	8.6650
17.4260	8.6362
17.3684	8.6362
17.3684	8.6938
17.3395	8.7514
17.3395	8.8091
17.3684	8.8667
17.4260	8.8955
17.4836	8.9532
17.5413	8.9820
17.5413	9.0684
17.5413	9.1261
17.5413	9.1837
17.5413	9.2414
17.5989	9.2990
17.6566	9.2990
17.6854	9.3854
17.7142	9.4431
17.7718	9.4431
17.8583	9.4431
17.8295	9.4719
17.8295	9.5584
17.8871	9.5584
17.9447	9.5584
18.0312	9.5584
18.0888	9.6160
18.1177	9.6736
18.1465	9.7313
18.1753	9.7889
18.2329	9.8466
18.2618	9.8177
18.3482	9.7601
18.4059	9.7601
18.4347	9.8177
18.4923	9.8754
18.5500	9.9330
18.6076	9.9330
18.6940	9.9042
18.7517	9.9042
18.7517	9.9330
18.7517	9.9907
18.7517	10.0483
18.7517	10.1059
18.6940	10.1059
18.6364	10.1059
18.5788	10.1059
18.4923	10.1059
18.4347	10.1059
18.3770	10.1059
18.3770	10.1347
18.4059	10.1924
18.3482	10.2212
18.2906	10.2212
18.2329	10.2500
18.2041	10.3077
18.1465	10.3653
18.0888	10.3653
18.0600	10.3077
18.0312	10.2500
17.9736	10.1924
17.9159	10.1347
17.9159	10.1636
17.8583	10.2212
17.8295	10.1924
17.8007	10.1059
17.7718	10.0483
17.7430	9.9907
17.6854	9.9618
17.6277	9.9618
17.5701	9.9907
17.5701	10.0483
17.5125	10.0483
17.4548	9.9907
17.3972	9.9330
17.3395	9.9042
17.2819	9.8754
17.1954	9.8754
17.1666	9.9330
17.1090	9.9907
17.1090	10.0771
17.1090	10.1347
17.1666	10.1636
17.2243	10.2212
17.2819	10.2500
17.3395	10.3365
17.3395	10.3941
17.3395	10.4518
17.3395	10.5094
17.3972	10.5670
17.4548	10.5670
17.4260	10.6247
17.3684	10.6247
17.2819	10.6535
17.2243	10.6535
17.2531	10.6823
17.3395	10.7111
17.3972	10.7111
17.4548	10.7111
17.5125	10.7400
17.5413	10.7976
17.5701	10.8840
17.5989	10.9417
17.6566	10.9705
17.7142	10.9705
17.7142	11.0281
17.7142	11.0858
17.7142	11.1434
17.7430	11.1434
17.8007	11.1434
17.8871	11.1146
17.9447	11.0858
18.0024	11.0858
18.0312	11.1146
18.0888	11.2011
18.1177	11.2587
18.1177	11.3163
18.0888	11.3163
18.0312	11.3163
17.9736	11.3163
17.9159	11.2587
17.8295	11.2299
17.7718	11.2299
17.7430	11.2875
17.7430	11.3452
17.6566	11.4028
17.6277	11.3740
17.5701	11.3163
17.5413	11.2587
17.4836	11.2299
17.4260	11.1434
17.3684	11.1434
17.3107	11.1434
17.2531	11.1434
17.1954	11.1146
17.1090	11.1146
17.1090	11.1722
17.1378	11.2299
17.1090	11.2011
17.0225	11.2011
16.9649	11.1434
16.9073	11.1146
16.8496	11.1434
16.7632	11.1722
16.7632	11.2587
16.6767	11.2875
16.6191	11.3163
16.6191	11.3740
16.6479	11.4028
16.7343	11.4316
16.7920	11.4316
16.8496	11.4892
16.9073	11.4892
16.9649	11.5469
17.0225	11.6045
17.0802	11.6622
17.1378	11.6622
17.2243	11.6045
17.2819	11.6333
17.3107	11.6910
17.3972	11.7486
17.4548	11.7774
17.4548	11.8351
17.3972	11.8927
17.3684	11.9504
17.3107	11.9504
17.2819	12.0080
17.1954	11.9792
17.1666	11.9215
17.1090	11.8927
17.1090	11.9215
17.1090	11.9792
17.0802	12.0368
17.0225	12.1233
16.9649	12.1233
16.9073	12.0945
16.8496	12.0945
16.8496	12.1233
16.8496	12.2097
16.8496	12.2674
16.8784	12.3250
16.8784	12.3826
16.8784	12.4403
16.7920	12.4403
16.7632	12.3826
16.7055	12.2962
16.6767	12.2385
16.6191	12.2385
16.5326	12.2674
16.5038	12.3538
16.4462	12.3250
16.3597	12.2962
16.3021	12.2962
16.2444	12.2962
16.2156	12.3538
16.2156	12.4115
16.2156	12.4979
16.2156	12.5556
16.2156	12.6132
16.2732	12.6708
16.3309	12.6708
16.3885	12.7285
16.4462	12.7285
16.4750	12.8149
16.4462	12.8438
16.4462	12.9014
16.4462	12.9590
16.5038	12.9590
16.5614	12.9590
16.6191	12.9590
16.5902	13.0167
16.5902	13.0743
16.6479	13.1319
16.7055	13.1896
16.7632	13.2184
16.8208	13.2184
16.8784	13.2760
16.8784	13.3337
16.8784	13.3913
16.9361	13.3913
16.9937	13.4490
17.0514	13.4490
17.1090	13.4490
17.1666	13.4490
17.2531	13.4490
17.3107	13.4778
17.3684	13.5354
17.4260	13.5642
17.5125	13.5931
17.5125	13.6507
17.4836	13.7083
17.4260	13.7371
17.3684	13.7371
17.2819	13.7371
17.2243	13.6795
17.1666	13.6507
17.1378	13.7083
17.1378	13.7660
17.1378	13.8236
17.0802	13.8524
17.0514	13.8236
16.9937	13.7371
16.9649	13.6795
16.9361	13.6219
16.8784	13.5642
16.8784	13.4778
16.8496	13.4201
16.8208	13.3625
16.7632	13.3625
16.7055	13.3625
16.6479	13.3913
16.6191	13.3625
16.5902	13.3049
16.5326	13.2184
16.4750	13.1608
16.4173	13.1608
16.3597	13.1319
16.3021	13.1319
16.2732	13.1896
16.2444	13.2760
16.2444	13.3337
16.2444	13.3913
16.3021	13.4201
16.3597	13.4201
16.4173	13.4490
16.5038	13.5354
16.4750	13.5354
16.3885	13.5354
16.3309	13.5354
16.2732	13.5354
16.2156	13.5354
16.1580	13.5354
16.1003	13.5354
16.1003	13.5931
16.0715	13.6795
16.0139	13.7371
15.9562	13.7371
15.8986	13.7083
15.8409	13.7083
15.7833	13.7083
15.7257	13.7083
15.6392	13.7660
15.5816	13.7948
15.5816	13.8524
15.5528	13.9101
15.5528	13.9965
15.5816	14.0542
15.6392	14.0830
15.6969	14.0830
15.7545	14.0830
15.8121	14.0830
15.8986	14.0830
15.9562	14.1118
16.0139	14.1694
16.0139	14.2271
16.0139	14.2847
16.0715	14.3135
16.1003	14.2559
16.1580	14.2271
16.2444	14.1694
16.3021	14.1694
16.3597	14.2271
16.4173	14.2271
16.4750	14.2559
16.5614	14.2559
16.6191	14.2847
16.6767	14.3135
16.7055	14.4000
16.7632	14.4000
16.8208	14.3712
16.8784	14.3135
16.9361	14.3135
16.9649	14.3712
17.0514	14.4000
17.1090	14.4000
17.1666	14.4000
17.2243	14.4000
17.2819	14.4000
17.3395	14.4000
17.3395	14.4576
17.3107	14.4576
17.2531	14.4576
17.1954	14.4864
17.1378	14.5153
17.1378	14.5729
17.1378	14.6305
17.2243	14.6882
17.1666	14.6882
17.1090	14.6594
17.0514	14.6594
16.9937	14.6594
16.9361	14.7170
16.8784	14.8035
16.8208	14.7746
16.7632	14.7170
16.7343	14.6594
16.6767	14.5729
16.6191	14.5729
16.5902	14.6017
16.5038	14.6305
16.4750	14.5729
16.4173	14.5153
16.3597	14.4864
16.3021	14.4288
16.2444	14.4288
16.1868	14.4576
16.1868	14.5153
16.1868	14.5729
16.1868	14.6305
16.1291	14.6305
16.0715	14.5729
16.0427	14.5153
16.0139	14.4576
15.9274	14.4000
15.8698	14.4000
15.8121	14.4576
15.7545	14.5153
15.7545	14.4864
15.6680	14.4576
15.6104	14.4288
15.5528	14.4288
15.4951	14.5153
15.4663	14.5729
15.4087	14.6017
15.3222	14.6305
15.2646	14.6305
15.2069	14.6305
15.1781	14.6882
15.2357	14.7458
15.2934	14.7746
15.3510	14.8035
15.4087	14.8323
15.4663	14.8323
15.5528	14.8323
15.6104	14.8611
15.6392	14.9476
15.6392	15.0052
15.6392	15.0628
15.7257	15.0916
15.7833	15.0916
15.8409	15.0628
15.8698	15.0916
15.8698	15.1781
15.9562	15.1781
16.0139	15.1781
16.0715	15.1781
16.1291	15.2069
16.1868	15.2646
16.2444	15.3222
16.3021	15.3222
16.3597	15.3222
16.4173	15.3222
16.4750	15.3222
16.5038	15.3798
16.5614	15.3798
16.6479	15.3798
16.7055	15.3510
16.7632	15.3222
16.8208	15.3222
16.8784	15.3510
16.9649	15.4087
16.9649	15.4663
16.9649	15.5239
16.9073	15.5816
16.9073	15.6392
16.9361	15.6969
16.9073	15.6969
16.8496	15.6969
16.7632	15.6680
16.7055	15.6680
16.6479	15.6969
16.5902	15.7257
16.5038	15.6969
16.4462	15.6392
16.3885	15.5816
16.3309	15.5816
16.3021	15.6392
16.2444	15.7257
16.2156	15.6680
16.1580	15.6680
16.1003	15.6392
16.0139	15.6392
16.0139	15.6969
16.0139	15.7833
16.0139	15.8409
16.0139	15.8986
16.0715	15.9274
16.1003	16.0139
16.0715	16.0139
16.0139	16.0139
15.9562	16.0139
15.8698	15.9850
15.8121	15.9850
15.7545	15.9850
15.7545	16.0139
15.7545	16.1003
15.7545	16.1580
15.7833	16.1868
15.8409	16.2156
15.8121	16.2444
15.7545	16.2444
15.6969	16.2444
15.6392	16.2444
15.6104	16.3309
15.6392	16.3597
15.6969	16.4173
15.7545	16.4750
15.8121	16.5038
15.8698	16.5038
15.9274	16.5326
15.9850	16.5902
15.9850	16.6767
15.9850	16.7343
15.9850	16.7920
15.9850	16.8496
15.9850	16.9073
15.9562	16.9649
15.9850	16.9937
16.0427	16.9937
16.1003	16.9361
16.1868	16.9073
16.2444	16.9073
16.3021	16.9073
16.3597	16.9073
16.4173	16.9073
16.4750	16.9073
16.5614	16.9073
16.6191	16.9073
16.6767	16.8784
16.7343	16.8208
16.7343	16.7632
16.7343	16.7055
16.7920	16.7055
16.8496	16.7055
16.9073	16.7055
16.9649	16.7343
17.0225	16.7920
16.9649	16.8496
16.9073	16.9073
16.8496	16.9073
16.8208	16.9937
16.8496	17.0514
16.9073	17.0514
16.9361	17.1378
16.9073	17.1378
16.8496	17.1378
16.7920	17.1954
16.7343	17.2243
16.6767	17.3107
16.6767	17.3684
16.6767	17.4260
16.7343	17.4548
16.7920	17.4548
16.8496	17.4548
16.9073	17.4548
16.9937	17.4260
17.0514	17.4548
17.1090	17.4548
17.1666	17.4548
17.2243	17.4548
17.3107	17.4260
17.3395	17.3395
17.3972	17.3107
17.4836	17.2531
17.5125	17.3107
17.5701	17.3395
17.6277	17.3972
17.6566	17.4836
17.7142	17.4836
17.8007	17.4836
17.8583	17.4260
17.8871	17.4836
17.9736	17.5125
18.0312	17.5701
18.0888	17.5989
18.0600	17.6566
18.0024	17.6566
17.9447	17.6566
17.8583	17.6566
17.8007	17.6566
17.7430	17.6277
17.7430	17.6566
17.7430	17.7142
17.6854	17.7430
17.6277	17.7142
17.5701	17.6566
17.5125	17.6566
17.5125	17.6854
17.4548	17.7430
17.4548	17.8007
17.4548	17.8583
17.3684	17.8583
17.3107	17.8007
17.2819	17.7142
17.1954	17.6854
17.1666	17.6277
17.1090	17.5701
17.0225	17.5413
16.9649	17.5413
16.9073	17.5989
16.8784	17.6566
16.8496	17.7142
16.7920	17.6854
16.7055	17.6566
16.6767	17.5989
16.6191	17.5701
16.5614	17.5701
16.4750	17.5413
16.4173	17.5413
16.3597	17.5413
16.3021	17.5989
16.2444	17.5989
16.1868	17.5701
16.1291	17.5413
16.0715	17.5413
16.0139	17.5413
15.9274	17.5125
15.8698	17.5125
15.8121	17.5125
15.7545	17.5413
15.6680	17.5989
15.6104	17.6277
15.5816	17.6854
15.5816	17.7718
15.6104	17.8295
15.6392	17.8871
15.6392	17.9447
15.7257	18.0024
15.7833	18.0024
15.8409	18.0312
15.8986	18.0600
15.9562	18.0312
16.0139	18.0024
16.0715	18.0024
16.1003	18.0600
16.1291	18.1177
16.2156	18.1177
16.2732	18.1177
16.3309	18.0888
16.3885	18.0312
16.4462	18.0312
16.5326	18.0312
16.5614	18.0888
16.5614	18.1465
16.5614	18.2329
16.5038	18.2329
16.4462	18.2329
16.3885	18.2041
16.3309	18.2041
16.2444	18.1753
16.2156	18.2329
16.2156	18.2906
16.3021	18.3194
16.2732	18.3194
16.1868	18.3194
16.1291	18.2618
16.0715	18.2618
16.0139	18.2329
15.9274	18.2329
15.9274	18.2906
15.9850	18.3482
16.0139	18.4059
15.9850	18.4059
15.9274	18.4059
15.8698	18.4059
15.8121	18.4347
15.7545	18.4923
15.6969	18.5211
15.6680	18.4923
15.6104	18.4635
15.5528	18.4635
15.4951	18.4923
15.4951	18.5788
15.4663	18.6364
15.4663	18.6940
15.4375	18.7517
15.3798	18.7805
15.3222	18.8093
15.2646	18.8670
15.2357	18.9246
15.2357	18.9822
15.2646	19.0399
15.3222	19.0687
15.3798	19.1263
15.4663	19.1263
15.5239	19.1552
15.5816	19.1552
15.6392	19.1263
15.7257	19.0975
15.7833	19.0975
15.8409	19.1263
15.8986	19.1263
15.9562	19.0975
15.9562	19.0399
16.0139	18.9822
16.0715	19.0111
16.1291	19.0399
16.2156	19.0687
16.2732	19.0687
16.3309	19.0111
16.3597	18.9534
16.3885	18.8958
16.4462	18.8958
16.5326	18.8958
16.5902	18.8958
16.6479	18.8958
16.7055	18.8958
16.7632	18.8958
16.7632	18.8093
16.7632	18.8670
16.7632	18.9246
16.7920	18.9822
16.7920	19.0399
16.7632	19.0975
16.7055	19.0975
16.6767	19.1840
16.6479	19.2416
16.6479	19.2992
16.6767	19.3281
16.7632	19.3857
16.8208	19.3857
16.8784	19.3569
16.9073	19.2992
16.9937	19.2704
17.0514	19.2128
17.1090	19.1840
17.1666	19.2416
17.1666	19.2992
17.1666	19.3569
17.1666	19.4145
17.1666	19.4722
17.1378	19.4722
17.0802	19.5010
17.0225	19.5010
16.9649	19.5298
16.9073	19.5874
16.8496	19.6451
16.8496	19.7027
16.8496	19.7604
16.8784	19.8180
16.9361	19.8756
16.9361	19.9621
16.9361	19.9045
16.9361	19.9333
16.9361	20.0197
16.9361	20.0774
16.9361	20.1350
16.8784	20.1638
16.8208	20.1926
16.7343	20.2215
16.6767	20.2503
16.6479	20.3079
16.6479	20.3944
16.6191	20.4520
16.5902	20.5097
16.5902	20.5673
16.5902	20.6249
16.5326	20.6538
16.4750	20.6538
16.4173	20.6538
16.3309	20.7114
16.2732	20.7402
16.2444	20.7978
16.2156	20.8843
16.2156	20.9419
16.2444	20.9996
16.3021	21.0572
16.3309	21.1437
16.3885	21.1437
16.4462	21.2301
16.5038	21.2590
16.5614	21.3166
16.6191	21.3742
16.6191	21.4319
16.6191	21.4895
16.6191	21.5471
16.6191	21.6048
16.5614	21.6336
16.5038	21.6624
16.4173	21.6912
16.3597	21.7201
16.3309	21.7777
16.2732	21.8642
16.2444	21.9218
16.1580	21.9506
16.1580	22.0371
16.1580	22.0947
16.1580	22.1523
16.2156	22.1812
16.3021	22.1812
16.3597	22.1523
16.4173	22.1235
16.4750	22.0947
16.5326	22.0659
16.6191	22.0659
16.6767	22.0659
16.7343	22.0659
16.7920	22.1235
16.8496	22.1235
16.9361	22.1235
16.9937	22.1235
17.0514	22.1235
17.1090	22.1235
17.1378	22.1812
17.1378	22.2676
17.0802	22.3253
17.0514	22.3829
17.0225	22.4405
17.0225	22.4982
17.0514	22.4982
17.1378	22.4982
17.1954	22.4982
17.2531	22.4694
17.3107	22.4694
17.3684	22.4405
17.4548	22.3829
17.5125	22.3829
17.5701	22.4117
17.6277	22.4405
17.6854	22.3829
17.6854	22.3253
17.7142	22.2964
17.7718	22.2964
17.8295	22.3541
17.8871	22.3541
17.9447	22.3829
18.0024	22.4117
18.0888	22.4117
18.0888	22.3829
18.0888	22.2964
18.0888	22.2388
18.0888	22.1812
18.1177	22.1235
18.1177	22.0659
18.1465	22.0083
18.2041	21.9794
18.2618	21.9794
18.3194	21.9794
18.3482	21.9506
18.3482	21.8930
18.3482	21.8353
18.4059	21.8065
18.4347	21.7489
18.4923	21.6912
18.5211	21.6048
18.5788	21.6336
18.6652	21.6624
18.6940	21.6336
18.7229	21.5760
18.7229	21.5183
18.7229	21.5471
18.6940	21.6048
18.6940	21.6624
18.6940	21.7201
18.6940	21.8065
18.7517	21.8353
18.8093	21.8642
18.8381	21.9218
18.8381	21.9794
18.7805	22.0083
18.7229	22.0083
18.6652	22.0083
18.6076	22.0083
18.5500	22.0083
18.4635	21.9794
18.4059	21.9794
18.3770	22.0371
18.3770	22.0947
18.3770	22.1523
18.4635	22.2100
18.4059	22.2100
18.3482	22.2100
18.3194	22.2676
18.3482	22.3253
18.3770	22.3829
18.3194	22.3829
18.2618	22.3829
18.2041	22.3829
18.1465	22.3829
18.0888	22.4117
18.0888	22.4694
18.0888	22.5270
18.0888	22.5846
18.0600	22.6711
18.0312	22.7287
18.0024	22.7864
17.9736	22.8440
17.9447	22.9305
17.9447	22.9881
17.9736	22.9881
18.0600	23.0169
18.1177	23.0457
18.1753	23.0746
18.2329	23.0746
18.2906	23.0169
18.3770	23.0169
18.4347	23.0169
18.4923	23.0169
18.5500	23.0457
18.6076	23.0457
18.6940	23.0169
18.6940	22.9593
18.7805	22.9305
18.7805	22.9881
18.7805	23.0457
18.7229	23.0746
18.6652	23.1322
18.6076	23.1610
18.5788	23.2475
18.6076	23.3051
18.6652	23.3339
18.6652	23.3916
18.6364	23.4492
18.6940	23.4780
18.7517	23.4780
18.8093	23.4204
18.8670	23.3916
18.9246	23.3628
18.9246	23.3051
18.9246	23.2475
19.0111	23.2187
19.0687	23.2187
19.1263	23.2187
19.1840	23.1610
19.1840	23.1034
19.1552	23.0457
19.1552	22.9593
19.2128	22.9593
19.2704	22.9593
19.3281	22.9593
19.3857	22.9593
19.4722	22.9881
19.4722	23.0457
19.4145	23.0746
19.3569	23.1034
19.2992	23.1610
19.2416	23.2187
19.1552	23.2475
19.1840	23.3339
19.2416	23.3339
19.2416	23.4204
19.2128	23.4492
19.1552	23.4492
19.0687	23.5069
19.0399	23.5645
18.9822	23.5933
18.9534	23.6509
18.9534	23.7086
19.0111	23.7086
19.0687	23.7662
19.1263	23.7950
19.1840	23.8527
19.1840	23.9103
19.1552	23.9968
19.1840	23.9968
19.2704	23.9680
19.3281	23.9680
19.3857	23.9391
19.4433	23.9391
19.5010	23.9103
19.5874	23.8815
19.5874	23.9103
19.5874	23.9968
19.6163	24.0256
19.6739	24.0256
19.7604	23.9391
19.7892	23.8815
19.8468	23.8239
19.9333	23.7662
19.9909	23.7374
20.0197	23.6798
20.1062	23.6798
20.1638	23.7086
20.2215	23.7374
20.2791	23.8239
20.3079	23.8815
20.2791	23.8815
20.2215	23.8815
20.1638	23.8815
20.0774	23.9103
20.0197	23.9103
20.0197	23.9680
20.0197	24.0544
20.0485	24.0832
20.0197	24.1121
19.9909	24.1697
19.9333	24.1985
19.8468	24.2273
19.7892	24.2273
19.7315	24.2273
19.6739	24.2273
19.6739	24.3138
19.6739	24.3714
19.7315	24.4291
19.7604	24.4867
19.7027	24.4867
19.6451	24.4867
19.5874	24.4867
19.5586	24.5443
19.5874	24.6308
19.6451	24.6596
19.7027	24.7173
19.6739	24.7173
19.5874	24.7173
19.5298	24.7173
19.5010	24.8037
19.5010	24.8614
19.5010	24.9190
19.5586	24.9478
19.6163	24.9478
19.7027	24.9478
19.7604	24.9478
19.8180	24.9478
19.8756	24.9478
19.9333	25.0054
20.0197	24.9766
20.0485	24.9190
20.1062	24.8902
20.1926	24.8614
20.2503	24.8325
20.3079	24.8037
20.3656	24.8037
20.4232	24.7461
20.5097	24.7461
20.5673	24.7461
20.6249	24.7461
20.6249	24.6884
20.6249	24.6308
20.5961	24.5732
20.5673	24.4867
20.5385	24.4291
20.5673	24.4002
20.6538	24.4002
20.7114	24.4002
20.7690	24.3714
20.8267	24.3426
20.8843	24.2850
20.8843	24.2273
20.8843	24.1697
20.9419	24.1697
21.0284	24.1697
21.0284	24.2273
21.0284	24.2850
20.9996	24.3714
20.9996	24.4291
20.9996	24.4867
20.9996	24.5443
21.0284	24.6020
21.0284	24.6596
21.0284	24.7461
21.0572	24.8037
21.0860	24.8614
21.0572	24.9190
20.9996	24.9766
20.9708	25.0343
20.9131	25.0631
20.8555	25.0631
20.7978	25.0631
20.7690	25.1495
20.7690	25.2072
20.7978	25.2648
20.8555	25.3225
20.8267	25.3801
20.7690	25.4089
20.7402	25.4666
20.7402	25.5530
20.7402	25.6107
20.7402	25.6683
20.7402	25.7259
20.7978	25.7547
20.8555	25.7547
20.9419	25.7547
20.9996	25.7259
21.0572	25.6971
21.1149	25.6395
21.1725	25.6107
21.2301	25.6107
21.2878	25.6107
21.3454	25.6395
21.4319	25.6971
21.4895	25.6971
21.5471	25.6971
21.6048	25.7259
21.6624	25.7836
21.7201	25.7836
21.7777	25.7836
21.8353	25.7836
21.8930	25.7259
21.9218	25.6395
21.9218	25.5818
21.9218	25.5242
21.9506	25.4666
21.9506	25.4089
22.0083	25.3513
22.0659	25.3513
22.1523	25.3225
22.1812	25.2648
22.1523	25.2360
22.0947	25.2072
22.0083	25.1784
21.9794	25.1207
21.9794	25.0631
21.9794	25.0054
22.0659	24.9766
22.1235	24.9766
22.1812	24.9766
22.2388	24.9478
22.2388	24.8902
22.2100	24.8325
22.1235	24.7749
22.0947	24.6884
22.1235	24.6308
22.1812	24.6020
22.2676	24.5732
22.3253	24.5155
22.3829	24.5155
22.4405	24.5155
22.4982	24.5732
22.5558	24.6308
22.6135	24.6884
22.5846	24.7461
22.5270	24.7461
22.4694	24.8325
22.4694	24.8902
22.4117	24.9478
22.4117	25.0054
22.4694	25.0631
22.5270	25.0631
22.5846	25.0631
22.6711	25.0631
22.7287	25.0919
22.7576	25.0631
22.7864	25.0054
22.8152	24.9478
22.8440	24.8614
22.8728	24.8037
22.9305	24.7461
22.9593	24.6884
23.0169	24.6884
23.0457	24.7461
23.1034	24.7749
23.1034	24.8325
23.0457	24.9190
23.0457	24.9766
23.0746	25.0054
23.1322	25.0631
23.1322	25.1207
23.1034	25.1495
23.0457	25.1495
22.9881	25.1495
22.9016	25.1495
22.8440	25.1784
22.7864	25.2360
22.7287	25.2648
22.6423	25.2936
22.5846	25.3225
22.5270	25.3225
22.4694	25.3513
22.4117	25.3801
22.3541	25.3801
22.3541	25.4666
22.3829	25.5242
22.4405	25.5530
22.4982	25.5530
22.4694	25.5818
22.4117	25.6107
22.3541	25.6395
22.2964	25.6971
22.2964	25.7547
22.3253	25.8124
22.3829	25.8700
22.4117	25.9277
22.4694	25.9277
22.5558	25.9277
22.6135	25.8988
22.6711	25.8988
22.7287	25.8412
22.7864	25.8124
22.8728	25.8124
22.9305	25.7836
22.9593	25.8124
22.9593	25.8700
22.9881	25.9565
22.9593	25.9565
22.9016	25.9565
22.8440	25.9565
22.8440	26.0141
22.8440	26.1006
22.9016	26.1294
22.9593	26.1870
22.9305	26.2159
22.8440	26.2735
22.8152	26.3311
22.7576	26.3888
22.7576	26.4464
22.8152	26.4752
22.8728	26.5329
22.8728	26.5905
22.8440	26.6481
22.8440	26.7058
22.8440	26.7634
22.8728	26.8499
22.9016	26.9075
22.9593	26.9652
22.9881	27.0228
23.0457	27.0516
23.1322	27.0804
23.1898	27.0804
23.2187	27.0228
23.2187	26.9652
23.2187	26.8787
23.3051	26.8787
23.3628	26.8787
23.4204	26.8787
23.4780	26.9075
23.5357	26.9363
23.6221	26.9940
23.6798	27.0228
23.7374	27.0516
23.7950	27.0804
23.8527	27.0804
23.9391	27.0516
23.9391	26.9940
23.9968	26.9363
23.9968	26.8787
23.9680	26.8211
23.8815	26.7922
23.8239	26.7346
23.7950	26.6770
23.7662	26.6193
23.7662	26.5617
23.7950	26.5617
23.8527	26.5040
23.8815	26.4464
23.8527	26.4176
23.7950	26.3888
23.7374	26.3311
23.7086	26.2447
23.7662	26.2447
23.8239	26.1870
23.8239	26.1294
23.8239	26.0718
23.8239	26.0141
23.7662	25.9853
23.7086	25.9277
23.7086	25.8412
23.6509	25.7836
23.6798	25.7547
23.7374	25.7547
23.8239	25.7259
23.8239	25.6683
23.8239	25.6107
23.7950	25.5242
23.7662	25.4666
23.7662	25.4089
23.7374	25.3513
23.7374	25.2936
23.7374	25.2072
23.7950	25.1495
23.8239	25.0919
23.9103	25.0631
23.9391	25.0919
23.9968	25.1784
24.0544	25.2072
24.0832	25.2648
24.0832	25.3225
24.1121	25.4089
24.1697	25.4666
24.1697	25.5242
24.1697	25.5818
24.1697	25.6395
24.1697	25.7259
24.1697	25.7836
24.2273	25.8124
24.2850	25.8700
24.3138	25.9277
24.3138	25.9853
24.3138	26.0429
24.3138	26.1006
24.3138	26.1870
24.3426	26.2447
24.4002	26.2735
24.4867	26.2735
24.5443	26.2735
24.5443	26.3311
24.5443	26.4176
24.5443	26.4752
24.5443	26.5329
24.5732	26.5905
24.6596	26.6193
24.7173	26.6193
24.7749	26.6481
24.8325	26.6481
24.8325	26.7058
24.8902	26.7634
24.8902	26.8211
24.9766	26.8787
25.0343	26.9075
25.0919	26.9652
25.1495	26.9652
25.2072	26.9652
25.2648	26.9652
25.3513	26.9652
25.4089	26.9075
25.4377	26.8499
25.4954	26.7922
25.4954	26.7346
25.4954	26.6770
25.4954	26.6193
25.4954	26.5329
25.5530	26.5329
25.6107	26.4464
25.6107	26.3888
25.5818	26.3311
25.6107	26.3311
25.6683	26.3888
25.6683	26.4464
25.6395	26.5040
25.6107	26.5905
25.6395	26.5905
25.6971	26.5905
25.7547	26.5905
25.7547	26.6481
25.7259	26.7058
25.7259	26.7634
25.7836	26.7922
25.8412	26.8211
25.8412	26.8787
25.8412	26.9363
25.8412	26.9940
25.8700	27.0228
25.9277	27.0516
25.9853	27.0516
26.0718	27.0516
26.1294	27.0228
26.1870	27.0228
26.2447	26.9940
26.3023	26.9075
26.3600	26.8499
26.3888	26.7922
26.4464	26.7346
26.4464	26.6481
26.4464	26.5905
26.4464	26.5329
26.4752	26.5040
26.5329	26.4176
26.5905	26.4176
26.6481	26.4464
26.7346	26.4752
26.7922	26.5329
26.8499	26.5329
26.9075	26.4752
26.9075	26.4176
26.9075	26.3600
26.8787	26.2735
26.8211	26.2735
26.7634	26.1870
26.7634	26.1294
26.7634	26.0718
26.7634	26.0141
26.7634	25.9565
26.7634	25.8988
26.7634	25.8124
26.6770	25.8124
26.6193	25.8124
26.5617	25.8124
26.5040	25.7836
26.4752	25.7259
26.4752	25.6683
26.4752	25.5818
26.4752	25.5242
26.5040	25.4666
26.5905	25.4377
26.6481	25.4089
26.7058	25.3801
26.7634	25.3513
26.8211	25.3513
26.8211	25.3801
26.8499	25.4377
26.8499	25.4954
26.8211	25.5530
26.7634	25.6107
26.8211	25.6395
26.8787	25.6395
26.9363	25.6971
26.9652	25.7547
26.9363	25.8124
26.9075	25.8700
26.8499	25.9565
26.8499	26.0141
26.9075	26.0429
26.9652	26.0429
27.0228	26.1006
27.0804	26.1294
27.0804	26.2159
27.0804	26.2735
27.0804	26.3311
27.1092	26.3888
27.1669	26.4176
27.2245	26.4464
27.3110	26.4752
27.3110	26.5329
27.3110	26.6193
27.3110	26.6770
27.3686	26.7346
27.4263	26.7634
27.4839	26.7634
27.5415	26.7634
27.6280	26.7922
27.6856	26.8211
27.7433	26.7922
27.7721	26.7346
27.7721	26.6770
27.7721	26.6193
27.8009	26.5617
27.8585	26.4752
27.9162	26.4464
27.9450	26.3888
27.8874	26.3023
27.8297	26.3023
27.7721	26.2447
27.7145	26.1870
27.6568	26.1294
27.6568	26.0718
27.6568	25.9853
27.6568	25.9277
27.6856	25.8700
27.6856	25.8124
27.7145	25.7547
27.7145	25.6683
27.7433	25.6107
27.7433	25.5530
27.7721	25.4954
27.7721	25.4377
27.7721	25.3801
27.7721	25.3225
27.7721	25.2360
27.7721	25.1784
27.7721	25.1207
27.7721	25.0631
27.7721	25.0054
27.7433	24.9478
27.7433	24.8614
27.7433	24.8037
27.7433	24.7461
27.7433	24.6884
27.7145	24.6308
27.7145	24.5732
27.6568	24.4867
27.6568	24.4291
27.6280	24.3714
27.6280	24.3138
27.6280	24.2562
27.6568	24.2562
27.6856	24.3138
27.7721	24.3138
27.8297	24.3714
27.8874	24.4002
27.9450	24.4867
28.0026	24.4867
28.0603	24.5443
28.0891	24.6020
28.1756	24.6308
28.2332	24.6596
28.2908	24.6308
28.3485	24.6020
28.4349	24.6020
28.4349	24.6308
28.4349	24.7173
28.4349	24.7749
28.4349	24.8325
28.4349	24.8902
28.4349	24.9478
28.4638	24.9478
28.5214	25.0054
28.5214	25.0631
28.5502	25.1207
28.5790	25.1784
28.6655	25.2360
28.7231	25.2648
28.7808	25.2648
28.8384	25.2648
28.8960	25.2936
28.9825	25.3225
28.9825	25.3801
28.9537	25.4377
28.9249	25.4954
28.8960	25.5818
28.8672	25.6395
28.8384	25.6971
28.8384	25.7547
28.8960	25.8124
28.9825	25.8124
29.0113	25.8988
29.0690	25.9565
29.1266	26.0141
29.1842	26.0141
29.2419	26.0141
29.2995	26.0141
29.3571	26.0141
29.4436	26.0141
29.4724	25.9565
29.5301	25.8988
29.5301	25.8412
29.5301	25.7836
29.5589	25.6971
29.6165	25.6395
29.6742	25.5818
29.7030	25.5242
29.7606	25.4377
29.7606	25.3801
29.7606	25.3225
29.7606	25.2648
29.7318	25.2072
29.6742	25.1207
29.6165	25.1207
29.5589	25.0631
29.4724	25.0343
29.4724	24.9766
29.4724	24.9190
29.5301	24.8614
29.5012	24.8037
29.5012	24.7173
29.5012	24.6596
29.5012	24.6020
29.5012	24.5443
29.5012	24.4867
29.5012	24.4291
29.5012	24.3426
29.5301	24.2850
29.5301	24.2273
29.5301	24.1697
29.6165	24.1409
29.6742	24.1697
29.7318	24.1985
29.7894	24.1985
29.8471	24.1409
29.8183	24.1697
29.8183	24.2562
29.7894	24.3138
29.7894	24.3714
29.8183	24.3714
29.8759	24.3714
29.9335	24.3714
29.9912	24.2850
30.0200	24.2273
30.1064	24.1985
30.1353	24.2273
30.1641	24.2850
30.1929	24.3426
30.2217	24.4002
30.2794	24.4867
30.3370	24.5155
30.3946	24.5443
30.4523	24.5443
30.5099	24.6020
30.5099	24.6596
30.5099	24.7173
30.5099	24.8037
30.5387	24.8614
30.5964	24.8902
30.6540	24.8902
30.7405	24.8614
30.7405	24.8037
30.7405	24.7461
30.7405	24.6884
30.7116	24.6020
30.6828	24.5443
30.6540	24.4867
30.6540	24.4291
30.6540	24.3426
30.6540	24.2850
30.6540	24.2273
30.6540	24.1697
30.5964	24.1121
30.5387	24.1121
30.5099	24.0544
30.5387	24.0256
30.5964	24.0256
30.5964	23.9680
30.5676	23.9103
30.5099	23.8527
30.4523	23.7950
30.4235	23.7374
30.4235	23.6798
30.4235	23.6221
30.4235	23.5645
30.4523	23.4780
30.4523	23.4204
30.3946	23.3916
30.3370	23.3051
30.3082	23.2475
30.2505	23.2187
30.2217	23.1322
30.2217	23.0746
30.2505	23.1322
30.3082	23.1610
30.3658	23.2187
30.3946	23.2763
30.4235	23.3339
30.4811	23.3628
30.5676	23.3916
30.6252	23.4204
30.6828	23.4204
30.7116	23.3916
30.7981	23.3628
30.8269	23.3051
30.8846	23.3051
30.9134	23.3339
30.9422	23.3916
30.9422	23.4492
30.9422	23.5069
30.9422	23.5933
30.9998	23.6221
31.0575	23.6221
31.1151	23.6221
31.2016	23.5645
31.2592	23.5357
31.2880	23.5645
31.2880	23.6221
31.3457	23.6798
31.4033	23.7086
31.4609	23.7086
31.5186	23.7086
31.6050	23.6798
31.6339	23.7374
31.6915	23.7950
31.7491	23.8239
31.8068	23.8815
31.8644	23.8815
31.9221	23.8527
31.9509	23.8815
31.9797	23.9391
32.0373	23.9968
32.0950	23.9968
32.1814	24.0256
32.2391	24.0544
32.2967	24.0544
32.3255	23.9968
32.4120	23.9391
32.4696	23.9103
32.5273	23.8815
32.5849	23.8815
32.6425	23.8815
32.7290	23.8815
32.7290	23.8239
32.7290	23.7662
32.7290	23.7086
32.7290	23.6509
32.7290	23.5645
32.7290	23.5069
32.7578	23.4492
32.7578	23.3916
32.6714	23.3628
32.6137	23.3339
32.5561	23.2763
32.4984	23.2763
32.4408	23.2475
32.4120	23.1898
32.4120	23.1322
32.3543	23.0746
32.2679	23.0746
32.2102	23.0746
32.1526	23.0746
32.0950	23.0746
32.0373	23.0457
31.9797	22.9881
31.9797	22.9305
31.9797	22.8440
31.9797	22.7864
31.9797	22.7287
31.9509	22.6711
31.9509	22.6135
31.9797	22.5270
32.0373	22.4982
32.0950	22.4982
32.1814	22.4982
32.2391	22.5270
32.2967	22.5558
32.3543	22.5558
32.4120	22.6135
32.4984	22.6135
32.5273	22.5558
32.5561	22.4982
32.5849	22.4405
32.6425	22.4405
32.7002	22.4405
32.7002	22.4117
32.6714	22.3541
32.6137	22.2964
32.5273	22.2676
32.4984	22.2100
32.4696	22.1235
32.4696	22.0659
32.4984	22.0659
32.5849	22.0083
32.6137	21.9506
32.6425	21.8930
32.7002	21.8930
32.7578	21.9506
32.8154	21.9506
32.9019	21.9506
32.9019	21.8930
32.9019	21.8353
32.9019	21.7489
32.9595	21.7489
33.0172	21.7201
33.0460	21.6624
33.0748	21.6048
33.0748	21.5183
32.9884	21.4895
32.9307	21.4607
32.8731	21.4607
32.8154	21.4607
32.7578	21.4895
32.7002	21.4895
32.6425	21.4607
32.6137	21.4031
32.5561	21.3742
32.4984	21.4031
32.4696	21.4607
32.4408	21.4319
32.4120	21.3454
32.4408	21.3166
32.4984	21.2878
32.4984	21.2301
32.4408	21.1725
32.3832	21.1437
32.3543	21.0860
32.2967	20.9996
32.2679	20.9419
32.2679	20.8843
32.3255	20.8555
32.3543	20.7978
32.3543	20.7402
32.3543	20.6826
32.3543	20.7114
32.4120	20.7402
32.4984	20.7978
32.5273	20.7690
32.5273	20.7114
32.5273	20.6249
32.5273	20.6826
32.5849	20.7402
32.6425	20.7690
32.7002	20.8555
32.7578	20.8555
32.8154	20.8555
32.9019	20.8843
32.9307	20.9419
32.9884	21.0284
33.0460	21.0284
33.1036	21.0572
33.1613	21.0860
33.2189	21.0572
33.2189	20.9708
33.2189	20.9131
33.2477	20.8555
33.2766	20.7978
33.2477	20.7402
33.2477	20.6538
33.2189	20.5961
33.1613	20.5673
33.1901	20.5385
33.2477	20.5385
33.3054	20.5097
33.3630	20.4808
33.4495	20.4808
33.5071	20.4520
33.5359	20.3944
33.5936	20.3367
33.5647	20.2791
33.4783	20.2503
33.4207	20.2503
33.3630	20.2503
33.3054	20.2791
33.2477	20.2791
33.1613	20.2791
33.1613	20.2215
33.1036	20.1638
33.0748	20.0774
33.0172	20.0774
32.9884	19.9909
32.9884	19.9333
33.0172	19.9333
33.0748	19.9621
33.1325	19.9909
33.1901	20.0197
33.2766	20.0197
33.3342	20.0197
33.3630	19.9621
33.3630	19.9045
33.3342	19.8468
33.3630	19.8468
33.4495	19.8756
33.5071	19.8756
33.5647	19.8756
33.5936	19.9333
33.6512	19.9621
33.7377	19.9621
33.7953	19.9621
33.8529	20.0197
33.9106	20.0197
33.9106	19.9621
33.9682	19.9045
33.9682	19.8468
33.9970	19.7604
33.9970	19.7027
33.9394	19.6451
33.8818	19.6163
33.8241	19.6163
33.7665	19.6163
33.7088	19.6163
33.6224	19.6451
33.5647	19.6451
33.5071	19.6451
33.4783	19.5874
33.4207	19.5586
33.3630	19.5298
33.3054	19.5586
33.2189	19.5586
33.2189	19.5298
33.2477	19.4722
33.2477	19.4145
33.2477	19.3569
33.2477	19.2992
33.2189	19.2128
33.2189	19.1552
33.1901	19.0975
33.1325	19.0687
33.0460	19.0975
33.0460	19.1552
33.0172	19.2128
32.9884	19.2704
32.9307	19.3281
32.8731	19.3281
32.8154	19.3281
32.7866	19.3857
32.7866	19.4433
32.7866	19.5010
32.7290	19.5586
32.6714	19.5586
32.6137	19.5586
32.5561	19.5586
32.5561	19.5298
32.5561	19.4722
32.5561	19.3857
32.5273	19.3569
32.4408	19.3569
32.4120	19.4433
32.3543	19.5010
32.2967	19.5298
32.2679	19.5874
32.1814	19.6163
32.1814	19.5586
32.1526	19.5010
32.1238	19.4433
32.0662	19.4433
32.0085	19.4722
31.9509	19.5298
31.9509	19.5874
31.8932	19.6451
31.8356	19.7027
31.7780	19.7027
31.6915	19.7027
31.6339	19.6451
31.6627	19.7027
31.6915	19.7604
31.7491	19.8180
31.8068	19.8756
31.7780	19.8180
31.7203	19.7892
31.6627	19.7604
31.6050	19.7315
31.6050	19.6739
31.6050	19.5874
31.6339	19.5298
31.6915	19.4722
31.7203	19.4145
31.7780	19.3281
31.8356	19.3281
31.8644	19.2416
31.9221	19.1840
31.9221	19.1263
31.9221	19.0687
31.9509	19.0111
32.0085	18.9822
32.0950	18.9246
32.1526	18.9246
32.2102	18.8958
32.2679	18.8670
32.3255	18.8381
32.4120	18.8381
32.4696	18.8381
32.5273	18.8958
32.5849	18.8958
32.6425	18.9246
32.7290	18.9246
32.7866	18.9246
32.7866	18.8670
32.7578	18.7805
32.7002	18.7517
32.6714	18.6940
32.5849	18.6364
32.6137	18.5788
32.6714	18.5211
32.7290	18.5211
32.7866	18.4635
32.8731	18.4635
32.9307	18.4923
32.9884	18.4923
33.0460	18.5500
33.1036	18.5500
33.1901	18.5211
33.1901	18.4347
33.1901	18.3770
33.2477	18.3482
33.3054	18.3482
33.3630	18.3482
33.4207	18.3194
33.5071	18.3194
33.5647	18.3194
33.6224	18.3194
33.6800	18.2906
33.6800	18.2041
33.7088	18.1465
33.7377	18.0888
33.7953	18.0312
33.8241	17.9736
33.8241	17.8871
33.8529	17.8295
33.8241	17.8583
33.7953	17.9159
33.7665	17.9736
33.7665	18.0312
33.7665	18.0888
33.7665	18.0600
33.8241	18.0312
33.8818	17.9447
33.8818	17.8871
33.8529	17.8295
33.7953	17.7718
33.7377	17.7718
33.6800	17.7718
33.6224	17.7718
33.5647	17.7718
33.4783	17.7718
33.4207	17.7718
33.3630	17.7718
33.3054	17.8007
33.2477	17.8007
33.1613	17.8295
33.1036	17.8295
33.0460	17.7718
32.9884	17.7142
32.9019	17.7430
32.8731	17.8007
32.8154	17.8583
32.7578	17.9159
32.7002	17.9159
32.6425	17.9159
32.5849	17.8871
32.4984	17.8583
32.4408	17.8583
32.3832	17.8583
32.3255	17.8583
32.2679	17.8295
32.2102	17.8007
32.1238	17.8007
32.0662	17.8007
32.0085	17.7718
31.9509	17.7718
31.8932	17.7430
31.8068	17.7142
31.8356	17.6566
31.8068	17.6277
31.7491	17.6277
31.6627	17.6277
31.6050	17.6277
31.5474	17.5989
31.4898	17.5413
31.4321	17.5413
31.3457	17.4836
31.2880	17.4548
31.2304	17.3972
31.1728	17.3395
31.1439	17.2819
31.1151	17.1954
31.0575	17.1954
30.9998	17.1378
30.9422	17.1378
30.9422	17.0802
30.9998	17.0514
31.0575	17.0225
31.1151	17.0225
31.1728	16.9937
31.2304	16.9649
31.2592	17.0225
31.3169	17.0514
31.4033	17.0802
31.4609	17.1090
31.4609	17.1666
31.5474	17.1954
31.6050	17.1954
31.6627	17.1954
31.6915	17.2531
31.7491	17.3395
31.8068	17.3395
31.8932	17.3684
31.8932	17.4260
31.9509	17.4548
32.0373	17.4836
32.0950	17.5125
32.1526	17.5701
32.2102	17.5701
32.2967	17.5413
32.3255	17.4836
32.3543	17.4260
32.4120	17.3684
32.4696	17.3684
32.4696	17.3107
32.4408	17.2819
32.3832	17.2819
32.3255	17.2531
32.2679	17.2531
32.1814	17.2531
32.1238	17.2243
32.0950	17.1666
32.0950	17.1090
32.0373	17.0802
31.9509	17.0802
31.8932	17.0514
31.8356	16.9937
31.7780	16.9937
31.8068	16.9361
31.8644	16.9073
31.9221	16.9073
32.0085	16.9361
32.0662	16.9649
32.1238	16.9937
32.1814	17.0514
32.1814	16.9937
32.2391	16.9649
32.3255	16.9649
32.3832	16.9937
32.4408	17.0225
32.4984	17.0225
32.5561	17.0225
32.6425	17.0225
32.6425	16.9937
32.7002	16.9937
32.7578	16.9937
32.8154	16.9937
32.8731	16.9937
32.9307	16.9937
33.0172	16.9649
33.0748	16.9361
33.1036	16.8784
33.1613	16.8784
33.2477	16.8496
33.3054	16.8208
33.3342	16.7632
33.3342	16.6767
33.3054	16.6191
33.2766	16.5614
33.2189	16.5614
33.1613	16.5614
33.1036	16.5902
33.0460	16.6191
32.9595	16.6479
32.9019	16.6479
32.8443	16.6479
32.8154	16.6191
32.8154	16.5614
32.7866	16.5038
32.7578	16.4462
32.7002	16.4173
32.6425	16.4173
32.5849	16.4462
32.4984	16.4462
32.4984	16.3885
32.4984	16.3309
32.4984	16.2732
32.5561	16.2732
32.6137	16.2156
32.5561	16.1580
32.4984	16.1580
32.4984	16.1003
32.5561	16.0715
32.6137	16.0427
32.6425	15.9850
32.6137	15.9850
32.5561	15.9562
32.5273	15.8986
32.5273	15.8121
32.5273	15.7545
32.4984	15.6969
32.4984	15.6392
32.4408	15.5816
32.4120	15.4951
32.3543	15.4951
32.3543	15.5239
32.3543	15.5816
32.3543	15.6392
32.3543	15.6969
32.3543	15.7545
32.3832	15.8409
32.3832	15.8986
32.3832	15.9562
32.3255	16.0139
32.3255	16.0715
32.2967	16.1580
32.2391	16.1580
32.1814	16.1580
32.0950	16.1580
32.0373	16.1580
32.0373	16.1868
32.0373	16.2444
32.0085	16.3021
31.9509	16.3597
31.8644	16.3597
31.8068	16.3597
31.7491	16.3597
31.6915	16.3309
31.6339	16.3021
31.6050	16.2444
31.6339	16.1580
31.6915	16.1003
31.6915	16.0427
31.7491	15.9850
31.8068	15.9274
31.8644	15.9274
31.9509	15.9274
32.0085	15.9274
32.0662	15.9274
32.1238	15.8698
32.1814	15.8698
32.1814	15.8121
32.1814	15.7545
32.0950	15.7257
32.0373	15.6680
31.9797	15.6104
31.9221	15.5816
31.8644	15.5816
31.7780	15.5816
31.7203	15.5816
31.6627	15.5816
31.6339	15.4951
31.6915	15.4663
31.7203	15.4087
31.7491	15.3510
31.7491	15.2646
31.7491	15.2069
31.7491	15.1493
31.7203	15.0916
31.7203	15.0340
31.6915	14.9476
31.6627	14.8899
31.6627	14.8323
31.6339	14.7746
31.6050	14.7170
31.5762	14.6594
31.5762	14.5729
31.5474	14.5153
31.5186	14.4576
31.4898	14.4000
31.4898	14.3423
31.4898	14.2559
31.4898	14.1983
31.5186	14.1983
31.5762	14.1694
31.6339	14.1406
31.6915	14.1118
31.7780	14.1118
31.8356	14.1118
31.8932	14.0830
31.9509	14.0542
32.0085	13.9965
32.0085	13.9389
31.9509	13.8524
31.8932	13.8236
31.8356	13.7948
31.7780	13.7948
31.7203	13.7948
31.6339	13.8236
31.5762	13.7948
31.5186	13.7660
31.4609	13.6795
31.4033	13.6507
31.3457	13.6507
31.3745	13.5931
31.3745	13.5354
31.4033	13.4490
31.4321	13.3913
31.4321	13.3337
31.4321	13.2760
31.4321	13.2184
31.4321	13.1608
31.4321	13.0743
31.4321	13.0167
31.4321	12.9590
31.4321	12.9014
31.5186	12.9014
31.5762	12.8726
31.6339	12.8438
31.6915	12.8438
31.7491	12.8438
31.8068	12.8438
31.8932	12.8149
31.9221	12.7573
31.9221	12.6997
31.9509	12.6132
31.9509	12.5556
31.9509	12.4979
31.9221	12.4691
31.8356	12.4691
31.7780	12.4691
31.7203	12.4691
31.6627	12.4691
31.6050	12.4979
31.5474	12.5267
31.4609	12.5844
31.4033	12.5844
31.3745	12.5267
31.3169	12.4691
31.2880	12.3826
31.2592	12.3250
31.2016	12.2674
31.1439	12.2674
31.0863	12.2962
31.0287	12.3250
30.9710	12.3250
30.9134	12.2674
30.8557	12.2674
30.7981	12.2674
30.7116	12.2962
30.6540	12.3250
30.5964	12.3250
30.5387	12.3250
30.4811	12.3250
30.4235	12.3250
30.4235	12.2674
30.4235	12.2097
30.4235	12.1521
30.4523	12.0945
30.5099	12.0656
30.5676	12.0368
30.6252	11.9792
30.6828	11.9504
30.7405	11.9215
30.7981	11.9215
30.8846	11.9215
30.9422	11.9504
30.9998	12.0368
31.0575	12.0656
31.1439	12.0945
31.2016	12.0945
31.2592	12.0945
31.3169	12.1233
31.3745	12.1521
31.4609	12.1809
31.5186	12.2097
31.5762	12.2097
31.6339	12.1521
31.6915	12.1521
31.7780	12.0945
31.7203	12.0656
31.6627	12.0368
31.6050	12.0080
31.5474	12.0080
31.4898	11.9504
31.4033	11.9215
31.3457	11.8639
31.2880	11.8351
31.2304	11.7774
31.1728	11.7198
31.2016	11.6622
31.2880	11.6045
31.3457	11.5757
31.4033	11.5469
31.4609	11.5181
31.4898	11.5469
31.5186	11.6045
31.5186	11.6910
31.5762	11.7486
31.6050	11.8063
31.6627	11.8639
31.6915	11.9504
31.7780	11.9792
31.8356	12.0368
31.8932	12.0368
31.9509	12.0080
32.0085	11.9504
32.0373	11.8927
32.0373	11.8351
31.9797	11.7486
31.9221	11.7198
31.8932	11.6622
31.9221	11.6045
31.9509	11.5469
32.0085	11.4892
31.9797	11.4028
31.9221	11.4028
31.8644	11.4028
31.8644	11.3740
31.9221	11.3163
31.9221	11.2299
31.8932	11.1722
31.8356	11.1434
31.7780	11.0858
31.7491	11.0281
31.7203	10.9705
31.6627	10.9129
31.6339	10.8264
31.6339	10.7688
31.6915	10.7400
31.7491	10.7400
31.8068	10.7400
31.8644	10.7688
31.9221	10.7688
31.9221	10.7400
31.9221	10.6823
32.0085	10.6247
32.0662	10.6247
32.1238	10.6247
32.1814	10.6247
32.2391	10.6247
32.2967	10.6247
32.3832	10.5959
32.4408	10.5382
32.4984	10.5094
32.5561	10.4806
32.6137	10.4229
32.6137	10.3365
32.5561	10.3365
32.4984	10.2788
32.4120	10.2500
32.3543	10.2212
32.2967	10.1924
32.2391	10.1924
32.1814	10.1636
32.0950	10.1636
32.0373	10.1636
31.9797	10.1636
31.9509	10.1059
31.8932	10.0483
31.8932	9.9907
31.8932	9.9330
31.9221	9.8754
31.9509	9.7889
32.0085	9.7313
32.0373	9.6736
32.0950	9.6448
32.1526	9.6448
32.2391	9.6736
32.2967	9.6736
32.2967	9.7313
32.3255	9.7889
32.3543	9.8466
32.4120	9.9042
32.4696	9.9618
32.5273	9.9907
32.5849	9.9907
32.6425	9.9907
32.7002	9.9907
32.7866	9.9907
32.7866	10.0483
32.7866	10.1059
32.8154	10.1636
32.8731	10.1636
32.9307	10.1636
33.0172	10.1059
33.0748	10.0771
33.1325	10.0483
33.1901	9.9907
33.1613	9.9042
33.1036	9.8754
33.0460	9.8177
32.9595	9.7889
32.9019	9.7313
32.8731	9.6736
32.8154	9.6160
32.8443	9.6160
32.9019	9.5872
32.9884	9.5872
33.0460	9.5872
33.1036	9.5872
33.1613	9.5584
33.2189	9.5584
33.2766	9.5295
33.3630	9.5007
33.4207	9.5007
33.4783	9.4719
33.5071	9.4143
33.5359	9.3278
33.5071	9.2702
33.4495	9.2702
33.3918	9.2990
33.3054	9.3278
33.2477	9.3566
33.1901	9.3566
33.1325	9.3854
33.1325	9.3278
33.0748	9.3278
33.0172	9.3278
32.9884	9.3566
32.9307	9.3854
32.8443	9.3854
32.7866	9.3854
32.7290	9.3566
32.6714	9.3854
32.6137	9.3854
32.6137	9.3566
32.6137	9.2702
32.5849	9.2125
32.5849	9.1549
32.6714	9.1261
32.7002	9.0684
32.7578	9.0684
32.8443	9.0108
32.8443	8.9532
32.7866	8.8955
32.7578	8.8379
32.7866	8.7802
32.8443	8.7226
32.8443	8.6650
32.7866	8.6073
32.7290	8.5497
32.6714	8.4921
32.5849	8.4344
32.5561	8.4632
32.5561	8.5497
32.5561	8.6073
32.5561	8.6650
32.5273	8.7226
32.5273	8.7802
32.4408	8.8379
32.3832	8.8667
32.3255	8.8667
32.2679	8.8667
32.2102	8.8667
32.1238	8.8667
32.0662	8.8667
32.0085	8.8955
31.9509	8.8955
31.8932	8.8955
31.8068	8.8379
31.7491	8.8091
31.7203	8.7226
31.7203	8.6650
31.7491	8.6362
31.8068	8.5785
31.8644	8.5209
31.8932	8.4632
31.9509	8.3768
32.0085	8.3480
32.0373	8.2903
32.0662	8.2327
32.1238	8.1462
32.1814	8.1462
32.2391	8.1174
32.2967	8.1174
32.3543	8.0886
32.4408	8.0886
32.4984	8.1174
32.5561	8.1750
32.5849	8.2327
32.6137	8.2903
32.6425	8.3480
32.6714	8.4344
32.7578	8.4632
32.8154	8.4921
32.8731	8.5209
32.9307	8.6073
32.9595	8.6650
33.0172	8.6938
33.1036	8.7226
33.1036	8.7802
33.1036	8.8379
33.1325	8.9243
33.1901	8.9820
33.2766	8.9820
33.3342	8.9820
33.3918	8.9820
33.4207	9.0396
33.5071	9.1261
33.5647	9.1261
33.6224	9.1549
33.6800	9.1549
33.7377	9.1549
33.7665	9.0973
33.7953	9.0396
33.7953	8.9820
33.7953	8.9243
33.7665	8.9243
33.7088	8.9243
33.6224	8.8955
33.5647	8.8379
33.5359	8.7802
33.5071	8.7226
33.5071	8.6650
33.5071	8.6073
33.5071	8.5497
33.4783	8.4632
33.4207	8.4632
33.3630	8.4632
33.3054	8.4632
33.3342	8.4344
33.3918	8.3768
33.4495	8.3768
33.5359	8.3191
33.5936	8.2903
33.6512	8.2615
33.7088	8.2039
33.7665	8.1462
33.7665	8.0886
33.7377	8.0309
33.6800	8.0309
33.6224	8.0309
33.5647	8.0309
33.5071	8.0598
33.5647	8.0598
33.5936	7.9733
33.6512	7.9157
33.6512	7.8580
33.6512	7.8004
33.6512	7.7428
33.6512	7.6563
33.6512	7.5987
33.5936	7.5698
33.5359	7.5698
33.5071	7.6275
33.5071	7.6851
33.4783	7.7428
33.4207	7.8004
33.3918	7.8869
33.3342	7.8869
33.2766	7.8869
33.1901	7.8869
33.1901	7.8292
33.1901	7.7716
33.1325	7.7716
33.0748	7.8292
33.0460	7.8869
32.9595	7.8869
32.9019	7.8869
32.8443	7.8580
32.8154	7.8004
32.7866	7.7428
32.7290	7.7139
32.6425	7.7139
32.5849	7.6851
32.5561	7.6275
32.5561	7.5698
32.5561	7.5122
32.5849	7.4546
32.6137	7.3681
32.7002	7.3681
32.7578	7.3393
32.8154	7.2528
32.8731	7.2240
32.9307	7.1664
32.9884	7.1087
33.0460	7.0799
33.1036	7.0799
33.1901	7.0511
33.1901	6.9935
33.1613	6.9358
33.1036	6.9358
33.0460	6.9358
32.9884	6.9358
32.9307	6.9358
32.8443	6.9070
32.8443	6.8494
32.8443	6.7917
32.7578	6.7341
32.7002	6.7629
32.6425	6.8205
32.5849	6.8494
32.5273	6.9358
32.4696	6.9935
32.4120	7.0511
32.3255	7.1087
32.2967	7.1952
32.2102	7.2240
32.1526	7.2528
32.0950	7.2816
32.0662	7.2240
32.0373	7.1664
31.9797	7.1087
31.9221	7.0799
31.8644	7.0799
31.8068	7.0799
31.7491	7.1087
31.6915	7.1952
31.6915	7.2528
31.7203	7.3105
31.7780	7.3681
31.8068	7.4546
31.8644	7.5122
31.8644	7.5698
31.8356	7.6275
31.8068	7.7139
31.7203	7.7716
31.6627	7.8292
31.6050	7.8869
31.5474	7.8869
31.4898	7.8869
31.4033	7.8580
31.3457	7.8292
31.2880	7.8292
31.2304	7.7716
31.1728	7.7428
31.1728	7.6851
31.1728	7.6275
31.1728	7.5698
31.1728	7.5122
31.2016	7.4546
31.2592	7.4546
31.3169	7.4546
31.3745	7.4546
31.4321	7.4546
31.5186	7.3681
31.5474	7.3105
31.5474	7.2528
31.5474	7.1952
31.4898	7.1664
31.4321	7.1376
31.4321	7.0799
31.4321	7.0223
31.4321	6.9646
31.4321	6.9070
31.4321	6.8205
31.4033	6.7629
31.3745	6.7053
31.3457	6.6476
31.3169	6.5900
31.2592	6.5612
31.2304	6.5035
31.2592	6.4171
31.2880	6.3594
31.3457	6.3018
31.4033	6.2442
31.4609	6.2442
31.5474	6.2442
31.6050	6.2730
31.6627	6.3306
31.7203	6.3306
31.7780	6.3594
31.8644	6.3594
31.9221	6.3306
31.9509	6.2730
32.0373	6.2442
32.0950	6.1865
32.1526	6.1289
32.1526	6.0712
32.1238	6.0136
32.0662	6.0136
32.0085	6.0136
31.9221	6.0136
31.8644	6.0136
31.8068	6.0136
31.7491	6.0136
31.7203	5.9271
31.7491	5.8695
31.7780	5.8119
31.8068	5.7542
31.8068	5.6966
31.7780	5.6390
31.6915	5.6390
31.6339	5.6678
31.5762	5.6966
31.5186	5.7542
31.4609	5.8407
31.4321	5.8983
31.3457	5.9271
31.2880	5.9271
31.2592	5.8695
31.1728	5.8407
31.1439	5.7831
31.0863	5.8119
31.0287	5.8407
30.9710	5.8695
30.9134	5.9271
30.8269	5.9848
30.7693	6.0136
30.7116	5.9848
30.6828	5.9271
30.6252	5.8695
30.5676	5.8695
30.5099	5.8695
30.4523	5.8983
30.3658	5.9271
30.3658	5.8983
30.3658	5.8119
30.3658	5.7542
30.3946	5.6966
30.4235	5.6390
30.5099	5.5813
30.5676	5.5525
30.5964	5.4660
30.5964	5.4084
30.5676	5.3796
30.5964	5.3219
30.6540	5.2643
30.6540	5.2067
30.6252	5.1778
30.5387	5.1778
30.4811	5.1490
30.4235	5.1490
30.3658	5.1202
30.3370	5.0626
30.3082	5.0049
30.2505	4.9473
30.2217	4.8897
30.1353	4.8897
30.1353	4.9185
30.1353	4.9761
30.1353	5.0338
30.1353	5.0914
30.1064	5.1778
30.0776	5.1202
30.0488	5.0626
29.9912	5.0049
29.9912	4.9473
29.9623	4.8897
29.9335	4.8032
29.9047	4.7456
29.8759	4.6879
29.8471	4.6303
29.8183	4.5726
29.7318	4.5150
29.6742	4.4862
29.6165	4.4574
29.5589	4.4574
29.5012	4.3997
29.5012	4.3133
29.4724	4.2556
29.4148	4.1980
29.3571	4.1404
29.2995	4.1115
29.2419	4.1404
29.2419	4.1980
29.2419	4.2845
29.2707	4.3421
29.2995	4.3997
29.2995	4.4574
29.2707	4.4862
29.2131	4.5150
29.1554	4.5150
29.0978	4.5150
29.0113	4.5150
28.9537	4.5150
28.9249	4.5438
28.9249	4.6015
28.9249	4.6591
28.9249	4.7456
28.8960	4.7456
28.8384	4.7167
28.7808	4.7456
28.7808	4.8320
28.7808	4.8897
28.7808	4.9473
28.7808	5.0049
28.7519	5.0626
28.6943	5.0049
28.6943	4.9473
28.6943	4.8897
28.6943	4.8320
28.6943	4.7744
28.6943	4.7167
28.6655	4.6303
28.6078	4.6591
28.5790	4.6303
28.5790	4.5726
28.5502	4.4862
28.5502	4.4285
28.4926	4.4285
28.4349	4.4285
