21.9081	8.2819
21.8727	8.2996
21.8373	8.3350
21.7842	8.3704
21.7665	8.4058
21.7311	8.4412
21.6957	8.4942
21.6603	8.5119
21.6249	8.5296
21.5718	8.5473
21.5365	8.5473
21.5011	8.5473
21.4834	8.5119
21.4303	8.5119
21.3949	8.5119
21.3595	8.5296
21.3241	8.5650
21.3241	8.6004
21.3064	8.6535
21.2710	8.6535
21.2356	8.6535
21.1825	8.6535
21.1471	8.6535
21.1117	8.6889
21.0940	8.7243
21.0763	8.7597
21.0763	8.7951
21.0410	8.8482
21.0410	8.8836
21.0410	8.9190
21.0233	8.9543
21.0056	8.9897
20.9879	9.0428
20.9879	9.0782
20.9702	9.1136
20.9525	9.1490
20.9348	9.1844
20.9171	9.2375
20.8817	9.2729
20.8463	9.2906
20.8109	9.2906
20.7755	9.2906
20.7578	9.2729
20.7755	9.2375
20.7755	9.2021
20.7932	9.1490
20.7932	9.1136
20.7932	9.0782
20.7755	9.0605
20.7401	9.0605
20.7224	9.0428
20.7224	9.0074
20.7224	8.9720
20.7401	8.9190
20.7578	8.8836
20.7578	8.8482
20.7755	8.8128
20.7755	8.7774
20.7755	8.7420
20.7932	8.6889
20.7932	8.6535
20.7755	8.6181
20.7224	8.6004
20.6870	8.6004
20.6516	8.5827
20.6339	8.5473
20.6162	8.5119
20.5808	8.4765
20.5808	8.4412
20.5278	8.3881
20.5101	8.3527
20.4747	8.3173
20.4393	8.2642
20.4039	8.2465
20.3685	8.2111
20.3154	8.2111
20.2800	8.2111
20.2446	8.2465
20.2092	8.2819
20.2092	8.3173
20.2092	8.3527
20.2092	8.3881
20.2092	8.4412
20.2092	8.4765
20.1738	8.4765
20.1384	8.4765
20.1207	8.4942
20.1207	8.5296
20.1207	8.5827
20.1207	8.6181
20.1384	8.6535
20.1561	8.6889
20.1561	8.7243
20.1561	8.7597
20.1207	8.8128
20.1030	8.8482
20.1030	8.8836
20.1030	8.9190
20.1030	8.9543
20.1207	9.0074
20.1561	9.0428
20.1561	9.0782
20.1738	9.1136
20.1738	9.1490
20.1738	9.2021
20.1738	9.2375
20.1738	9.2729
20.1738	9.3083
20.1738	9.3437
20.1738	9.3791
20.1207	9.3791
20.1207	9.3437
20.1207	9.3083
20.1030	9.2729
20.0853	9.2375
20.0853	9.2021
20.0677	9.1667
20.0323	9.1136
20.0323	9.0782
19.9792	9.0605
19.9615	9.0074
19.9261	8.9720
19.9261	8.9367
19.9261	8.9013
19.9261	8.8659
19.9261	8.8305
19.9261	8.7774
19.8907	8.7420
19.8553	8.7243
19.8199	8.6889
19.7668	8.6889
19.7314	8.6712
19.6960	8.6535
19.6606	8.6358
19.6252	8.6358
19.5899	8.6358
19.5368	8.6181
19.5014	8.6358
19.4837	8.6712
19.4306	8.7066
19.4129	8.7420
19.4129	8.7774
19.4129	8.8128
19.4129	8.8482
19.4129	8.9013
19.4129	8.9367
19.4306	8.9720
19.4483	9.0074
19.4483	9.0428
19.4306	9.0959
19.3775	9.1313
19.3598	9.1667
19.3598	9.2021
19.3598	9.2375
19.3598	9.2906
19.3598	9.3260
19.3598	9.3614
19.3421	9.3968
19.3067	9.4145
19.2713	9.4322
19.2182	9.4322
19.1828	9.4322
19.1651	9.3968
19.1474	9.3614
19.1297	9.3260
19.0944	9.3083
19.0590	9.2729
19.0059	9.2552
18.9705	9.2198
18.9351	9.2021
18.8997	9.1844
18.8643	9.1844
18.8289	9.2375
18.7935	9.2552
18.7581	9.2906
18.7227	9.3083
18.6873	9.3260
18.6519	9.3437
18.5989	9.3614
18.5635	9.3968
18.5281	9.3968
18.4927	9.3968
18.4573	9.3614
18.4042	9.3260
18.3688	9.2906
18.3334	9.2729
18.2980	9.2375
18.2803	9.2021
18.2449	9.1844
18.1918	9.1490
18.1564	9.1667
18.1211	9.2021
18.0857	9.2375
18.0680	9.2906
18.0680	9.3260
18.0680	9.3614
18.0680	9.3968
18.1034	9.4145
18.1564	9.4322
18.1918	9.4322
18.2272	9.4675
18.2626	9.4852
18.2803	9.5383
18.2980	9.5737
18.3157	9.6091
18.2980	9.6268
18.2803	9.6799
18.2803	9.7153
18.2803	9.7507
18.3157	9.7861
18.3511	9.7861
18.3865	9.8215
18.4219	9.8569
18.4573	9.8746
18.4750	9.9100
18.4927	9.9453
18.4927	9.9807
18.4927	10.0161
18.4927	10.0692
18.4927	10.1046
18.4750	10.1223
18.4396	10.1223
18.3865	10.1223
18.3511	10.1046
18.3157	10.1046
18.2803	10.1046
18.2449	10.1046
18.2095	10.1577
18.1741	10.1931
18.1388	10.2285
18.1211	10.2816
18.0857	10.2816
18.0326	10.2816
17.9972	10.2816
17.9618	10.2816
17.9264	10.2816
17.8910	10.2816
17.8556	10.2816
17.8025	10.2993
17.7671	10.3170
17.7317	10.3347
17.6963	10.3878
17.6610	10.3878
17.6256	10.4231
17.5902	10.4585
17.5548	10.4939
17.5194	10.5293
17.5017	10.5647
17.5017	10.6001
17.5017	10.6355
17.5371	10.6709
17.5725	10.7240
17.5902	10.7594
17.5902	10.7948
17.5902	10.8302
17.5902	10.8656
17.5725	10.9186
17.5548	10.9540
17.5548	10.9894
17.5548	11.0248
17.5548	11.0602
17.5194	11.1133
17.4840	11.1133
17.4486	11.1133
17.4132	11.0956
17.3601	11.0779
17.3247	11.0779
17.2893	11.0779
17.2893	11.0248
17.2893	10.9894
17.2893	10.9540
17.2716	10.9186
17.2362	10.9186
17.2008	10.9186
17.1655	10.9186
17.1301	10.9363
17.0770	10.9540
17.0416	10.9717
17.0416	11.0248
17.0416	11.0602
17.0239	11.0956
17.0062	11.1310
16.9708	11.1310
16.9354	11.1310
16.8823	11.1310
16.8646	11.1664
16.8469	11.2018
16.8469	11.2372
16.8469	11.2726
16.8646	11.3080
16.9000	11.3611
16.9177	11.3964
16.9000	11.4141
16.8646	11.4141
16.8292	11.4141
16.7938	11.4141
16.7584	11.4141
16.7053	11.4495
16.7053	11.4849
16.7053	11.5203
16.7407	11.5734
16.7761	11.5734
16.8115	11.6088
16.8292	11.6442
16.8469	11.6796
16.8469	11.7150
16.8823	11.7681
16.9000	11.8035
16.9354	11.8389
16.9531	11.8742
16.9708	11.9273
16.9885	11.9627
17.0062	11.9981
17.0062	12.0335
17.0062	12.0689
17.0062	12.1043
17.0062	12.1574
17.0062	12.1928
17.0062	12.2282
17.0062	12.2636
17.0062	12.2990
16.9885	12.3344
16.9708	12.2990
16.9708	12.2636
16.9531	12.2282
16.9177	12.1928
16.9000	12.1574
16.8646	12.1220
16.8292	12.0866
16.7938	12.0689
16.7584	12.0512
16.7053	12.0158
16.6700	12.0158
16.6346	12.0335
16.6169	11.9981
16.5638	11.9804
16.5284	11.9450
16.4930	11.9273
16.4576	11.9096
16.4045	11.9273
16.3868	11.9627
16.3514	11.9627
16.2983	11.9450
16.2806	11.8919
16.2452	11.8566
16.2099	11.8212
16.1922	11.7858
16.1568	11.7504
16.1391	11.7681
16.1037	11.8212
16.0860	11.8566
16.0860	11.8389
16.0329	11.8212
15.9975	11.8035
15.9621	11.8035
15.9267	11.8035
15.8913	11.8035
15.8559	11.8035
15.8028	11.8035
15.7674	11.8035
15.7320	11.7681
15.6967	11.7504
15.6613	11.7327
15.6082	11.6973
15.5728	11.6796
15.5374	11.6442
15.5020	11.6088
15.4489	11.5911
15.4135	11.5911
15.3781	11.6265
15.3427	11.6619
15.3427	11.6973
15.3250	11.7327
15.3073	11.7681
15.2719	11.7681
15.2366	11.7327
15.1835	11.6973
15.1481	11.6796
15.1127	11.6442
15.0773	11.6442
15.0596	11.6619
15.0419	11.7150
15.0419	11.7504
15.0065	11.7858
14.9888	11.8212
14.9888	11.8566
14.9534	11.9096
14.9357	11.9450
14.9180	11.9804
14.8826	12.0158
14.8826	12.0512
14.8826	12.1043
14.9180	12.1397
14.9357	12.1751
14.9357	12.2105
14.9357	12.2459
14.9357	12.2990
14.9357	12.3344
14.9534	12.3697
14.9888	12.3697
15.0242	12.3697
15.0773	12.3697
15.1127	12.3874
15.1127	12.4228
15.1304	12.4582
15.1481	12.4936
15.1481	12.5467
15.1658	12.5821
15.2189	12.5998
15.2542	12.6175
15.2542	12.6529
15.2542	12.6883
15.2542	12.7237
15.2542	12.7768
15.2366	12.8122
15.2189	12.8475
15.2189	12.8829
15.2189	12.9183
15.2542	12.9360
15.2896	12.9537
15.3250	12.9891
15.3427	13.0245
15.3604	13.0776
15.3604	13.1130
15.3604	13.1484
15.3781	13.1661
15.4135	13.1661
15.4666	13.1661
15.5020	13.1838
15.5374	13.2015
15.5728	13.2192
15.6082	13.2546
15.5905	13.2723
15.5728	13.3253
15.5728	13.3607
15.5728	13.3961
15.6082	13.4138
15.6436	13.4492
15.6790	13.4669
15.7144	13.5023
15.7674	13.5200
15.7674	13.5731
15.7320	13.6085
15.7144	13.6439
15.6790	13.6793
15.6259	13.7324
15.5905	13.7501
15.5551	13.8031
15.5020	13.8208
15.4666	13.8385
15.4312	13.8385
15.3958	13.8385
15.3604	13.8208
15.3250	13.7855
15.3073	13.7501
15.2719	13.6970
15.2542	13.6616
15.2012	13.6439
15.1658	13.6439
15.1304	13.6262
15.0950	13.6262
15.0596	13.6262
15.0242	13.6262
14.9711	13.6793
14.9357	13.6793
14.9003	13.6793
14.8649	13.6616
14.8118	13.6262
14.7764	13.6262
14.7411	13.6262
14.7057	13.6616
14.6703	13.6793
14.6526	13.6439
14.6172	13.6085
14.5995	13.5731
14.5641	13.5377
14.5464	13.4846
14.5110	13.4669
14.4579	13.4846
14.4225	13.5200
14.4048	13.5554
14.3871	13.5908
14.3517	13.5908
14.2986	13.5908
14.2633	13.5731
14.2279	13.5377
14.1925	13.5731
14.1571	13.6085
14.1394	13.6439
14.1217	13.6793
14.1040	13.7324
14.1040	13.7678
14.1217	13.8031
14.1571	13.8385
14.1748	13.8739
14.2102	13.9093
14.2279	13.9447
14.2633	13.9978
14.2809	14.0332
14.3163	14.0509
14.3517	14.0686
14.3871	14.0686
14.4225	14.0686
14.4756	14.0686
14.5110	14.0686
14.5464	14.0863
14.5818	14.1217
14.6349	14.1394
14.6526	14.1925
14.6880	14.1925
14.7234	14.1925
14.7764	14.1925
14.8118	14.2102
14.8295	14.2456
14.8295	14.2809
14.8295	14.3340
14.7941	14.3694
14.7764	14.4048
14.7411	14.4402
14.7411	14.4933
14.7234	14.5287
14.6880	14.5641
14.6880	14.5995
14.6703	14.6349
14.6526	14.6880
14.6349	14.7234
14.6349	14.7588
14.6703	14.7941
14.7234	14.7941
14.7588	14.7941
14.7941	14.7941
14.8295	14.7588
14.8649	14.7411
14.9180	14.7411
14.9534	14.7764
14.9888	14.7941
15.0242	14.8295
15.0773	14.8472
15.1127	14.8472
15.1481	14.8472
15.1835	14.7941
15.2189	14.7764
15.2366	14.7411
15.2719	14.7057
15.3250	14.7057
15.3604	14.6880
15.3958	14.6880
15.4312	14.6880
15.4666	14.7411
15.5020	14.7764
15.5197	14.8118
15.5728	14.8118
15.5905	14.7941
15.6259	14.7588
15.6613	14.7057
15.6967	14.7057
15.7320	14.7057
15.7497	14.7411
15.7674	14.7764
15.7851	14.8118
15.8028	14.8472
15.8205	14.8826
15.8382	14.9357
15.8382	14.9711
15.8382	15.0065
15.8205	15.0242
15.7851	15.0773
15.7851	15.1127
15.7851	15.1481
15.8028	15.1835
15.8028	15.2189
15.8028	15.2719
15.7851	15.2719
15.7497	15.2719
15.6967	15.2719
15.6613	15.2542
15.6259	15.2366
15.5905	15.2012
15.5551	15.1835
15.5020	15.1658
15.4666	15.1481
15.4312	15.1304
15.3958	15.0950
15.3427	15.0773
15.3073	15.0773
15.2719	15.1127
15.2542	15.1658
15.2542	15.2012
15.2542	15.2719
15.2542	15.3073
15.2719	15.3427
15.2719	15.3781
15.2719	15.4312
15.2896	15.4666
15.2896	15.5020
15.2896	15.5374
15.2366	15.5728
15.2012	15.5728
15.1658	15.5905
15.1304	15.6082
15.0773	15.6259
15.0419	15.6259
15.0065	15.6613
14.9711	15.6790
14.9357	15.7320
14.9357	15.7674
14.9357	15.8028
14.8826	15.8205
14.8472	15.8382
14.8118	15.8736
14.7764	15.8736
14.7411	15.8736
14.6880	15.8913
14.6526	15.9267
14.6349	15.9621
14.5995	15.9975
14.5641	16.0329
14.5641	16.0860
14.6172	16.1037
14.6349	16.1391
14.6703	16.1568
14.7057	16.1568
14.7588	16.1568
14.7941	16.1568
14.8295	16.1214
14.8649	16.1037
14.9003	16.1037
14.9534	16.1037
14.9888	16.1037
15.0065	16.1391
15.0242	16.1922
15.0596	16.1922
15.0950	16.1745
15.1304	16.1568
15.1481	16.1037
15.2012	16.1037
15.2366	16.1037
15.2719	16.1037
15.3073	16.1037
15.3427	16.1391
15.3958	16.1391
15.4312	16.1037
15.4489	16.0506
15.4666	16.0152
15.4843	15.9798
15.5020	15.9444
15.5551	15.9444
15.5905	15.9444
15.6259	15.9621
15.6613	15.9798
15.6967	15.9798
15.7497	15.9798
15.7320	16.0152
15.7144	16.0506
15.7144	16.0860
15.7144	16.1214
15.6967	16.1745
15.6967	16.2099
15.6790	16.2452
15.6613	16.2806
15.6613	16.3337
15.6436	16.3691
15.6082	16.4222
15.6082	16.4576
15.5728	16.4930
15.5551	16.5284
15.5197	16.5815
15.4843	16.5815
15.4489	16.5461
15.4135	16.5284
15.3604	16.5107
15.3250	16.4930
15.2896	16.4753
15.2542	16.4753
15.2189	16.4753
15.1658	16.4753
15.1304	16.4753
15.1127	16.5284
15.0773	16.5284
15.0242	16.5461
14.9888	16.5461
14.9534	16.5284
14.9180	16.4930
14.8826	16.4576
14.8472	16.4399
14.8118	16.4045
14.7588	16.3868
14.7234	16.3868
14.6880	16.3868
14.6526	16.4045
14.6172	16.4399
14.5641	16.4753
14.5287	16.4930
14.4933	16.5107
14.4579	16.5284
14.4048	16.5284
14.4048	16.5638
14.3871	16.5992
14.3871	16.6346
14.4402	16.6523
14.4756	16.6700
14.5110	16.6877
14.5464	16.7053
14.5818	16.7230
14.6349	16.7230
14.6703	16.7230
14.7057	16.7053
14.7411	16.7053
14.7764	16.7230
14.8295	16.7230
14.8649	16.7230
14.9003	16.7230
14.9180	16.7761
14.9357	16.8115
14.9534	16.8469
14.9711	16.8823
14.9888	16.9177
15.0242	16.9354
15.0773	16.9531
15.1127	16.9885
15.0950	17.0416
15.0596	17.0770
15.0419	17.1124
15.0242	17.1478
15.0242	17.1831
15.0242	17.2362
15.0596	17.2362
15.0950	17.2362
15.1304	17.2362
15.1658	17.2362
15.1835	17.2008
15.2189	17.1655
15.2542	17.1301
15.2719	17.0947
15.3073	17.1124
15.3073	17.1478
15.3073	17.1831
15.3250	17.2185
15.3604	17.2539
15.3958	17.2893
15.4135	17.3247
15.4135	17.3778
15.4135	17.4132
15.4135	17.4486
15.3958	17.4663
15.3604	17.4663
15.3250	17.5017
15.2896	17.5194
15.2542	17.5548
15.2366	17.5902
15.2366	17.6256
15.2366	17.6610
15.2366	17.6963
15.2366	17.7494
15.2719	17.7848
15.3073	17.8025
15.3427	17.8379
15.3781	17.8733
15.4135	17.9087
15.4312	17.9618
15.4843	17.9795
15.5020	18.0149
15.5197	18.0680
15.5197	18.1034
15.5197	18.1388
15.5197	18.1741
15.5197	18.2095
15.5197	18.2449
15.5020	18.2980
15.5020	18.3334
15.5020	18.3688
15.5020	18.4042
15.5020	18.4396
15.5020	18.4750
15.5197	18.5281
15.5374	18.5635
15.5905	18.5812
15.6259	18.5989
15.6613	18.5989
15.6967	18.5635
15.7320	18.5281
15.7497	18.4927
15.7851	18.4396
15.8028	18.4042
15.8205	18.3688
15.8382	18.3334
15.8736	18.2803
15.8913	18.2449
15.9444	18.2095
15.9798	18.2095
16.0152	18.1918
16.0506	18.1741
16.1037	18.1388
16.1214	18.1034
16.1568	18.0680
16.1568	18.0149
16.1568	17.9795
16.1568	17.9441
16.1745	17.9087
16.2099	17.8733
16.2275	17.8202
16.2629	17.8025
16.3160	17.7671
16.3514	17.7317
16.3868	17.7317
16.4222	17.7494
16.4222	17.7848
16.4399	17.8202
16.4399	17.8556
16.4576	17.8910
16.4930	17.9087
16.5284	17.9087
16.5638	17.8733
16.6169	17.8379
16.6523	17.8025
16.6877	17.7848
16.7230	17.7848
16.7407	17.8025
16.7584	17.8379
16.7938	17.8733
16.8292	17.9264
16.8646	17.9441
16.8823	17.9795
16.9354	18.0149
16.9708	18.0326
16.9885	18.0857
17.0239	18.1211
17.0416	18.1564
17.0593	18.1918
17.0770	18.2449
17.0947	18.2803
17.1301	18.3157
17.0947	18.3511
17.0593	18.3511
17.0239	18.3511
16.9885	18.3511
16.9531	18.3334
16.9177	18.3334
16.8823	18.3334
16.8469	18.3511
16.8292	18.4042
16.8292	18.4396
16.8292	18.4750
16.8292	18.5104
16.8292	18.5458
16.7761	18.5458
16.7407	18.5458
16.7053	18.5104
16.6700	18.4750
16.6169	18.4396
16.5815	18.4219
16.5461	18.4219
16.5107	18.4573
16.4576	18.4750
16.4576	18.5281
16.4222	18.5635
16.4045	18.5989
16.3691	18.5989
16.3337	18.5989
16.2983	18.5989
16.2629	18.5989
16.2275	18.5989
16.1745	18.5989
16.1391	18.5989
16.1037	18.6342
16.1037	18.6696
16.1037	18.7050
16.1037	18.7404
16.1037	18.7758
16.1037	18.8112
16.0860	18.8466
16.0506	18.8643
16.0152	18.8997
15.9798	18.8997
15.9267	18.8997
15.8913	18.8997
15.8559	18.9174
15.8205	18.9351
15.7851	18.9705
15.7851	19.0236
15.7851	19.0590
15.7851	19.0944
15.8028	19.1297
15.8205	19.1651
15.8559	19.2182
15.8913	19.2359
15.9267	19.2359
15.9621	19.2359
16.0152	19.2359
16.0506	19.2359
16.0860	19.2359
16.1037	19.1828
16.1568	19.1651
16.1922	19.1297
16.2275	19.1297
16.2629	19.1651
16.3160	19.1828
16.3514	19.2182
16.3868	19.2359
16.4222	19.2713
16.4753	19.2890
16.4753	19.3244
16.5107	19.3421
16.5638	19.3421
16.5815	19.2890
16.6169	19.2536
16.6169	19.2182
16.6346	19.1828
16.6700	19.1297
16.6877	19.0944
16.7230	19.0767
16.7761	19.0413
16.8115	19.0413
16.8469	19.0413
16.8823	19.0590
16.9177	19.0590
16.9708	19.0767
17.0062	19.0767
17.0416	19.0767
17.0770	19.0767
17.1124	19.0767
17.1478	19.0413
17.2008	19.0236
17.2185	18.9882
17.2539	18.9528
17.2893	18.9174
17.3247	18.8820
17.3601	18.8643
17.4132	18.8643
17.4486	18.8643
17.4840	18.8466
17.5194	18.8112
17.5548	18.8112
17.6079	18.8112
17.6256	18.8466
17.6610	18.8643
17.7140	18.8643
17.7494	18.8643
17.7848	18.8289
17.8202	18.8112
17.8733	18.7758
17.9087	18.7758
17.9441	18.7758
17.9795	18.8112
18.0326	18.8466
18.0680	18.8643
18.0503	18.8997
17.9972	18.9174
17.9618	18.9351
17.9264	18.9528
17.8910	18.9705
17.8379	18.9882
17.8025	19.0059
17.7671	19.0236
17.7317	19.0413
17.6963	19.0590
17.6610	19.1121
17.6433	19.1474
17.6256	19.1828
17.5902	19.2182
17.5902	19.2713
17.5548	19.3067
17.5371	19.3421
17.4840	19.3775
17.4663	19.4129
17.4309	19.4483
17.3955	19.4837
17.3778	19.5368
17.3601	19.5722
17.3424	19.6075
17.3247	19.6429
17.2893	19.6960
17.2716	19.7314
17.2716	19.7668
17.2539	19.8022
17.2539	19.8376
17.2539	19.8730
17.2539	19.9261
17.2539	19.9615
17.2539	19.9969
17.2362	20.0146
17.2185	20.0677
17.1831	20.1030
17.1655	20.1384
17.1655	20.1738
17.1655	20.2092
17.1655	20.2623
17.2008	20.2977
17.2185	20.3331
17.2539	20.3685
17.3070	20.4039
17.3424	20.4216
17.3778	20.4393
17.4132	20.4393
17.4663	20.4393
17.5017	20.4039
17.5371	20.3862
17.5725	20.3508
17.6079	20.3508
17.6610	20.3508
17.6963	20.3685
17.7317	20.3685
17.7494	20.3331
17.8025	20.2800
17.8202	20.2446
17.8556	20.2269
17.8910	20.2092
17.9087	20.2269
17.9441	20.2623
17.9618	20.3154
17.9618	20.3508
17.9618	20.3862
17.9795	20.4216
17.9795	20.4570
17.9795	20.4924
17.9795	20.5455
17.9441	20.5808
17.9264	20.6162
17.9087	20.6516
17.8733	20.7047
17.8733	20.7401
17.8556	20.7755
17.8556	20.8109
17.9087	20.8286
17.9441	20.8286
17.9795	20.8109
18.0149	20.8109
18.0503	20.7932
18.1034	20.7755
18.1388	20.7755
18.1741	20.7401
18.2095	20.7224
18.2626	20.7224
18.2980	20.7578
18.3334	20.7932
18.3688	20.8109
18.4042	20.7932
18.4573	20.7578
18.4927	20.7578
18.5104	20.7755
18.5104	20.8109
18.5458	20.8463
18.5812	20.8817
18.6166	20.9171
18.6166	20.9525
18.5989	20.9525
18.5635	20.9525
18.5281	20.9525
18.4927	20.9525
18.4573	20.9525
18.4042	20.9702
18.3688	20.9879
18.3334	21.0056
18.3157	21.0586
18.3157	21.0940
18.3334	21.1294
18.3511	21.1648
18.3688	21.2002
18.3511	21.2179
18.3157	21.2533
18.2980	21.2887
18.2980	21.3418
18.2980	21.3772
18.2803	21.4126
18.2626	21.4480
18.2626	21.4834
18.2803	21.5365
18.3334	21.5541
18.3688	21.5718
18.4042	21.5718
18.4396	21.5718
18.4750	21.5718
18.5281	21.5541
18.5635	21.5541
18.5989	21.5541
18.6342	21.5365
18.6696	21.5541
18.6696	21.5895
18.7227	21.6249
18.7581	21.6603
18.7935	21.6780
18.8112	21.6603
18.8112	21.6249
18.8112	21.5718
18.8112	21.5365
18.8112	21.5011
18.8112	21.4657
18.8112	21.4303
18.8112	21.3949
18.8112	21.3418
18.8643	21.3241
18.8820	21.3418
18.9174	21.3772
18.9705	21.3949
19.0059	21.4303
19.0413	21.4303
19.0767	21.4480
19.1297	21.4303
19.1297	21.3949
19.1297	21.3595
19.1297	21.3064
19.1297	21.2710
19.1651	21.2710
19.1651	21.2887
19.1828	21.3418
19.1828	21.3772
19.2005	21.4126
19.2005	21.4480
19.1828	21.4834
19.1297	21.5365
19.1297	21.5718
19.1297	21.6072
19.1651	21.6426
19.2005	21.6780
19.2359	21.7134
19.2890	21.7488
19.2890	21.8019
19.3244	21.8373
19.3598	21.8550
19.3952	21.9081
19.4306	21.9435
19.4483	21.9789
19.5014	22.0143
19.5368	22.0496
19.5545	22.0850
19.5899	22.1204
19.6252	22.1381
19.6606	22.1558
19.6960	22.1735
19.7491	22.1735
19.7845	22.1735
19.8022	22.1381
19.8376	22.1027
19.8553	22.0673
19.8553	22.0319
19.8553	21.9966
19.8199	21.9435
19.8199	21.9081
19.8376	21.8904
19.8907	21.8904
19.9261	21.8550
19.9438	21.8196
19.9261	21.7842
19.9084	21.7311
19.8907	21.6957
19.8553	21.6603
19.8553	21.6249
19.8022	21.5895
19.7845	21.5541
19.7491	21.5188
19.7491	21.4834
19.7491	21.4303
19.7845	21.3949
19.8199	21.3772
19.8553	21.3772
19.8907	21.3772
19.9261	21.3949
19.9615	21.3772
19.9615	21.3418
19.9615	21.2887
19.9615	21.2533
19.9261	21.2179
19.9084	21.1825
19.8907	21.1294
19.8730	21.0940
19.8907	21.0940
19.9261	21.0940
19.9792	21.0940
20.0146	21.0940
20.0500	21.0763
20.0677	21.0940
20.0677	21.1294
20.0677	21.1648
20.1030	21.2179
20.1384	21.2179
20.1738	21.2179
20.2092	21.1825
20.2269	21.1471
20.2446	21.1117
20.2446	21.0763
20.2800	21.0586
20.3154	21.0410
20.3508	21.0410
20.3862	21.0763
20.4039	21.1294
20.4039	21.1648
20.3685	21.1825
20.3331	21.2179
20.2977	21.2533
20.2623	21.2887
20.2269	21.3418
20.2092	21.3772
20.1915	21.4126
20.1561	21.4480
20.1207	21.4834
20.1030	21.5188
20.1030	21.5541
20.1384	21.5718
20.1915	21.5895
20.2269	21.6072
20.2623	21.6072
20.2977	21.6072
20.3331	21.6072
20.3685	21.6249
20.4039	21.6603
20.4039	21.6957
20.4039	21.7311
20.3685	21.7842
20.3331	21.8196
20.3331	21.8550
20.2800	21.8904
20.2446	21.8904
20.2092	21.8904
20.1738	21.8904
20.1384	21.8904
20.0853	21.8904
20.0677	21.9435
20.0677	21.9789
20.0677	22.0143
20.0323	22.0319
19.9969	22.0319
19.9615	22.0319
19.9438	22.0673
19.9438	22.1027
19.9438	22.1381
19.9438	22.1735
19.9615	22.2266
19.9969	22.2266
20.0323	22.2443
20.0677	22.2443
20.1207	22.2620
20.1561	22.2620
20.1915	22.2797
20.2269	22.2797
20.2623	22.2266
20.3154	22.2089
20.3154	22.2266
20.2977	22.2620
20.2977	22.3151
20.2977	22.3505
20.2977	22.3859
20.2977	22.4213
20.2977	22.4567
20.2977	22.4921
20.2977	22.5274
20.2977	22.5805
20.2977	22.6159
20.3154	22.6513
20.3685	22.6690
20.4039	22.7044
20.4393	22.7221
20.4747	22.7398
20.5278	22.7398
20.5632	22.7752
20.5985	22.7929
20.6339	22.8283
20.6870	22.8460
20.7224	22.8460
20.7401	22.8106
20.7755	22.7752
20.7932	22.7398
20.7932	22.7044
20.8109	22.6513
20.8286	22.6159
20.8463	22.5805
20.8817	22.5451
20.8817	22.5097
20.8994	22.4567
20.9171	22.4213
20.9348	22.3859
20.9348	22.3505
20.9348	22.3151
20.9171	22.2620
20.8817	22.2443
20.8463	22.2266
20.8286	22.1912
20.8286	22.1558
20.8463	22.1204
20.8817	22.1027
20.9348	22.1027
20.9702	22.1027
21.0056	22.0850
21.0410	22.0850
21.0763	22.0850
21.1117	22.0673
21.1471	22.0319
21.1648	21.9966
21.2002	22.0143
21.2002	22.0496
21.2002	22.0850
21.2002	22.1204
21.2002	22.1735
21.2179	22.2089
21.2356	22.2443
21.2710	22.2620
21.3241	22.2797
21.3595	22.3151
21.3949	22.3328
21.4303	22.3328
21.4657	22.3328
21.5188	22.3151
21.5541	22.2797
21.5895	22.2620
21.5895	22.2266
21.5895	22.1912
21.5895	22.1558
21.5895	22.1027
21.5718	22.0673
21.5541	22.0319
21.5541	21.9966
21.5718	21.9612
21.5718	21.9081
21.5718	21.8727
21.5718	21.8373
21.5541	21.8019
21.5188	21.7842
21.4834	21.7665
21.4480	21.7488
21.4480	21.7134
21.4480	21.6780
21.4480	21.6249
21.4480	21.5895
21.4480	21.5541
21.4480	21.5188
21.3949	21.4834
21.3595	21.4657
21.3418	21.4303
21.3241	21.3772
21.3241	21.3418
21.3241	21.3064
21.3241	21.2710
21.3241	21.2356
21.3241	21.2002
21.3241	21.1471
21.3241	21.1117
21.3595	21.0940
21.3949	21.0586
21.4303	21.0410
21.4657	20.9879
21.4834	20.9525
21.4834	20.9171
21.5011	20.8817
21.5011	20.8463
21.5011	20.8109
21.5011	20.7578
21.5011	20.7224
21.5011	20.6870
21.5188	20.6516
21.5188	20.6162
21.5541	20.5808
21.5718	20.5278
21.6249	20.4924
21.6603	20.4747
21.6957	20.4570
21.7311	20.4570
21.7665	20.4570
21.8196	20.4570
21.8550	20.4570
21.8904	20.4570
21.9081	20.4747
21.8904	20.5101
21.8550	20.5278
21.8196	20.5632
21.8019	20.5985
21.7665	20.6162
21.7134	20.6339
21.7134	20.6693
21.7134	20.7047
21.7488	20.7401
21.7842	20.7578
21.8019	20.8109
21.8196	20.8463
21.8196	20.8817
21.7842	20.8994
21.7488	20.9348
21.7134	20.9348
21.6780	20.9171
21.6249	20.9171
21.6249	20.9525
21.6249	20.9879
21.6249	21.0233
21.6426	21.0586
21.6603	21.0940
21.6603	21.1471
21.6603	21.1825
21.6957	21.2179
21.7134	21.2533
21.7134	21.2887
21.6957	21.3241
21.6603	21.3418
21.6426	21.3772
21.6249	21.4126
21.6249	21.4480
21.6249	21.4834
21.6426	21.5188
21.6780	21.5718
21.6957	21.6072
21.6957	21.6426
21.6780	21.6780
21.6426	21.7311
21.6426	21.7665
21.6426	21.8019
21.6426	21.8373
21.6603	21.8727
21.6957	21.9081
21.7311	21.9258
21.7665	21.9789
21.7842	22.0143
21.7842	22.0496
21.7842	22.0850
21.8019	22.1204
21.8196	22.1735
21.8550	22.2089
21.8904	22.2266
21.9258	22.2266
21.9612	22.2266
22.0143	22.2266
22.0496	22.2089
22.0673	22.1735
22.0673	22.1381
22.1204	22.1027
22.1558	22.1027
22.1912	22.1027
22.2266	22.0850
22.2620	22.0673
22.2620	22.0319
22.2620	21.9966
22.2620	21.9435
22.2620	21.9081
22.2620	21.8727
22.2797	21.8550
22.3151	21.8550
22.3682	21.8196
22.4036	21.7842
22.4213	21.7488
22.4213	21.6957
22.4567	21.6957
22.5097	21.6957
22.5097	21.7311
22.5274	21.7842
22.5628	21.8196
22.5628	21.8550
22.6159	21.8904
22.6513	21.8904
22.6867	21.8904
22.7221	21.8904
22.7575	21.8904
22.7929	21.8727
22.8460	21.8550
22.8814	21.8550
22.9168	21.8550
22.9345	21.8019
22.9522	21.7665
22.9522	21.7311
22.9345	21.6957
22.9168	21.6603
22.9168	21.6072
22.9522	21.6072
22.9876	21.6072
23.0406	21.5895
23.0760	21.5541
23.0937	21.5188
23.0937	21.4834
23.0937	21.4480
23.0937	21.4126
23.1114	21.4126
23.1468	21.4126
23.1822	21.4126
23.2353	21.3772
23.2530	21.3418
23.2707	21.3064
23.2884	21.2533
23.3415	21.2356
23.3769	21.2002
23.4123	21.1471
23.4477	21.1117
23.4830	21.1117
23.5184	21.1294
23.5361	21.1648
23.5538	21.2179
23.6069	21.2002
23.6246	21.1648
23.6600	21.1294
23.6600	21.0940
23.6954	21.0410
23.7308	21.0233
23.7662	20.9879
23.8016	20.9879
23.8547	20.9879
23.8901	20.9702
23.9078	20.9348
23.9432	20.8817
23.9608	20.8463
23.9608	20.8109
24.0139	20.7755
24.0493	20.7932
24.0493	20.8286
24.0493	20.8640
24.0493	20.8994
24.0316	20.9525
23.9962	20.9879
23.9785	21.0233
23.9255	21.0586
23.9078	21.0940
23.8724	21.1294
23.8370	21.1648
23.8193	21.2179
23.7662	21.2356
23.7308	21.2533
23.6954	21.2710
23.6600	21.2710
23.6423	21.3241
23.6069	21.3595
23.6069	21.3949
23.6069	21.4303
23.6069	21.4657
23.6069	21.5011
23.6423	21.5365
23.6954	21.5365
23.7308	21.5365
23.7662	21.5365
23.8016	21.5188
23.8370	21.5188
23.8901	21.5011
23.9078	21.5188
23.9432	21.5365
23.9785	21.5365
24.0316	21.5188
24.0670	21.5011
24.1024	21.4657
24.1378	21.4657
24.1732	21.4834
24.1555	21.5188
24.1378	21.5541
24.1024	21.6072
24.1024	21.6426
24.0847	21.6780
24.0847	21.7134
24.1024	21.7311
24.1378	21.7311
24.1732	21.7311
24.2086	21.7311
24.2440	21.7488
24.2617	21.8019
24.2617	21.8373
24.2440	21.8373
24.2440	21.8727
24.2086	21.9081
24.1909	21.9612
24.1732	21.9966
24.1555	22.0319
24.1378	22.0673
24.1378	22.1027
24.1201	22.1558
24.1378	22.1735
24.1732	22.1735
24.2263	22.1735
24.2617	22.1735
24.2971	22.1735
24.3325	22.1735
24.3679	22.1735
24.4033	22.1912
24.4033	22.2266
24.4210	22.2620
24.4563	22.2974
24.4917	22.3328
24.5271	22.3328
24.5625	22.3328
24.5979	22.3151
24.6510	22.3151
24.6510	22.2797
24.6510	22.2266
24.6156	22.2089
24.6156	22.1735
24.6333	22.1381
24.6687	22.1204
24.7041	22.1204
24.7395	22.0850
24.7749	22.0496
24.8103	22.0143
24.8103	21.9789
24.8103	21.9435
24.7749	21.9081
24.7395	21.8727
24.7041	21.8373
24.6864	21.8019
24.6687	21.7665
24.6510	21.7134
24.6510	21.6780
24.6510	21.6426
24.6687	21.6426
24.7041	21.6426
24.7395	21.6249
24.7749	21.6249
24.8280	21.6072
24.8634	21.6072
24.8988	21.6072
24.9341	21.6072
24.9695	21.5718
24.9872	21.5365
25.0226	21.5011
25.0580	21.4657
25.0757	21.4126
25.0757	21.3772
25.0757	21.3418
25.0757	21.3064
25.0934	21.2710
25.1288	21.2533
25.2173	21.2533
25.2527	21.2533
25.2881	21.2533
25.3235	21.2710
25.3589	21.2710
25.3943	21.2710
25.4296	21.2710
25.4827	21.2887
25.4827	21.3241
25.4827	21.3595
25.4827	21.4126
25.4827	21.4480
25.5358	21.4657
25.5358	21.5011
25.5181	21.5541
25.4827	21.5895
25.4650	21.6249
25.4473	21.6603
25.4119	21.7134
25.3943	21.7488
25.3943	21.7842
25.3589	21.8196
25.3412	21.8550
25.3412	21.9081
25.3589	21.9081
25.3943	21.9081
25.4296	21.9081
25.4650	21.9258
25.5181	21.9258
25.5358	21.8727
25.5712	21.8373
25.6066	21.8019
25.6243	21.7488
25.6597	21.7134
25.6951	21.7134
25.7305	21.7488
25.7305	21.8019
25.6951	21.8373
25.6774	21.8727
25.6420	21.9081
25.6420	21.9435
25.6066	21.9966
25.5889	22.0319
25.5889	22.0673
25.6066	22.0673
25.6420	22.0673
25.6774	22.0673
25.7128	22.0673
25.7659	22.0143
25.8013	22.0143
25.8367	21.9789
25.8544	21.9966
25.8721	22.0319
25.8721	22.0850
25.8721	22.1204
25.8898	22.1558
25.9251	22.1912
25.9605	22.2266
25.9959	22.2266
26.0313	22.2443
26.0667	22.2620
26.1198	22.2620
26.1552	22.2620
26.1906	22.2620
26.2260	22.2443
26.2614	22.2443
26.2968	22.2443
26.3322	22.2443
26.3852	22.2443
26.3852	22.2089
26.3852	22.1558
26.3852	22.1204
26.3852	22.0850
26.3852	22.0496
26.3852	22.0143
26.3852	21.9789
26.4206	21.9258
26.4560	21.9258
26.4914	21.8904
26.5091	21.8550
26.5091	21.8196
26.4737	21.7842
26.4383	21.7665
26.4029	21.7311
26.3676	21.6957
26.3676	21.6603
26.3676	21.6249
26.3676	21.5895
26.3852	21.5365
26.3852	21.5011
26.3852	21.4657
26.3499	21.4480
26.3145	21.4303
26.2968	21.3949
26.2968	21.3418
26.2968	21.3064
26.2968	21.2710
26.3145	21.2356
26.3322	21.2002
26.3499	21.1471
26.3676	21.1117
26.3676	21.0763
26.3852	21.0410
26.3852	21.0056
26.3852	20.9702
26.4206	20.9525
26.4560	20.9525
26.4914	20.9525
26.5268	20.9525
26.5622	20.9525
26.6153	20.9525
26.6507	20.9525
26.6861	20.9525
26.7215	20.9525
26.7569	20.9879
26.7923	20.9879
26.8454	21.0056
26.8807	21.0233
26.9161	21.0233
26.9515	21.0233
26.9869	21.0410
27.0400	21.0586
27.0400	21.0940
27.0400	21.1294
27.0400	21.1825
27.0931	21.2002
27.1285	21.2002
27.1639	21.2002
27.1816	21.1825
27.2170	21.1471
27.2524	21.1117
27.2878	21.0763
27.2878	21.0410
27.3055	21.0056
27.3232	20.9525
27.3585	20.9171
27.3939	20.8994
27.4470	20.8640
27.4647	20.8817
27.4647	20.9171
27.4824	20.9702
27.4824	21.0056
27.5178	21.0233
27.5532	21.0586
27.5886	21.0763
27.6240	21.0763
27.6240	21.1117
27.6240	21.1471
27.6240	21.2002
27.6240	21.2356
27.6417	21.2710
27.6417	21.3064
27.6771	21.3418
27.7125	21.3418
27.7479	21.3418
27.7833	21.3064
27.8187	21.3064
27.8540	21.3064
27.8894	21.3241
27.9425	21.3595
27.9602	21.3949
27.9956	21.4303
28.0310	21.4480
28.0841	21.4480
28.1195	21.4657
28.1549	21.4657
28.1903	21.4657
28.2257	21.4657
28.2788	21.4657
28.2965	21.4126
28.3141	21.3772
28.3141	21.3418
28.3141	21.3064
28.3141	21.2710
28.3141	21.2356
28.2965	21.1825
28.2965	21.1471
28.2788	21.1117
28.2611	21.0763
28.2611	21.0410
28.2434	20.9879
28.2080	20.9525
28.2080	20.9171
28.2080	20.8817
28.1903	20.8463
28.1903	20.8109
28.1903	20.7578
28.1903	20.7224
28.1903	20.6870
28.1549	20.6693
28.1195	20.6693
28.0841	20.6693
28.0487	20.6693
28.0133	20.6516
27.9956	20.6162
27.9956	20.5632
27.9956	20.5278
28.0133	20.4924
28.0310	20.4570
28.0310	20.4216
28.0310	20.3862
28.0310	20.3331
28.0310	20.2977
28.0133	20.2623
28.0133	20.2269
28.0133	20.1915
28.0133	20.1561
28.0133	20.1030
28.0133	20.0677
27.9956	20.0323
27.9779	19.9969
27.9425	19.9615
27.9071	19.9438
27.8540	19.9084
27.8187	19.8730
27.7833	19.8553
27.7479	19.8553
27.7302	19.8022
27.7302	19.7668
27.7302	19.7314
27.7302	19.6960
27.7302	19.6606
27.7125	19.6252
27.6771	19.6075
27.6417	19.5899
27.6063	19.5899
27.5532	19.5899
27.5178	19.5899
27.4824	19.5722
27.4470	19.5722
27.4116	19.5368
27.3585	19.5191
27.3585	19.4837
27.3585	19.4306
27.3585	19.3952
27.3762	19.3598
27.3939	19.3244
27.4116	19.2890
27.4116	19.2359
27.3585	19.2359
27.3232	19.2005
27.3232	19.1651
27.3409	19.1474
27.3939	19.0944
27.3939	19.0590
27.3939	19.0236
27.3939	18.9882
27.3939	18.9528
27.3939	18.8997
27.3939	18.8643
27.3939	18.8289
27.3939	18.7935
27.3762	18.7581
27.3762	18.7227
27.3762	18.6696
27.3939	18.6342
27.4116	18.5989
27.4470	18.5635
27.4647	18.5104
27.5001	18.4750
27.5355	18.4396
27.5709	18.4573
27.6063	18.4927
27.6240	18.5458
27.6417	18.5812
27.6771	18.5989
27.6948	18.6519
27.7125	18.6873
27.7125	18.7227
27.7479	18.7581
27.7833	18.7935
27.8187	18.7935
27.8363	18.8289
27.8363	18.8643
27.8363	18.8997
27.8363	18.9351
27.8363	18.9882
27.8187	19.0236
27.8187	19.0590
27.8187	19.0944
27.8187	19.1297
27.8540	19.1651
27.8894	19.1651
27.9248	19.1651
27.9602	19.1651
27.9779	19.1297
28.0133	19.0944
28.0487	19.0944
28.0487	19.1297
28.0487	19.1651
28.0487	19.2182
28.0664	19.2536
28.1018	19.2890
28.1018	19.3244
28.1195	19.3598
28.1549	19.4129
28.1549	19.4483
28.1549	19.4837
28.1726	19.5191
28.2080	19.5368
28.2611	19.5368
28.2965	19.5368
28.3318	19.5191
28.3672	19.5191
28.4026	19.5191
28.4026	19.5545
28.4203	19.6075
28.4557	19.6252
28.4911	19.6606
28.4911	19.6960
28.5442	19.7491
28.5796	19.7668
28.6150	19.7668
28.6504	19.7668
28.7035	19.7491
28.7212	19.7668
28.7566	19.8199
28.7920	19.8376
28.8273	19.8730
28.8627	19.8730
28.8981	19.8730
28.9335	19.8730
28.9866	19.8730
29.0220	19.8907
29.0574	19.8907
29.0928	19.8907
29.1282	19.8907
29.1282	19.8730
29.1282	19.8376
29.1282	19.8022
29.1282	19.7491
29.1282	19.7137
29.1282	19.6783
29.0928	19.6429
29.0751	19.6075
29.0751	19.5545
29.0751	19.5191
29.0751	19.4837
29.0751	19.4483
29.0574	19.4129
29.0397	19.3775
28.9866	19.3421
28.9512	19.3244
28.9158	19.3067
28.8804	19.2890
28.8273	19.2713
28.8096	19.2182
28.7920	19.1828
28.7743	19.1474
28.7389	19.1121
28.7212	19.0590
28.7389	19.0413
28.7743	19.0236
28.8096	18.9882
28.8450	18.9882
28.8804	19.0236
28.9158	19.0236
28.9512	19.0236
29.0043	19.0413
29.0043	19.0767
29.0043	19.1121
29.0220	19.1474
29.0574	19.1828
29.0751	19.2359
29.1105	19.2359
29.1459	19.2359
29.1813	19.2005
29.2167	19.1828
29.2521	19.1651
29.2698	19.1828
29.2874	19.2359
29.2874	19.2713
29.3051	19.3067
29.3405	19.3421
29.3759	19.3598
29.4113	19.3775
29.4467	19.3775
29.4821	19.3421
29.4998	19.3067
29.5529	19.2890
29.5883	19.2713
29.6237	19.2536
29.6591	19.2359
29.6945	19.2005
29.7122	19.1474
29.7476	19.1121
29.7476	19.0767
29.7476	19.0413
29.7299	19.0236
29.6945	18.9882
29.6591	18.9528
29.6591	18.9174
29.6945	18.8997
29.7299	18.8820
29.7652	18.8643
29.8006	18.8643
29.8360	18.8466
29.8891	18.8466
29.9068	18.8112
29.9068	18.7758
29.8891	18.7404
29.8714	18.7050
29.8891	18.6696
29.9245	18.6342
29.9599	18.5989
29.9953	18.5812
30.0484	18.5458
30.0838	18.5104
30.1192	18.4927
30.1546	18.4396
30.1900	18.4042
30.2077	18.3688
30.2077	18.3334
30.2077	18.2803
30.1723	18.2626
30.1546	18.2272
30.1192	18.2095
30.0838	18.1741
30.0307	18.1741
29.9953	18.1564
29.9953	18.1211
29.9953	18.0857
29.9953	18.0326
29.9599	18.0149
29.9245	18.0149
29.8891	18.0149
29.8360	18.0149
29.8006	17.9795
29.7652	17.9795
29.7652	17.9441
29.7829	17.8910
29.8183	17.8556
29.8360	17.8202
29.8714	17.7671
29.8891	17.7317
29.9245	17.6963
29.9422	17.6610
29.9599	17.6256
29.9776	17.5725
29.9599	17.5371
29.9245	17.5194
29.8891	17.5194
29.8537	17.5194
29.8006	17.5194
29.7652	17.5194
29.7299	17.5194
29.6945	17.4840
29.6591	17.4663
29.6237	17.4663
29.5883	17.5017
29.5706	17.5371
29.5706	17.5725
29.5352	17.6079
29.4998	17.6256
29.4644	17.6079
29.4644	17.5725
29.4467	17.5194
29.4113	17.5017
29.3759	17.5017
29.3405	17.5194
29.3228	17.5548
29.2874	17.5371
29.2698	17.5017
29.2167	17.4663
29.1813	17.4486
29.1459	17.4486
29.1105	17.4486
29.0751	17.4486
29.0220	17.4663
28.9866	17.4840
28.9512	17.4840
28.9158	17.4840
28.8981	17.4663
28.8981	17.4132
28.9158	17.3778
28.9158	17.3424
28.9158	17.3070
28.9158	17.2716
28.9158	17.2362
28.9158	17.2008
28.9158	17.1478
28.9158	17.1124
28.9158	17.0770
28.9689	17.0593
29.0043	17.0770
29.0397	17.0947
29.0751	17.0947
29.1105	17.0947
29.1459	17.0770
29.1459	17.0416
29.1459	17.0062
29.1636	17.0062
29.1990	17.0062
29.2521	16.9708
29.2521	16.9354
29.2521	16.9000
29.2521	16.8646
29.2521	16.8292
29.2521	16.7761
29.2521	16.7407
29.2521	16.7053
29.2521	16.6700
29.2344	16.6346
29.2344	16.5992
29.2167	16.5461
29.2344	16.5461
29.2698	16.5461
29.3051	16.5461
29.3405	16.5461
29.3759	16.5461
29.4113	16.5284
29.4290	16.4930
29.4644	16.4399
29.4998	16.4222
29.5175	16.3868
29.5352	16.4045
29.5352	16.4399
29.5529	16.4753
29.5706	16.5284
29.5883	16.5638
29.6237	16.5815
29.6591	16.5815
29.6945	16.5815
29.7299	16.5284
29.7652	16.4930
29.7829	16.5107
29.7829	16.5638
29.8006	16.5992
29.8183	16.6346
29.8537	16.6523
29.8714	16.7053
29.9068	16.7230
29.9422	16.7230
29.9953	16.7230
30.0307	16.7053
30.0661	16.7053
30.0838	16.7230
30.1369	16.7584
30.1723	16.7584
30.2077	16.7584
30.2431	16.7584
30.2784	16.7584
30.3315	16.7761
30.3669	16.8115
30.4023	16.8469
30.4377	16.8646
30.4908	16.8646
30.5262	16.8823
30.5616	16.8823
30.5793	16.8646
30.5970	16.8292
30.5970	16.7938
30.5970	16.7407
30.5970	16.7053
30.5970	16.6700
30.5793	16.6346
30.5793	16.5992
30.5793	16.5461
30.5793	16.5107
30.6147	16.4753
30.6324	16.4399
30.6324	16.4045
30.6501	16.3514
30.6501	16.3160
30.6678	16.2806
30.6501	16.2806
30.6324	16.2452
30.6324	16.2099
30.6147	16.1745
30.6324	16.1391
30.6855	16.1391
30.7209	16.1391
30.7562	16.1568
30.7916	16.1922
30.8270	16.2099
30.8801	16.2275
30.9155	16.2452
30.9509	16.2452
30.9863	16.2275
31.0394	16.1745
31.0748	16.1568
31.1102	16.1391
31.1456	16.1391
31.1810	16.1391
31.2163	16.1391
31.2694	16.1214
31.3048	16.0860
31.3225	16.0506
31.3225	16.0152
31.3225	15.9798
31.3402	15.9267
31.3756	15.8913
31.4110	15.8736
31.4287	15.8205
31.4641	15.7851
31.4818	15.7497
31.5349	15.7144
31.5349	15.6790
31.4995	15.6790
31.4641	15.6436
31.4287	15.6259
31.3933	15.6259
31.3579	15.6082
31.3048	15.5905
31.2694	15.5905
31.2340	15.5728
31.1987	15.5728
31.1633	15.5905
31.1279	15.5905
31.0748	15.5905
31.0394	15.5728
31.0040	15.5728
30.9686	15.5728
30.9332	15.5197
30.9332	15.4843
30.9155	15.4489
30.8978	15.4135
30.8624	15.4135
30.8270	15.4666
30.7916	15.4666
30.7562	15.4843
30.7209	15.4843
30.6855	15.5020
30.6324	15.5197
30.5970	15.5374
30.5616	15.5374
30.5439	15.5197
30.5262	15.4843
30.4908	15.4312
30.4554	15.4135
30.4200	15.3958
30.3846	15.3958
30.3492	15.3958
30.2961	15.4135
30.2607	15.4135
30.2431	15.3781
30.2077	15.3781
30.1546	15.3604
30.1192	15.3604
30.0838	15.3604
30.0484	15.3604
30.0130	15.3604
29.9599	15.3427
29.9245	15.3250
29.8891	15.3250
29.8537	15.3604
29.8183	15.3781
29.7652	15.3958
29.7299	15.3958
29.7299	15.3781
29.7122	15.3250
29.7122	15.2896
29.7122	15.2542
29.6768	15.2189
29.6414	15.1835
29.6060	15.2012
29.6237	15.1835
29.6591	15.1835
29.6945	15.1835
29.7299	15.1658
29.7829	15.1658
29.8183	15.1658
29.8537	15.1481
29.8891	15.1304
29.9068	15.0773
29.9068	15.0419
29.9068	15.0065
29.9245	14.9711
29.9599	14.9711
29.9953	14.9711
30.0307	14.9711
30.0661	14.9711
30.1015	14.9711
30.1546	14.9711
30.1900	14.9711
30.2254	14.9711
30.2607	14.9711
30.2961	14.9711
30.3315	14.9534
30.3492	14.9180
30.3492	14.8826
30.3492	14.8472
30.3846	14.8295
30.4200	14.8118
30.4554	14.8118
30.4908	14.7941
30.5262	14.7764
30.5616	14.7411
30.5793	14.7057
30.5793	14.6526
30.6324	14.6349
30.6501	14.5995
30.6501	14.5641
30.6855	14.5464
30.7385	14.5110
30.7562	14.4756
30.7916	14.4579
30.8270	14.4048
30.8447	14.3694
30.8624	14.3340
30.8624	14.2986
30.8447	14.2809
30.8093	14.2809
30.7739	14.2809
30.7209	14.2809
30.6855	14.2633
30.6501	14.2633
30.6147	14.2986
30.5793	14.2986
30.5262	14.3340
30.5262	14.3163
30.5085	14.2633
30.4731	14.2279
30.4377	14.2102
30.4023	14.2102
30.3669	14.2102
30.3315	14.2102
30.2961	14.2102
30.2431	14.2102
30.2077	14.2102
30.1723	14.2102
30.1369	14.2102
30.1015	14.2102
30.0484	14.1925
30.0130	14.1925
29.9776	14.1925
29.9422	14.1925
29.9068	14.2456
29.9068	14.2809
29.8714	14.3163
29.8360	14.3163
29.8183	14.2809
29.7829	14.2633
29.7476	14.2456
29.7122	14.2279
29.6768	14.2456
29.6414	14.2633
29.6060	14.2633
29.5706	14.2809
29.5352	14.2633
29.5529	14.2102
29.5529	14.1748
29.5883	14.1394
29.6060	14.1040
29.6237	14.0686
29.6060	14.0155
29.6237	13.9801
29.6591	13.9801
29.6945	13.9624
29.7476	13.9447
29.7829	13.9093
29.8006	13.8739
29.8006	13.8385
29.7829	13.8031
29.7652	13.7678
29.7652	13.7324
29.7829	13.6970
29.8183	13.6616
29.8537	13.6439
29.9068	13.6085
29.9422	13.5908
29.9245	13.5554
29.8714	13.5377
29.8714	13.4846
29.8714	13.4492
29.9068	13.4138
29.9245	13.3784
29.9599	13.3430
29.9776	13.3077
30.0130	13.2900
30.0484	13.2369
30.0661	13.2015
30.0661	13.1661
30.0307	13.1307
30.0307	13.0953
30.0661	13.0599
30.0661	13.0245
30.0838	12.9891
30.1015	12.9360
30.1192	12.9006
30.1192	12.8652
30.0838	12.8652
30.0484	12.8652
29.9953	12.8652
29.9599	12.8652
29.9245	12.8652
29.8891	12.8829
29.8537	12.9183
29.8006	12.9360
29.7829	12.9714
29.7476	13.0068
29.6945	13.0245
29.6591	13.0422
29.6237	13.0422
29.5883	13.0422
29.5529	13.0422
29.5352	13.0776
29.5352	13.1130
29.5352	13.1661
29.4998	13.1661
29.4644	13.1661
29.4113	13.1661
29.3936	13.1838
29.3759	13.2192
29.3759	13.2546
29.3405	13.2723
29.3051	13.2723
29.2698	13.2723
29.2167	13.2723
29.1813	13.2723
29.1459	13.3077
29.1282	13.3430
29.1282	13.3784
29.1282	13.4138
29.1282	13.4492
29.1459	13.5023
29.1459	13.4669
29.1105	13.4492
29.0751	13.4138
29.0397	13.3961
29.0043	13.3784
28.9689	13.3961
28.9335	13.4315
28.9158	13.4669
28.8804	13.5023
28.8627	13.5554
28.8627	13.5908
28.8273	13.6262
28.8096	13.6616
28.7743	13.6970
28.7566	13.7501
28.7035	13.7678
28.6681	13.7855
28.6504	13.7678
28.5973	13.7501
28.5619	13.7324
28.5265	13.7324
28.4911	13.7324
28.4557	13.7324
28.4203	13.7324
28.3672	13.7501
28.3672	13.7855
28.3318	13.8208
28.3141	13.8562
28.2788	13.9093
28.2434	13.9447
28.2080	13.9801
28.1726	14.0155
28.1372	14.0155
28.1018	14.0155
28.0664	14.0155
28.0310	14.0155
27.9779	14.0155
27.9425	14.0155
27.9071	14.0332
27.8717	14.0686
27.8363	14.1040
27.8010	14.1394
27.7656	14.1925
27.7125	14.1925
27.6771	14.1925
27.6417	14.1925
27.6240	14.1571
27.6063	14.1040
27.5886	14.0686
27.5886	14.0332
27.5886	13.9978
27.5886	13.9624
27.6063	13.9270
27.6063	13.8739
27.6240	13.8385
27.6417	13.8031
27.6594	13.7678
27.6594	13.7324
27.6594	13.6793
27.6594	13.6439
27.7125	13.6085
27.7479	13.5908
27.7833	13.5731
27.8010	13.5200
27.8363	13.4846
27.8540	13.4492
27.8540	13.4138
27.8540	13.3784
27.8540	13.3430
27.8540	13.2900
27.8540	13.2546
27.8540	13.2192
27.8187	13.2015
27.7833	13.2015
27.7302	13.2015
27.6948	13.2015
27.6594	13.2015
27.6240	13.1661
27.5886	13.1484
27.5532	13.1130
27.5178	13.0953
27.4824	13.0599
27.4824	13.0245
27.4647	12.9891
27.4647	12.9537
27.5178	12.9183
27.5532	12.9006
27.5709	12.8475
27.6063	12.8122
27.6240	12.7768
27.6240	12.7414
27.6240	12.7060
27.6240	12.6529
27.5886	12.6175
27.5532	12.5821
27.5178	12.5821
27.4824	12.5644
27.4470	12.5467
27.3939	12.5467
27.3585	12.5467
27.3409	12.5113
27.3409	12.4759
27.3762	12.4405
27.4293	12.4228
27.4647	12.4051
27.5001	12.4051
27.5355	12.4051
27.5709	12.4051
27.6063	12.4051
27.6594	12.4051
27.6948	12.4051
27.7302	12.4051
27.7656	12.4051
27.8010	12.3874
27.8540	12.3520
27.8540	12.3167
27.8717	12.2813
27.8894	12.2459
27.9071	12.1928
27.9425	12.1574
27.9425	12.1220
27.9248	12.1043
27.9071	12.1220
27.8717	12.1397
27.8187	12.1574
27.7833	12.1574
27.7479	12.1574
27.7125	12.1574
27.6771	12.1574
27.6240	12.1397
27.5886	12.1220
27.5532	12.1043
27.5178	12.0866
27.4824	12.0689
27.4293	12.0512
27.3939	12.0512
27.3585	12.0512
27.3232	12.0512
27.2878	12.0512
27.2524	12.0512
27.1993	12.0512
27.2170	12.0158
27.2524	11.9981
27.2878	11.9804
27.3409	11.9627
27.3762	11.9450
27.4116	11.9450
27.4470	11.9450
27.4824	11.9450
27.5178	11.9273
27.5709	11.9273
27.6063	11.9273
27.6417	11.9273
27.6771	11.9273
27.7125	11.9450
27.7479	11.9450
27.8010	11.9627
27.8363	11.9804
27.8717	11.9804
27.9071	11.9981
27.9425	12.0158
27.9956	12.0158
28.0310	12.0158
28.0664	12.0158
28.1018	12.0158
28.1372	12.0158
28.1726	11.9981
28.2257	11.9981
28.2611	11.9981
28.2965	11.9804
28.3318	11.9804
28.3672	11.9627
28.4026	11.9450
28.4557	11.9273
28.4911	11.8919
28.5265	11.8919
28.5619	11.8742
28.6150	11.8566
28.6504	11.8389
28.6504	11.8035
28.6327	11.7504
28.5973	11.7327
28.5619	11.7150
28.5265	11.6973
28.4734	11.6973
28.4380	11.6796
28.4026	11.6442
28.3672	11.6265
28.3318	11.6088
28.2788	11.5911
28.2434	11.5911
28.2080	11.5911
28.1726	11.5911
28.1372	11.5911
28.1018	11.5911
28.0487	11.5734
28.0133	11.5557
27.9779	11.5557
27.9425	11.5203
27.9425	11.4849
27.9425	11.4495
27.9602	11.4141
27.9779	11.3611
27.9779	11.3257
27.9956	11.2903
28.0133	11.2549
28.0310	11.2195
28.0310	11.1664
28.0310	11.1310
28.0310	11.0956
28.0310	11.0602
27.9956	11.0248
27.9956	10.9717
28.0133	10.9363
28.0487	10.9186
28.0841	10.9009
28.1372	10.8656
28.1726	10.8479
28.2080	10.8125
28.2434	10.7948
28.2788	10.7594
28.2965	10.7063
28.3318	10.6709
28.3495	10.6355
28.4026	10.6178
28.4026	10.5647
28.4203	10.5293
28.4380	10.4939
28.4380	10.4585
28.4380	10.4231
28.4380	10.3701
28.4380	10.3347
28.4380	10.2993
28.4203	10.2639
28.3849	10.2462
28.3495	10.2285
28.3141	10.2285
28.2788	10.2285
28.2257	10.2285
28.1903	10.2285
28.1549	10.2639
28.1195	10.2639
28.0841	10.2993
28.0310	10.2993
27.9956	10.2993
27.9602	10.2993
27.9425	10.2639
27.8894	10.2285
27.8540	10.2285
27.8187	10.2285
27.7833	10.2639
27.7833	10.3170
27.7656	10.3524
27.7302	10.3524
27.7125	10.3170
27.6948	10.2816
27.6948	10.2285
27.6417	10.2108
27.6063	10.2108
27.5886	10.2639
27.5532	10.2993
27.5355	10.3347
27.5355	10.3701
27.4824	10.3878
27.4470	10.3878
27.4116	10.4054
27.3762	10.4231
27.3409	10.4231
27.3055	10.4231
27.2524	10.4231
27.2170	10.4408
27.1816	10.4762
27.1639	10.5293
27.1108	10.5470
27.0754	10.5824
27.0400	10.6001
27.0046	10.6178
26.9515	10.6355
26.9515	10.6178
26.9338	10.5824
26.9338	10.5470
26.9338	10.5116
26.9338	10.4585
26.9338	10.4231
26.9338	10.3878
26.9515	10.3524
26.9869	10.3170
27.0223	10.2816
27.0400	10.2462
27.0400	10.2108
27.0400	10.1754
27.0754	10.1577
27.1108	10.1223
27.1462	10.1046
27.1816	10.0692
27.1816	10.0338
27.1462	9.9807
27.1108	9.9807
27.0754	9.9453
27.0577	9.9100
27.0577	9.8746
27.0931	9.8215
27.1108	9.7861
27.1285	9.7507
27.1285	9.7153
27.1462	9.6799
27.1639	9.6268
27.1639	9.5914
27.1639	9.5560
27.1639	9.5206
27.1639	9.4852
27.1285	9.4675
27.0931	9.4675
27.0577	9.4498
27.0223	9.4498
26.9692	9.4675
26.9515	9.5029
26.9161	9.5383
26.8984	9.5914
26.8807	9.6268
26.8630	9.6622
26.8630	9.6445
26.8277	9.6091
26.7923	9.6091
26.7569	9.6091
26.7215	9.6091
26.6861	9.6445
26.6861	9.6799
26.6861	9.7330
26.7038	9.7684
26.7215	9.8038
26.7215	9.8392
26.7038	9.8392
26.6684	9.8392
26.6507	9.8746
26.6153	9.9276
26.6153	9.9630
26.6153	9.9984
26.6153	10.0338
26.6153	10.0692
26.5976	10.1046
26.5799	10.0869
26.5622	10.0515
26.5445	10.0161
26.5268	9.9807
26.5091	9.9276
26.4914	9.8923
26.4560	9.8569
26.4383	9.8215
26.4029	9.7861
26.3676	9.7861
26.3322	9.8038
26.3145	9.8569
26.3145	9.8923
26.3322	9.9276
26.3499	9.9630
26.3499	9.9984
26.3499	10.0515
26.3499	10.0869
26.3499	10.1223
26.3499	10.1577
26.3499	10.1931
26.3145	10.2108
26.2614	10.2108
26.2260	10.2108
26.1906	10.2285
26.1552	10.2639
26.1375	10.2993
26.1021	10.3347
26.0667	10.3524
26.0136	10.3524
26.0136	10.3170
26.0136	10.2816
26.0136	10.2462
26.0136	10.2108
26.0490	10.1754
26.0490	10.1223
26.0667	10.0869
26.0844	10.0515
26.0844	10.0161
26.0844	9.9807
26.0844	9.9276
26.0667	9.8923
26.0667	9.8569
26.0667	9.8215
26.0667	9.7861
26.0667	9.7507
26.0667	9.6976
26.0667	9.6622
26.0844	9.6268
26.1021	9.5914
26.1021	9.5560
26.1021	9.5206
26.1021	9.4675
26.0667	9.4322
26.0313	9.4145
25.9959	9.3791
25.9605	9.3791
25.9074	9.3614
25.8721	9.3614
25.8367	9.3614
25.8013	9.3614
25.7659	9.3614
25.7305	9.3614
25.7128	9.3968
25.6774	9.4498
25.6597	9.4145
25.6243	9.3791
25.5889	9.3614
25.5712	9.3083
25.5181	9.2906
25.4827	9.2906
25.4473	9.2906
25.4119	9.3083
25.3766	9.3260
25.3589	9.3614
25.3235	9.3968
25.3235	9.4498
25.3235	9.4852
25.3235	9.5206
25.3235	9.5560
25.3235	9.5914
25.3235	9.6268
25.3235	9.6622
25.3058	9.7153
25.2704	9.7330
25.2350	9.7684
25.2173	9.8215
25.2173	9.8569
25.2173	9.8923
25.2173	9.9276
25.2350	9.9630
25.2350	9.9984
25.2350	10.0515
25.2350	10.0869
25.2173	10.1223
25.1996	10.1577
25.1996	10.1931
25.1819	10.2462
25.1465	10.2462
25.1111	10.2462
25.0757	10.2108
25.0226	10.1931
24.9872	10.1931
24.9518	10.1754
24.9165	10.1754
24.8811	10.1754
24.8457	10.1754
24.7926	10.1754
24.7926	10.1577
24.7926	10.1223
24.7926	10.0692
24.7926	10.0338
24.7926	9.9984
24.7926	9.9630
24.7926	9.9276
24.7572	9.9276
24.7218	9.9276
24.7218	9.8923
24.7395	9.8569
24.7749	9.8215
24.8103	9.8038
24.8280	9.7684
24.8280	9.7330
24.8280	9.6976
24.8280	9.6445
24.8280	9.6091
24.7926	9.5914
24.7572	9.5914
24.7041	9.6091
24.6687	9.6268
24.6333	9.6445
24.6156	9.6268
24.6156	9.5914
24.6333	9.5560
24.6333	9.5029
24.6510	9.4675
24.6864	9.4322
24.7218	9.3968
24.7395	9.3614
24.7395	9.3260
24.7041	9.2906
24.6687	9.2729
24.6333	9.2552
24.5979	9.2552
24.5802	9.2021
24.5625	9.1667
24.5625	9.1313
24.5802	9.0959
24.5802	9.0605
24.5802	9.0251
24.5625	8.9897
24.5094	8.9897
24.4740	8.9897
24.4387	8.9897
24.4033	8.9897
24.3679	8.9897
24.3325	8.9897
24.3325	9.0251
24.3325	9.0605
24.3325	9.0959
24.3325	9.1313
24.3325	9.1667
24.3325	9.2198
24.3325	9.2552
24.2794	9.2552
24.2440	9.2375
24.2086	9.2375
24.1732	9.2198
24.1378	9.2198
24.1024	9.2375
24.1024	9.2729
24.1201	9.3083
24.1201	9.3614
24.1201	9.3968
24.1378	9.4322
24.1201	9.4498
24.0847	9.4852
24.0316	9.5029
24.0316	9.5560
24.0316	9.5914
24.0493	9.6268
24.0670	9.6622
24.0493	9.6976
24.0316	9.7330
24.0316	9.7684
24.0316	9.8038
24.0316	9.8392
24.0493	9.8923
24.0670	9.9276
24.0670	9.9630
24.0847	9.9984
24.0847	10.0338
24.0670	10.0869
24.0316	10.1046
23.9785	10.1400
23.9432	10.1400
23.9078	10.1931
23.8724	10.2108
23.8193	10.2462
23.7839	10.2816
23.7485	10.3170
23.7131	10.3524
23.6600	10.3878
23.6423	10.4231
23.6069	10.4231
23.5892	10.3878
23.5715	10.3524
23.5892	10.3170
23.6069	10.2816
23.6423	10.2285
23.6600	10.1931
23.6600	10.1577
23.6600	10.1223
23.6423	10.1046
23.6069	10.0869
23.5715	10.0692
23.5184	10.0692
23.4830	10.0869
23.4477	10.1400
23.3946	10.1754
23.3592	10.2108
23.3415	10.2462
23.3061	10.2993
23.2884	10.3347
23.2530	10.3524
23.2176	10.3347
23.1822	10.3170
23.1291	10.2816
23.1291	10.2462
23.0937	10.2108
23.0937	10.1577
23.0937	10.1223
23.1291	10.0869
23.1468	10.0515
23.1822	10.0161
23.1999	9.9630
23.1999	9.9276
23.1645	9.9100
23.1468	9.8746
23.1468	9.8392
23.1468	9.8038
23.1468	9.7684
23.1468	9.7153
23.1291	9.6799
23.0937	9.6445
23.0937	9.6091
23.1114	9.5737
23.1468	9.5560
23.1822	9.5206
23.2176	9.4852
23.2353	9.4498
23.2707	9.3968
23.2530	9.3614
23.2176	9.3437
23.1822	9.3437
23.1468	9.3437
23.1114	9.3437
23.0760	9.3437
23.0406	9.3083
23.0406	9.2729
23.0583	9.2375
23.0583	9.2021
23.0937	9.1490
23.0937	9.1136
23.0937	9.0782
23.0760	9.0428
23.0406	9.0074
23.0052	9.0074
22.9699	9.0074
22.9168	9.0074
22.8814	9.0074
22.8460	9.0074
22.8106	9.0251
22.7929	9.0782
22.7752	9.1136
22.7398	9.1136
22.7044	9.1136
22.6690	9.1136
22.6336	9.1136
22.6159	9.1490
22.5982	9.1844
22.5982	9.2198
22.6159	9.2729
22.6336	9.3083
22.6513	9.3437
22.6690	9.3791
22.6690	9.4145
22.6513	9.4498
22.6159	9.4498
22.5805	9.4675
22.5451	9.4675
22.4921	9.4498
22.4567	9.4498
22.4567	9.4852
22.4744	9.5206
22.4744	9.5737
22.4744	9.6091
22.4744	9.6445
22.4921	9.6799
22.5097	9.7153
22.5097	9.7507
22.5274	9.8038
22.5274	9.8392
22.5274	9.8746
22.4921	9.8923
22.4567	9.8923
22.4213	9.8746
22.3859	9.8569
22.3505	9.8569
22.3151	9.8746
22.2797	9.8569
22.2797	9.8038
22.2620	9.7684
22.2443	9.7330
22.2266	9.6976
22.2266	9.6622
22.2089	9.6268
22.2089	9.5737
22.2089	9.5383
22.2089	9.5029
22.2089	9.4675
22.2443	9.4322
22.2797	9.4322
22.3328	9.4145
22.3505	9.3791
22.3505	9.3437
22.3328	9.3260
22.2974	9.3260
22.2620	9.3083
22.2266	9.2729
22.2266	9.2375
22.2443	9.1844
22.2443	9.1490
22.2443	9.1136
22.2443	9.0782
22.2443	9.0428
22.2443	9.0074
22.2620	8.9720
22.2620	8.9190
22.2620	8.8836
22.2620	8.8482
22.2620	8.8128
22.2620	8.7774
22.2620	8.7420
22.2620	8.6889
22.2443	8.6535
22.2266	8.6181
22.2089	8.5827
22.2089	8.5473
22.1735	8.4942
22.1558	8.4589
