29.0604	9.9737
29.0604	9.9400
29.0436	9.9231
29.0098	9.8893
28.9592	9.8725
28.9254	9.8556
28.8917	9.8556
28.8579	9.8725
28.8242	9.9062
28.8073	9.9400
28.7736	9.9737
28.7736	10.0243
28.7398	10.0243
28.6892	10.0243
28.6554	10.0243
28.6217	10.0243
28.6048	10.0581
28.5879	10.1087
28.5879	10.1425
28.5879	10.1762
28.5879	10.2100
28.5710	10.2268
28.5373	10.2437
28.5035	10.2775
28.4867	10.3112
28.4698	10.3450
28.4698	10.3787
28.4360	10.3787
28.4023	10.3787
28.3685	10.4294
28.3685	10.4631
28.3685	10.4969
28.3854	10.5306
28.3854	10.5644
28.3854	10.6150
28.4023	10.6487
28.4023	10.6825
28.4023	10.7163
28.3854	10.7331
28.3685	10.7669
28.3179	10.7838
28.3179	10.8344
28.3179	10.8681
28.3179	10.9019
28.3348	10.9356
28.3348	10.9694
28.3348	11.0031
28.3348	11.0538
28.3348	11.0875
28.3179	11.1213
28.3179	11.1550
28.3010	11.1888
28.2673	11.1719
28.2335	11.1550
28.1998	11.1550
28.1829	11.1888
28.1829	11.2225
28.1829	11.2563
28.1829	11.2900
28.1998	11.3238
28.1998	11.3744
28.1998	11.4082
28.1998	11.4419
28.1998	11.4757
28.1998	11.5094
28.1998	11.5432
28.1660	11.5769
28.1491	11.6107
28.1154	11.6444
28.0648	11.6613
28.0479	11.6951
28.0310	11.7457
28.0310	11.7794
28.0141	11.8132
27.9804	11.8469
27.9804	11.8807
27.9466	11.9313
27.9298	11.9651
27.9298	11.9988
27.9129	12.0326
27.8960	12.0663
27.8791	12.1170
27.8454	12.1507
27.8285	12.1338
27.8285	12.1001
27.8285	12.0495
27.8285	12.0157
27.8285	11.9819
27.8623	11.9482
27.8623	11.9144
27.8960	11.8638
27.9129	11.8301
27.9129	11.7963
27.9129	11.7626
27.9129	11.7288
27.8960	11.6951
27.8623	11.6782
27.8285	11.6444
27.7779	11.6107
27.7441	11.5938
27.7104	11.5769
27.6766	11.5769
27.6260	11.6276
27.5922	11.6276
27.5585	11.6276
27.5585	11.6107
27.5585	11.5769
27.5585	11.5432
27.5585	11.5094
27.5754	11.4588
27.5754	11.4250
27.5754	11.3913
27.5416	11.3744
27.5247	11.3913
27.5079	11.3744
27.5079	11.3407
27.5247	11.3069
27.5247	11.2732
27.5247	11.2225
27.5247	11.1888
27.5247	11.1550
27.4910	11.1719
27.4404	11.1888
27.4066	11.2057
27.4066	11.1888
27.4235	11.1381
27.4235	11.1044
27.4066	11.0706
27.3897	11.0369
27.3897	11.0031
27.3560	10.9863
27.3053	10.9863
27.2885	10.9694
27.2885	10.9356
27.2885	10.9019
27.2716	10.8681
27.2547	10.8344
27.2210	10.8344
27.1872	10.8344
27.1703	10.7838
27.1703	10.7500
27.1703	10.7163
27.1872	10.6825
27.1872	10.6487
27.1872	10.5981
27.1703	10.5644
27.1703	10.5306
27.1197	10.5137
27.0860	10.5137
27.0522	10.5137
27.0185	10.5137
26.9847	10.5137
26.9509	10.5306
26.9003	10.5475
26.9003	10.5812
26.9003	10.6319
26.9003	10.6656
26.9003	10.6994
26.9003	10.7331
26.9003	10.7669
26.9003	10.8006
26.8834	10.8513
26.8834	10.8850
26.8497	10.9188
26.8159	10.9356
26.7822	10.9356
26.7484	10.9525
26.7316	10.9863
26.7147	11.0369
26.7147	11.0706
26.7147	11.1044
26.7147	11.1381
26.7147	11.1719
26.6978	11.1888
26.6641	11.2057
26.6134	11.2225
26.5797	11.2563
26.5459	11.2732
26.5122	11.3069
26.4953	11.3575
26.4615	11.3575
26.4109	11.3575
26.3772	11.3575
26.3434	11.3575
26.3097	11.3575
26.2759	11.3407
26.2422	11.3407
26.1915	11.3575
26.1578	11.3575
26.1240	11.3744
26.0903	11.3744
26.0565	11.3913
26.0228	11.3913
25.9721	11.4082
25.9384	11.4082
25.9046	11.4082
25.8709	11.4082
25.8371	11.4250
25.7865	11.4419
25.7528	11.4588
25.7190	11.4757
25.7021	11.5094
25.6852	11.5432
25.6684	11.5938
25.6684	11.6276
25.6684	11.6613
25.6852	11.6782
25.7359	11.6951
25.7696	11.6951
25.8034	11.6951
25.8371	11.6951
25.8709	11.6782
25.9046	11.6782
25.9553	11.6613
25.9890	11.6613
26.0228	11.6613
26.0565	11.6613
26.0903	11.6782
26.0903	11.7288
26.0903	11.7626
26.0903	11.7963
26.0903	11.8301
26.1071	11.8469
26.1409	11.8301
26.1915	11.8132
26.2253	11.7963
26.2590	11.7794
26.2928	11.7626
26.3265	11.7288
26.3772	11.7288
26.4109	11.6951
26.4447	11.6782
26.4784	11.6782
26.5122	11.7119
26.5459	11.7288
26.5797	11.7457
26.6134	11.7794
26.6472	11.7794
26.6809	11.7794
26.7147	11.7794
26.7484	11.7794
26.7484	11.8132
26.7653	11.8638
26.7653	11.8976
26.7147	11.9144
26.7147	11.9482
26.7147	11.9988
26.7147	12.0326
26.7147	12.0663
26.7484	12.0832
26.7991	12.1338
26.8328	12.1507
26.8666	12.1845
26.9003	12.2182
26.9341	12.2520
26.9678	12.2520
27.0016	12.2520
27.0522	12.2351
27.0860	12.2520
27.1028	12.2857
27.1028	12.3195
27.1028	12.3532
27.1197	12.3870
27.1366	12.4207
27.1872	12.4376
27.2210	12.4376
27.2547	12.4545
27.2716	12.4882
27.2716	12.5220
27.2547	12.5726
27.2547	12.6064
27.2716	12.6401
27.2716	12.6739
27.2716	12.7076
27.2716	12.7414
27.2716	12.7920
27.2378	12.8089
27.2041	12.8257
27.1535	12.8426
27.1197	12.8933
27.0860	12.9101
27.0522	12.9439
27.0016	12.9439
26.9678	12.9776
26.9341	12.9945
26.9003	13.0283
26.8497	13.0283
26.8159	13.0283
26.7822	13.0283
26.7484	13.0283
26.7147	13.0283
26.6809	13.0283
26.6472	13.0114
26.5966	13.0114
26.5628	13.0114
26.5290	13.0114
26.4953	13.0114
26.4615	13.0114
26.4278	13.0114
26.3940	13.0114
26.3434	13.0114
26.3097	13.0451
26.2928	13.0789
26.2928	13.1126
26.2590	13.1464
26.2422	13.1970
26.2253	13.2308
26.2422	13.2476
26.2759	13.2645
26.3265	13.2983
26.3772	13.3320
26.4109	13.3320
26.4447	13.3489
26.4784	13.3489
26.5290	13.3658
26.5628	13.3658
26.5966	13.3658
26.6303	13.3658
26.6641	13.3658
26.6978	13.3658
26.7484	13.3658
26.7822	13.3489
26.8159	13.3320
26.8497	13.3320
26.8834	13.3152
26.9172	13.3152
26.9509	13.3320
26.9678	13.3658
27.0016	13.4164
27.0185	13.4502
27.0353	13.4839
27.0353	13.5177
27.0016	13.5177
26.9678	13.5177
26.9341	13.5177
26.9003	13.5177
26.8666	13.5345
26.8159	13.5514
26.7991	13.6020
26.7653	13.6358
26.7316	13.6527
26.6978	13.6864
26.6641	13.7033
26.6134	13.6864
26.5797	13.6695
26.5459	13.6695
26.5122	13.6358
26.4615	13.6189
26.4278	13.6189
26.3940	13.6020
26.3603	13.6020
26.3265	13.6020
26.2928	13.5852
26.2422	13.5683
26.2084	13.5683
26.1747	13.6020
26.1409	13.6189
26.0903	13.6527
26.0565	13.6695
26.0228	13.6864
26.0059	13.6695
25.9721	13.6358
25.9384	13.6020
25.9384	13.5683
25.9384	13.5345
25.9384	13.5008
25.9384	13.4502
25.9215	13.4164
25.8878	13.4333
25.8371	13.4502
25.8034	13.4670
25.7696	13.4839
25.7359	13.5008
25.7021	13.5345
25.6515	13.5514
25.6177	13.5514
25.6177	13.5345
25.6177	13.5008
25.6515	13.4839
25.6684	13.4502
25.6515	13.4333
25.6009	13.4333
25.5671	13.4164
25.5334	13.4164
25.4996	13.4164
25.4659	13.4164
25.4321	13.4164
25.3984	13.4164
25.3477	13.4164
25.3140	13.4164
25.2802	13.4164
25.2465	13.4164
25.2127	13.3827
25.2127	13.3489
25.1958	13.3152
25.1621	13.2814
25.1115	13.2476
25.1115	13.2139
25.1115	13.1801
25.1115	13.1464
25.1115	13.0958
25.0777	13.0620
25.0440	13.0451
25.0102	13.0283
24.9765	13.0114
24.9427	13.0283
24.9427	13.0789
24.9596	13.0451
24.9596	13.0114
24.9596	12.9776
24.9596	12.9439
24.9427	12.9101
24.9090	12.8933
24.8752	12.8764
24.8414	12.8595
24.7908	12.8595
24.7571	12.8426
24.7233	12.8257
24.7064	12.7920
24.6896	12.7582
24.6558	12.7245
24.6221	12.6907
24.5883	12.6570
24.5546	12.6401
24.5208	12.6232
24.5039	12.5726
24.4533	12.5557
24.4533	12.5220
24.4364	12.4714
24.4195	12.4376
24.4027	12.4038
24.4027	12.3701
24.4027	12.3363
24.4027	12.3026
24.4195	12.2520
24.4195	12.2182
24.4195	12.1845
24.4195	12.1507
24.4195	12.1170
24.4195	12.0832
24.4364	12.0495
24.4364	11.9988
24.4364	11.9651
24.4364	11.9313
24.4364	11.8976
24.4195	11.8638
24.3858	11.8638
24.3520	11.8638
24.3183	11.8638
24.2677	11.8976
24.2339	11.8976
24.2002	11.8976
24.1664	11.8976
24.1327	11.8976
24.0989	11.8976
24.0483	11.8976
24.0483	11.9313
24.0314	11.9651
23.9977	11.9988
23.9808	12.0495
23.9470	12.0663
23.9133	12.1001
23.8964	12.1507
23.8626	12.1845
23.8289	12.2182
23.7951	12.2520
23.7614	12.2857
23.7276	12.3195
23.6939	12.3532
23.6601	12.4038
23.6433	12.4376
23.6095	12.4714
23.5926	12.5051
23.5589	12.5557
23.5420	12.5895
23.5251	12.6232
23.4914	12.6570
23.4745	12.7076
23.4576	12.7414
23.4407	12.7751
23.4407	12.8089
23.4407	12.8426
23.4239	12.8764
23.4239	12.9270
23.4239	12.9608
23.4239	12.9945
23.4239	13.0283
23.4407	13.0620
23.4576	13.1126
23.4745	13.1464
23.4745	13.1801
23.5082	13.2139
23.5251	13.2476
23.5251	13.2983
23.5251	13.3320
23.5251	13.3658
23.5251	13.3995
23.5251	13.4333
23.5420	13.4670
23.5758	13.5177
23.5758	13.5514
23.6095	13.5683
23.6601	13.6189
23.6770	13.6527
23.7108	13.6864
23.7276	13.7202
23.7783	13.7539
23.8120	13.7708
23.8458	13.8046
23.8795	13.8383
23.8795	13.8721
23.8795	13.9058
23.9133	13.9227
23.9470	13.9227
23.9808	13.9396
24.0145	13.9396
24.0483	13.9396
24.0989	13.9396
24.0989	13.9902
24.0820	14.0071
24.0652	14.0408
24.0145	14.0746
23.9808	14.0914
23.9470	14.0914
23.9133	14.0914
23.8795	14.0914
23.8626	14.1252
23.8626	14.1590
23.8626	14.1927
23.8289	14.1927
23.7783	14.1421
23.7445	14.1421
23.7108	14.1590
23.6770	14.1590
23.6433	14.1758
23.5926	14.1927
23.5758	14.2265
23.5420	14.2771
23.5420	14.3108
23.5758	14.3446
23.5758	14.3783
23.5758	14.4121
23.5758	14.4458
23.5758	14.4965
23.5420	14.4965
23.5082	14.4796
23.4576	14.4965
23.4239	14.5133
23.4070	14.5471
23.4407	14.5809
23.4745	14.5977
23.4914	14.6484
23.5082	14.6821
23.5082	14.7159
23.4745	14.7327
23.4407	14.7834
23.4239	14.8171
23.4070	14.8509
23.3901	14.8846
23.3901	14.9352
23.3901	14.9690
23.3901	15.0028
23.4239	15.0196
23.4745	15.0365
23.5082	15.0534
23.5420	15.0534
23.5758	15.0196
23.6264	14.9859
23.6433	14.9352
23.6770	14.9184
23.7108	14.8846
23.7445	14.8340
23.7445	14.8509
23.7783	14.9015
23.8120	14.9184
23.8458	14.9352
23.8795	14.9352
23.8964	14.9015
23.9133	14.8677
23.9133	14.8340
23.9133	14.7834
23.9133	14.7496
23.9470	14.7496
23.9808	14.7327
24.0145	14.7159
24.0652	14.7159
24.0989	14.6990
24.1327	14.6990
24.1664	14.6821
24.2002	14.6652
24.2508	14.6484
24.2845	14.5977
24.3183	14.5809
24.3520	14.5640
24.3858	14.5302
24.4195	14.4965
24.4195	14.4627
24.4195	14.4290
24.4533	14.4290
24.4871	14.4458
24.5208	14.4796
24.5546	14.4965
24.5883	14.4965
24.6221	14.4965
24.6727	14.4965
24.7064	14.4627
24.7233	14.4121
24.7739	14.4121
24.8077	14.4121
24.8414	14.4458
24.8752	14.4965
24.9090	14.5133
24.9427	14.5302
24.9765	14.5471
24.9933	14.5809
25.0271	14.6146
25.0777	14.6315
25.0946	14.6821
25.1283	14.6990
25.1790	14.7159
25.2127	14.7327
25.2465	14.7496
25.2633	14.7834
25.2465	14.8340
25.2296	14.8677
25.2127	14.9015
25.1958	14.9352
25.1958	14.9690
25.1621	15.0196
25.1452	15.0534
25.1452	15.0871
25.1621	15.1040
25.1958	15.1040
25.2296	15.1209
25.2296	15.1546
25.2127	15.1884
25.1958	15.2221
25.1958	15.2559
25.1958	15.2896
25.2127	15.3403
25.2465	15.3403
25.2802	15.3403
25.3140	15.3403
25.3477	15.3740
25.3477	15.4078
25.3140	15.4415
25.3140	15.4922
25.2971	15.5259
25.2971	15.5597
25.2971	15.5934
25.3309	15.6272
25.3477	15.6778
25.3477	15.7115
25.3477	15.7453
25.3477	15.7790
25.3477	15.8128
25.3477	15.8465
25.3477	15.8972
25.3309	15.9309
25.2971	15.9647
25.2633	15.9984
25.2465	16.0491
25.2465	16.0828
25.2465	16.1166
25.2802	16.1334
25.3309	16.1334
25.3309	16.1672
25.2971	16.1841
25.2802	16.2347
25.2633	16.2684
25.2465	16.3022
25.2465	16.3360
25.2802	16.3697
25.2971	16.4203
25.3140	16.4541
25.2971	16.4710
25.2465	16.4710
25.2127	16.4372
25.1790	16.4372
25.1452	16.4372
25.1115	16.4035
25.0946	16.3697
25.0777	16.3360
25.0440	16.3022
25.0102	16.3191
24.9933	16.3528
24.9765	16.3866
24.9427	16.4035
24.9090	16.3866
24.8752	16.3697
24.8583	16.3360
24.8246	16.3191
24.7739	16.3022
24.7402	16.2853
24.7064	16.2516
24.6727	16.2347
24.6221	16.2347
24.5883	16.2516
24.5546	16.2684
24.5208	16.2684
24.4871	16.3022
24.4364	16.3191
24.4027	16.3191
24.3689	16.3528
24.3352	16.3866
24.3014	16.4035
24.2508	16.4203
24.2170	16.4372
24.1833	16.4710
24.1495	16.4878
24.0989	16.5216
24.1158	16.5553
24.1327	16.5891
24.1664	16.6228
24.2002	16.6566
24.2170	16.6903
24.2002	16.7072
24.1495	16.7072
24.1327	16.7410
24.1158	16.7747
24.1158	16.8085
24.1158	16.8422
24.1158	16.8929
24.1327	16.9266
24.1327	16.9604
24.1833	16.9941
24.2170	16.9941
24.2508	16.9941
24.2845	16.9941
24.3183	16.9941
24.3520	16.9941
24.4027	16.9941
24.4364	16.9941
24.4533	17.0447
24.4533	17.0785
24.4871	17.1122
24.5039	17.1460
24.5546	17.1798
24.5883	17.1966
24.6052	17.2304
24.6052	17.2810
24.6052	17.3148
24.5714	17.3485
24.5714	17.3823
24.5377	17.4329
24.5039	17.4329
24.4702	17.4666
24.4364	17.4666
24.3858	17.4666
24.3520	17.4666
24.3183	17.4498
24.2845	17.4498
24.2508	17.4498
24.2170	17.4498
24.2002	17.4666
24.2002	17.5173
24.2002	17.5510
24.2170	17.5848
24.2508	17.6185
24.2845	17.6692
24.3183	17.6860
24.3520	17.6860
24.3858	17.6860
24.4027	17.7198
24.3858	17.7535
24.3858	17.7873
24.3858	17.8210
24.4027	17.8548
24.4364	17.9054
24.4702	17.9054
24.5039	17.9392
24.5377	17.9560
24.5546	18.0067
24.5546	18.0404
24.5208	18.0742
24.4871	18.1079
24.4533	18.1248
24.4195	18.1248
24.4027	18.1586
24.3520	18.1923
24.3352	18.2261
24.3183	18.2598
24.3352	18.2936
24.3183	18.3104
24.2845	18.3442
24.2677	18.3779
24.2845	18.4117
24.2845	18.4455
24.3014	18.4961
24.3352	18.4961
24.3520	18.5298
24.3352	18.5805
24.3014	18.5973
24.2508	18.6142
24.2339	18.6480
24.2002	18.6648
24.1664	18.6986
24.1664	18.7323
24.1664	18.7830
24.2002	18.7998
24.2339	18.8336
24.2845	18.8505
24.3183	18.8505
24.3520	18.8505
24.3858	18.8674
24.4027	18.9011
24.4027	18.9349
24.4195	18.9686
24.4195	19.0192
24.4533	19.0530
24.4702	19.0867
24.5039	19.1205
24.5377	19.1374
24.5714	19.1374
24.6221	19.1205
24.6389	19.0867
24.6727	19.0361
24.6727	19.0024
24.6727	18.9686
24.6727	18.9349
24.6727	18.9011
24.7064	18.9011
24.7571	18.8674
24.7908	18.8505
24.8077	18.7998
24.8246	18.7661
24.8246	18.7323
24.8077	18.6986
24.7908	18.6648
24.7908	18.6142
24.8246	18.6142
24.8583	18.5973
24.9090	18.5636
24.9427	18.5636
24.9765	18.5467
25.0102	18.5130
25.0440	18.5130
25.0777	18.4623
25.0777	18.4286
25.0608	18.3948
25.0608	18.3611
25.0608	18.3273
25.0608	18.2767
25.0608	18.2429
25.0608	18.2092
25.0608	18.1754
25.0608	18.1417
25.0946	18.1079
25.0946	18.0573
25.1452	18.0573
25.1790	18.0573
25.2127	18.0573
25.2296	18.0236
25.2296	17.9898
25.1958	17.9729
25.1790	17.9223
25.1452	17.8885
25.0946	17.8548
25.0946	17.8210
25.0946	17.7873
25.1283	17.7535
25.1621	17.7198
25.1958	17.7198
25.2296	17.7198
25.2633	17.7535
25.2971	17.7873
25.3309	17.8042
25.3646	17.8042
25.3815	17.7873
25.3815	17.7535
25.3815	17.7198
25.3815	17.6860
25.3646	17.6354
25.3477	17.6017
25.3309	17.5679
25.3477	17.5341
25.3815	17.5341
25.4152	17.5173
25.4490	17.5173
25.4996	17.5004
25.5165	17.4666
25.5334	17.4329
25.5334	17.3991
25.5334	17.3654
25.5334	17.3148
25.5165	17.2810
25.5165	17.2473
25.5334	17.2135
25.5671	17.1798
25.6009	17.1460
25.6515	17.1291
25.6852	17.1291
25.7190	17.1291
25.7528	17.1291
25.7865	17.1291
25.8203	17.1629
25.8203	17.1966
25.8203	17.2304
25.8540	17.2641
25.8709	17.2979
25.8878	17.3485
25.9215	17.3823
25.9384	17.4160
25.9553	17.4498
25.9721	17.4835
25.9721	17.5341
26.0059	17.5679
26.0396	17.5848
26.0734	17.6017
26.1071	17.6017
26.1578	17.6185
26.1915	17.6185
26.2253	17.6185
26.2590	17.6185
26.2928	17.6185
26.3265	17.6185
26.3603	17.6185
26.4109	17.6185
26.4447	17.6017
26.4784	17.5848
26.4953	17.5510
26.4953	17.5173
26.4953	17.4666
26.4615	17.4498
26.4278	17.4329
26.3772	17.4329
26.3434	17.4160
26.3265	17.3654
26.3097	17.3316
26.3097	17.2979
26.3265	17.2641
26.3772	17.2304
26.4109	17.2135
26.4447	17.1966
26.4784	17.1798
26.5122	17.1629
26.5628	17.1629
26.5966	17.1460
26.6303	17.1460
26.6641	17.1460
26.6978	17.1629
26.6978	17.2135
26.7147	17.2473
26.7484	17.2810
26.7822	17.2979
26.8159	17.2979
26.8497	17.2979
26.8666	17.3485
26.8666	17.3823
26.8834	17.4160
26.9172	17.4498
26.9341	17.5004
26.9341	17.5341
26.9003	17.5341
26.8834	17.5848
26.8834	17.6185
26.8834	17.6523
26.9003	17.6692
26.9341	17.6692
26.9341	17.7029
26.9341	17.7367
26.9341	17.7704
26.9509	17.8042
26.9847	17.8379
27.0185	17.8548
27.0691	17.8548
27.1028	17.8548
27.1366	17.8548
27.1703	17.8548
27.2041	17.8548
27.2378	17.8717
27.2716	17.8717
27.2885	17.8548
27.2885	17.8210
27.3053	17.8210
27.3222	17.8548
27.3728	17.8548
27.3728	17.8379
27.3728	17.7873
27.3728	17.7535
27.3391	17.7198
27.3391	17.6860
27.3560	17.6523
27.4066	17.6354
27.4404	17.6354
27.4741	17.6354
27.5079	17.6354
27.5416	17.6354
27.5416	17.6017
27.5416	17.5679
27.5079	17.5510
27.4741	17.5510
27.4404	17.5510
27.4066	17.5510
27.4235	17.5510
27.4572	17.5510
27.4910	17.5510
27.5416	17.5510
27.5754	17.5510
27.6091	17.5510
27.6429	17.5679
27.6597	17.6017
27.6766	17.6354
27.6766	17.6692
27.6766	17.7198
27.6935	17.7535
27.7272	17.7535
27.7779	17.7535
27.8116	17.7367
27.8454	17.7367
27.8791	17.7367
27.8960	17.7535
27.8960	17.8042
27.8960	17.8379
27.9129	17.8717
27.9635	17.8885
27.9973	17.8885
28.0310	17.8885
28.0648	17.8885
28.0985	17.8885
28.1323	17.9054
28.1829	17.9223
28.1829	17.9560
28.1829	17.9898
28.1660	18.0404
28.1491	18.0742
28.0985	18.1079
28.0985	18.1417
28.0816	18.1923
28.0985	18.2092
28.1323	18.2092
28.1660	18.2092
28.1998	18.2429
28.1998	18.2767
28.1998	18.3273
28.1998	18.3611
28.1829	18.3948
28.1660	18.4286
28.1323	18.4623
28.1323	18.5130
28.1660	18.5130
28.1998	18.5298
28.2166	18.5636
28.2166	18.5973
28.1998	18.6480
28.1998	18.6817
28.2335	18.6986
28.2673	18.6986
28.2673	18.7155
28.2673	18.7492
28.2673	18.7830
28.2673	18.8167
28.2673	18.8674
28.2673	18.9011
28.2504	18.9349
28.2504	18.9686
28.2504	19.0024
28.2673	19.0192
28.3010	19.0192
28.3517	19.0192
28.3854	19.0361
28.4023	19.0699
28.4360	19.1036
28.4360	19.1374
28.4529	19.1880
28.4867	19.2217
28.5204	19.2555
28.5542	19.2724
28.5879	19.2893
28.6385	19.3061
28.6385	19.2893
28.6385	19.2555
28.6385	19.2217
28.6385	19.1711
28.6385	19.1374
28.6385	19.1036
28.6385	19.0699
28.6385	19.0361
28.6385	19.0024
28.6723	18.9686
28.6892	18.9349
28.7061	18.9011
28.7061	18.8505
28.7061	18.8167
28.6723	18.7830
28.6554	18.7492
28.6554	18.7155
28.6892	18.6817
28.7229	18.6648
28.7398	18.6311
28.7229	18.5973
28.7061	18.5636
28.6554	18.5467
28.6217	18.5298
28.6385	18.5130
28.6892	18.4961
28.6892	18.4623
28.6892	18.4286
28.6723	18.3948
28.6385	18.3779
28.6048	18.3442
28.6048	18.2936
28.6217	18.2598
28.6217	18.2261
28.6217	18.1923
28.5879	18.1754
28.5879	18.1417
28.5879	18.1079
28.6048	18.0573
28.6385	18.0404
28.6892	18.0236
28.7229	18.0236
28.7229	18.0404
28.7567	18.0911
28.7904	18.1079
28.8242	18.1417
28.8242	18.1923
28.8242	18.2261
28.8748	18.2598
28.9086	18.2598
28.9423	18.2429
28.9761	18.2092
29.0098	18.1754
29.0267	18.1923
29.0604	18.2261
29.0942	18.2429
29.1279	18.2429
29.1617	18.2767
29.1955	18.2936
29.2292	18.2936
29.2630	18.2936
29.2967	18.2936
29.3473	18.2936
29.3811	18.2767
29.4148	18.2598
29.4486	18.2598
29.4823	18.2429
29.5330	18.2429
29.5667	18.2429
29.6005	18.2429
29.6342	18.2429
29.6680	18.2429
29.7017	18.2429
29.7355	18.2429
29.7861	18.2429
29.8199	18.2429
29.8536	18.2598
29.8874	18.2598
29.9211	18.2598
29.9549	18.2598
30.0055	18.2598
30.0393	18.2598
30.0561	18.2092
30.0730	18.1754
30.0730	18.1417
30.0561	18.1079
30.0055	18.0742
30.0055	18.0404
29.9549	18.0236
29.9211	17.9898
29.8874	17.9729
29.8705	17.9392
29.8874	17.9054
29.9042	17.8717
29.9042	17.8210
29.9042	17.7873
29.9042	17.7535
29.8874	17.7198
29.8705	17.6860
29.8367	17.6354
29.8030	17.6185
29.7692	17.6017
29.7186	17.6017
29.6849	17.5848
29.6511	17.5848
29.6174	17.5848
29.5836	17.5510
29.5498	17.5510
29.4992	17.5341
29.4823	17.4835
29.4486	17.4835
29.3980	17.4835
29.3642	17.4835
29.3305	17.5004
29.2967	17.5173
29.2630	17.5173
29.2292	17.5173
29.1786	17.5173
29.1786	17.4835
29.1786	17.4498
29.1617	17.3991
29.1279	17.3654
29.1279	17.3316
29.0942	17.3316
29.0773	17.3654
29.0267	17.3823
29.0098	17.4329
28.9761	17.4666
28.9254	17.4835
28.9254	17.4666
28.9086	17.4160
28.8917	17.3823
28.8748	17.3485
28.8748	17.3148
28.8579	17.2810
28.8579	17.2304
28.8579	17.1966
28.8579	17.1629
28.8579	17.1291
28.8579	17.0954
28.8579	17.0616
28.8579	17.0110
28.8579	16.9772
28.8242	16.9604
28.7904	16.9604
28.7567	16.9604
28.7229	16.9604
28.6892	16.9266
28.6554	16.9604
28.6554	16.9941
28.6048	17.0110
28.5710	17.0447
28.5373	17.0616
28.5204	17.0279
28.4867	17.0110
28.4529	16.9941
28.4192	16.9941
28.4023	17.0110
28.3854	17.0447
28.3517	17.0785
28.3179	17.0954
28.2673	17.1291
28.2673	17.1122
28.2673	17.0785
28.2673	17.0279
28.2673	16.9941
28.2166	16.9941
28.1829	16.9941
28.1491	17.0110
28.1154	17.0110
28.0816	17.0279
28.0479	17.0279
27.9973	17.0279
27.9635	17.0279
27.9635	16.9941
27.9635	16.9604
27.9635	16.9266
27.9635	16.8929
27.9635	16.8591
27.9635	16.8254
27.9804	16.7747
28.0141	16.7579
28.0479	16.7579
28.0816	16.7241
28.1323	16.7241
28.1660	16.7241
28.1998	16.7072
28.2335	16.6735
28.2673	16.6566
28.3010	16.6228
28.3010	16.5891
28.3010	16.5385
28.3179	16.5047
28.3179	16.4710
28.3517	16.4372
28.3685	16.4035
28.4192	16.3866
28.4529	16.3866
28.4867	16.3866
28.5204	16.3697
28.5373	16.3360
28.5542	16.3022
28.5542	16.2516
28.5204	16.2516
28.5204	16.2009
28.5373	16.1672
28.5542	16.1334
28.5542	16.0997
28.5204	16.0828
28.4867	16.0659
28.4529	16.0491
28.4192	16.0153
28.3854	16.0153
28.3348	16.0153
28.3010	16.0153
28.2673	16.0153
28.2335	16.0322
28.1998	16.0491
28.1491	16.0491
28.1154	16.0491
28.0816	16.0322
28.0479	16.0153
28.0141	15.9984
27.9635	15.9647
27.9298	15.9647
27.8960	15.9647
27.8623	15.9984
27.8623	16.0322
27.8623	16.0659
27.8623	16.0997
27.8285	16.1334
27.8116	16.1841
27.7779	16.1841
27.7272	16.1841
27.7272	16.2178
27.7272	16.2684
27.7272	16.3022
27.6935	16.2684
27.6766	16.2347
27.6766	16.2009
27.6429	16.1672
27.6091	16.1334
27.5754	16.1672
27.5922	16.2009
27.5922	16.2347
27.5922	16.2684
27.5922	16.3022
27.5754	16.3360
27.5754	16.3866
27.5585	16.4203
27.5247	16.4372
27.4741	16.4372
27.4404	16.4372
27.4066	16.4203
27.3728	16.4203
27.3728	16.4372
27.3728	16.4710
27.3728	16.5216
27.3728	16.5553
27.3391	16.5385
27.3053	16.5047
27.2716	16.5047
27.2378	16.5047
27.2041	16.5047
27.1703	16.5047
27.1197	16.5047
27.0860	16.5047
27.0522	16.5216
27.0185	16.5216
26.9847	16.5216
26.9509	16.5216
26.9003	16.5216
26.8666	16.5216
26.8666	16.5047
26.8834	16.4710
26.9003	16.4372
26.9003	16.3866
26.9341	16.3528
26.9341	16.3191
26.9003	16.3191
26.8666	16.3360
26.8159	16.3697
26.7822	16.3697
26.7484	16.4035
26.7484	16.3866
26.7484	16.3360
26.7484	16.3022
26.7484	16.2684
26.7316	16.2516
26.6978	16.2684
26.6641	16.2853
26.6303	16.3191
26.5797	16.3528
26.5459	16.3697
26.5122	16.3697
26.4784	16.3360
26.4447	16.3191
26.4278	16.2684
26.3772	16.2684
26.3434	16.2853
26.3265	16.2684
26.3265	16.2178
26.3265	16.1841
26.3265	16.1503
26.3265	16.1166
26.3265	16.0828
26.3265	16.0491
26.3265	15.9984
26.3265	15.9647
26.3265	15.9309
26.3097	15.9141
26.2759	15.9141
26.2422	15.8803
26.2422	15.8297
26.2422	15.7959
26.2422	15.7622
26.2422	15.7284
26.2253	15.6947
26.1915	15.6609
26.1409	15.6440
26.1071	15.6440
26.1071	15.6103
26.1071	15.5597
26.1240	15.5259
26.1747	15.5090
26.1747	15.4753
26.1747	15.4415
26.1409	15.4247
26.1071	15.3740
26.0903	15.3403
26.0565	15.3065
26.0396	15.2728
26.0228	15.2221
25.9890	15.1884
25.9890	15.1546
26.0228	15.1209
26.0565	15.1209
26.0903	15.1209
26.1071	15.0871
26.0903	15.0534
26.0734	15.0196
26.0396	14.9859
26.0396	14.9352
26.0565	14.9015
26.0903	14.8846
26.1071	14.8340
26.1240	14.8002
26.1240	14.7665
26.1240	14.7327
26.1578	14.6990
26.1747	14.6484
26.2084	14.6146
26.2084	14.5809
26.2422	14.5471
26.2759	14.5133
26.2928	14.4796
26.3265	14.4965
26.3434	14.5302
26.3603	14.5640
26.4109	14.5809
26.4447	14.5640
26.4615	14.5302
26.4615	14.4965
26.4615	14.4627
26.4784	14.4627
26.5122	14.4796
26.5459	14.4796
26.5966	14.4965
26.6303	14.4965
26.6641	14.5133
26.6641	14.5471
26.6809	14.5977
26.6978	14.6315
26.7316	14.6652
26.7484	14.6990
26.7822	14.7159
26.8328	14.6990
26.8328	14.6652
26.8328	14.6315
26.8328	14.5977
26.8666	14.5809
26.9003	14.5809
26.9341	14.5809
26.9678	14.5809
27.0185	14.5640
27.0522	14.5640
27.0860	14.5471
27.1028	14.5133
27.1197	14.5302
27.1535	14.5640
27.1703	14.6146
27.2041	14.6484
27.2547	14.6821
27.2716	14.7159
27.2885	14.7665
27.3222	14.7665
27.3560	14.7327
27.3560	14.6990
27.3560	14.6484
27.4066	14.6315
27.4235	14.6484
27.4572	14.6652
27.4910	14.6990
27.5247	14.7159
27.5585	14.7496
27.5922	14.7496
27.6260	14.7665
27.6597	14.7665
27.6935	14.7327
27.6935	14.6990
27.7272	14.6652
27.7441	14.6315
27.7779	14.5977
27.8116	14.5809
27.8454	14.5809
27.8791	14.5809
27.9129	14.5977
27.9298	14.6315
27.9635	14.6484
28.0141	14.6821
28.0479	14.6990
28.0816	14.6990
28.0985	14.6821
28.1323	14.6821
28.1323	14.7327
28.1660	14.7665
28.1998	14.7665
28.2335	14.7665
28.2673	14.7665
28.3010	14.7834
28.3348	14.7834
28.3685	14.7834
28.4192	14.7834
28.4529	14.7834
28.4867	14.7834
28.5204	14.7834
28.5542	14.7834
28.5879	14.7834
28.6385	14.7834
28.6723	14.7665
28.7061	14.7496
28.7398	14.7327
28.7567	14.6990
28.7567	14.6484
28.7398	14.6146
28.7398	14.5809
28.7567	14.5640
28.7904	14.5640
28.8242	14.5640
28.8579	14.5471
28.9086	14.5133
28.9423	14.4965
28.9592	14.4627
28.9592	14.4121
28.9254	14.3952
28.8917	14.3615
28.8579	14.3615
28.8242	14.3446
28.8242	14.3108
28.8242	14.2771
28.8411	14.2265
28.8411	14.1927
28.8242	14.1927
28.7904	14.1758
28.7567	14.1758
28.7061	14.1758
28.6723	14.1758
28.6385	14.1758
28.6048	14.1758
28.5710	14.1421
28.5204	14.1421
28.4867	14.1421
28.5204	14.1252
28.5204	14.0914
28.5373	14.0408
28.5542	14.0071
28.5542	13.9733
28.5204	13.9396
28.4867	13.9058
28.4529	13.8889
28.4192	13.8889
28.3854	13.9058
28.3685	13.9396
28.3517	13.9227
28.3517	13.8889
28.3179	13.8552
28.3010	13.8214
28.2504	13.8046
28.2166	13.8046
28.1829	13.8046
28.1491	13.8383
28.1491	13.8721
28.1154	13.8889
28.1154	13.8552
28.0816	13.8214
28.0648	13.7877
28.0141	13.7539
27.9804	13.7539
27.9466	13.7539
27.9129	13.7539
27.8791	13.7708
27.8285	13.7708
27.7947	13.7877
27.7610	13.7877
27.7272	13.7877
27.6935	13.7877
27.7104	13.7877
27.7272	13.7539
27.7610	13.7202
27.7947	13.6864
27.8285	13.6527
27.8623	13.6189
27.8960	13.6020
27.9129	13.5514
27.8960	13.5345
27.8623	13.5177
27.8454	13.4839
27.8285	13.4502
27.8454	13.4164
27.8960	13.3995
27.9298	13.3995
27.9635	13.3995
27.9973	13.3827
28.0310	13.3489
28.0310	13.3152
28.0310	13.2645
28.0479	13.2308
28.0816	13.1970
28.0985	13.1633
28.1491	13.1295
28.1491	13.0958
28.1998	13.0620
28.2166	13.0114
28.2504	12.9945
28.2673	12.9608
28.3010	12.9608
28.3348	12.9608
28.3854	12.9608
28.3854	12.9945
28.4192	13.0451
28.4360	13.0789
28.4698	13.1126
28.5035	13.1464
28.5373	13.1464
28.5710	13.1126
28.6048	13.1126
28.6048	13.1464
28.6048	13.1801
28.6385	13.2139
28.6723	13.2308
28.7061	13.2308
28.7398	13.1970
28.7567	13.1633
28.7567	13.1126
28.8073	13.0789
28.8411	13.0620
28.8579	13.0789
28.8579	13.1126
28.8748	13.1464
28.8917	13.1801
28.9086	13.2308
28.9254	13.2645
28.9592	13.2645
29.0098	13.2476
29.0436	13.2308
29.0436	13.1970
29.0773	13.1633
29.1111	13.1633
29.1448	13.1801
29.1786	13.1970
29.1786	13.2308
29.2123	13.2645
29.2461	13.2476
29.2798	13.2139
29.3136	13.1801
29.3473	13.1801
29.3642	13.2139
29.3642	13.2645
29.3811	13.2983
29.4317	13.3152
29.4655	13.3152
29.4992	13.3152
29.5330	13.3152
29.5667	13.2983
29.6174	13.2814
29.6511	13.2814
29.6849	13.2814
29.7186	13.3152
29.7524	13.3152
29.7861	13.3152
29.8199	13.2814
29.8536	13.2645
29.8874	13.2476
29.9380	13.2645
29.9717	13.2645
30.0055	13.2645
30.0393	13.2476
30.0561	13.2139
30.0899	13.1970
30.1236	13.1464
30.1236	13.1126
30.1236	13.0789
30.1405	13.0451
30.1405	13.0114
30.1236	12.9776
30.0899	12.9608
30.0561	12.9608
30.0055	12.9608
29.9717	12.9439
29.9380	12.9270
29.9042	12.9270
29.8705	12.9270
29.8367	12.9270
29.7861	12.9270
29.7524	12.9270
29.7186	12.9270
29.6849	12.9270
29.6511	12.8933
29.6342	12.8595
29.6005	12.8089
29.5836	12.7751
29.5667	12.7414
29.5498	12.7076
29.5161	12.6739
29.4992	12.7076
29.4486	12.7245
29.4148	12.7582
29.3811	12.7751
29.3642	12.7582
29.3473	12.7245
29.3305	12.6739
29.3305	12.6401
29.3305	12.6064
29.3305	12.5726
29.2967	12.5726
29.2630	12.5726
29.2292	12.5726
29.1786	12.5895
29.1448	12.6064
29.1448	12.5895
29.1279	12.5557
29.0942	12.5051
29.0773	12.4714
29.0604	12.4376
29.0267	12.4207
28.9929	12.4207
28.9423	12.4207
28.9086	12.4207
28.8748	12.4207
28.8411	12.4207
28.8073	12.4207
28.7736	12.4207
28.7229	12.4376
28.7061	12.4207
28.7061	12.3870
28.7061	12.3532
28.7398	12.3195
28.7398	12.2688
28.7736	12.2688
28.8073	12.2688
28.8411	12.2688
28.8917	12.2688
28.9254	12.2688
28.9254	12.2351
28.9254	12.1845
28.9086	12.1507
28.9086	12.1170
28.9086	12.0832
28.9423	12.0832
28.9761	12.0832
29.0267	12.1338
29.0604	12.1170
29.0773	12.0832
29.0942	12.0495
29.1111	12.0157
29.1279	11.9651
29.1448	11.9313
29.1786	11.9144
29.1955	11.8638
29.2292	11.8469
29.2798	11.8469
29.3136	11.8469
29.3473	11.8301
29.3642	11.7963
29.3811	11.7626
29.3980	11.7288
29.4148	11.6782
29.4148	11.6444
29.4317	11.6107
29.4486	11.5769
29.4486	11.5432
29.4486	11.4925
29.4317	11.4588
29.4317	11.4250
29.4317	11.3913
29.3811	11.3575
29.3473	11.3575
29.3136	11.3575
29.2798	11.3575
29.2461	11.3407
29.2123	11.3407
29.1617	11.3575
29.1279	11.3744
29.1279	11.3575
29.1111	11.3238
29.0942	11.2732
29.0604	11.2394
29.0267	11.2394
28.9929	11.2563
28.9592	11.2563
28.9254	11.2732
28.8748	11.2900
28.8748	11.2732
28.8748	11.2225
28.8748	11.1888
28.8748	11.1550
28.8748	11.1213
28.8917	11.0875
28.9086	11.0369
28.9423	11.0200
28.9592	10.9863
29.0098	10.9525
29.0436	10.9188
29.0604	10.8850
29.0773	10.8513
29.0604	10.8513
29.0267	10.8513
28.9929	10.8513
28.9592	10.8344
28.9254	10.8006
28.9254	10.7500
28.9254	10.7163
28.9254	10.6825
28.9423	10.6487
28.9592	10.6150
28.9761	10.5644
29.0098	10.5306
29.0267	10.4969
29.0604	10.4631
29.0773	10.4125
29.0436	10.3956
29.0098	10.3956
28.9761	10.3956
28.9761	10.3619
28.9761	10.3281
28.9761	10.2944
28.9761	10.2437
28.9761	10.2100
28.9761	10.1762
28.9929	10.1593
28.9929	10.1931
28.9592	10.1931
28.9086	10.1762
