29.5066	4.4356
29.4457	4.4356
29.3848	4.4356
29.3239	4.4356
29.3239	4.4965
29.2630	4.5574
29.2630	4.6488
29.2630	4.7097
29.2021	4.7097
29.2021	4.8010
29.1717	4.8619
29.0803	4.8924
29.0803	4.9533
29.0803	5.0142
29.0498	5.0751
29.0194	5.1360
28.9585	5.2273
28.9585	5.2883
28.9280	5.3492
28.8976	5.4101
28.8671	5.4710
28.8367	5.5623
28.8062	5.6232
28.7758	5.6841
28.7758	5.7450
28.7453	5.8059
28.7453	5.8668
28.7453	5.9582
28.7453	6.0191
28.7453	6.0800
28.7453	6.1409
28.7453	6.2018
28.7453	6.2627
28.7149	6.3540
28.7149	6.4149
28.6844	6.4758
28.6844	6.5367
28.6540	6.5976
28.6540	6.6585
28.6540	6.7499
28.6540	6.8108
28.6540	6.8717
28.6540	6.9326
28.6235	6.9935
28.6235	7.0544
28.6235	7.1153
28.5931	7.2066
28.5626	7.2675
28.5322	7.3284
28.5017	7.3893
28.5322	7.4502
28.5626	7.5416
28.5626	7.6025
28.5322	7.6329
28.4713	7.6938
28.4408	7.7547
28.4104	7.8156
28.3190	7.9070
28.2886	7.9679
28.2581	8.0288
28.2581	8.0897
28.2886	8.1506
28.2886	8.2420
28.2277	8.2420
28.1668	8.3029
28.1668	8.3638
28.1668	8.4247
28.1668	8.4856
28.1668	8.5465
28.1668	8.6378
28.1363	8.6987
28.0754	8.7596
28.0145	8.8205
27.9536	8.8510
27.8623	8.9119
27.8623	8.9728
27.8623	9.0337
27.8623	9.0946
27.8623	9.1555
27.8623	9.2164
27.8318	9.3077
27.8014	9.3686
27.7709	9.4295
27.7405	9.4904
27.6796	9.5513
27.6491	9.6427
27.5882	9.7036
27.5578	9.7645
27.4969	9.8254
27.4360	9.8254
27.3751	9.7949
27.3142	9.7645
27.2837	9.6731
27.2837	9.6122
27.2533	9.5513
27.1924	9.5209
27.1619	9.4295
27.1315	9.3686
27.1010	9.3077
27.0706	9.2468
27.0401	9.1859
27.0097	9.0946
27.0097	9.0337
26.9792	8.9728
26.9792	8.9119
26.9792	8.8510
26.9488	8.7901
26.9488	8.6987
26.9183	8.6378
26.8879	8.5769
26.8879	8.5160
26.8879	8.4551
26.8574	8.3638
26.8270	8.3029
26.8270	8.2420
26.8270	8.1811
26.7965	8.1202
26.7356	8.0288
26.7052	7.9679
26.6747	7.9070
26.6443	7.8461
26.6443	7.7852
26.5834	7.6938
26.5529	7.6329
26.4920	7.5720
26.4616	7.5111
26.4616	7.4502
26.3702	7.3893
26.3093	7.3893
26.2484	7.4198
26.1875	7.4198
26.1266	7.4502
26.1266	7.5111
26.1266	7.5720
26.1266	7.6329
26.1266	7.7243
26.1266	7.7852
26.0961	7.8156
26.0352	7.8765
26.0048	7.9375
26.0048	7.9984
26.0048	8.0593
26.0048	8.1506
26.0352	8.2115
26.0352	8.2724
26.0657	8.3333
26.0657	8.3942
26.0657	8.4551
26.0657	8.5160
26.0352	8.5465
25.9743	8.6074
26.0048	8.6987
26.0352	8.7596
26.0961	8.8205
26.1570	8.8814
26.2179	8.9423
26.2484	9.0032
26.2788	9.0641
26.3093	9.1555
26.3093	9.2164
26.3093	9.2773
26.3397	9.3382
26.4006	9.3991
26.4311	9.4600
26.4616	9.5209
26.4616	9.5818
26.4920	9.6427
26.5225	9.7340
26.5529	9.7949
26.6138	9.8558
26.6138	9.9167
26.6443	9.9776
26.7052	10.0385
26.7356	10.0994
26.7965	10.1603
26.7965	10.2517
26.7965	10.3126
26.7965	10.3735
26.8574	10.4344
26.8879	10.4953
26.9488	10.5867
26.9792	10.6476
27.0401	10.7085
27.0097	10.7085
26.9488	10.7085
26.8574	10.6780
26.7965	10.6171
26.7356	10.5867
26.6747	10.5562
26.6138	10.4953
26.5529	10.4344
26.4920	10.4039
26.4311	10.3735
26.3397	10.3735
26.2788	10.3430
26.2179	10.3430
26.1570	10.3430
26.1266	10.4039
26.0961	10.4648
26.0657	10.5257
26.0657	10.5867
26.0657	10.6476
26.1266	10.6476
26.1875	10.7085
26.2484	10.7694
26.2788	10.8303
26.3397	10.9216
26.4311	10.9521
26.4920	11.0130
26.5529	11.0434
26.6138	11.1043
26.7052	11.1348
26.7661	11.1957
26.8270	11.1957
26.8879	11.2566
26.9488	11.2870
27.0097	11.3479
26.9792	11.3784
26.9183	11.3784
26.8270	11.4088
26.7661	11.4393
26.7661	11.5002
26.7661	11.5611
26.7965	11.6220
26.8270	11.7133
26.8879	11.7742
26.8879	11.8351
26.8270	11.8351
26.7661	11.8656
26.6747	11.8656
26.6138	11.8656
26.5529	11.8351
26.4920	11.8351
26.4311	11.8351
26.3397	11.8047
26.2788	11.7742
26.2179	11.7438
26.1570	11.7438
26.0961	11.7438
26.0352	11.7438
25.9439	11.7438
25.8830	11.7438
25.8221	11.7438
25.7612	11.6829
25.7003	11.6524
25.6089	11.6524
25.5480	11.6220
25.4871	11.5915
25.4262	11.5915
25.3653	11.5915
25.3044	11.5611
25.2131	11.5611
25.2131	11.6220
25.2131	11.6829
25.1522	11.6829
25.0608	11.6524
24.9999	11.6524
24.9390	11.6524
24.8781	11.6220
24.8172	11.6220
24.7259	11.6220
24.6650	11.6220
24.6041	11.6220
24.5432	11.6220
24.4823	11.6220
24.4214	11.5915
24.3605	11.5306
24.2996	11.4697
24.2387	11.5306
24.1473	11.5306
24.0864	11.5002
24.0560	11.4393
24.0255	11.3784
23.9646	11.3784
23.8733	11.3784
23.8124	11.4393
23.7514	11.4393
23.7514	11.3784
23.7514	11.3175
23.7514	11.3479
23.7210	11.3479
23.6296	11.3784
23.5687	11.3784
23.5078	11.3784
23.4469	11.3784
23.4165	11.4088
23.3556	11.4088
23.2947	11.3784
23.2338	11.3784
23.1424	11.3784
23.0815	11.3784
23.0206	11.4393
22.9597	11.4393
22.8988	11.5002
22.8379	11.5306
22.8379	11.5915
22.8684	11.6220
22.9293	11.6220
23.0206	11.6220
23.0815	11.6220
23.1424	11.6220
23.2033	11.6829
23.2642	11.7133
23.2947	11.7742
23.3556	11.8351
23.4469	11.8351
23.4774	11.8656
23.5383	11.9569
23.5992	11.9569
23.6601	11.9569
23.6905	11.8960
23.7819	11.8656
23.8428	11.8960
23.9037	11.9265
23.9646	11.9569
24.0255	12.0178
24.0864	12.0483
24.1473	12.0787
24.2082	12.1396
24.2691	12.2005
24.3300	12.2310
24.3909	12.2005
24.4823	12.1396
24.5432	12.1396
24.5736	12.2310
24.6650	12.2310
24.7259	12.2005
24.7868	12.1701
24.8477	12.2310
24.9086	12.2310
24.9695	12.2614
25.0304	12.2919
25.0913	12.2919
25.1522	12.2919
25.2435	12.2614
25.3044	12.2614
25.3653	12.2614
25.4262	12.2614
25.4871	12.2614
25.5785	12.3223
25.6394	12.3223
25.7003	12.3528
25.7612	12.3528
25.8221	12.3223
25.8830	12.3528
25.9439	12.3832
26.0048	12.4441
26.0961	12.5050
26.1570	12.5050
26.2179	12.4746
26.2788	12.4441
26.3397	12.4441
26.4311	12.4441
26.4920	12.4746
26.5529	12.5050
26.6138	12.5050
26.6747	12.5659
26.7661	12.5964
26.8270	12.6573
26.8879	12.6877
26.9488	12.7791
27.0097	12.7791
27.0706	12.7791
27.1315	12.8095
27.1924	12.8400
27.2837	12.8704
27.3446	12.8704
27.4055	12.8704
27.4664	12.8704
27.5273	12.8704
27.5882	12.8704
27.6796	12.8704
27.7100	12.9313
27.7709	13.0227
27.8014	13.0836
27.8623	13.1445
27.8927	13.2054
27.9232	13.2968
27.9232	13.3577
27.9232	13.4186
27.9232	13.4795
27.9232	13.5404
27.9232	13.6013
27.9536	13.6926
28.0145	13.7535
28.0145	13.8144
28.0450	13.8753
28.0754	13.9362
28.1059	14.0276
28.1363	14.0885
28.1972	14.1494
28.1972	14.2103
28.2277	14.3016
28.2886	14.3625
28.3495	14.3930
28.3190	14.3930
28.2277	14.3930
28.1668	14.3321
28.1059	14.3321
28.0450	14.3321
27.9841	14.3321
27.9232	14.3016
27.8318	14.2712
27.8014	14.3016
27.7405	14.3930
27.6796	14.4539
27.6187	14.4843
27.5578	14.5757
27.5273	14.6366
27.4664	14.6975
27.4360	14.7584
27.4664	14.7584
27.5273	14.7584
27.5882	14.7584
27.6491	14.7888
27.7405	14.8193
27.8014	14.8497
27.8623	14.9106
27.9232	14.9411
27.9841	15.0020
27.9536	15.0020
27.9232	15.0324
27.8623	15.1238
27.8318	15.1847
27.7709	15.2151
27.6796	15.2760
27.6491	15.3369
27.5882	15.3978
27.5882	15.4587
27.6187	15.5501
27.6796	15.5805
27.7405	15.6110
27.8318	15.6110
27.8927	15.5805
27.9536	15.5501
28.0145	15.4892
28.0754	15.4892
28.1668	15.4587
28.2277	15.4283
28.2886	15.4587
28.3190	15.5196
28.3190	15.5805
28.2886	15.6414
28.1972	15.6414
28.1363	15.6719
28.0754	15.7023
28.0145	15.7023
27.9536	15.7023
27.8927	15.7328
27.8014	15.7937
27.7405	15.8241
27.7100	15.8851
27.6187	15.8851
27.5578	15.8546
27.4969	15.8546
27.4664	15.9155
27.4664	15.9764
27.4664	16.0373
27.4360	16.0373
27.3751	16.0373
27.3446	16.0678
27.3142	16.1591
27.2837	16.2200
27.2228	16.2200
27.1315	16.2200
27.0706	16.2200
27.0401	16.2809
27.0097	16.3418
26.9792	16.4027
26.9183	16.4332
26.8574	16.4332
26.7965	16.4636
26.7356	16.4941
26.6443	16.5245
26.5834	16.5245
26.5225	16.5245
26.4920	16.4941
26.4006	16.4941
26.3397	16.4941
26.2788	16.5245
26.2179	16.5854
26.1266	16.5854
26.0657	16.6463
26.0048	16.6768
25.9439	16.6768
25.8830	16.6768
25.8221	16.6768
25.7307	16.6768
25.6698	16.6768
25.6089	16.6768
25.5480	16.6768
25.4871	16.6768
25.4262	16.6768
25.3349	16.6768
25.2740	16.6768
25.2131	16.6768
25.1522	16.6768
25.0913	16.6768
25.0304	16.6768
24.9390	16.6768
24.8781	16.6768
24.8172	16.6768
24.7563	16.6768
24.6954	16.6768
24.6041	16.5854
24.5432	16.5550
24.4823	16.5550
24.4214	16.5550
24.3605	16.5550
24.2691	16.5550
24.2082	16.4941
24.1473	16.4941
24.0864	16.4636
23.9951	16.4332
23.9342	16.4027
23.8733	16.3418
23.8124	16.3418
23.7514	16.2809
23.6601	16.2505
23.5992	16.2505
23.5383	16.2200
23.4774	16.1896
23.4165	16.1896
23.3556	16.1896
23.2947	16.2200
23.2338	16.2505
23.2033	16.2200
23.1729	16.1591
23.1120	16.0678
23.0815	16.0069
22.9902	15.9764
22.9293	15.9764
22.8684	16.0373
22.8075	16.0069
22.7161	15.9460
22.6552	15.8851
22.5943	15.7937
22.5030	15.7632
22.4725	15.6719
22.4116	15.6719
22.3507	15.7023
22.2898	15.7632
22.2289	15.7632
22.1680	15.7328
22.0767	15.6719
22.0158	15.6110
21.9853	15.5501
21.9244	15.5196
21.9244	15.5501
21.8635	15.5501
21.8331	15.4892
21.7417	15.4892
21.6808	15.4283
21.6199	15.3978
21.5590	15.3674
21.4981	15.3978
21.4372	15.3978
21.3763	15.3978
21.3154	15.3674
21.2241	15.3369
21.1632	15.3369
21.1022	15.3369
21.0413	15.3369
20.9804	15.3978
20.9804	15.4587
21.0109	15.5196
21.0718	15.5501
21.1327	15.6110
21.1936	15.6414
21.2850	15.6719
21.3459	15.7328
21.3154	15.7937
21.2545	15.8546
21.2850	15.9155
21.3459	15.9155
21.4372	15.9155
21.4981	15.9155
21.5286	15.9764
21.4981	16.0373
21.5286	16.0982
21.5895	16.0982
21.6504	16.0982
21.7113	16.1287
21.7113	16.1896
21.7722	16.2505
21.8635	16.2505
21.9244	16.2200
21.9853	16.2200
22.0158	16.2809
22.0158	16.3723
22.0158	16.4332
22.0462	16.4332
22.1071	16.4027
22.1680	16.4027
22.1680	16.4332
22.2594	16.4941
22.3203	16.5245
22.3812	16.5245
22.4421	16.5245
22.5030	16.5550
22.5943	16.5854
22.6552	16.6159
22.6552	16.6768
22.6552	16.7681
22.7161	16.7681
22.7770	16.7681
22.8379	16.7377
22.9293	16.7377
22.9902	16.7377
23.0511	16.7377
23.1120	16.7681
23.1729	16.8595
23.2033	16.9204
23.2338	16.9813
23.2642	17.0422
23.2642	17.1031
23.3556	17.1640
23.4165	17.1640
23.4774	17.1335
23.5383	17.1335
23.5992	17.1335
23.6296	17.1944
23.6905	17.2553
23.7514	17.2858
23.8428	17.2858
23.9037	17.2858
23.9646	17.2553
24.0255	17.2858
24.0255	17.3467
24.0864	17.4076
24.1473	17.4076
24.2082	17.4076
24.2691	17.3771
24.3300	17.3771
24.4214	17.3771
24.4823	17.4076
24.5432	17.4380
24.6041	17.4989
24.6954	17.5294
24.7563	17.5598
24.8172	17.5903
24.8781	17.6207
24.9390	17.5903
25.0304	17.5598
25.0913	17.5598
25.1522	17.5598
25.2131	17.4989
25.2740	17.4685
25.3653	17.4685
25.4262	17.4685
25.4871	17.4685
25.5480	17.4989
25.6089	17.4989
25.7003	17.5294
25.7612	17.5294
25.8221	17.5294
25.8830	17.5294
25.9439	17.5294
26.0048	17.4989
26.0961	17.4989
26.1570	17.5294
26.2179	17.5294
26.2788	17.5294
26.3397	17.5294
26.4006	17.4989
26.4920	17.4989
26.5529	17.4989
26.6138	17.5294
26.6747	17.5294
26.7356	17.5294
26.7965	17.5294
26.8879	17.5294
26.9488	17.5294
27.0097	17.5294
27.0706	17.5294
27.1315	17.5598
27.1619	17.6207
27.1315	17.7121
27.0706	17.7121
27.0097	17.7121
26.9488	17.7121
26.8879	17.7121
26.8270	17.7121
26.7661	17.7121
26.6747	17.7121
26.6138	17.7121
26.5529	17.7730
26.4920	17.8034
26.4311	17.8034
26.3397	17.8034
26.2788	17.8339
26.2179	17.8339
26.1570	17.8643
26.0961	17.8643
26.0352	17.8339
25.9743	17.8643
25.9439	17.9557
25.8525	17.9557
25.7916	17.9557
25.7307	17.9861
25.6698	18.0470
25.6698	18.1384
25.6089	18.1993
25.5480	18.2297
25.4871	18.3211
25.4262	18.3211
25.3349	18.3515
25.2740	18.3515
25.2131	18.3515
25.1522	18.3515
25.0913	18.3820
25.0304	18.3820
24.9390	18.4124
24.8781	18.4429
24.8781	18.5038
24.9086	18.5952
24.8781	18.5952
24.8172	18.5952
24.7563	18.5647
24.6954	18.5647
24.6345	18.5343
24.5736	18.5952
24.5736	18.6561
24.6041	18.7170
24.5736	18.7474
24.5127	18.7474
24.4518	18.7474
24.3909	18.7474
24.3605	18.7779
24.3605	18.8388
24.3605	18.9301
24.3605	18.9910
24.2996	19.0215
24.2387	19.0519
24.1778	19.0519
24.1169	19.0519
24.0560	19.0215
23.9646	19.0215
23.9646	19.0824
23.9037	19.1128
23.8428	19.1737
23.7819	19.1433
23.7210	19.0824
23.6601	19.0824
23.5992	19.0215
23.5383	19.0215
23.4469	18.9910
23.4469	18.9301
23.3860	18.8692
23.3556	18.7779
23.3556	18.7170
23.3860	18.6865
23.3556	18.5952
23.2947	18.5952
23.2338	18.5952
23.1729	18.5952
23.1120	18.5952
23.0511	18.5952
23.0511	18.5343
23.0206	18.4429
23.0206	18.3820
22.9902	18.3211
22.9293	18.3211
22.8684	18.3211
22.8075	18.3515
22.7161	18.3515
22.7161	18.2906
22.6552	18.2297
22.6248	18.1688
22.5639	18.1384
22.5030	18.1688
22.4421	18.1688
22.4116	18.1079
22.3507	18.0470
22.2898	18.0470
22.1985	18.0470
22.1376	18.0470
22.1071	18.1079
22.0767	18.1688
22.0767	18.2297
22.0767	18.3211
22.1376	18.3515
22.1985	18.3820
22.2594	18.4124
22.3203	18.5038
22.3507	18.5647
22.3507	18.6256
22.2898	18.6561
22.2289	18.6865
22.1985	18.6561
22.1680	18.5952
22.1680	18.5343
22.1376	18.4429
22.1376	18.3820
22.0767	18.3211
22.0158	18.2602
21.9853	18.3211
21.9549	18.3820
21.8635	18.4429
21.8635	18.4124
21.8635	18.3515
21.8635	18.2906
21.8331	18.2297
21.7722	18.1384
21.7113	18.0775
21.6504	18.0166
21.5895	18.0470
21.5590	18.0166
21.4981	17.9252
21.4372	17.8643
21.3763	17.8339
21.3154	17.8034
21.2241	17.8034
21.2241	17.7425
21.1632	17.6816
21.1632	17.5903
21.1632	17.5294
21.1327	17.5294
21.1022	17.5903
21.0413	17.5903
21.0413	17.5294
21.0109	17.4685
20.9804	17.4076
20.9195	17.3771
20.8891	17.4076
20.8586	17.3771
20.7977	17.3162
20.7368	17.2553
20.6759	17.2249
20.6150	17.1640
20.5237	17.1335
20.4628	17.1031
20.4019	17.1335
20.3714	17.1031
20.3410	17.0117
20.2801	16.9813
20.2192	16.9204
20.1583	16.8899
20.0974	16.8290
20.0365	16.8290
19.9756	16.7681
19.9147	16.7377
19.8538	16.7072
19.7624	16.7072
19.7320	16.7681
19.7015	16.8290
19.7015	16.8899
19.7015	16.9508
19.7015	17.0422
19.7320	17.1031
19.8233	17.1335
19.8842	17.1640
19.9451	17.1944
19.9756	17.2553
19.9147	17.2858
19.9147	17.3771
19.9147	17.4380
19.9451	17.4989
20.0060	17.4989
20.0669	17.4685
20.0974	17.4989
20.0974	17.5598
20.0974	17.6207
20.0974	17.6816
20.0974	17.7730
20.1583	17.7730
20.2192	17.7730
20.3105	17.7425
20.3410	17.7730
20.3410	17.8643
20.4019	17.8948
20.4628	17.8948
20.5237	17.8948
20.5846	17.9557
20.5846	18.0470
20.5541	18.1079
20.5846	18.1079
20.6759	18.1079
20.7368	18.1384
20.7977	18.1384
20.8282	18.1993
20.8282	18.2906
20.8282	18.3515
20.8282	18.4124
20.8586	18.4124
20.9195	18.3820
20.9804	18.3820
21.0413	18.4124
21.0109	18.4733
21.0109	18.5343
21.0718	18.5952
21.1327	18.5952
21.1936	18.5952
21.2545	18.6256
21.2545	18.6865
21.2545	18.7779
21.3154	18.8388
21.3763	18.8692
21.4372	18.8692
21.4981	18.8692
21.5590	18.8692
21.6199	18.9606
21.6199	19.0215
21.5895	19.0824
21.5895	19.1433
21.5895	19.2042
21.6504	19.2042
21.7417	19.2042
21.8026	19.2042
21.8331	19.2651
21.8331	19.3260
21.8940	19.3564
21.9853	19.3564
22.0462	19.3564
22.0462	19.4478
22.0462	19.5087
22.0767	19.5696
22.1376	19.5696
22.1985	19.5696
22.2594	19.5696
22.3203	19.6000
22.3507	19.6609
22.3812	19.7218
22.3812	19.7827
22.3812	19.8436
22.4421	19.9350
22.4116	19.9959
22.3507	20.0263
22.2898	20.0263
22.2289	20.0872
22.1680	20.1481
22.1071	20.1481
22.0462	20.1786
21.9853	20.1786
21.9244	20.2090
21.8331	20.2090
21.7722	20.2090
21.7113	20.2090
21.6504	20.2090
21.5895	20.2090
21.5286	20.2090
21.4372	20.1786
21.3763	20.1481
21.3154	20.1481
21.2545	20.0872
21.1936	20.0568
21.1327	20.1177
21.0718	20.1177
21.0109	20.0872
20.9500	20.0263
20.8891	19.9959
20.8586	20.0263
20.7977	20.0263
20.7368	20.0263
20.7064	20.0872
20.6150	20.1177
20.5541	20.1177
20.4932	20.1177
20.4323	20.0872
20.3714	20.0872
20.3105	20.0872
20.2192	20.0872
20.1583	20.0568
20.0974	20.0568
20.0365	20.0568
19.9756	20.0568
19.9147	20.0568
19.8233	20.0568
19.7624	20.0568
19.7015	20.0568
19.6406	20.0568
19.5797	20.0568
19.5188	20.0568
19.4275	20.0263
19.4275	19.9654
19.3666	19.9350
19.3057	19.9045
19.2448	19.9045
19.1839	19.9045
19.1230	19.9045
19.0925	19.9350
19.0925	19.9959
19.0316	20.0263
18.9707	19.9959
18.9098	19.9654
18.8489	19.9654
18.8489	19.9959
18.8185	20.0263
18.7576	20.0263
18.6967	19.9959
18.6053	19.9654
18.5444	19.9045
18.5140	19.8436
18.4530	19.8741
18.3921	19.9350
18.3312	19.9350
18.2399	19.9045
18.1790	19.8741
18.1181	19.8741
18.0876	19.9045
17.9963	19.9350
17.9354	19.9350
17.8745	19.9350
17.8136	19.9350
17.7527	19.9350
17.6918	19.9959
17.6613	20.0568
17.6613	20.1177
17.6918	20.1786
17.7527	20.2090
17.8136	20.2090
17.9049	20.2395
17.9658	20.2699
18.0267	20.3004
18.0876	20.3004
18.1485	20.3613
18.2399	20.3917
18.3008	20.4222
18.3617	20.4526
18.4226	20.4526
18.4835	20.4526
18.5749	20.4526
18.6358	20.4526
18.6967	20.5135
18.7271	20.5744
18.7880	20.6353
18.8489	20.7267
18.9098	20.7267
19.0012	20.6962
19.0621	20.6962
19.1230	20.6962
19.1839	20.6962
19.2448	20.6962
19.3361	20.7571
19.3970	20.7267
19.4579	20.7267
19.5188	20.7571
19.6102	20.7571
19.6102	20.6962
19.6711	20.6049
19.7320	20.6353
19.7929	20.6658
19.8842	20.7571
19.9451	20.7571
19.9756	20.7267
20.0060	20.6658
20.0669	20.6049
20.1583	20.6049
20.1583	20.6658
20.2496	20.7267
20.3105	20.7571
20.3714	20.7267
20.4323	20.6962
20.4932	20.6962
20.5846	20.6962
20.6455	20.6962
20.7064	20.6962
20.7673	20.6962
20.8282	20.7267
20.8891	20.7571
20.9804	20.7571
21.0413	20.8180
21.1022	20.8180
21.1632	20.8180
21.1936	20.9094
21.1632	20.9398
21.0718	21.0007
21.0109	21.0312
20.9500	21.0616
20.8891	21.0921
20.7977	21.1530
20.7673	21.2139
20.7064	21.2748
20.6455	21.3662
20.5846	21.3966
20.5237	21.4575
20.4628	21.5184
20.4019	21.5184
20.3410	21.5184
20.3105	21.5793
20.2801	21.6402
20.2801	21.7011
20.2192	21.7316
20.1583	21.7316
20.0974	21.7620
20.0365	21.7925
20.0060	21.8838
19.9451	21.8838
19.9451	21.9752
20.0060	21.9752
19.9756	22.0056
19.9147	22.0056
19.8538	22.0056
19.7929	22.0361
19.7929	22.0970
19.8233	22.1274
19.7929	22.1274
19.7015	22.1274
19.7015	22.1883
19.7320	22.2188
19.7929	22.2797
19.7624	22.2797
19.7015	22.2797
19.6406	22.2797
19.5493	22.2492
19.4884	22.2492
19.4884	22.3101
19.5188	22.3710
19.5797	22.4015
19.5493	22.4319
19.4884	22.4319
19.4579	22.4928
19.4579	22.5537
19.4884	22.6451
19.4275	22.6451
19.3666	22.6451
19.3057	22.6451
19.2752	22.6755
19.3057	22.7364
19.3057	22.7973
19.3057	22.8887
19.3057	22.9496
19.3057	23.0105
19.2448	23.0409
19.1839	23.0105
19.0925	22.9800
19.0316	22.9800
18.9707	22.9800
18.9098	22.9800
18.9098	23.0409
19.0012	23.0714
19.0316	23.1323
19.0012	23.1627
18.9403	23.1932
18.9098	23.2541
18.9098	23.3150
18.9403	23.3759
18.9707	23.4672
18.9707	23.5281
18.9098	23.5586
18.8794	23.6195
18.8489	23.6804
18.8489	23.7413
18.8489	23.8022
18.8489	23.8631
18.8794	23.8631
18.9403	23.8327
19.0012	23.8022
19.0925	23.7413
19.1534	23.7108
19.2143	23.6499
19.3057	23.5890
19.3666	23.5586
19.4275	23.5890
19.4884	23.5890
19.5188	23.5586
19.5493	23.4977
19.6102	23.4977
19.6711	23.5281
19.7320	23.5281
19.7929	23.5281
19.7929	23.4672
19.7929	23.4063
19.8538	23.4063
19.9147	23.4063
19.9147	23.3759
19.8538	23.2845
19.8233	23.2236
19.7929	23.1627
19.7929	23.1018
19.7929	23.0409
19.8842	22.9800
19.9451	22.9800
20.0060	22.9800
20.0669	22.9800
20.1278	23.0105
20.1278	22.9800
20.1278	22.9191
20.1278	22.8582
20.0974	22.7973
20.0974	22.7060
20.1583	22.7060
20.2192	22.7060
20.2801	22.7364
20.3410	22.7669
20.4323	22.7669
20.4323	22.7060
20.4323	22.6451
20.4323	22.5537
20.4323	22.4928
20.4628	22.4928
20.5237	22.5233
20.6150	22.5233
20.6150	22.4928
20.6759	22.4928
20.7673	22.4928
20.7673	22.4015
20.7977	22.3406
20.7977	22.2797
20.8282	22.2188
20.8891	22.2188
20.9500	22.2188
21.0109	22.1274
21.1022	22.1579
21.1022	22.1274
21.0718	22.0361
21.0413	21.9752
21.0413	21.9143
21.0718	21.8534
21.1327	21.7925
21.1936	21.7620
21.2850	21.7011
21.3459	21.7011
21.4068	21.7011
21.4068	21.6707
21.4068	21.6098
21.4372	21.5793
21.4981	21.5793
21.5590	21.5489
21.6199	21.5489
21.7113	21.5489
21.7113	21.4575
21.7113	21.3966
21.8026	21.4271
21.8331	21.5184
21.8940	21.5184
21.9549	21.5184
22.0462	21.4880
22.0462	21.4271
22.0462	21.3662
22.0462	21.3053
22.0462	21.2444
22.0767	21.1530
22.1376	21.0921
22.1985	21.0921
22.2594	21.0616
22.3203	21.0616
22.3812	21.0312
22.4421	20.9703
22.4725	20.8789
22.5334	20.8485
22.5943	20.7876
22.6552	20.7571
22.7466	20.6962
22.8075	20.6658
22.8684	20.6353
22.9293	20.6658
23.0206	20.6962
23.0815	20.7571
23.1120	20.8180
23.1729	20.8789
23.2033	20.9398
23.2033	21.0312
23.2033	21.0921
23.2338	21.1530
23.2642	21.2139
23.3251	21.2139
23.3860	21.2139
23.4469	21.2139
23.4774	21.2444
23.4774	21.3053
23.4774	21.3662
23.5078	21.4575
23.5078	21.5184
23.4774	21.5489
23.5078	21.5793
23.5687	21.6098
23.5992	21.7011
23.5992	21.7620
23.5992	21.8229
23.5687	21.8838
23.5992	21.8838
23.6905	21.8838
23.7514	21.8838
23.8124	21.9143
23.8733	21.9447
23.8733	22.0056
23.8124	22.0665
23.7514	22.1274
23.6905	22.1883
23.6296	22.2188
23.5687	22.2188
23.5383	22.2797
23.4469	22.3101
23.3860	22.3101
23.3556	22.2492
23.3556	22.3101
23.3556	22.3710
23.3251	22.4319
23.2642	22.4624
23.1729	22.4928
23.1729	22.4624
23.0815	22.4015
23.0206	22.3710
23.0206	22.4015
23.0206	22.4624
23.0206	22.5233
22.9902	22.6146
22.9293	22.6146
22.8684	22.5842
22.8075	22.5842
22.7466	22.5537
22.7161	22.5842
22.6552	22.6451
22.5943	22.6451
22.5334	22.6451
22.4725	22.6451
22.4116	22.6451
22.4116	22.6755
22.4116	22.7364
22.3812	22.7364
22.3203	22.7364
22.2594	22.7364
22.1985	22.7364
22.1071	22.7060
22.1071	22.7364
22.1071	22.7973
22.0767	22.7973
22.0158	22.8278
21.9549	22.8278
21.8940	22.8278
21.8026	22.8887
21.7417	22.8887
21.6808	22.9191
21.6199	22.9800
21.5590	23.0105
21.5286	23.0714
21.4372	23.1323
21.4372	23.1932
21.4372	23.2541
21.4981	23.3150
21.5590	23.3150
21.6199	23.3150
21.6808	23.3150
21.7417	23.3150
21.8331	23.2845
21.8940	23.2541
21.9549	23.2541
22.0158	23.2541
22.0767	23.2541
22.1376	23.2541
22.1985	23.2236
22.2289	23.1627
22.3203	23.1323
22.3203	23.1627
22.3203	23.2236
22.4116	23.2541
22.4421	23.2236
22.5030	23.1323
22.5943	23.1018
22.6552	23.0409
22.6248	23.0105
22.6552	23.0105
22.6857	23.0714
22.7770	23.1018
22.8379	23.1627
22.8988	23.1627
22.9293	23.1018
22.9902	23.0409
23.0511	23.0409
23.1120	23.0409
23.1729	23.0409
23.2033	22.9800
23.2338	22.9191
23.2947	22.9191
23.3556	22.9191
23.4165	22.9800
23.4774	23.0105
23.5078	22.9800
23.5383	22.8887
23.5992	22.8582
23.6601	22.8887
23.7210	22.9496
23.7819	22.9496
23.8733	22.9191
23.9342	22.8887
23.9951	22.8278
24.0560	22.7669
24.1169	22.7973
24.1169	22.8582
24.1473	22.9191
24.2387	22.9800
24.2387	23.0409
24.2691	23.1018
24.2996	23.1627
24.3605	23.1627
24.4214	23.1627
24.4823	23.1323
24.5736	23.1323
24.6345	23.1018
24.6650	23.0409
24.6345	22.9496
24.6041	22.8887
24.6041	22.8278
24.5736	22.7669
24.5432	22.7060
24.5432	22.6146
24.5432	22.6755
24.6041	22.6755
24.6650	22.6755
24.6650	22.7364
24.7259	22.7364
24.8172	22.7364
24.8172	22.6755
24.9086	22.6451
24.9695	22.6146
24.9999	22.6451
25.0304	22.7060
25.0913	22.7364
25.1522	22.7060
25.2435	22.6755
25.3044	22.6146
25.3653	22.6451
25.4262	22.7060
25.4871	22.7060
25.5176	22.6755
25.5480	22.6146
25.6089	22.5537
25.7003	22.5233
25.7003	22.5842
25.7612	22.6146
25.8525	22.6146
25.9134	22.5842
25.9743	22.5233
26.0352	22.5233
26.1266	22.5233
26.1875	22.5233
26.2484	22.4928
26.2179	22.4928
26.2484	22.4928
26.3093	22.4928
26.3702	22.4928
26.4311	22.4928
26.4920	22.4928
26.5834	22.4928
26.6443	22.4928
26.7052	22.4928
26.7052	22.5233
26.7052	22.5842
26.7052	22.6451
26.6747	22.7060
26.6747	22.7973
26.6443	22.8582
26.6138	22.9191
26.6138	22.9800
26.5834	23.0409
26.5529	23.1323
26.5225	23.1932
26.5225	23.2541
26.4920	23.3150
26.4616	23.3759
26.4311	23.4672
26.4006	23.5281
26.3702	23.5890
26.3397	23.6499
26.3397	23.7108
26.3397	23.8022
26.3702	23.8631
26.3702	23.9240
26.4006	23.9849
26.4006	24.0458
26.4006	24.1067
26.4311	24.1981
26.4311	24.2590
26.4311	24.3199
26.4311	24.3808
26.4311	24.4417
26.4006	24.5330
26.3397	24.5939
26.3397	24.6548
26.3397	24.7157
26.3397	24.7766
26.3397	24.8375
26.3397	24.9289
26.3397	24.9898
26.3397	25.0507
26.3397	25.1116
26.4006	25.1420
26.4616	25.1420
26.5225	25.1725
26.5834	25.1725
26.6443	25.2334
26.6443	25.2943
26.6443	25.3552
26.7052	25.4465
26.7356	25.5074
26.7356	25.5683
26.7661	25.6292
26.7661	25.6901
26.7661	25.7510
26.7965	25.8424
26.7965	25.9033
26.7965	25.9642
26.7965	26.0251
26.7965	26.0860
26.7661	26.1773
26.7661	26.2382
26.7356	26.2991
26.7052	26.3600
26.7052	26.4210
26.6747	26.4819
26.6747	26.5732
26.6747	26.6341
26.6443	26.6950
26.6138	26.7559
26.5834	26.8168
26.5834	26.9082
26.5529	26.9691
26.5225	27.0300
26.4920	27.0909
26.4920	27.1518
26.4616	27.2431
26.4311	27.3040
26.4006	27.3649
26.4006	27.4258
26.3702	27.4867
26.3397	27.5781
26.3093	27.6390
26.2484	27.6999
26.2484	27.7608
26.2179	27.8217
26.2179	27.9130
26.2484	27.9130
26.3093	27.9130
26.3702	27.9130
26.4616	27.9130
26.5225	27.8826
26.5834	27.8521
26.6443	27.8217
26.7052	27.7608
26.7661	27.6694
26.8270	27.6390
26.8879	27.5781
26.9488	27.5172
26.9792	27.4563
26.9792	27.3954
27.0401	27.3040
27.1010	27.2736
27.1619	27.2127
27.1924	27.1213
27.1924	27.1822
27.2228	27.2431
27.2533	27.3040
27.2837	27.3649
27.3446	27.4258
27.3751	27.5172
27.4360	27.5781
27.4664	27.6390
27.4969	27.6999
27.4969	27.7912
27.5273	27.8521
27.5273	27.9130
27.5273	27.9739
27.5578	28.0348
27.5882	28.0957
27.6187	28.1871
27.6491	28.2480
27.6796	28.3089
27.7709	28.3698
27.8318	28.3698
27.8927	28.3698
27.9536	28.3698
28.0145	28.3698
28.1059	28.4307
28.1059	28.4002
28.1059	28.3393
28.1059	28.2480
28.1059	28.1871
28.1059	28.1262
28.1059	28.0653
28.1059	28.0044
28.1059	27.9435
28.1059	27.8521
28.1059	27.7912
28.1059	27.7303
28.1668	27.6694
28.1668	27.6085
28.1668	27.5476
28.1972	27.4563
28.1972	27.3954
28.1972	27.3345
28.2277	27.2736
28.2277	27.2127
28.2581	27.1213
28.2886	27.0604
28.2886	26.9995
28.2886	26.9386
28.2886	26.8777
28.2886	26.8168
28.2277	26.7559
28.2277	26.6950
28.1972	26.6341
28.1363	26.5428
28.0754	26.5123
28.0450	26.4514
28.0145	26.3905
27.9536	26.2991
27.9536	26.2382
27.8927	26.1773
27.8623	26.1164
27.8318	26.0251
27.7709	25.9642
27.7405	25.9033
27.7100	25.8424
27.6796	25.7815
27.6796	25.6901
27.6796	25.6292
27.6491	25.5683
27.6187	25.5074
27.6187	25.4465
27.6187	25.3552
27.6187	25.2943
27.5882	25.2334
27.6187	25.2029
27.6796	25.2029
27.7405	25.1420
27.8318	25.1116
27.8927	25.1116
27.9536	25.1116
28.0145	25.0811
28.0754	25.0507
28.1363	24.9898
28.1972	24.9898
28.2581	25.0507
28.2581	25.1116
28.3190	25.1725
28.3799	25.2638
28.4408	25.3247
28.5017	25.3552
28.5322	25.4465
28.6235	25.4465
28.6844	25.4161
28.6844	25.3552
28.7149	25.2943
28.7149	25.2334
28.7149	25.1725
28.7149	25.0811
28.6540	25.0202
28.6235	24.9593
28.5626	24.8984
28.5626	24.8071
28.5931	24.8071
28.6540	24.7766
28.7149	24.7462
28.7758	24.7157
28.8671	24.6853
28.9280	24.6548
28.9889	24.6548
29.0498	24.6548
29.0803	24.6853
29.1108	24.7462
29.1717	24.7766
29.2021	24.8680
29.2630	24.9289
29.2935	24.9898
29.3239	25.0507
29.3848	25.1116
29.4762	25.1420
29.5371	25.1725
29.5675	25.2334
29.6589	25.2638
29.7198	25.2943
29.7198	25.3552
29.7807	25.4161
29.8111	25.4770
29.9025	25.5074
29.9025	25.5683
29.9634	25.6597
30.0243	25.6901
30.0852	25.7510
30.0852	25.8119
30.1461	25.9033
30.2070	25.9337
30.2679	26.0251
30.3288	26.0251
30.3592	26.0860
30.3592	26.1773
30.3592	26.2382
30.3288	26.2991
30.3592	26.3296
30.4506	26.2991
30.5115	26.2687
30.5724	26.2078
30.5724	26.2382
30.5724	26.2991
30.6028	26.3600
30.6637	26.4210
30.7246	26.4819
30.7855	26.5428
30.7551	26.6037
30.7551	26.6646
30.7855	26.6646
30.8464	26.6646
30.9073	26.6646
30.9073	26.6950
30.9073	26.7559
30.9073	26.8168
30.9378	26.9082
30.9682	26.9691
30.9682	27.0300
31.0291	27.0909
31.0596	27.1518
31.0596	27.2431
31.0900	27.3040
31.1205	27.3649
31.1205	27.4258
31.1509	27.4867
31.1814	27.5781
31.2423	27.5781
31.3032	27.5781
31.3641	27.5476
31.4554	27.5476
31.4554	27.5781
31.4554	27.6390
31.4554	27.7303
31.4554	27.7912
31.4554	27.8521
31.5163	27.8826
31.6077	27.8826
31.6686	27.9739
31.7295	28.0044
31.7600	28.0653
31.7904	28.1262
31.8209	28.1871
31.8818	28.2175
31.9731	28.1871
32.0036	28.1262
32.0645	28.0957
32.1558	28.0957
32.1558	28.1566
32.1863	28.2480
32.2472	28.2480
32.3081	28.2784
32.3994	28.2784
32.3994	28.2175
32.3994	28.1566
32.3994	28.0957
32.3994	28.0348
32.3690	27.9435
32.3690	27.8826
32.3690	27.8217
32.3385	27.7608
32.3385	27.6999
32.3385	27.6390
32.3385	27.5476
32.3690	27.4867
32.3994	27.4258
32.4299	27.3649
32.4603	27.3040
32.4603	27.2127
32.4603	27.1518
32.4299	27.0909
32.3690	27.0300
32.3994	26.9691
32.4908	26.9691
32.5517	26.9691
32.6126	26.9082
32.5821	26.8473
32.5517	26.7864
32.4908	26.6950
32.4908	26.6341
32.5212	26.6037
32.5821	26.5123
32.5821	26.4514
32.5212	26.4210
32.5212	26.3296
32.5517	26.2991
32.5821	26.2382
32.5821	26.1773
32.5821	26.0860
32.5821	26.0251
32.5517	25.9642
32.5212	25.9033
32.4908	25.8424
32.5212	25.8119
32.5821	25.7815
32.6430	25.7510
32.7039	25.6597
32.7039	25.5988
32.7039	25.5379
32.6735	25.4770
32.6430	25.4161
32.6735	25.3552
32.7648	25.3247
32.7953	25.2334
32.8562	25.1725
32.8562	25.1116
32.8562	25.0507
32.8562	24.9593
32.8257	24.8984
32.7953	24.8375
32.7344	24.7766
32.7039	24.7157
32.7344	24.6548
32.7953	24.6548
32.8257	24.5939
32.7953	24.5330
32.7344	24.5330
32.7039	24.4417
32.7344	24.3808
32.7344	24.3199
32.7344	24.2590
32.7039	24.2590
32.6430	24.2590
32.6126	24.1981
32.6126	24.1372
32.6126	24.0763
32.6126	24.0154
32.6430	23.9545
32.7648	23.9849
32.8257	23.9849
32.8257	23.9240
32.7648	23.8936
32.6735	23.8631
32.6126	23.8327
32.5517	23.7717
32.5212	23.7108
32.4603	23.6499
32.4299	23.5890
32.4299	23.4977
32.3994	23.4368
32.3690	23.3759
32.3690	23.3150
32.4299	23.2845
32.4908	23.2845
32.5517	23.2845
32.6126	23.2845
32.7039	23.3150
32.7648	23.3454
32.8257	23.4063
32.7953	23.3759
32.7344	23.3454
32.6735	23.2541
32.6126	23.2236
32.5517	23.1627
32.5212	23.0714
32.4603	23.0409
32.3690	22.9800
32.3385	22.9191
32.2776	22.8582
32.2167	22.7973
32.1558	22.7669
32.0949	22.7060
32.0949	22.6451
32.0949	22.5842
32.0949	22.5233
32.1558	22.4624
32.1863	22.3710
32.2472	22.3101
32.2776	22.2492
32.3385	22.1883
32.3994	22.1274
32.4299	22.0665
32.5212	22.0056
32.5821	21.9143
32.6430	21.8838
32.7039	21.7925
32.7648	21.7316
32.8257	21.6707
32.8866	21.6098
32.9171	21.5184
32.9780	21.4575
33.0084	21.3966
33.0693	21.3357
33.0998	21.2444
33.1302	21.1835
33.1911	21.1225
33.1911	21.0616
33.2216	21.0007
33.2216	20.9094
33.2216	20.8485
33.2216	20.7876
33.1302	20.7571
33.0693	20.7571
33.0084	20.7571
32.9475	20.8180
32.8562	20.8485
32.8257	20.9094
32.7648	20.9703
32.7039	21.0312
32.6430	21.0616
32.5821	21.1225
32.4908	21.1835
32.4299	21.2748
32.3690	21.3357
32.3081	21.3966
32.2472	21.4575
32.1863	21.4880
32.1254	21.5489
32.0340	21.5793
31.9731	21.6402
31.9122	21.6707
31.8513	21.7316
31.7600	21.7620
31.6991	21.8229
31.6381	21.8534
31.5772	21.9143
31.5772	21.8838
31.5772	21.9143
31.5468	21.8838
31.5163	21.8229
31.4859	21.7620
31.4554	21.7011
31.4250	21.6098
31.4250	21.5489
31.3945	21.4880
31.3641	21.4271
31.3641	21.3662
31.3336	21.3053
31.3032	21.2139
31.3032	21.1530
31.2727	21.0921
31.2727	21.0312
31.2423	20.9703
31.2423	20.8789
31.1814	20.8180
31.1205	20.7876
31.0596	20.7876
30.9682	20.7267
30.9682	20.6658
30.9682	20.6049
30.9987	20.5440
31.0291	20.4831
30.9682	20.4831
30.9378	20.3917
30.9073	20.3308
30.9073	20.2699
30.8769	20.2090
30.8464	20.1481
30.8160	20.0568
30.7855	19.9959
30.7551	19.9350
30.7246	19.8741
30.6942	19.7827
30.6637	19.7218
30.6028	19.6914
30.5724	19.6305
30.5115	19.5696
30.4506	19.5087
30.3897	19.4782
30.3288	19.4478
30.2679	19.3564
30.2070	19.3260
30.1461	19.2651
30.0852	19.1737
30.0243	19.1128
29.9634	19.0519
29.9025	18.9606
29.8720	18.8997
29.8111	18.8692
29.7807	18.7779
29.6893	18.7170
29.6284	18.6865
29.5675	18.5952
29.5371	18.5343
29.5066	18.4733
29.5066	18.4124
29.4762	18.3515
29.4457	18.2602
29.4457	18.1993
29.4153	18.1384
29.3848	18.0775
29.3544	18.0166
29.2630	17.9557
29.2326	17.8948
29.1717	17.8339
29.1717	17.7730
29.1717	17.7121
29.1412	17.6512
29.1412	17.5903
29.2021	17.4989
29.2326	17.4380
29.2326	17.3771
29.2326	17.3162
29.2326	17.2553
29.2630	17.1944
29.2630	17.1031
29.2630	17.0422
29.2630	16.9813
29.2630	16.9204
29.2630	16.8595
29.2630	16.7986
29.2630	16.7377
29.2630	16.6463
29.2630	16.5854
29.3239	16.5550
29.4153	16.5550
29.4762	16.5550
29.5371	16.5550
29.5980	16.5550
29.6589	16.5550
29.7502	16.4941
29.8111	16.4636
29.8720	16.4332
29.9329	16.3723
29.9938	16.3418
30.0852	16.3114
30.1156	16.2200
30.1765	16.2200
30.2374	16.1287
30.2679	16.0678
30.3288	16.0069
30.3592	15.9460
30.3592	15.8546
30.4201	15.7937
30.4810	15.7328
30.5419	15.7023
30.6333	15.6719
30.6942	15.6719
30.7551	15.6414
30.8160	15.6110
30.8769	15.6110
30.9378	15.6110
31.0291	15.6110
31.0900	15.6414
31.1205	15.7023
31.1814	15.7328
31.2727	15.7328
31.3336	15.7328
31.3945	15.7632
31.4554	15.7632
31.5163	15.7632
31.5772	15.7632
31.6686	15.7937
31.7295	15.8241
31.7904	15.8241
31.8513	15.8546
31.9122	15.9155
32.0036	15.9155
32.0645	15.9460
32.1254	16.0069
32.1863	16.0069
32.2472	16.0678
32.3081	16.0678
32.3690	16.0678
32.4299	16.0982
32.4908	16.1591
32.5821	16.1896
32.6430	16.2200
32.7039	16.2505
32.7648	16.2505
32.8257	16.2505
32.9171	16.3114
32.9780	16.3114
33.0389	16.3114
33.0998	16.3114
33.1607	16.3114
33.2216	16.3114
33.3129	16.3114
33.3738	16.3114
33.4347	16.3418
33.4956	16.3418
33.5565	16.3418
33.6174	16.3418
33.7088	16.3418
33.7697	16.3418
33.8306	16.3114
33.8915	16.3114
33.9524	16.2809
34.0133	16.2809
34.1046	16.2809
34.1655	16.3114
34.2264	16.3418
34.2873	16.3418
34.3483	16.3418
34.4092	16.3418
34.5005	16.3418
34.5614	16.3723
34.6223	16.4027
34.6832	16.4027
34.7441	16.4027
34.8050	16.4027
34.8964	16.4332
34.9573	16.4332
35.0182	16.4636
35.0791	16.4941
35.1400	16.5245
35.2313	16.5245
35.2922	16.4941
35.3531	16.4636
35.3836	16.3723
35.4445	16.3723
35.5054	16.3418
35.5663	16.3418
35.6576	16.3418
35.7185	16.3418
35.7794	16.3418
35.8403	16.3418
35.9012	16.3723
35.9317	16.4332
35.9621	16.5245
36.0535	16.5245
36.1144	16.5854
36.1753	16.6159
36.2362	16.6159
36.2362	16.5550
36.2362	16.4941
36.2362	16.4332
36.2971	16.4636
36.3884	16.4636
36.4493	16.5550
36.5102	16.5550
36.5711	16.6159
36.6320	16.6463
36.6929	16.6463
36.7234	16.6159
36.7234	16.5550
36.7538	16.5550
36.8147	16.5854
36.8756	16.6463
36.9365	16.6768
36.9975	16.7072
37.0584	16.7377
37.1497	16.7681
37.2106	16.8290
37.2715	16.8595
37.3324	16.9204
37.3933	16.9508
37.4238	16.9204
37.4847	16.8595
37.5456	16.8595
37.5760	16.8899
37.6369	16.9204
37.6978	16.9204
37.7587	16.9813
37.8501	17.0117
37.9110	17.0422
37.9414	17.1031
38.0023	17.1640
38.0632	17.1944
38.1241	17.1944
38.1850	17.2249
38.2764	17.2249
38.3068	17.1640
38.3677	17.1031
38.3982	17.0422
38.4591	16.9508
38.5200	16.9508
38.5809	17.0117
38.6418	17.0726
38.7331	17.1031
38.7940	17.1335
38.7940	17.1944
38.8549	17.1944
38.9158	17.1640
38.9767	17.1335
39.0681	17.1335
39.1290	17.1335
39.1899	17.1335
39.2508	17.1640
39.3117	17.1944
39.4030	17.2553
39.4639	17.2553
39.5248	17.2553
39.5857	17.2858
39.5857	17.3467
39.6162	17.4076
39.6771	17.4685
39.7380	17.5294
39.7989	17.5903
39.8294	17.6512
39.8294	17.7121
39.8903	17.7730
39.9512	17.7730
40.0121	17.7730
40.0730	17.7425
40.1339	17.7425
40.2252	17.7425
40.2861	17.7730
40.3470	17.7730
40.4079	17.7730
40.4688	17.7730
40.5297	17.7121
40.5297	17.6512
40.5906	17.5903
40.6515	17.5294
40.7124	17.5294
40.8038	17.4989
40.8647	17.4989
40.9256	17.5294
40.9865	17.5598
41.0474	17.5903
41.1387	17.6816
41.1387	17.7425
41.1996	17.8034
41.2605	17.8643
41.2910	17.9252
41.3214	17.9861
41.3519	18.0470
41.3823	18.1079
41.3823	18.1993
41.3823	18.2602
41.3823	18.3211
41.4128	18.3820
41.4432	18.4429
41.5041	18.5038
41.5955	18.5038
41.6564	18.5038
41.7173	18.4733
41.7782	18.4733
41.8391	18.3820
41.8695	18.3211
41.9304	18.2906
42.0218	18.2906
42.0827	18.2906
42.1436	18.3211
42.2045	18.3515
42.2349	18.4124
42.2654	18.4733
42.3263	18.5038
42.4177	18.5038
42.4481	18.4429
42.5090	18.3820
42.5699	18.3820
42.6308	18.3820
42.6917	18.4429
42.7831	18.4429
42.7831	18.5038
42.7831	18.5952
42.8440	18.5952
42.9353	18.5952
42.9658	18.5343
42.9962	18.4429
42.9962	18.3820
43.0267	18.3515
43.0876	18.3515
43.1789	18.3211
43.2398	18.2906
43.2703	18.2297
43.3007	18.1688
43.3312	18.1079
43.3007	18.0166
43.2398	18.0166
43.1789	17.9861
43.1180	17.9252
43.0876	17.8339
43.0876	17.7730
43.0876	17.7121
43.0876	17.6512
43.0267	17.5903
42.9353	17.5903
42.8744	17.5903
42.8135	17.5903
42.7831	17.5294
42.7831	17.4685
42.7831	17.4076
42.7222	17.3467
42.6613	17.3162
42.6004	17.3162
42.6308	17.2858
42.6917	17.2858
42.7526	17.2858
42.8440	17.3162
42.9049	17.3162
42.9658	17.3162
43.0267	17.3162
43.0876	17.3162
43.1485	17.3162
43.2094	17.3162
43.3007	17.3162
43.3616	17.3162
43.4225	17.3162
43.4834	17.3162
43.5139	17.3771
43.5748	17.4076
43.6357	17.4076
43.6966	17.3771
43.7575	17.3162
43.8184	17.2553
43.8793	17.2553
43.9706	17.2553
44.0011	17.3162
44.0315	17.2858
44.0924	17.2553
44.1533	17.2553
44.2142	17.2553
44.2751	17.2553
44.3056	17.1640
44.3665	17.1640
44.4578	17.1640
44.5187	17.1640
44.5796	17.1640
44.6405	17.1640
44.7014	17.1640
44.7623	17.1640
44.8537	17.1640
44.9146	17.1640
44.9755	17.1640
45.0364	17.1944
45.0973	17.1944
45.1582	17.1944
45.2191	17.1944
45.3105	17.1944
45.3714	17.1944
45.4323	17.1335
45.4932	17.0726
45.5541	17.0726
45.6454	17.0726
45.7063	17.0726
45.7672	17.0726
45.7977	17.0117
45.7977	16.9508
45.8281	16.8899
45.8281	16.8290
45.8281	16.7377
45.8281	16.6768
45.7672	16.6159
45.7063	16.5854
45.6454	16.5550
45.5845	16.4941
45.5541	16.4027
45.5236	16.3418
45.4627	16.3418
45.4018	16.3418
45.3714	16.4027
45.3105	16.4636
45.2496	16.4636
45.2191	16.4027
45.1582	16.4027
45.0973	16.4027
45.0060	16.4332
44.9451	16.4332
44.9146	16.3723
44.9146	16.3114
44.8537	16.3114
44.8232	16.3418
44.7623	16.4027
44.7014	16.4636
44.6405	16.4636
44.6405	16.4027
44.6405	16.3418
44.6405	16.2809
44.5796	16.2809
44.5187	16.3418
44.4883	16.4027
44.3969	16.4332
44.3360	16.4636
44.2751	16.4636
44.2751	16.4332
44.2751	16.3723
44.2142	16.3114
44.1533	16.3114
44.0924	16.3114
44.0315	16.3114
44.0315	16.3723
43.9706	16.4332
43.9402	16.3723
43.9097	16.3114
43.8488	16.2809
43.7879	16.2200
43.7270	16.2200
43.6357	16.2809
43.5748	16.2809
43.5139	16.2809
43.4530	16.2505
43.4530	16.1896
43.4530	16.1287
43.4834	16.0373
43.4834	15.9764
43.5139	15.9155
43.5748	15.8851
43.6357	15.8851
43.6966	15.8851
43.7575	15.8851
43.8488	15.8851
43.8793	15.7937
43.9402	15.7328
43.9402	15.6719
43.9402	15.6110
43.9402	15.5501
43.9097	15.4587
43.9097	15.3978
43.9402	15.3978
44.0011	15.3978
44.0924	15.3978
44.1533	15.4283
44.2142	15.4892
44.2751	15.5196
44.3360	15.5196
44.3969	15.4892
44.4578	15.4587
44.5187	15.5196
44.5187	15.5805
44.6101	15.6110
44.6710	15.6110
44.7319	15.6110
44.7623	15.6719
44.8232	15.7023
44.8841	15.7328
44.9451	15.7937
45.0364	15.7937
45.0973	15.7328
45.1582	15.7023
45.2191	15.6719
45.2800	15.6719
45.3409	15.7328
45.4018	15.7632
45.4627	15.8241
45.4627	15.8851
45.5541	15.9155
45.6150	15.9460
45.6759	15.9460
45.7063	15.9155
45.7063	15.8241
45.7063	15.7632
45.7063	15.7023
45.6454	15.6414
45.6150	15.5501
45.5541	15.4892
45.5541	15.4283
45.5541	15.3674
45.5541	15.3065
45.4932	15.2456
45.4323	15.2151
45.3714	15.1847
45.3105	15.1238
45.2496	15.0933
45.1887	15.0629
45.1278	15.0629
45.0669	15.0629
44.9755	15.0324
44.9146	15.0020
44.8537	15.0020
44.7928	14.9715
44.7319	14.9715
44.6710	14.9715
44.5796	14.9715
44.5187	14.9411
44.4578	14.9106
44.3969	14.9106
44.3360	14.9106
44.2447	14.9106
44.1838	14.8802
44.1229	14.8497
44.0620	14.7888
44.0315	14.7279
43.9706	14.6975
43.9097	14.6975
43.8488	14.6975
43.7575	14.6670
43.6966	14.6366
43.6357	14.6366
43.5748	14.5757
43.4834	14.5452
43.4225	14.5452
43.3616	14.5148
43.3007	14.4843
43.2398	14.4539
43.1789	14.4539
43.1485	14.3930
43.0876	14.3016
43.0571	14.2407
42.9658	14.1798
42.9049	14.0885
42.8744	14.0276
42.8440	13.9667
42.7831	13.9058
42.7222	13.8449
42.6613	13.8144
42.6004	13.7840
42.5395	13.7535
42.4481	13.7535
42.3872	13.7535
42.3263	13.7231
42.2654	13.6926
42.2349	13.6317
42.2045	13.5708
42.1131	13.5099
42.0522	13.4795
41.9913	13.4186
41.9304	13.3881
41.8391	13.3881
41.7782	13.3577
41.7173	13.3577
41.6564	13.3577
41.5955	13.3272
41.5346	13.3272
41.4737	13.3272
41.3823	13.3272
41.3214	13.2968
41.3214	13.2359
41.2910	13.2359
41.1387	13.2054
41.0778	13.1749
41.0474	13.2054
41.0474	13.2663
41.0474	13.2359
41.0169	13.1749
40.9560	13.1445
40.8951	13.1140
40.8038	13.0531
40.7733	12.9922
40.7733	12.9313
40.8038	12.8704
40.8647	12.8095
40.8951	12.7486
40.8951	12.6877
40.8951	12.6268
40.8647	12.5355
40.8647	12.4746
40.8038	12.4441
40.8038	12.3528
40.8038	12.2919
40.8038	12.2310
40.8342	12.2310
40.9256	12.2310
40.9256	12.1701
40.9560	12.1092
40.9560	12.0483
40.9560	11.9569
40.8951	11.9569
40.8342	11.8960
40.7733	11.8960
40.6820	11.8960
40.6211	11.9265
40.5602	11.9569
40.5297	12.0178
40.4993	12.1092
40.4688	12.1701
40.4384	12.2310
40.4384	12.2919
40.4384	12.3528
40.3775	12.4137
40.3166	12.4137
40.2557	12.4441
40.3166	12.5355
40.3470	12.5964
40.4079	12.6573
40.4079	12.7182
40.3470	12.7182
40.2861	12.6877
40.2252	12.6573
40.1643	12.6268
40.1034	12.5659
40.0121	12.5355
39.9512	12.4746
39.9207	12.4137
39.8598	12.3528
39.7989	12.3528
39.7380	12.3223
39.6771	12.3223
39.5857	12.3223
39.5857	12.2614
39.5248	12.2005
39.4639	12.1092
39.4030	12.0483
39.3726	11.9874
39.3421	11.9265
39.3117	11.9569
39.2203	11.9569
39.1594	11.9874
39.1290	12.0787
39.0376	12.1092
38.9767	12.1092
38.9158	12.1396
38.8549	12.1701
38.7940	12.1701
38.7331	12.1701
38.6418	12.1701
38.6113	12.1092
38.5504	12.1092
38.4895	12.1396
38.4286	12.1701
38.3677	12.2310
38.3068	12.2614
38.2155	12.2919
38.1546	12.2919
38.0937	12.2919
38.0937	12.3528
38.0937	12.4137
38.0328	12.4441
37.9414	12.4441
37.8805	12.4441
37.8501	12.4746
37.7892	12.5355
37.7283	12.5355
37.7283	12.5050
37.6978	12.4441
37.6369	12.3832
37.5760	12.4137
37.5151	12.4746
37.4847	12.5355
37.4238	12.5050
37.4238	12.4441
37.4238	12.3832
37.4542	12.3223
37.5151	12.2919
37.5760	12.2614
37.6369	12.2310
37.7283	12.2310
37.7892	12.1701
37.7892	12.1092
37.7587	12.0483
37.8196	12.0178
37.8805	12.0178
37.9414	12.0178
38.0023	11.9874
38.0632	11.9874
38.0328	11.9569
37.9719	11.9265
37.9414	11.8656
37.9414	11.8047
37.9719	11.7742
38.0632	11.7438
38.1241	11.7438
38.1850	11.7438
38.2155	11.6524
38.2155	11.5915
38.2155	11.5306
38.2764	11.5002
38.3373	11.4697
38.3982	11.4088
38.3982	11.3175
38.4591	11.3175
38.5504	11.2261
38.5200	11.1957
38.4591	11.1348
38.4895	11.0739
38.4895	11.0130
38.5200	10.9521
38.5200	10.8912
38.5200	10.8303
38.5200	10.7389
38.4286	10.7389
38.3677	10.7389
38.3068	10.7389
38.2459	10.7389
38.1850	10.7389
38.1241	10.7998
38.1241	10.8607
38.0937	10.9521
38.0937	11.0130
38.0632	11.0739
38.0023	11.1348
37.9414	11.1652
37.9110	11.1348
37.8501	11.1043
37.7587	11.0739
37.7283	11.1043
37.7283	11.1957
37.7283	11.2566
37.7892	11.3175
37.7892	11.3784
37.7283	11.4088
37.6674	11.4088
37.6065	11.4393
37.5151	11.4697
37.4542	11.4697
37.3933	11.4697
37.3324	11.5306
37.2715	11.5306
37.2106	11.5306
37.1497	11.5915
37.1193	11.6524
37.1193	11.7133
37.0279	11.7438
36.9975	11.7133
36.9365	11.6829
36.9061	11.7133
36.9061	11.7742
36.9061	11.8656
36.8452	11.9265
36.7843	11.9265
36.7538	11.8656
36.6929	11.8351
36.6016	11.8656
36.5407	11.8960
36.4798	11.9569
36.4189	11.9874
36.4189	12.0483
36.4189	12.1092
36.3275	12.1092
36.2666	12.1092
36.2057	12.1092
36.1448	12.1396
36.0839	12.2005
36.0535	12.2614
35.9926	12.2919
35.9012	12.3528
35.8403	12.3832
35.7794	12.3832
35.7185	12.4137
35.6576	12.4441
35.5663	12.4746
35.5054	12.5050
35.4445	12.5050
35.3836	12.5050
35.3227	12.5050
35.3227	12.4441
35.3227	12.3832
35.3836	12.3223
35.4749	12.2310
35.5358	12.2005
35.5967	12.1396
35.6272	12.0483
35.6881	11.9874
35.7185	11.9265
35.7794	11.8351
35.8403	11.7742
35.9012	11.7438
35.9317	11.6829
35.9926	11.6220
36.0230	11.5611
36.0535	11.5002
36.1144	11.4088
36.1753	11.4088
36.2362	11.3175
36.2971	11.2566
36.3580	11.2261
36.4189	11.1652
36.4798	11.1043
36.5407	11.0434
36.6016	10.9825
36.6320	10.9216
36.6929	10.8607
36.7234	10.7694
36.7538	10.7085
36.7843	10.6476
36.8452	10.5867
36.8756	10.4953
36.9365	10.4344
36.9670	10.3735
37.0584	10.3126
37.0584	10.2517
37.1497	10.1908
37.1497	10.1299
37.1802	10.0690
37.2411	9.9776
37.2411	9.9167
37.2715	9.8558
37.3020	9.7949
37.3324	9.7036
37.3324	9.6427
37.3020	9.6122
37.2411	9.5818
37.1802	9.5818
37.0888	9.5513
37.0279	9.5513
36.9670	9.5209
36.9061	9.5209
36.8452	9.5513
36.8452	9.6122
36.8756	9.7036
36.8452	9.7036
36.7843	9.7036
36.7843	9.7645
36.7843	9.8558
36.8147	9.9167
36.7843	9.9472
36.6929	9.9167
36.6320	9.9167
36.6016	9.9472
36.6016	10.0081
36.5407	10.0081
36.5102	10.0994
36.5102	10.1603
36.5102	10.2212
36.5407	10.2821
36.5102	10.2821
36.4493	10.2517
36.3580	10.2517
36.2971	10.2821
36.2666	10.3430
36.2666	10.4344
36.1753	10.4648
36.1144	10.4953
36.0839	10.4648
36.0839	10.3735
36.1144	10.3126
36.1448	10.2517
36.1753	10.1908
36.2057	10.1299
36.2362	10.0385
36.2362	9.9776
36.1753	9.9472
36.0839	9.9167
36.0230	9.9167
35.9621	9.9167
35.9317	9.8863
35.8403	9.8863
35.8403	9.9472
35.8403	10.0081
35.8708	10.0994
35.8708	10.1603
35.8403	10.1299
35.7490	10.0994
35.6881	10.0994
35.6881	10.1299
35.6881	10.1908
35.7185	10.2517
35.7185	10.3126
35.6881	10.3126
35.5967	10.3126
35.5358	10.3126
35.5054	10.4039
35.5054	10.4648
35.5358	10.5257
35.5663	10.5867
35.5967	10.6476
35.6576	10.7085
35.6576	10.7694
35.6576	10.8303
35.5967	10.9216
35.5967	10.9825
35.5054	11.0130
35.4445	11.1043
35.3836	11.1652
35.3227	11.2261
35.2313	11.2870
35.2009	11.3479
35.1400	11.3784
35.0486	11.4393
34.9877	11.5002
34.9268	11.5915
34.8659	11.6220
34.8355	11.6829
34.7441	11.7742
34.6832	11.8351
34.6528	11.8960
34.5614	11.9569
34.5310	12.0178
34.4701	12.0483
34.4092	12.1396
34.3483	12.1701
34.2873	12.2310
34.1960	12.2919
34.1351	12.3223
34.0742	12.3223
34.0437	12.3832
34.0437	12.4441
34.0437	12.5050
34.0437	12.5659
33.9828	12.5964
33.9219	12.6268
33.8610	12.6268
33.8001	12.6268
33.7088	12.6268
33.7088	12.6877
33.7088	12.6573
33.7392	12.5659
33.7697	12.5050
33.8306	12.4441
33.8610	12.3832
33.8915	12.3223
33.9219	12.2310
33.9219	12.1701
33.9219	12.1092
33.8915	12.0483
33.8610	11.9874
33.8306	11.8960
33.8306	11.8351
33.8306	11.7742
33.8306	11.7133
33.8001	11.6524
33.8001	11.5915
33.8001	11.5002
33.8001	11.4393
33.8001	11.3784
33.7392	11.3175
33.7392	11.2566
33.7088	11.1652
33.7088	11.1043
33.7088	11.0434
33.7088	10.9825
33.6783	10.9216
33.6479	10.8607
33.6479	10.7694
33.6174	10.7085
33.5870	10.6476
33.5870	10.5867
33.5870	10.5257
33.5565	10.4648
33.5565	10.3735
33.4956	10.3126
33.4652	10.2517
33.4043	10.1908
33.3738	10.0994
33.2825	10.0385
33.2825	9.9776
33.2520	9.9167
33.1911	9.8254
33.1911	9.7645
33.1302	9.7036
33.0998	9.6427
33.0389	9.6427
32.9780	9.6122
32.9780	9.5513
32.9780	9.4904
32.9780	9.4295
33.0084	9.3382
33.0084	9.2773
33.0389	9.2164
33.0389	9.1555
33.0389	9.0946
33.0389	9.0337
33.0389	8.9423
33.0389	8.8814
33.0389	8.8205
33.0389	8.7596
32.9780	8.6987
32.9475	8.6378
32.9475	8.5465
32.9475	8.4856
32.9171	8.4247
32.8562	8.3638
32.8257	8.2724
32.7648	8.2115
32.7648	8.1506
32.7039	8.0897
32.7039	8.0288
32.7039	7.9679
32.6735	7.8765
32.6735	7.8156
32.6735	7.7547
32.6735	7.6938
32.6735	7.6329
32.6735	7.5720
32.6735	7.5111
32.6735	7.4198
32.6735	7.3589
32.6126	7.2980
32.6126	7.2371
32.6126	7.1762
32.6126	7.0848
32.6126	7.0239
32.6126	6.9630
32.6126	6.9021
32.6126	6.8412
32.6126	6.7803
32.6430	6.6890
32.6430	6.6281
32.6430	6.5672
32.6735	6.5063
32.7039	6.4454
32.7039	6.3845
32.7039	6.2931
32.7039	6.2322
32.7039	6.1713
32.7039	6.1104
32.7039	6.0495
32.7039	5.9886
32.7039	5.9277
32.7039	5.8364
32.6735	5.7755
32.6735	5.7146
32.6430	5.6537
32.5821	5.5928
32.5517	5.5014
32.4908	5.4405
32.4299	5.4710
32.3690	5.5014
32.3081	5.5623
32.2776	5.6537
32.2472	5.7146
32.2167	5.7755
32.1863	5.8364
32.1558	5.8973
32.1254	5.9886
32.1254	6.0495
32.1254	6.1104
32.1254	6.1713
32.0645	6.2322
32.0645	6.3236
32.0645	6.3845
32.0645	6.4454
32.0340	6.5063
32.0340	6.5672
32.0036	6.6281
32.0036	6.7194
32.0036	6.7803
32.0036	6.8412
32.0036	6.9021
32.0036	6.9630
32.0036	7.0239
32.0036	7.0848
32.0036	7.1457
32.0036	7.2371
32.0036	7.2980
32.0036	7.3589
32.0036	7.4198
32.0036	7.4807
32.0036	7.5416
32.0340	7.6329
32.0340	7.6938
32.0340	7.7547
32.0340	7.8156
32.0645	7.8765
32.0949	7.9375
32.0949	8.0288
32.0949	8.0897
32.0949	8.1506
32.0949	8.2115
32.1254	8.2724
32.1558	8.3333
32.1863	8.4247
32.1863	8.4856
32.1863	8.5465
32.1863	8.6074
32.2167	8.6683
32.2167	8.7292
32.2472	8.8205
32.2472	8.8814
32.2472	8.9423
32.2472	9.0032
32.2472	9.0641
32.2776	9.1250
32.2776	9.1859
32.2776	9.2773
32.3081	9.3382
32.3385	9.3991
32.3690	9.4600
32.3690	9.5209
32.3994	9.6122
32.4299	9.6731
32.4299	9.7340
32.4908	9.7949
32.5212	9.8558
32.5517	9.9472
32.5821	10.0081
32.6126	10.0690
32.6126	10.1299
32.6126	10.1908
32.6126	10.2821
32.6126	10.3430
32.6126	10.4039
32.6126	10.4648
32.6126	10.5257
32.6430	10.5867
32.6735	10.6780
32.7039	10.7389
32.7039	10.7998
32.7039	10.8607
32.7344	10.9216
32.7344	10.9825
32.7344	11.0739
32.7344	11.1348
32.7344	11.1957
32.6735	11.1957
32.6430	11.1652
32.5517	11.1348
32.5212	11.0739
32.4908	10.9825
32.3994	10.9521
32.3994	10.8912
32.3081	10.8303
32.2472	10.7998
32.1863	10.7389
32.1254	10.7085
32.0949	10.6476
32.0340	10.6171
31.9427	10.5562
31.8818	10.5562
31.8209	10.5257
31.7600	10.5257
31.6991	10.5257
31.6991	10.5867
31.6991	10.6476
31.6991	10.7085
31.6381	10.7085
31.5772	10.7085
31.5163	10.7085
31.4554	10.7085
31.3945	10.7085
31.3032	10.7085
31.2423	10.6780
31.1814	10.6476
31.1205	10.6171
31.0596	10.6171
30.9987	10.6780
30.9987	10.7389
31.0596	10.7694
31.1205	10.7998
31.2118	10.8607
31.2727	10.8607
31.3336	10.8607
31.3945	10.9216
31.4554	10.9521
31.5468	11.0434
31.5772	11.1043
31.6381	11.1348
31.6686	11.1957
31.7295	11.2261
31.8209	11.3175
31.8818	11.3175
31.9122	11.3784
32.0036	11.4393
32.0645	11.5002
32.1254	11.5611
32.2167	11.6220
32.2776	11.6829
32.3081	11.7438
32.3690	11.7742
32.4603	11.8351
32.5212	11.8656
32.5821	11.9265
32.6430	11.9874
32.6430	12.0483
32.6430	12.1092
32.6430	12.1701
32.6430	12.2614
32.6126	12.2005
32.6430	12.2005
32.7039	12.2614
32.7648	12.2919
32.7953	12.3528
32.8257	12.4441
32.8562	12.5050
32.8562	12.5659
32.8562	12.6268
32.8562	12.6877
32.8257	12.7791
32.7648	12.8400
32.7344	12.9009
32.7039	12.9618
32.6430	12.9922
32.5821	13.0227
32.4908	13.0836
32.4299	13.1140
32.3690	13.1445
32.3081	13.2054
32.2167	13.2359
32.1558	13.2968
32.0949	13.2968
32.0340	13.3577
31.9731	13.3881
31.8818	13.4186
31.8209	13.4490
31.7600	13.4795
31.6991	13.5708
31.6077	13.6013
31.5468	13.6622
31.4859	13.6926
31.4250	13.7535
31.3336	13.8144
31.2727	13.8449
31.2118	13.9058
31.1509	13.9667
31.0900	14.0276
31.0291	14.0580
30.9682	14.1189
30.8769	14.1798
30.8464	14.2407
30.7855	14.2712
30.6942	14.3016
30.6333	14.3016
30.5724	14.3625
30.5115	14.3930
30.4506	14.4234
30.3592	14.4843
30.2983	14.5148
30.2374	14.5148
30.1765	14.5452
30.1156	14.5757
30.0243	14.6366
29.9634	14.6670
29.9025	14.6975
29.8416	14.7279
29.7502	14.7584
29.6893	14.7584
29.6284	14.7584
29.5675	14.7584
29.5371	14.7279
29.5066	14.6670
29.4762	14.6061
29.4153	14.5452
29.3848	14.4843
29.3544	14.4234
29.3544	14.3625
29.3544	14.2712
29.3544	14.2103
29.3239	14.1494
29.3239	14.0885
29.2935	14.0276
29.2630	13.9667
29.2630	13.8753
29.1717	13.8144
29.1717	13.7535
29.1108	13.7231
29.0498	13.6926
28.9889	13.6317
28.9585	13.5708
28.9280	13.5099
28.8976	13.4490
28.8976	13.3577
28.8976	13.2968
28.8976	13.2359
28.8976	13.1749
28.8671	13.1140
28.8671	13.0531
28.8367	12.9618
28.8367	12.9009
28.8062	12.8400
28.7758	12.7791
28.7453	12.7182
28.6844	12.6268
28.6540	12.5659
28.5931	12.5050
28.5626	12.4441
28.5017	12.3528
28.5017	12.2919
28.4713	12.2310
28.4713	12.1701
28.4713	12.1092
28.4713	12.0483
28.4408	11.9569
28.4104	11.8960
28.4104	11.8351
28.3799	11.7742
28.3799	11.7133
28.3799	11.6524
28.3799	11.5611
28.3799	11.5002
28.3799	11.4393
28.3799	11.3784
28.3799	11.3175
28.3799	11.2566
28.3799	11.1957
28.3799	11.1043
28.3799	11.0434
28.3799	10.9825
28.3799	10.9216
28.3799	10.8607
28.3799	10.7998
28.3799	10.7389
28.3799	10.6476
28.3799	10.5867
28.3799	10.5257
28.3799	10.4648
28.3799	10.4039
28.3799	10.3430
28.3799	10.2517
28.3799	10.1908
28.3799	10.1299
28.4104	10.0690
28.4104	10.0081
28.4408	9.9472
28.4408	9.8558
28.4713	9.7949
28.5017	9.7340
28.5322	9.6731
28.5322	9.6122
28.6235	9.5513
28.6844	9.5513
28.7149	9.5209
28.6844	9.4600
28.6844	9.3991
28.6540	9.3382
28.6844	9.2773
28.6844	9.1859
28.7149	9.1250
28.7453	9.0641
28.7453	9.0032
28.7758	8.9423
28.7758	8.8510
28.8062	8.7901
28.8671	8.7292
28.8671	8.6683
28.9280	8.6074
28.9280	8.5160
28.9585	8.4551
28.9585	8.3942
28.9889	8.3333
29.0194	8.2724
29.0498	8.1811
29.0803	8.1202
29.0803	8.0593
29.1108	7.9984
29.1108	7.9375
29.1412	7.8461
29.1717	7.7852
29.2021	7.7243
29.2021	7.6634
29.2021	7.6025
29.2021	7.5416
29.2326	7.4502
29.2326	7.3893
29.2326	7.3284
29.2935	7.3589
29.3239	7.2980
29.3544	7.2371
29.3544	7.1762
29.3544	7.1153
29.3848	7.0544
29.3848	6.9935
29.3848	6.9021
29.3848	6.8412
29.4153	6.7803
29.4457	6.7194
29.4457	6.6585
29.4762	6.5976
29.4762	6.5063
29.4762	6.4454
29.5066	6.3845
29.5066	6.3236
29.5066	6.2627
29.5066	6.2018
29.5066	6.1104
29.5066	6.0495
29.5371	5.9886
29.5371	5.9277
29.5371	5.8668
29.5371	5.8059
29.5371	5.7450
29.5371	5.6537
29.5371	5.5928
29.5371	5.5319
29.5371	5.4710
29.5371	5.4101
29.5371	5.3492
29.5371	5.2883
29.5371	5.1969
29.5371	5.1360
29.5371	5.0751
29.5371	5.0142
