22.4064	7.0163
22.3759	7.0163
22.3454	7.0316
22.3149	7.0316
22.2692	7.0316
22.2387	7.0316
22.2081	7.0316
22.1776	7.0316
22.1471	7.0316
22.1166	7.0468
22.0861	7.0468
22.0404	7.0773
22.0404	7.1078
22.0251	7.1383
22.0251	7.1688
22.0251	7.1993
22.0251	7.2299
22.0099	7.2756
21.9946	7.3061
21.9946	7.3366
21.9641	7.3366
21.9183	7.3519
21.9183	7.3824
21.9031	7.4129
21.9031	7.4434
21.9336	7.4739
21.9489	7.5044
21.9946	7.5349
21.9641	7.5502
21.9336	7.5502
21.9031	7.5502
21.8878	7.5807
21.8878	7.6264
21.8878	7.6569
21.8878	7.6874
21.8726	7.6874
21.8421	7.6722
21.7963	7.6722
21.7658	7.6722
21.7353	7.6569
21.7048	7.6569
21.6743	7.6569
21.6743	7.6874
21.6285	7.7179
21.6133	7.7484
21.5828	7.7790
21.5523	7.8247
21.5523	7.8552
21.5523	7.8857
21.5675	7.8857
21.5980	7.9162
21.6438	7.9467
21.6743	7.9620
21.7048	7.9772
21.6896	7.9772
21.6590	8.0077
21.6438	8.0383
21.6285	8.0688
21.5980	8.0993
21.5980	8.1298
21.6133	8.1755
21.6285	8.2060
21.6438	8.2365
21.6285	8.2670
21.5828	8.2670
21.5675	8.3128
21.5370	8.3433
21.5218	8.3281
21.4913	8.2976
21.4608	8.2670
21.4303	8.2518
21.3997	8.2213
21.3692	8.2060
21.3387	8.2060
21.3387	8.1755
21.3540	8.1450
21.3540	8.0993
21.3692	8.0688
21.3845	8.0383
21.3997	8.0077
21.4150	7.9772
21.4303	7.9315
21.4303	7.9010
21.4150	7.8857
21.3845	7.8552
21.3540	7.8247
21.3235	7.8095
21.2777	7.7942
21.2625	7.7637
21.2320	7.7790
21.2167	7.8095
21.2015	7.8400
21.1862	7.8857
21.1557	7.9162
21.1405	7.9467
21.1099	7.9620
21.0947	7.9315
21.0642	7.9010
21.0337	7.8857
21.0032	7.9010
20.9727	7.9162
20.9269	7.9467
20.9269	7.9315
20.9269	7.9010
20.9269	7.8552
20.9269	7.8247
20.9269	7.7942
20.8964	7.7790
20.8659	7.7942
20.8354	7.8095
20.8354	7.7790
20.8049	7.7484
20.7896	7.7179
20.7744	7.6874
20.7439	7.6417
20.6981	7.6264
20.6981	7.5959
20.6524	7.5959
20.6219	7.6112
20.5913	7.6264
20.5608	7.6417
20.5303	7.6417
20.4846	7.6569
20.4541	7.6722
20.4388	7.7027
20.4388	7.7332
20.4388	7.7637
20.4388	7.7942
20.4388	7.8400
20.4388	7.8705
20.4541	7.9010
20.4541	7.9315
20.4693	7.9620
20.4693	7.9925
20.4541	8.0230
20.4236	8.0230
20.3931	8.0230
20.3626	8.0383
20.3320	8.0383
20.3015	8.0840
20.2710	8.0993
20.2558	8.1298
20.2405	8.1755
20.2405	8.2060
20.2405	8.2365
20.2405	8.2670
20.2710	8.2823
20.2863	8.3281
20.3168	8.3433
20.3626	8.3738
20.3931	8.3891
20.4236	8.4196
20.4236	8.4501
20.4083	8.4806
20.4083	8.5111
20.4236	8.5263
20.4541	8.5263
20.4846	8.5263
20.5151	8.5568
20.5151	8.5874
20.5151	8.6331
20.5151	8.6636
20.5151	8.6941
20.5151	8.7246
20.5151	8.7551
20.5151	8.7856
20.5456	8.8009
20.5761	8.8009
20.6066	8.8009
20.6524	8.7856
20.6829	8.7856
20.7134	8.7856
20.7439	8.8161
20.7591	8.8467
20.7439	8.8772
20.7286	8.9077
20.7134	8.9534
20.6981	8.9839
20.6829	9.0144
20.6981	9.0449
20.7286	9.0449
20.7744	9.0602
20.7896	9.0907
20.7896	9.1365
20.7744	9.1670
20.7744	9.1975
20.7896	9.2280
20.8201	9.2432
20.8659	9.2585
20.8964	9.2585
20.9269	9.2585
20.9574	9.2890
20.9879	9.3042
21.0184	9.3500
21.0489	9.3805
21.0794	9.3958
21.0794	9.4415
21.0642	9.4263
21.0337	9.4110
21.0032	9.4110
20.9727	9.4415
20.9879	9.4720
21.0032	9.5025
21.0489	9.5330
21.0642	9.5635
21.0947	9.5788
21.1252	9.6245
21.1405	9.6551
21.1405	9.6856
21.1557	9.7161
21.1405	9.7161
21.1099	9.7313
21.0642	9.7466
21.0337	9.7466
21.0032	9.7771
20.9879	9.8076
20.9422	9.8076
20.9117	9.8076
20.8812	9.7923
20.8506	9.7618
20.8049	9.7313
20.7896	9.7008
20.7591	9.6703
20.7439	9.6245
20.7134	9.5940
20.6829	9.5635
20.6676	9.5330
20.6524	9.4873
20.6371	9.4568
20.6219	9.4263
20.6219	9.3958
20.6066	9.3653
20.5761	9.3195
20.5456	9.2890
20.5151	9.2585
20.4846	9.2127
20.4693	9.1822
20.4541	9.1517
20.4388	9.1212
20.3931	9.0907
20.3626	9.0754
20.3320	9.0449
20.3015	9.0449
20.2710	9.0449
20.2253	9.0449
20.1948	9.0449
20.1643	9.0449
20.1338	9.0449
20.1033	9.0754
20.0575	9.0754
20.0270	9.0907
19.9965	9.1060
19.9660	9.1060
19.9355	9.0754
19.9050	9.0297
19.8897	8.9992
19.8745	8.9687
19.8745	8.9382
19.8440	8.9229
19.7982	8.9382
19.7677	8.9534
19.7372	8.9839
19.7067	8.9992
19.6914	9.0297
19.6609	9.0602
19.6152	9.0449
19.5999	9.0144
19.5694	8.9992
19.5236	8.9992
19.4931	8.9992
19.4931	9.0297
19.4931	9.0602
19.4931	9.1060
19.4931	9.1365
19.5084	9.1670
19.4931	9.1670
19.4474	9.1670
19.4169	9.1670
19.4016	9.1822
19.4016	9.2280
19.4169	9.2585
19.4169	9.2890
19.4169	9.3195
19.3864	9.3195
19.3559	9.3347
19.3254	9.3500
19.2949	9.3805
19.2796	9.4110
19.2643	9.4415
19.2338	9.4720
19.2033	9.4873
19.1576	9.4873
19.1423	9.5330
19.1271	9.5635
19.0966	9.5788
19.0661	9.6093
19.0356	9.6245
19.0051	9.6245
19.0051	9.5940
19.0051	9.5483
19.0051	9.5178
19.0203	9.4873
19.0508	9.4568
19.0661	9.4110
19.0661	9.3805
19.0356	9.3805
19.0051	9.3805
18.9745	9.4110
18.9440	9.4110
18.8983	9.4415
18.8678	9.4568
18.8373	9.4720
18.8373	9.4568
18.8373	9.4263
18.8373	9.3805
18.8068	9.3653
18.7610	9.3500
18.7610	9.3195
18.7610	9.2890
18.7610	9.2585
18.7305	9.2127
18.7000	9.2127
18.6695	9.2280
18.6390	9.2127
18.6237	9.1670
18.5932	9.1365
18.5780	9.1060
18.5475	9.1060
18.5170	9.1212
18.4865	9.1365
18.4559	9.1517
18.4254	9.1670
18.3797	9.1822
18.3797	9.2127
18.3797	9.2432
18.3797	9.2737
18.3797	9.3195
18.3797	9.3500
18.3492	9.3500
18.3187	9.3347
18.2882	9.3347
18.2577	9.3500
18.2272	9.3805
18.2119	9.4110
18.1814	9.4415
18.1509	9.4720
18.1509	9.5025
18.1509	9.5330
18.1509	9.5635
18.1509	9.6093
18.1509	9.6398
18.1509	9.6703
18.1509	9.7008
18.1509	9.7313
18.1509	9.7618
18.1814	9.7923
18.2119	9.7923
18.2424	9.7771
18.2424	9.8076
18.2424	9.8381
18.2272	9.8686
18.2119	9.8991
18.2119	9.9296
18.2119	9.9601
18.2272	10.0059
18.2272	10.0364
18.2272	10.0669
18.2272	10.0974
18.2272	10.1279
18.2272	10.1737
18.2119	10.1889
18.1814	10.1889
18.1509	10.1889
18.1204	10.1889
18.0746	10.1889
18.0441	10.1889
18.0136	10.1889
17.9831	10.1889
17.9526	10.2194
17.9526	10.2499
17.9374	10.2804
17.9068	10.2957
17.8763	10.2957
17.8306	10.2957
17.8153	10.3262
17.8153	10.3567
17.8001	10.3872
17.8001	10.4177
17.8001	10.4635
17.8153	10.4940
17.8306	10.5245
17.8458	10.5550
17.8458	10.5855
17.8458	10.6160
17.8153	10.6617
17.8153	10.6922
17.7848	10.7228
17.7848	10.7533
17.7391	10.7533
17.7086	10.7228
17.6781	10.7075
17.6475	10.6770
17.6018	10.6770
17.5713	10.6922
17.5408	10.7075
17.5103	10.7228
17.4798	10.7380
17.4340	10.7533
17.4188	10.7990
17.4188	10.8295
17.4188	10.8600
17.4188	10.8905
17.4340	10.9210
17.4493	10.9515
17.4493	10.9973
17.4798	11.0278
17.4950	11.0583
17.5103	11.0888
17.5408	11.1041
17.5865	11.1041
17.6170	11.1041
17.6475	11.0736
17.6781	11.0583
17.7086	11.0583
17.7543	11.0431
17.7848	11.0431
17.8153	11.0431
17.8458	11.0431
17.8763	11.0431
17.9068	11.0736
17.9221	11.1041
17.9526	11.1346
17.9984	11.1498
18.0289	11.1498
18.0594	11.1498
18.0899	11.1498
18.1204	11.1498
18.1509	11.1498
18.1814	11.1498
18.2272	11.1651
18.2577	11.1803
18.2424	11.1956
18.1967	11.2261
18.1814	11.2566
18.1661	11.2871
18.1509	11.3176
18.1509	11.3481
18.1509	11.3939
18.1509	11.4244
18.1509	11.4549
18.1204	11.4854
18.0899	11.5159
18.0594	11.5159
18.0289	11.5006
17.9984	11.4701
17.9679	11.4396
17.9374	11.4396
17.9221	11.4701
17.8916	11.5006
17.8763	11.5464
17.8458	11.5769
17.8153	11.5922
17.7848	11.5769
17.7543	11.5617
17.7238	11.5617
17.6781	11.5464
17.6475	11.5464
17.6170	11.5312
17.5865	11.5312
17.5560	11.5617
17.5103	11.5769
17.4798	11.5922
17.4493	11.5922
17.4188	11.5769
17.3882	11.5617
17.3577	11.5464
17.3272	11.5464
17.2967	11.5617
17.2510	11.5769
17.2205	11.5922
17.1900	11.5922
17.1595	11.5617
17.1442	11.5312
17.1290	11.5006
17.1442	11.4701
17.1595	11.4396
17.1595	11.3939
17.1595	11.3634
17.1442	11.3634
17.1137	11.3634
17.0832	11.3634
17.0527	11.3634
17.0069	11.3634
16.9764	11.3481
16.9612	11.3176
16.9612	11.2719
16.9154	11.2566
16.9154	11.2261
16.9154	11.1956
16.9307	11.1498
16.9459	11.1193
16.9612	11.0888
16.9917	11.0583
16.9917	11.0278
16.9917	10.9821
16.9917	10.9515
16.9764	10.9515
16.9307	10.9668
16.9002	10.9973
16.8697	11.0278
16.8391	11.0583
16.8391	11.0431
16.8391	10.9973
16.8391	10.9668
16.8391	10.9363
16.8239	10.9058
16.7934	10.8753
16.7934	10.8295
16.7629	10.7990
16.7476	10.7685
16.7476	10.7380
16.7476	10.7075
16.7476	10.6770
16.7171	10.6312
16.6866	10.6312
16.6561	10.6312
16.6256	10.6312
16.6104	10.5855
16.6104	10.5550
16.5951	10.5245
16.5798	10.4940
16.5798	10.4635
16.5341	10.4482
16.5036	10.4329
16.4731	10.4177
16.4426	10.4177
16.4121	10.4177
16.3816	10.4482
16.3511	10.4482
16.3205	10.4787
16.2900	10.4787
16.2595	10.4482
16.2595	10.4177
16.2595	10.3872
16.2595	10.3567
16.2595	10.3109
16.2443	10.2804
16.2138	10.2652
16.1833	10.2652
16.1528	10.2652
16.1223	10.2652
16.0765	10.2957
16.0765	10.2652
16.0765	10.2347
16.0613	10.2042
16.0613	10.1737
16.0613	10.1431
16.0460	10.1126
16.0460	10.0669
16.0002	10.0669
15.9697	10.0669
15.9392	10.0669
15.9087	10.0821
15.8782	10.0821
15.8477	10.1126
15.8325	10.1431
15.8325	10.1737
15.8020	10.1889
15.7714	10.1889
15.7409	10.1737
15.7104	10.1584
15.6647	10.1431
15.6342	10.1279
15.6037	10.1126
15.5732	10.1126
15.5427	10.0974
15.4969	10.0821
15.4664	10.0821
15.4511	10.1126
15.4054	10.1431
15.3749	10.1584
15.3444	10.1889
15.3139	10.2194
15.2834	10.2499
15.2834	10.2804
15.2986	10.3109
15.3291	10.3567
15.3596	10.3719
15.3901	10.4024
15.4206	10.4329
15.4359	10.4635
15.4816	10.4940
15.4816	10.5245
15.4969	10.5550
15.4969	10.5855
15.4511	10.6160
15.4511	10.6465
15.4206	10.6770
15.4054	10.7228
15.3901	10.7533
15.3901	10.7838
15.3901	10.8143
15.4054	10.8448
15.4359	10.8753
15.4816	10.8753
15.5121	10.8753
15.5427	10.8753
15.5732	10.8753
15.6037	10.8905
15.6189	10.9210
15.6189	10.9515
15.6342	10.9821
15.6342	11.0126
15.6494	11.0431
15.6799	11.0736
15.7257	11.0736
15.7562	11.0736
15.7867	11.0736
15.8172	11.0736
15.8477	11.1041
15.8630	11.1346
15.8935	11.1651
15.9392	11.1803
15.9697	11.2108
15.9697	11.2414
15.9545	11.2719
15.9392	11.3176
15.9392	11.3481
15.9697	11.3634
16.0002	11.3634
16.0307	11.3634
16.0613	11.3634
16.0765	11.3939
16.1070	11.4396
16.1070	11.4701
16.1375	11.4854
16.1833	11.4701
16.1833	11.4396
16.2290	11.4396
16.2595	11.4701
16.2900	11.5006
16.3205	11.5312
16.3053	11.5617
16.2595	11.5769
16.2290	11.5769
16.1985	11.5769
16.1985	11.6074
16.1985	11.6379
16.1985	11.6684
16.2138	11.6989
16.2443	11.7142
16.2900	11.7142
16.3205	11.7294
16.3511	11.7447
16.3816	11.7599
16.4121	11.7905
16.4426	11.8210
16.4426	11.8515
16.4273	11.8515
16.3968	11.8820
16.3968	11.9125
16.4121	11.9430
16.4121	11.9735
16.4121	12.0040
16.3816	12.0345
16.3511	12.0498
16.3205	12.0498
16.2900	12.0345
16.2595	12.0192
16.2290	11.9735
16.1985	11.9735
16.1680	11.9582
16.1680	11.9735
16.1680	12.0040
16.1680	12.0345
16.1528	12.0345
16.1223	12.0345
16.0918	12.0192
16.0460	12.0040
16.0155	12.0040
15.9850	11.9887
15.9545	11.9582
15.9240	11.9582
15.8782	11.9430
15.8477	11.9277
15.8172	11.9125
15.8020	11.9277
15.8020	11.9582
15.7714	11.9582
15.7409	11.9582
15.7104	11.9430
15.6647	11.9125
15.6494	11.8667
15.6342	11.8362
15.6189	11.8057
15.5732	11.7905
15.5427	11.7905
15.5274	11.8210
15.5121	11.8515
15.4969	11.8972
15.4969	11.9277
15.4664	11.9582
15.4359	11.9735
15.4054	11.9735
15.3749	11.9735
15.3291	11.9735
15.2986	11.9735
15.2986	12.0192
15.2986	12.0498
15.2986	12.0803
15.2681	12.0803
15.2376	12.0803
15.2071	12.0650
15.1613	12.0650
15.1308	12.0498
15.1003	12.0345
15.0698	12.0192
15.0393	12.0040
14.9936	11.9735
14.9630	11.9582
14.9325	11.9277
14.9020	11.9125
14.8563	11.9125
14.8410	11.9582
14.8105	11.9582
14.7800	12.0040
14.7495	11.9887
14.7190	11.9735
14.6732	11.9430
14.6427	11.9277
14.6122	11.8820
14.5817	11.8820
14.5512	11.8820
14.5512	11.8515
14.5207	11.8515
14.4750	11.8515
14.4444	11.8515
14.4139	11.8820
14.3834	11.8972
14.3529	11.9125
14.3072	11.8972
14.2767	11.8820
14.2462	11.8515
14.2004	11.8210
14.1699	11.8057
14.1699	11.8210
14.1394	11.8667
14.1241	11.8972
14.1241	11.9277
14.0936	11.9582
14.0784	11.9887
14.0631	12.0345
14.0784	12.0498
14.1089	12.0803
14.1546	12.0803
14.1699	12.1260
14.1699	12.1565
14.1394	12.1870
14.1241	12.2175
14.1241	12.2633
14.1241	12.2938
14.1241	12.3243
14.1241	12.3548
14.1394	12.3701
14.1699	12.4006
14.2004	12.4158
14.2462	12.4311
14.2767	12.4463
14.3072	12.4616
14.3377	12.5073
14.3834	12.5226
14.4139	12.5683
14.4444	12.5836
14.4597	12.6141
14.4597	12.6446
14.4597	12.6904
14.4750	12.7209
14.5055	12.7361
14.5512	12.7514
14.5817	12.7819
14.5970	12.8124
14.5970	12.8429
14.5817	12.8734
14.5817	12.9039
14.5970	12.9192
14.6427	12.9344
14.6732	12.9497
14.7037	12.9497
14.7343	12.9649
14.7648	12.9802
14.8105	12.9954
14.8410	13.0107
14.8715	13.0412
14.9020	13.0717
14.9478	13.0869
14.9783	13.1175
15.0088	13.1327
15.0393	13.1480
15.0851	13.1785
15.1156	13.1785
15.1461	13.1785
15.1766	13.1785
15.2071	13.1785
15.2376	13.1480
15.2376	13.1175
15.2681	13.1175
15.2986	13.1327
15.3291	13.1327
15.3596	13.1480
15.4054	13.1632
15.4359	13.1785
15.4664	13.1785
15.4969	13.1480
15.5274	13.1480
15.5732	13.1480
15.6037	13.1327
15.6342	13.1175
15.6647	13.1022
15.6952	13.0869
15.7409	13.0717
15.7714	13.0869
15.8020	13.1022
15.8020	13.1327
15.8020	13.1632
15.7867	13.2090
15.7867	13.2395
15.7867	13.2700
15.8325	13.3005
15.8477	13.3310
15.8477	13.3615
15.8325	13.3920
15.8172	13.4225
15.8020	13.4683
15.8325	13.4683
15.8630	13.4683
15.8935	13.4683
15.9240	13.4683
15.9545	13.4835
15.9850	13.4988
16.0155	13.4835
16.0307	13.4378
16.0460	13.4073
16.0765	13.3767
16.1070	13.3462
16.1375	13.3462
16.1680	13.3310
16.1833	13.3005
16.1833	13.2700
16.1833	13.2242
16.1985	13.2090
16.2290	13.2090
16.2595	13.1937
16.2595	13.1632
16.2595	13.1327
16.2595	13.1022
16.2595	13.0564
16.2595	13.0259
16.2748	12.9954
16.3053	12.9802
16.3358	12.9344
16.3358	12.9039
16.3358	12.8734
16.3511	12.8429
16.3663	12.8124
16.3816	12.7666
16.4121	12.7514
16.4426	12.7209
16.4731	12.7056
16.5036	12.6904
16.5493	12.6751
16.5493	12.6904
16.5493	12.7209
16.5951	12.7209
16.6256	12.7209
16.6561	12.7056
16.6866	12.6751
16.7171	12.6904
16.7629	12.7056
16.7934	12.7514
16.8239	12.7666
16.8544	12.7666
16.9002	12.7514
16.9307	12.7209
16.9612	12.7056
16.9917	12.6751
17.0222	12.6446
17.0527	12.6141
17.0832	12.5836
17.1290	12.5836
17.1595	12.6141
17.1747	12.6446
17.1747	12.6751
17.2205	12.6751
17.2510	12.6751
17.2662	12.6446
17.2967	12.6141
17.3272	12.5836
17.3425	12.5531
17.3882	12.5226
17.4188	12.5226
17.4493	12.5073
17.4798	12.4921
17.5103	12.4921
17.5560	12.4921
17.5865	12.4921
17.6170	12.4921
17.6475	12.4921
17.6781	12.4921
17.7238	12.4921
17.7543	12.4768
17.7848	12.4616
17.8153	12.4463
17.8458	12.4463
17.8916	12.4311
17.9221	12.4006
17.9374	12.3701
17.9679	12.3701
18.0136	12.3701
18.0441	12.3853
18.0746	12.4006
18.1051	12.4311
18.1356	12.4616
18.1661	12.4768
18.1814	12.5073
18.1814	12.5378
18.1814	12.5683
18.2119	12.5989
18.2424	12.6141
18.2729	12.6141
18.3034	12.6141
18.3492	12.6141
18.3797	12.6141
18.4102	12.5989
18.4407	12.5989
18.4712	12.6141
18.5170	12.6294
18.5170	12.6599
18.5170	12.6904
18.5017	12.7209
18.5017	12.7666
18.5170	12.7971
18.5170	12.8276
18.5627	12.8276
18.5932	12.8276
18.6237	12.8276
18.6542	12.8276
18.6847	12.8276
18.7152	12.8429
18.7458	12.8582
18.7915	12.8887
18.7915	12.9192
18.7915	12.9497
18.7915	12.9802
18.7610	13.0259
18.7610	13.0564
18.7915	13.0717
18.8373	13.0717
18.8525	13.1175
18.8830	13.1480
18.8830	13.1785
18.8678	13.2090
18.8678	13.2395
18.8678	13.2852
18.8830	13.3157
18.8525	13.3157
18.8220	13.3005
18.7915	13.3005
18.7610	13.3005
18.7305	13.3310
18.7305	13.3615
18.7305	13.3920
18.7000	13.4225
18.6847	13.4073
18.6847	13.3767
18.6542	13.3462
18.6237	13.3310
18.5932	13.3310
18.5627	13.3767
18.5475	13.4073
18.5170	13.4378
18.4865	13.4530
18.4559	13.4683
18.4102	13.4988
18.3949	13.4683
18.3644	13.4378
18.3644	13.4073
18.3187	13.3920
18.3034	13.4225
18.2729	13.4530
18.2729	13.4835
18.2729	13.5140
18.2424	13.5140
18.2119	13.5140
18.1814	13.5140
18.1509	13.5445
18.1509	13.5750
18.1509	13.6055
18.1509	13.6360
18.1661	13.6666
18.1661	13.6971
18.1661	13.7428
18.1814	13.7733
18.1814	13.8038
18.2272	13.8343
18.2577	13.8343
18.2882	13.8496
18.3187	13.8648
18.3492	13.8953
18.3492	13.9259
18.3492	13.9564
18.3492	13.9869
18.3949	14.0174
18.4254	14.0326
18.4559	14.0326
18.4865	14.0326
18.5170	14.0174
18.5627	14.0174
18.5932	14.0326
18.6237	14.0479
18.6390	14.0784
18.6390	14.1241
18.6847	14.1394
18.7152	14.1546
18.7458	14.1546
18.7763	14.1394
18.8220	14.1089
18.8525	14.0936
18.8830	14.0784
18.9135	14.0936
18.9440	14.1241
18.9745	14.1546
19.0051	14.1546
19.0356	14.1394
19.0661	14.1089
19.0966	14.1089
19.1271	14.1394
19.1576	14.1699
19.1728	14.2004
19.2033	14.2157
19.2338	14.2309
19.2643	14.2614
19.2643	14.2919
19.2643	14.3377
19.2643	14.3682
19.2643	14.3987
19.2949	14.4292
19.3254	14.4292
19.3559	14.4292
19.3864	14.4292
19.4321	14.4139
19.4626	14.3987
19.4931	14.3987
19.4779	14.3987
19.4474	14.3987
19.4474	14.4139
19.4321	14.4597
19.4169	14.4902
19.4016	14.5207
19.4016	14.5512
19.4016	14.5817
19.3711	14.5817
19.3254	14.5817
19.2949	14.5817
19.2949	14.6122
19.2949	14.6580
19.3101	14.6885
19.3254	14.7190
19.3559	14.7343
19.3559	14.7648
19.3559	14.7953
19.3406	14.8258
19.3406	14.8715
19.3559	14.8715
19.4016	14.8868
19.4321	14.9173
19.4626	14.9173
19.4931	14.9325
19.4931	14.9173
19.4931	14.8868
19.5084	14.8563
19.5389	14.8258
19.5694	14.7953
19.5999	14.7495
19.6304	14.7190
19.6609	14.6885
19.6914	14.6580
19.6914	14.6732
19.7219	14.7190
19.7372	14.7495
19.7677	14.7800
19.7982	14.7800
19.8135	14.7648
19.8440	14.7495
19.8897	14.7343
19.9202	14.7037
19.9507	14.7037
19.9812	14.7190
19.9965	14.7648
19.9965	14.7953
19.9812	14.8105
19.9507	14.8410
19.9355	14.8715
19.9050	14.9020
19.9050	14.9325
19.9202	14.9630
19.9507	14.9783
19.9812	14.9783
20.0117	14.9936
20.0575	14.9936
20.0880	14.9936
20.1033	14.9783
20.1185	14.9936
20.1338	15.0241
20.1338	15.0546
20.1338	15.1003
20.1338	15.1308
20.1643	15.1461
20.1795	15.1918
20.1795	15.2223
20.1490	15.2529
20.1490	15.2834
20.1185	15.3139
20.1033	15.3596
20.1033	15.3901
20.1185	15.3901
20.1490	15.3901
20.1795	15.3901
20.2100	15.3901
20.2558	15.3749
20.2863	15.3749
20.2863	15.3901
20.2710	15.4206
20.2710	15.4511
20.2558	15.4816
20.2558	15.5274
20.2710	15.5274
20.2863	15.5579
20.3168	15.5884
20.3320	15.6189
20.3320	15.6494
20.3015	15.6799
20.3015	15.7104
20.3015	15.7409
20.3168	15.7562
20.3473	15.7562
20.3778	15.7562
20.4083	15.7562
20.4541	15.7714
20.4541	15.8172
20.4846	15.8172
20.5303	15.8172
20.5608	15.8172
20.5761	15.8325
20.5913	15.8630
20.6219	15.9087
20.6524	15.9087
20.6829	15.9240
20.7134	15.9240
20.7439	15.9240
20.7744	15.9240
20.8201	15.9087
20.8506	15.8782
20.8659	15.9087
20.9117	15.9240
20.9422	15.9392
20.9727	15.9545
21.0032	15.9545
21.0337	15.9850
21.0642	16.0155
21.0947	16.0307
21.1252	16.0307
21.1710	16.0155
21.2015	16.0155
21.2320	15.9850
21.2472	15.9545
21.2930	15.9240
21.3082	15.8935
21.3082	15.8630
21.3082	15.8325
21.2777	15.8020
21.2472	15.7867
21.2167	15.7562
21.2320	15.7562
21.2625	15.7409
21.2777	15.7104
21.3082	15.6799
21.3235	15.6494
21.3387	15.6189
21.3845	15.5732
21.3997	15.5427
21.4150	15.5121
21.4150	15.4816
21.3997	15.4816
21.3692	15.4816
21.3235	15.4816
21.2930	15.4816
21.2625	15.4664
21.2320	15.4664
21.2015	15.4664
21.1710	15.4511
21.1252	15.4359
21.0947	15.4054
21.0947	15.3749
21.1099	15.3596
21.1405	15.3596
21.1710	15.3139
21.1862	15.2834
21.1557	15.2681
21.1252	15.2681
21.0947	15.2681
21.0642	15.2681
21.0794	15.2376
21.0794	15.2071
21.0794	15.1766
21.0489	15.1766
21.0184	15.1766
20.9879	15.1766
20.9574	15.1766
20.9269	15.1766
20.9422	15.1766
20.9727	15.1461
21.0032	15.1308
21.0489	15.1003
21.0794	15.0698
21.0947	15.0393
21.0947	15.0088
21.0794	14.9936
21.0337	14.9936
21.0032	14.9936
21.0032	14.9630
21.0032	14.9325
20.9879	14.8868
20.9422	14.8868
20.9117	14.8868
20.8812	14.8868
20.8506	14.8868
20.8201	14.8715
20.7896	14.8563
20.7439	14.8410
20.7134	14.8105
20.6981	14.7800
20.6676	14.7648
20.6676	14.7190
20.6981	14.7037
20.7286	14.7037
20.7744	14.7037
20.7744	14.6732
20.7439	14.6427
20.7286	14.6122
20.6981	14.5817
20.6524	14.5665
20.6219	14.5360
20.5913	14.5360
20.5608	14.5207
20.5303	14.4902
20.5303	14.4597
20.5456	14.4139
20.5761	14.3834
20.5913	14.3529
20.6066	14.3224
20.6371	14.2767
20.6066	14.2767
20.5761	14.2767
20.5456	14.2767
20.5151	14.2767
20.4846	14.2767
20.4541	14.2767
20.4236	14.2614
20.3931	14.2309
20.3626	14.1852
20.3931	14.1699
20.3931	14.1394
20.3626	14.1241
20.3320	14.1089
20.3168	14.0784
20.3168	14.0479
20.3168	14.0174
20.3320	13.9716
20.3626	13.9716
20.3931	13.9564
20.4388	13.9259
20.4388	13.8953
20.4388	13.8648
20.4388	13.8343
20.4388	13.8038
20.4541	13.7733
20.4541	13.7276
20.4236	13.6971
20.3931	13.6818
20.3626	13.6513
20.3168	13.6208
20.3168	13.5903
20.3015	13.5445
20.3015	13.5140
20.3015	13.4835
20.3320	13.4530
20.3626	13.4225
20.3778	13.3920
20.3626	13.3767
20.3320	13.3767
20.3015	13.3615
20.2710	13.3615
20.2253	13.3310
20.2253	13.2852
20.2253	13.2547
20.1948	13.2395
20.1490	13.2395
20.1185	13.2395
20.0880	13.2547
20.0728	13.2395
20.0728	13.2090
20.0728	13.1632
20.0728	13.1327
20.0270	13.1327
19.9965	13.1175
19.9660	13.1022
19.9660	13.0717
19.9660	13.0412
19.9660	12.9954
19.9660	12.9649
19.9355	12.9497
19.8897	12.9344
19.8592	12.9192
19.8287	12.9192
19.8287	12.8887
19.8287	12.8582
19.8287	12.8276
19.8287	12.7971
19.8440	12.7666
19.8440	12.7209
19.8135	12.7209
19.7829	12.7056
19.7524	12.7056
19.7219	12.7056
19.6914	12.7056
19.6457	12.7056
19.6457	12.6751
19.6457	12.6446
19.6304	12.5989
19.6152	12.5683
19.6152	12.5378
19.6152	12.5073
19.5999	12.4768
19.5847	12.4311
19.5542	12.4158
19.5236	12.3853
19.5084	12.3396
19.4779	12.3243
19.4321	12.2938
19.4169	12.2633
19.3864	12.2328
19.3559	12.2023
19.3711	12.1718
19.4016	12.1718
19.4474	12.1718
19.4779	12.1718
19.5084	12.1718
19.5389	12.1718
19.5694	12.1718
19.5999	12.1565
19.6304	12.1565
19.6762	12.1565
19.7067	12.1565
19.7372	12.1718
19.7677	12.1870
19.7982	12.1870
19.8287	12.1870
19.8745	12.1870
19.8897	12.1565
19.9202	12.1413
19.9355	12.1108
19.9355	12.0803
19.9355	12.0345
19.9660	12.0345
19.9965	12.0192
20.0422	12.0040
20.0728	11.9887
20.1033	11.9582
20.1338	11.9582
20.1795	11.9277
20.2100	11.9125
20.2405	11.8972
20.2710	11.8972
20.3168	11.9277
20.3473	11.9125
20.3473	11.8820
20.3473	11.8515
20.3473	11.8210
20.3473	11.7905
20.3473	11.7447
20.3473	11.7142
20.3778	11.6837
20.4083	11.6684
20.4388	11.6532
20.4846	11.6379
20.5151	11.6379
20.5456	11.6532
20.5761	11.6532
20.6066	11.6532
20.6524	11.6532
20.6219	11.6684
20.6066	11.6989
20.5913	11.7447
20.6066	11.7752
20.6371	11.7752
20.6676	11.7905
20.6981	11.7905
20.7286	11.7752
20.7591	11.7752
20.7591	11.7905
20.7591	11.8210
20.7896	11.8667
20.7896	11.8972
20.7896	11.9277
20.7896	11.9582
20.7896	11.9887
20.7896	12.0192
20.8049	12.0650
20.8354	12.0955
20.8659	12.1108
20.8964	12.1108
20.9269	12.1108
20.9727	12.0955
20.9574	12.1108
20.9269	12.1108
20.8964	12.1413
20.8964	12.1718
20.8964	12.2023
20.8964	12.2328
20.9269	12.2785
20.9574	12.3091
20.9879	12.3243
21.0184	12.3548
21.0642	12.3701
21.0947	12.3701
21.1099	12.4006
21.1252	12.4311
21.1099	12.4311
21.0794	12.4311
21.0489	12.4311
21.0032	12.4311
20.9727	12.4616
20.9422	12.4616
20.9117	12.4463
20.8812	12.4311
20.8506	12.4311
20.8201	12.4158
20.7896	12.4006
20.7591	12.3701
20.7439	12.3396
20.6981	12.3396
20.6676	12.3396
20.6371	12.3548
20.6219	12.3853
20.6066	12.4311
20.5761	12.4616
20.5608	12.4921
20.5608	12.5226
20.5608	12.5531
20.5303	12.5683
20.4846	12.5989
20.4846	12.6294
20.4541	12.6599
20.4388	12.6904
20.4388	12.7209
20.4388	12.7056
20.4083	12.6751
20.3778	12.6599
20.3473	12.6599
20.3168	12.6904
20.3168	12.7209
20.3168	12.7514
20.3015	12.7971
20.2710	12.8276
20.2558	12.8582
20.2558	12.8887
20.2558	12.9344
20.2253	12.9344
20.1948	12.9497
20.1795	12.9802
20.1795	13.0107
20.1795	13.0564
20.1643	13.0869
20.1643	13.1175
20.1643	13.1480
20.1795	13.1785
20.2100	13.1937
20.2405	13.2242
20.2558	13.2547
20.2863	13.3005
20.3168	13.3157
20.3473	13.3157
20.3778	13.3157
20.4236	13.3157
20.4388	13.3462
20.4541	13.3920
20.4846	13.3920
20.5151	13.3920
20.5608	13.3920
20.5608	13.4378
20.5913	13.4530
20.6371	13.4530
20.6676	13.4378
20.6981	13.4225
20.7286	13.4225
20.7286	13.4378
20.7286	13.4835
20.7744	13.4988
20.7896	13.5293
20.8201	13.5445
20.8506	13.5598
20.8964	13.5598
20.9269	13.5445
20.9422	13.5140
20.9574	13.4835
20.9727	13.4530
21.0032	13.4378
21.0184	13.4073
21.0489	13.3920
21.0794	13.3920
21.1099	13.3920
21.1405	13.3920
21.1710	13.4225
21.2015	13.4378
21.2320	13.4683
21.2777	13.4835
21.3082	13.4835
21.3387	13.4835
21.3692	13.4835
21.3997	13.4835
21.4150	13.5293
21.4455	13.5293
21.4760	13.5293
21.5065	13.5445
21.5523	13.5598
21.5828	13.5750
21.6133	13.5750
21.6438	13.5903
21.6438	13.6208
21.6743	13.6513
21.6896	13.6971
21.7201	13.6971
21.7658	13.6971
21.7963	13.6971
21.8268	13.6818
21.8573	13.6818
21.8421	13.6666
21.8268	13.6360
21.8268	13.6055
21.8268	13.5750
21.8268	13.5445
21.7963	13.5140
21.7811	13.4683
21.7811	13.4378
21.7658	13.4073
21.7811	13.4073
21.8116	13.4073
21.8421	13.3767
21.8573	13.3310
21.8421	13.3310
21.8116	13.3157
21.7811	13.2852
21.7658	13.2395
21.7506	13.2090
21.7506	13.1785
21.7658	13.1632
21.8116	13.1175
21.8116	13.0869
21.8421	13.0564
21.8726	13.0259
21.9031	13.0107
21.9183	13.0259
21.9183	13.0564
21.9183	13.0869
21.9183	13.1327
21.9183	13.1632
21.9489	13.1480
21.9946	13.1327
22.0251	13.1327
22.0556	13.1175
22.0709	13.0869
22.0709	13.0564
22.0861	13.0717
22.1014	13.1022
22.1319	13.1327
22.1319	13.1632
22.1624	13.1785
22.1929	13.1785
22.2387	13.1785
22.2692	13.1785
22.2997	13.1480
22.2997	13.1175
22.2997	13.0869
22.2997	13.0564
22.3302	13.0259
22.3607	13.0259
22.3912	13.0412
22.4217	13.0412
22.4522	13.0412
22.4980	13.0412
22.5285	13.0412
22.5437	13.0717
22.5742	13.0869
22.6047	13.0869
22.6505	13.0717
22.6505	13.0412
22.6657	13.0107
22.6810	12.9649
22.6810	12.9344
22.6810	12.9039
22.6810	12.8734
22.6657	12.8429
22.6352	12.8124
22.6200	12.7666
22.6200	12.7361
22.6200	12.7056
22.6047	12.6751
22.5742	12.6446
22.5437	12.6141
22.5285	12.5836
22.5132	12.5531
22.5285	12.5073
22.5590	12.4921
22.5895	12.4616
22.6200	12.4463
22.6505	12.4311
22.6810	12.4006
22.7115	12.4006
22.7420	12.4006
22.7878	12.4158
22.8183	12.4463
22.8488	12.4463
22.8793	12.4616
22.9098	12.4616
22.9555	12.4921
22.9860	12.5226
23.0166	12.5378
23.0166	12.5073
22.9860	12.5073
23.0013	12.4768
23.0318	12.4616
23.0471	12.4311
23.0471	12.4006
23.0623	12.4006
23.0928	12.4158
23.1233	12.4158
23.1691	12.4158
23.1996	12.4158
23.2301	12.4158
23.2606	12.4311
23.2606	12.4158
23.2606	12.3853
23.2453	12.3396
23.2606	12.3396
23.2911	12.3396
23.3216	12.3548
23.3674	12.3701
23.3979	12.3853
23.4284	12.4006
23.4589	12.4158
23.5046	12.4311
23.5351	12.4463
23.5657	12.4616
23.5962	12.4616
23.6114	12.4311
23.6114	12.4006
23.6114	12.3701
23.5962	12.3396
23.5962	12.3091
23.5962	12.2633
23.6114	12.2633
23.6419	12.2633
23.6724	12.2633
23.7029	12.2633
23.7487	12.2785
23.7792	12.2785
23.8097	12.2938
23.8402	12.3243
23.8707	12.3396
23.9012	12.3701
23.9317	12.3853
23.9622	12.3548
23.9927	12.3396
23.9927	12.3091
23.9927	12.2785
23.9622	12.2328
23.9470	12.2023
23.9470	12.1718
23.9470	12.1413
23.9165	12.1260
23.9317	12.1413
23.9622	12.1565
24.0080	12.1718
24.0385	12.1870
24.0690	12.1870
24.0995	12.2175
24.1300	12.2328
24.1758	12.2480
24.2063	12.2633
24.2368	12.2480
24.2520	12.2175
24.2673	12.1870
24.2978	12.1565
24.2825	12.1108
24.2673	12.0803
24.2368	12.0650
24.1910	12.0498
24.2215	12.0192
24.2520	12.0192
24.2825	12.0192
24.3130	12.0345
24.3435	12.0345
24.3741	12.0498
24.4198	12.0650
24.4198	12.0498
24.4198	12.0192
24.4046	11.9735
24.4198	11.9735
24.4656	11.9582
24.4961	11.9582
24.5266	11.9582
24.5571	11.9582
24.5876	11.9582
24.6181	11.9582
24.6486	11.9582
24.6944	11.9582
24.7249	11.9582
24.7554	11.9430
24.7859	11.9430
24.8164	11.9430
24.8469	11.9582
24.8927	11.9582
24.9232	11.9735
24.9537	11.9735
24.9842	11.9887
25.0147	11.9735
25.0604	11.9430
25.0909	11.9277
25.0909	11.8820
25.0757	11.8515
25.0299	11.8362
24.9994	11.8057
24.9842	11.7752
25.0147	11.7599
25.0452	11.7599
25.0757	11.7599
25.0909	11.7752
25.1367	11.7752
25.1672	11.7752
25.1977	11.7905
25.2282	11.7905
25.2587	11.8057
25.2892	11.8057
25.3350	11.8057
25.3502	11.7752
25.3655	11.7447
25.3655	11.7142
25.3807	11.6684
25.3655	11.6684
25.3350	11.6684
25.3045	11.6379
25.2740	11.6227
25.2740	11.5769
25.3045	11.5769
25.3350	11.5464
25.3655	11.5312
25.3960	11.4854
25.4418	11.5006
25.4570	11.5312
25.4875	11.5312
25.5180	11.5617
25.5638	11.5617
25.5790	11.5464
25.6095	11.5159
25.6248	11.4854
25.6400	11.4396
25.6553	11.4091
25.6858	11.3786
25.7011	11.3481
25.7468	11.3176
25.7468	11.2871
25.7468	11.2566
25.7468	11.2261
25.7773	11.2261
25.8231	11.2261
25.8536	11.2261
25.8536	11.1956
25.8536	11.1498
25.8536	11.1193
25.8383	11.0888
25.8231	11.0583
25.8231	11.0278
25.8383	10.9973
25.8688	10.9668
25.8993	10.9363
25.9146	10.8905
25.9451	10.8600
25.9756	10.8448
26.0061	10.8143
26.0214	10.7838
26.0214	10.7533
26.0214	10.7228
25.9756	10.7075
25.9451	10.6770
25.9146	10.6617
25.8841	10.6312
25.8536	10.6007
25.8231	10.5855
25.7926	10.5702
25.7468	10.5702
25.7163	10.6007
25.6858	10.6160
25.6553	10.6312
25.6095	10.6617
25.5790	10.6922
25.5638	10.7228
25.5180	10.7533
25.4875	10.7533
25.4570	10.7685
25.4265	10.7685
25.3960	10.7838
25.3655	10.7838
25.3197	10.7838
25.2892	10.7685
25.2587	10.7380
25.2282	10.7228
25.2130	10.6922
25.2130	10.6617
25.2282	10.6312
25.2435	10.6007
25.2587	10.5550
25.2587	10.5245
25.2282	10.5245
25.1977	10.4940
25.1672	10.4940
25.1367	10.4940
25.1062	10.4940
25.0757	10.4940
25.0452	10.5092
25.0299	10.5550
25.0147	10.5855
24.9842	10.6160
24.9537	10.6465
24.9232	10.6770
24.9079	10.7075
24.8927	10.7380
24.8774	10.7685
24.8469	10.7990
24.8011	10.7838
24.7706	10.7838
24.7401	10.7838
24.7249	10.8143
24.7249	10.8448
24.7096	10.8905
24.6791	10.9058
24.6486	10.9363
24.6181	10.9668
24.5876	10.9973
24.5876	11.0278
24.6028	11.0736
24.6028	11.1041
24.6028	11.1346
24.5876	11.1651
24.5571	11.1956
24.5266	11.1956
24.5266	11.1651
24.5418	11.1193
24.5418	11.0888
24.5418	11.0583
24.5418	11.0278
24.5113	11.0126
24.4808	11.0278
24.4503	11.0583
24.4503	11.0888
24.4198	11.1193
24.3893	11.1498
24.3588	11.1651
24.3435	11.1498
24.3130	11.1346
24.2825	11.1346
24.2520	11.1651
24.2520	11.2108
24.2215	11.2261
24.1910	11.2566
24.1758	11.3024
24.1453	11.3329
24.1148	11.3481
24.0843	11.3786
24.0843	11.3634
24.0843	11.3176
24.0995	11.2871
24.1148	11.2566
24.1148	11.2261
24.0843	11.2261
24.0537	11.2261
24.0232	11.2414
23.9775	11.2719
23.9622	11.3176
23.9317	11.3481
23.9012	11.3634
23.8707	11.4091
23.8555	11.4396
23.8250	11.4701
23.7944	11.4701
23.7487	11.4701
23.7487	11.4396
23.7487	11.4091
23.7639	11.3786
23.7639	11.3481
23.7487	11.3481
23.7029	11.3481
23.6724	11.3634
23.6419	11.3786
23.6267	11.4091
23.5809	11.4244
23.5657	11.4091
23.5351	11.3939
23.4894	11.3634
23.4589	11.3481
23.4284	11.3481
23.3979	11.3634
23.3826	11.3939
23.3674	11.4244
23.3521	11.4701
23.3369	11.5006
23.3064	11.5159
23.2758	11.5159
23.2453	11.4854
23.2301	11.4549
23.2148	11.4244
23.1843	11.4091
23.1691	11.4244
23.1386	11.4701
23.1233	11.5006
23.1081	11.5312
23.0928	11.5617
23.0471	11.5769
23.0318	11.6074
23.0013	11.6074
22.9708	11.5769
22.9555	11.5312
22.9555	11.5006
22.9250	11.4854
22.9098	11.5006
22.8640	11.5312
22.8335	11.5769
22.8030	11.5922
22.7725	11.6227
22.7267	11.6379
22.7267	11.6227
22.6810	11.6074
22.6505	11.6074
22.6200	11.6227
22.5895	11.6227
22.5590	11.6684
22.5132	11.6989
22.4827	11.7142
22.4522	11.6837
22.4217	11.6837
22.3759	11.6532
22.3607	11.6227
22.3302	11.6074
22.2844	11.6227
22.2539	11.6227
22.2234	11.6379
22.1929	11.6532
22.1776	11.6379
22.1624	11.5922
22.1319	11.5617
22.1014	11.5464
22.0709	11.5006
22.0404	11.4701
22.0404	11.4396
22.0404	11.4091
22.0404	11.3786
22.0404	11.3329
22.0404	11.3024
22.0404	11.2719
22.0099	11.2566
21.9641	11.2261
21.9336	11.2261
21.9031	11.2108
21.8726	11.2108
21.8421	11.2108
21.8116	11.2108
21.7963	11.1651
21.7658	11.1346
21.7658	11.1041
21.7353	11.0888
21.7048	11.0888
21.6743	11.1041
21.6438	11.1041
21.5980	11.1193
21.5980	11.1041
21.5828	11.0736
21.5523	11.0431
21.5218	11.0431
21.4760	11.0583
21.4455	11.0736
21.4150	11.1041
21.3997	11.0888
21.3692	11.0431
21.3387	11.0431
21.2930	11.0126
21.2625	10.9973
21.2320	10.9973
21.2015	10.9973
21.2015	10.9515
21.2167	10.9210
21.2320	10.8905
21.2625	10.8905
21.2930	10.8905
21.3235	10.8905
21.3540	10.8905
21.3997	10.9058
21.4303	10.9058
21.4303	10.8905
21.4303	10.8600
21.4150	10.8295
21.4150	10.7838
21.4150	10.7533
21.4455	10.7380
21.4913	10.7228
21.5218	10.7228
21.5523	10.7228
21.5828	10.7228
21.6133	10.7228
21.6438	10.7228
21.6743	10.7228
21.7201	10.7228
21.7506	10.7228
21.7811	10.7228
21.8116	10.7228
21.8421	10.7228
21.8726	10.7228
21.9031	10.7075
21.9489	10.6922
21.9641	10.6465
21.9794	10.6160
21.9946	10.5855
21.9946	10.5550
22.0404	10.5245
22.0709	10.4940
22.1014	10.4787
22.1319	10.4635
22.1471	10.4329
22.1471	10.3872
22.1471	10.3567
22.1471	10.3262
22.1624	10.2957
22.1624	10.2652
22.1624	10.2347
22.1776	10.1889
22.2081	10.1584
22.2234	10.1279
22.2234	10.0974
22.2234	10.0669
22.2234	10.0211
22.2387	9.9906
22.2539	9.9601
22.2692	9.9296
22.2692	9.8991
22.2692	9.8686
22.2692	9.8228
22.2387	9.8076
22.2081	9.8076
22.2234	9.7771
22.2234	9.7313
22.2692	9.7161
22.2997	9.6856
22.3149	9.6551
22.3149	9.6245
22.3302	9.5940
22.3454	9.5635
22.3454	9.5178
22.3759	9.4873
22.3759	9.4568
22.3912	9.4263
22.3912	9.3958
22.4064	9.3653
22.4217	9.3195
22.4369	9.2890
22.4369	9.2585
22.4369	9.2280
22.4522	9.1975
22.4674	9.1517
22.4674	9.1212
22.4674	9.0907
22.4674	9.0602
22.4522	9.0297
22.4064	9.0144
22.3759	9.0144
22.4064	8.9839
22.4217	8.9534
22.4522	8.9382
22.4827	8.9229
22.5132	8.8924
22.5285	8.8467
22.5437	8.8161
22.5742	8.7856
22.5742	8.7551
22.6047	8.7246
22.6200	8.6789
22.6200	8.6484
22.6200	8.6179
22.6200	8.5874
22.6505	8.5721
22.6810	8.5416
22.7115	8.5111
22.7420	8.4958
22.7573	8.4653
22.7878	8.4348
22.7878	8.3891
22.7573	8.3738
22.7420	8.3433
22.7115	8.3281
22.6810	8.3281
22.6657	8.2976
22.6352	8.2670
22.6200	8.2365
22.6352	8.2213
22.6657	8.1908
22.6352	8.1603
22.6047	8.1603
22.5742	8.1450
22.5742	8.1145
22.5895	8.0840
22.6200	8.0535
22.6505	8.0383
22.6810	7.9925
22.6962	7.9620
22.7115	7.9315
22.6962	7.9315
22.6505	7.9315
22.6200	7.9315
22.5895	7.9315
22.5590	7.9010
22.5437	7.8705
22.5590	7.8552
22.5742	7.8247
22.5895	7.7790
22.6200	7.7637
22.6505	7.7484
22.6810	7.7332
22.7115	7.7027
22.6962	7.6722
22.6657	7.6569
22.6352	7.6417
22.6047	7.6264
22.6200	7.6264
22.6352	7.5959
22.6352	7.5654
22.6200	7.5502
22.5742	7.5349
22.5437	7.5197
22.5132	7.5197
22.4827	7.5044
22.4827	7.4739
22.4827	7.4434
22.4827	7.3976
22.4827	7.3671
22.4827	7.3366
22.4827	7.3061
22.4674	7.2909
22.4369	7.2909
22.4522	7.2756
