31.6027	11.3268
31.5435	11.3564
31.5435	11.4156
31.4843	11.4748
31.4547	11.5340
31.4547	11.5932
31.4547	11.6820
31.4547	11.7412
31.4547	11.8004
31.4251	11.8596
31.3659	11.9188
31.3659	11.9780
31.3659	12.0372
31.4251	12.0964
31.4547	12.1556
31.4251	12.1852
31.3955	12.2444
31.3955	12.3332
31.3659	12.3924
31.3659	12.4516
31.3659	12.5108
31.3363	12.4812
31.2771	12.4220
31.2179	12.4220
31.1587	12.4220
31.0995	12.3332
31.0403	12.3332
30.9811	12.3332
30.8923	12.3036
30.8331	12.3036
30.8331	12.3924
30.8035	12.4516
30.7443	12.5108
30.7147	12.5700
30.7147	12.6588
30.7739	12.6588
30.8627	12.7180
30.9219	12.7476
30.9811	12.7772
31.0403	12.8364
31.1291	12.8364
31.1883	12.8364
31.1883	12.8956
31.1291	12.9844
31.1883	12.9844
31.2475	12.9844
31.3067	13.0140
31.3659	13.0732
31.3659	13.1324
31.3659	13.1916
31.4547	13.1916
31.5139	13.1916
31.5139	13.2508
31.4843	13.2508
31.4251	13.2508
31.3955	13.3100
31.3955	13.3692
31.4251	13.3988
31.5139	13.4284
31.4547	13.4284
31.3955	13.3692
31.3363	13.3692
31.3067	13.3988
31.3067	13.4876
31.3363	13.5468
31.3955	13.5764
31.4547	13.6652
31.4547	13.7244
31.4547	13.7836
31.3955	13.7540
31.3067	13.7540
31.2475	13.6948
31.2179	13.7540
31.2179	13.8132
31.2475	13.8724
31.3067	13.9020
31.3659	13.9908
31.3067	14.0204
31.2771	14.0796
31.2771	14.1684
31.2179	14.1092
31.1587	14.0796
31.0995	14.0796
31.0995	14.1388
31.0995	14.1980
31.1291	14.2572
31.1883	14.3164
31.2475	14.3756
31.2771	14.4348
31.2475	14.4644
31.1883	14.4644
31.1587	14.5236
31.1587	14.5828
31.1587	14.6420
31.1587	14.7308
31.1291	14.7900
31.0699	14.7900
31.0403	14.7308
31.0403	14.6716
30.9811	14.6716
30.9515	14.7308
30.9219	14.8196
30.9515	14.8788
30.8923	14.9084
30.8331	14.9084
30.8035	14.8492
30.7443	14.7604
30.6851	14.7900
30.6851	14.8492
30.6555	14.9084
30.6555	14.9676
30.6259	14.9676
30.5667	14.9380
30.4779	14.9380
30.4187	14.9676
30.3891	15.0268
30.3891	15.0860
30.3891	15.1452
30.3595	15.1748
30.3299	15.1452
30.2707	15.1156
30.2115	15.1156
30.2115	15.1748
30.2115	15.2340
30.2115	15.2932
30.2115	15.3524
30.1523	15.3524
30.0931	15.3524
30.0635	15.3228
30.0043	15.3228
29.9451	15.3228
29.8859	15.3820
29.8859	15.4412
29.8267	15.5300
29.7675	15.5596
29.7083	15.6188
29.6491	15.6188
29.5603	15.6188
29.5011	15.6484
29.5011	15.6188
29.4715	15.5596
29.4715	15.5004
29.5011	15.4412
29.5307	15.3820
29.5011	15.3820
29.4123	15.3820
29.3531	15.3228
29.3531	15.2636
29.3531	15.2044
29.4123	15.1748
29.4715	15.1156
29.5011	15.0564
29.4715	14.9972
29.4419	14.9380
29.4419	14.8788
29.4419	14.8196
29.4715	14.7604
29.5011	14.6716
29.5011	14.6124
29.4715	14.6124
29.4123	14.6124
29.3531	14.6420
29.3531	14.6124
29.3531	14.5236
29.3531	14.4644
29.2939	14.4348
29.2643	14.3460
29.1755	14.3460
29.1163	14.3460
29.0571	14.2868
29.0275	14.2276
28.9979	14.1684
28.9979	14.1092
28.9979	14.0204
28.9387	14.0204
28.8795	14.0500
28.8499	14.0204
28.8499	13.9612
28.8795	13.8724
28.8795	13.8132
28.9091	13.7540
28.8499	13.7244
28.7907	13.6948
28.7611	13.6356
28.7611	13.5468
28.7907	13.4876
28.8203	13.4284
28.7907	13.3988
28.7315	13.3988
28.6723	13.3988
28.6131	13.3988
28.5835	13.3692
28.5835	13.3100
28.5835	13.2212
28.6131	13.1620
28.5835	13.1324
28.5243	13.1620
28.4355	13.1916
28.3763	13.2212
28.4059	13.1916
28.4355	13.1324
28.4651	13.0732
28.4947	12.9844
28.5243	12.9252
28.4947	12.9252
28.4355	12.9252
28.3763	12.9252
28.3171	12.9548
28.2875	12.8956
28.2875	12.8364
28.2875	12.7772
28.2875	12.7180
28.2283	12.6884
28.1691	12.6588
28.1099	12.6292
28.1099	12.5700
28.1099	12.5108
28.0803	12.4220
28.0211	12.4220
28.0211	12.3628
27.9915	12.3036
27.9915	12.2444
27.9323	12.1852
27.8731	12.1556
27.8435	12.0964
27.7843	12.0372
27.7251	11.9780
27.6955	11.9188
27.6363	11.8596
27.5475	11.8300
27.4883	11.7708
27.4587	11.6820
27.3699	11.6524
27.3107	11.6228
27.2515	11.6228
27.1923	11.6820
27.1331	11.7412
27.1035	11.8004
27.1035	11.8596
27.1627	11.8892
27.1627	11.9780
27.1923	12.0372
27.1627	12.0668
27.1331	12.1260
27.1627	12.1556
27.2515	12.2148
27.2811	12.2740
27.3403	12.3332
27.3403	12.3924
27.3403	12.4812
27.3403	12.5404
27.3403	12.5996
27.4291	12.5996
27.4883	12.5996
27.4883	12.6588
27.4883	12.7180
27.4883	12.7772
27.4883	12.8660
27.4883	12.9252
27.5475	12.9844
27.5771	13.0436
27.6363	13.1324
27.6659	13.1916
27.6955	13.2508
27.7547	13.3100
27.8139	13.3692
27.8435	13.4284
27.8435	13.4876
27.8139	13.5172
27.7547	13.4876
27.6955	13.4876
27.6363	13.4876
27.5475	13.4876
27.4883	13.4876
27.4291	13.5172
27.3995	13.5764
27.3995	13.6356
27.4291	13.6948
27.4587	13.7836
27.5179	13.8132
27.5771	13.8132
27.6363	13.8132
27.6955	13.8132
27.7547	13.8132
27.8435	13.8132
27.9027	13.8132
27.9323	13.8428
27.9619	13.9020
27.9323	13.9020
27.9323	13.9612
27.9619	13.9908
28.0211	14.0204
28.0803	14.0204
28.1395	14.1092
28.1987	14.1092
28.1987	14.1980
28.1987	14.2572
28.1691	14.3164
28.1691	14.3756
28.1099	14.4052
28.0211	14.4348
27.9619	14.4348
27.9619	14.5236
27.9915	14.5828
28.0507	14.6420
28.1099	14.7012
28.1987	14.7308
28.1987	14.7900
28.1987	14.8492
28.1987	14.9380
28.1987	14.9972
28.1691	15.0268
28.1099	15.0860
28.0507	15.0268
28.0507	14.9676
27.9915	15.0268
27.9619	15.0860
27.9027	15.0860
27.8731	15.0268
27.8435	14.9676
27.7843	14.9380
27.7843	14.9676
27.7251	15.0268
27.6659	15.0268
27.6363	14.9676
27.5771	14.9380
27.5179	14.9380
27.4587	15.0268
27.4587	15.0860
27.3995	15.0860
27.3403	15.0268
27.2811	14.9972
27.1923	14.9676
27.1923	14.9972
27.1331	14.9972
27.0443	14.9972
26.9851	14.9972
26.9555	15.0564
26.8667	15.0564
26.8075	15.0268
26.7779	15.0564
26.7779	15.1156
26.7779	15.1748
26.7483	15.2340
26.7483	15.3228
26.7779	15.3820
26.8371	15.4412
26.8963	15.4708
26.9555	15.4708
27.0147	15.5004
27.0739	15.5004
27.1627	15.5004
27.2219	15.5004
27.2811	15.5004
27.3403	15.4708
27.3995	15.4708
27.4291	15.5004
27.4291	15.5596
27.4291	15.6484
27.4883	15.6188
27.5475	15.5892
27.6067	15.5596
27.6659	15.5596
27.7251	15.5596
27.7547	15.6188
27.7547	15.6780
27.8139	15.6780
27.8731	15.6484
27.9619	15.6188
28.0211	15.6188
28.0211	15.7076
28.0803	15.7372
28.1395	15.7372
28.2283	15.7076
28.2875	15.6780
28.3467	15.6780
28.3467	15.7076
28.3763	15.7668
28.4355	15.8260
28.4947	15.8260
28.4651	15.7964
28.4651	15.8260
28.4651	15.8852
28.4651	15.9444
28.4651	16.0036
28.4947	16.0924
28.5243	16.1516
28.5539	16.2108
28.5539	16.2700
28.5539	16.3292
28.5539	16.3884
28.5835	16.4772
28.5539	16.4772
28.4947	16.5068
28.4947	16.5660
28.4947	16.6252
28.4947	16.7140
28.4355	16.7140
28.3763	16.6844
28.3171	16.6844
28.2579	16.6844
28.1691	16.7140
28.1099	16.7436
28.0507	16.8028
27.9915	16.8620
27.9323	16.8620
27.8731	16.8324
27.8139	16.8324
27.7547	16.7436
27.6955	16.7436
27.6363	16.7140
27.6067	16.6548
27.6067	16.5956
27.5771	16.5068
27.5179	16.4772
27.4291	16.4772
27.3699	16.4772
27.3107	16.4772
27.2811	16.4180
27.2219	16.3588
27.1627	16.3292
27.1035	16.2996
27.0443	16.2996
26.9555	16.2404
26.9555	16.1812
26.8963	16.1220
26.8667	16.0628
26.8371	15.9740
26.8075	15.9148
26.7483	15.9148
26.7187	15.9444
26.6891	15.9148
26.6891	15.8556
26.6299	15.7964
26.6003	15.7372
26.5707	15.6484
26.5411	15.5892
26.5411	15.5300
26.4523	15.5300
26.4227	15.6188
26.3635	15.6188
26.3635	15.5892
26.3339	15.5300
26.3339	15.4708
26.3339	15.4116
26.3043	15.3524
26.2747	15.3820
26.1859	15.4412
26.1267	15.4708
26.0971	15.4412
26.0083	15.3820
25.9787	15.3228
25.9195	15.2340
25.9195	15.1748
25.8899	15.1156
25.8899	15.0564
25.8899	14.9972
25.8307	14.9676
25.7715	14.9676
25.7123	15.0268
25.6531	14.9972
25.6531	14.9380
25.6531	14.8492
25.5939	14.8196
25.5643	14.8492
25.4755	14.8788
25.4163	14.8788
25.3571	14.8788
25.3275	14.8196
25.2683	14.7900
25.2387	14.7012
25.2387	14.6420
25.1795	14.5828
25.1203	14.5236
25.1203	14.4348
25.1203	14.3756
25.1203	14.3164
25.1203	14.2572
25.1203	14.1980
25.1499	14.1388
25.1795	14.0500
25.2091	13.9908
25.1499	13.9612
25.0907	13.9612
25.0315	13.9316
24.9723	13.9020
24.9131	13.9020
24.8243	13.9020
24.8243	13.9316
24.8243	13.9020
24.8539	13.8428
24.8835	13.7836
24.8835	13.7244
24.8835	13.6652
24.8243	13.6356
24.7651	13.6356
24.7059	13.6060
24.6467	13.6060
24.6171	13.5468
24.6171	13.4876
24.5875	13.4284
24.5579	13.3396
24.5579	13.2804
24.5283	13.2212
24.4396	13.2212
24.3804	13.2212
24.3212	13.2508
24.2916	13.3100
24.2916	13.3988
24.3212	13.4580
24.3212	13.5172
24.2620	13.5468
24.2028	13.5468
24.1436	13.5468
24.1436	13.6356
24.1732	13.6948
24.2324	13.7540
24.2028	13.8132
24.1140	13.8132
24.0548	13.8132
23.9956	13.8428
23.9364	13.8724
23.9068	13.8428
23.8772	13.7540
23.7884	13.7244
23.7884	13.6652
23.7884	13.5764
23.7884	13.5172
23.7884	13.4580
23.7588	13.4580
23.6996	13.4876
23.6700	13.5468
23.6700	13.6060
23.6108	13.6356
23.5516	13.6356
23.4924	13.6356
23.4036	13.6356
23.3444	13.6060
23.3148	13.5468
23.2260	13.5172
23.1668	13.4876
23.1372	13.4284
23.0484	13.3396
22.9892	13.3100
22.9300	13.3100
22.8708	13.3396
22.8116	13.3988
22.8116	13.4580
22.8412	13.5468
22.9004	13.5764
22.9596	13.6356
22.9892	13.7244
22.9892	13.7836
22.9892	13.8428
22.9596	13.9020
22.9004	13.9908
22.9004	14.0500
22.8412	14.1092
22.8116	14.1684
22.8116	14.2276
22.8116	14.2868
22.8708	14.3460
22.9300	14.3756
22.9892	14.3756
23.0484	14.4644
23.0780	14.5236
23.0780	14.5828
23.1372	14.6420
23.1964	14.6716
23.2556	14.6716
23.3148	14.6716
23.3740	14.6716
23.4628	14.6716
23.4924	14.7308
23.4628	14.7604
23.4036	14.8196
23.4036	14.8788
23.4332	14.8788
23.4924	14.8788
23.5516	14.8788
23.5516	14.9380
23.5220	14.9972
23.4924	15.0564
23.4628	15.1452
23.4036	15.2044
23.3740	15.2636
23.3444	15.3228
23.3444	15.4116
23.4332	15.4116
23.4924	15.4116
23.5516	15.3524
23.6108	15.3524
23.6404	15.2636
23.6996	15.2636
23.7588	15.2636
23.7884	15.2340
23.7884	15.1748
23.7884	15.1156
23.8180	15.0564
23.9068	15.0268
23.9660	14.9972
24.0252	14.9676
24.0548	14.9972
24.0252	15.0564
23.9660	15.1156
23.9660	15.1748
23.9956	15.2044
24.0844	15.2044
24.1436	15.1748
24.2028	15.1452
24.2620	15.1452
24.2324	15.1452
24.2324	15.2340
24.2028	15.2932
24.1732	15.3524
24.1732	15.4116
24.1732	15.4708
24.2324	15.5004
24.2916	15.5004
24.3804	15.5004
24.4396	15.4412
24.4988	15.4116
24.5579	15.4116
24.5579	15.4412
24.5579	15.5004
24.5579	15.5596
24.5579	15.6188
24.6171	15.6484
24.6763	15.6484
24.7355	15.6484
24.7947	15.6484
24.8835	15.6484
24.9427	15.6484
25.0019	15.6484
25.0315	15.7076
25.0315	15.7668
25.0315	15.8556
25.0019	15.8260
24.9427	15.8260
24.9131	15.8852
24.9131	15.9444
24.9723	15.9444
25.0315	15.9444
25.0315	16.0036
25.0315	16.0628
25.0907	16.0924
25.1203	16.0628
25.1795	16.0332
25.1795	16.0628
25.1795	16.1220
25.2091	16.1220
25.2683	16.1220
25.3571	16.1516
25.4163	16.1812
25.4459	16.2404
25.4459	16.3292
25.5051	16.3292
25.5939	16.3292
25.6531	16.3292
25.7123	16.3292
25.7123	16.3588
25.7123	16.4180
25.6531	16.4772
25.5939	16.4772
25.6235	16.5364
25.6827	16.5364
25.7419	16.5364
25.8011	16.5660
25.8899	16.5956
25.9491	16.6548
25.9787	16.7436
25.9787	16.8028
25.9787	16.8620
26.0379	16.8916
26.0971	16.8916
26.1563	16.8916
26.1563	16.9804
26.1267	17.0396
26.1267	17.0988
26.1859	17.1284
26.2451	17.1284
26.3043	17.1284
26.3931	17.1284
26.4523	17.1580
26.5115	17.2172
26.5411	17.2764
26.6003	17.3356
26.6003	17.3948
26.6595	17.4836
26.7187	17.4836
26.8075	17.4836
26.8667	17.5428
26.9259	17.6020
26.9851	17.6612
27.0443	17.7204
27.1035	17.7500
27.1627	17.7796
27.2219	17.8388
27.2515	17.9276
27.3107	17.9868
27.3403	18.0460
27.4291	18.1052
27.4883	18.1348
27.5475	18.1940
27.6067	18.2236
27.6659	18.2532
27.7251	18.3124
27.7547	18.3716
27.8139	18.4604
27.8435	18.5196
27.8731	18.5788
27.8731	18.5492
27.8139	18.4900
27.7547	18.4604
27.6955	18.4308
27.6363	18.4012
27.5475	18.4012
27.5475	18.4604
27.6067	18.5196
27.6659	18.6084
27.6955	18.6676
27.7843	18.7268
27.7843	18.7860
27.7547	18.7860
27.6955	18.8748
27.6363	18.8748
27.5475	18.9340
27.4883	18.9636
27.4291	18.9636
27.3699	18.9340
27.3107	18.9044
27.2219	18.9044
27.1627	18.9044
27.1035	18.8748
27.0443	18.8748
26.9851	18.8748
26.9259	18.8748
26.8371	18.8748
26.7779	18.8452
26.7187	18.8452
26.6595	18.7564
26.6003	18.7564
26.5115	18.7564
26.4523	18.7564
26.3931	18.7564
26.3635	18.7860
26.3043	18.8748
26.2451	18.8748
26.1859	18.8452
26.1267	18.8156
26.0675	18.7860
26.0083	18.7860
25.9491	18.7860
25.8603	18.7860
25.8011	18.7860
25.7419	18.7860
25.6827	18.8156
25.6235	18.8156
25.5939	18.7564
25.5347	18.6676
25.5051	18.6084
25.4459	18.5788
25.3867	18.5788
25.3571	18.6084
25.3867	18.6084
25.3867	18.6676
25.3275	18.6676
25.2683	18.6676
25.2091	18.6972
25.1499	18.6972
25.0611	18.6972
25.0019	18.6380
24.9427	18.6084
24.8835	18.5492
24.7947	18.5492
24.7355	18.5196
24.6763	18.5196
24.6171	18.5196
24.5579	18.5196
24.4988	18.5196
24.4100	18.4900
24.3508	18.4604
24.2916	18.4308
24.2324	18.4012
24.1732	18.4012
24.0844	18.4012
24.0252	18.4012
23.9956	18.3716
23.9364	18.3124
23.8772	18.2532
23.8180	18.2236
23.7588	18.2532
23.7292	18.3124
23.6996	18.3716
23.6404	18.4012
23.5812	18.4012
23.4924	18.4012
23.4332	18.4012
23.4332	18.3420
23.4332	18.2828
23.4332	18.2236
23.4036	18.1644
23.4036	18.0756
23.3740	18.0164
23.3444	17.9572
23.3444	17.8980
23.2556	17.8980
23.2556	17.9572
23.1964	17.9572
23.1964	17.8980
23.2556	17.8388
23.2852	17.7796
23.3148	17.7204
23.3148	17.6612
23.2556	17.6316
23.1964	17.6316
23.1076	17.6612
23.0780	17.6316
23.0780	17.5724
23.0780	17.4836
23.0780	17.4244
23.0780	17.3652
23.1372	17.3060
23.1372	17.2468
23.0780	17.1876
23.0188	17.1876
22.9300	17.2172
22.9300	17.1876
22.9300	17.0988
22.9004	17.0396
22.8412	17.0100
22.8412	16.9508
22.8116	16.8620
22.7524	16.8620
22.6932	16.8916
22.6932	16.8620
22.6932	16.7732
22.6932	16.7140
22.6932	16.6548
22.6636	16.5956
22.6044	16.5660
22.5452	16.5660
22.4564	16.5956
22.3972	16.5956
22.3380	16.5364
22.2788	16.5068
22.1900	16.4476
22.1308	16.4180
22.0716	16.4180
22.0420	16.5068
22.0124	16.5660
21.9532	16.5956
21.9828	16.6548
22.0716	16.6548
22.1308	16.6844
22.1604	16.7436
22.1308	16.8028
22.1012	16.8620
22.1308	16.8916
22.2196	16.9212
22.2788	16.9212
22.2492	16.9804
22.1900	17.0396
22.2196	17.0692
22.3084	17.0988
22.3676	17.0988
22.3676	17.1876
22.3380	17.2468
22.3676	17.2764
22.4564	17.2764
22.5156	17.3060
22.5156	17.3652
22.4860	17.3652
22.4268	17.4244
22.4564	17.4836
22.5452	17.5428
22.5452	17.6020
22.5452	17.6908
22.4860	17.7204
22.4860	17.7796
22.5452	17.8092
22.6340	17.8684
22.6636	17.9276
22.7228	17.9868
22.7228	18.0460
22.7228	18.1052
22.8116	18.1940
22.8412	18.2532
22.9004	18.3124
22.8708	18.3124
22.7820	18.3124
22.7228	18.2532
22.6636	18.2532
22.6044	18.2236
22.6044	18.2532
22.5156	18.2828
22.4564	18.2828
22.3972	18.2828
22.3380	18.2532
22.2788	18.2828
22.2196	18.2828
22.1308	18.2828
22.0716	18.2828
22.0124	18.2828
21.9532	18.2236
21.8940	18.1348
21.8644	18.0756
21.8052	18.0460
21.7756	18.1052
21.7164	18.1052
21.6276	18.1052
21.5684	18.0756
21.5388	18.1052
21.5388	18.1940
21.5388	18.2532
21.4500	18.2532
21.3908	18.1940
21.3612	18.1348
21.3020	18.1348
21.3020	18.0756
21.3020	18.0164
21.2428	17.9572
21.1836	17.9276
21.1244	17.9276
21.0652	17.9276
20.9764	17.8980
20.9172	17.8684
20.8580	17.8092
20.7988	17.8388
20.7396	17.8684
20.7100	17.9276
20.7100	18.0164
20.7100	18.0756
20.7100	18.1348
20.6804	18.1052
20.6212	18.0756
20.5620	18.0460
20.4732	18.0460
20.4436	18.1052
20.4436	18.1644
20.4436	18.2236
20.5324	18.2532
20.5916	18.2828
20.6212	18.3420
20.6212	18.4012
20.5916	18.4012
20.5324	18.4012
20.4732	18.3716
20.3844	18.3124
20.3252	18.3124
20.3252	18.3716
20.2956	18.4308
20.2364	18.4900
20.2660	18.5788
20.2956	18.6380
20.2956	18.6084
20.2660	18.5788
20.2068	18.5492
20.1476	18.5492
20.0884	18.5492
19.9996	18.5492
19.9996	18.5788
19.9996	18.6676
20.0292	18.7268
19.9996	18.7564
19.9404	18.7564
19.8516	18.7564
19.7924	18.7564
19.7332	18.7268
19.7332	18.7564
19.7332	18.8452
19.7036	18.8452
19.6148	18.8452
19.5556	18.8452
19.5556	18.9044
19.5852	18.9636
19.6444	18.9932
19.7036	18.9932
19.7628	19.0820
19.7332	19.1412
19.7036	19.2004
19.7036	19.2596
19.7628	19.3188
19.8220	19.3188
19.8812	19.3188
19.9404	19.2892
19.9700	19.2300
20.0292	19.2300
20.0588	19.2596
20.1476	19.3188
20.2068	19.3188
20.2364	19.2596
20.2660	19.2004
20.3252	19.1412
20.4140	19.1412
20.4436	19.1708
20.4732	19.2596
20.5324	19.2596
20.5620	19.2004
20.5916	19.1412
20.6508	19.1412
20.7100	19.1708
20.7692	19.1708
20.8284	19.1708
20.8580	19.1412
20.9172	19.1412
20.9764	19.1708
21.0356	19.1708
21.0652	19.1116
21.0652	19.0524
21.1244	19.0524
21.1244	19.0820
21.1540	19.1708
21.1836	19.2300
21.2132	19.2892
21.2724	19.3484
21.2724	19.4076
21.2132	19.4668
21.2132	19.5260
21.2132	19.6148
21.2132	19.6740
21.2724	19.6740
21.3316	19.6740
21.4204	19.6740
21.4796	19.6740
21.5388	19.6444
21.5388	19.5852
21.5388	19.5260
21.5388	19.4668
21.5980	19.4668
21.6572	19.4372
21.6572	19.3780
21.5980	19.3188
21.5684	19.2596
21.5684	19.2004
21.5684	19.1412
21.6276	19.1116
21.6868	19.1412
21.7460	19.2004
21.7756	19.2596
21.8348	19.2892
21.8940	19.2596
21.8940	19.2004
21.9532	19.1412
22.0124	19.1116
22.0716	19.1116
22.1308	19.1412
22.2196	19.1412
22.2788	19.1708
22.3380	19.2004
22.3972	19.2004
22.4860	19.1708
22.5452	19.1708
22.5452	19.2004
22.5748	19.2892
22.6340	19.3188
22.7228	19.2892
22.7820	19.2596
22.8116	19.2004
22.8412	19.2300
22.8412	19.2892
22.8412	19.3484
22.9004	19.3484
22.9300	19.2892
22.9892	19.2300
23.0780	19.2004
23.1076	19.2596
23.1372	19.3188
23.1372	19.3780
23.1964	19.4076
23.2556	19.3780
23.3444	19.3484
23.3740	19.2892
23.4332	19.2300
23.4924	19.2596
23.4924	19.3188
23.5220	19.4076
23.5516	19.4668
23.6108	19.4668
23.6700	19.4372
23.7292	19.4372
23.7884	19.4668
23.7884	19.5260
23.7884	19.5852
23.8180	19.6444
23.8772	19.7036
23.9068	19.7628
23.9364	19.8220
23.9956	19.9108
24.0548	19.9404
24.1140	19.9700
24.1732	19.9996
24.2620	20.0588
24.3212	20.0884
24.3508	20.1772
24.3508	20.2364
24.2916	20.2364
24.2324	20.2364
24.1436	20.2364
24.0844	20.2068
24.0252	20.1772
23.9660	20.1772
23.9068	20.2068
23.8180	20.2364
23.7588	20.2956
23.7292	20.3548
23.7292	20.4140
23.7884	20.5028
23.7884	20.5620
23.7884	20.5324
23.7292	20.5324
23.6404	20.5324
23.5812	20.5324
23.5220	20.5324
23.4924	20.4436
23.4332	20.4140
23.4036	20.4436
23.3740	20.5028
23.3444	20.5916
23.3148	20.6508
23.3148	20.7100
23.3740	20.7692
23.3148	20.8284
23.2556	20.8284
23.1964	20.7692
23.1372	20.7692
23.0484	20.7396
22.9892	20.7396
22.9892	20.7988
22.9892	20.8580
22.9300	20.9172
22.9004	21.0060
22.8412	21.0060
22.8412	21.0652
22.8708	21.1244
22.9596	21.1836
22.9596	21.2428
22.9300	21.2428
22.8708	21.2428
22.8116	21.2724
22.7524	21.3020
22.6932	21.3020
22.6044	21.3316
22.6044	21.4204
22.6044	21.4796
22.5748	21.5388
22.5452	21.5980
22.5452	21.6572
22.5452	21.7164
22.5452	21.8052
22.5452	21.8644
22.5452	21.9236
22.5452	21.9828
22.5452	22.0420
22.5452	22.1012
22.5452	22.1604
22.5452	22.2492
22.5748	22.2492
22.6340	22.2492
22.7228	22.2492
22.7820	22.2492
22.8412	22.2492
22.9004	22.2492
22.9596	22.2492
23.0188	22.2196
23.1076	22.1900
23.1668	22.1604
23.2260	22.1308
23.2852	22.1012
23.3740	22.0420
23.4332	22.0124
23.4628	21.9236
23.5220	21.8940
23.5812	21.8348
23.6108	21.7460
23.6996	21.7460
23.7588	21.7756
23.8180	21.8052
23.8772	21.8052
23.9660	21.7460
23.9660	21.6868
23.9660	21.6276
23.9660	21.5684
23.9364	21.5092
23.9660	21.5092
24.0252	21.5092
24.1140	21.5388
24.1732	21.5684
24.2324	21.6276
24.2916	21.6572
24.3508	21.6572
24.4396	21.6572
24.4988	21.5980
24.5579	21.5684
24.6171	21.5092
24.6467	21.4204
24.7059	21.3908
24.7651	21.3908
24.8539	21.3316
24.8835	21.2724
24.9427	21.2724
25.0315	21.3020
25.0907	21.3020
25.1499	21.3020
25.2091	21.2724
25.2683	21.2132
25.3275	21.1540
25.3867	21.0948
25.4459	21.0948
25.5051	21.1540
25.5347	21.1244
25.5939	21.0652
25.6531	21.0356
25.7123	21.0356
25.7715	21.0356
25.8603	21.0356
25.9195	21.0356
25.9787	21.0356
26.0379	21.0060
26.0971	21.0356
26.1267	21.1244
26.1859	21.1540
26.2747	21.1836
26.3339	21.2132
26.3339	21.3020
26.3339	21.3612
26.3339	21.4204
26.3635	21.4796
26.4523	21.5388
26.4819	21.5980
26.5411	21.6572
26.6003	21.7164
26.5707	21.7164
26.4819	21.7460
26.4227	21.8052
26.3635	21.8644
26.3043	21.8940
26.2451	21.9828
26.2155	22.0420
26.1859	22.1012
26.1563	22.1604
26.1267	22.2492
26.0971	22.3084
26.0379	22.3676
26.0083	22.4268
25.9787	22.4860
25.9195	22.4860
25.8603	22.4268
25.8011	22.4268
25.7123	22.4268
25.6827	22.4860
25.6235	22.5748
25.6235	22.6340
25.5939	22.6932
25.5939	22.7524
25.5643	22.8116
25.5051	22.8116
25.4459	22.8116
25.3867	22.8708
25.3571	22.9300
25.3275	22.9892
25.3275	23.0780
25.3275	23.1372
25.2683	23.1372
25.2091	23.1372
25.1499	23.1372
25.1203	23.1964
25.1203	23.2556
25.2091	23.3148
25.2683	23.3148
25.2979	23.4036
25.2979	23.4628
25.2979	23.5220
25.2979	23.5812
25.2387	23.6404
25.1795	23.6700
25.1203	23.7292
25.0611	23.7588
24.9723	23.7884
24.9131	23.8180
24.8539	23.8180
24.7947	23.8180
24.7651	23.7588
24.7059	23.7588
24.6467	23.7588
24.6467	23.8180
24.6467	23.8772
24.6467	23.9660
24.5579	23.9660
24.4988	23.9364
24.4396	23.9068
24.3804	23.9364
24.3804	23.9956
24.3804	24.0548
24.3212	24.0548
24.2324	24.0548
24.2028	24.1140
24.2324	24.2028
24.2620	24.2620
24.2324	24.2916
24.1732	24.3212
24.0844	24.3508
24.0252	24.3508
23.9956	24.3212
23.9364	24.3212
23.8476	24.3804
23.7884	24.3804
23.7588	24.3508
23.7884	24.2916
23.8180	24.2324
23.8772	24.1436
23.8476	24.1140
23.7588	24.1140
23.6996	24.1732
23.6404	24.1732
23.6404	24.1436
23.6404	24.0844
23.5812	24.0252
23.5220	24.0548
23.4924	23.9956
23.4628	23.9364
23.4332	23.8772
23.4332	23.8180
23.4036	23.7588
23.4332	23.6996
23.4924	23.6404
23.5516	23.5812
23.6108	23.5812
23.6700	23.5516
23.6996	23.4924
23.6700	23.4332
23.6700	23.3740
23.6996	23.3740
23.7588	23.3740
23.8180	23.3444
23.8180	23.2556
23.9068	23.2260
23.9068	23.1668
23.8476	23.1076
23.8772	23.0188
23.9068	22.9596
23.9364	22.9004
23.9956	22.8412
24.0252	22.7524
23.9956	22.7228
23.9364	22.6636
23.8476	22.6636
23.7884	22.6636
23.7884	22.7228
23.7884	22.7820
23.7588	22.8708
23.7292	22.9300
23.6996	22.9892
23.6700	23.0484
23.6108	23.0484
23.5516	23.0188
23.5220	23.0484
23.5220	23.1076
23.5220	23.1668
23.5220	23.2556
23.5220	23.3148
23.4924	23.3740
23.4332	23.4036
23.3444	23.4036
23.2852	23.4628
23.2556	23.5220
23.2260	23.5812
23.1964	23.5516
23.1964	23.4924
23.1964	23.4332
23.1372	23.4036
23.1076	23.4332
23.0188	23.4924
22.9596	23.4924
22.9300	23.4628
22.9300	23.4036
22.9300	23.3148
22.9300	23.2556
22.9300	23.1964
22.9300	23.1372
22.9596	23.0780
22.9300	23.0780
22.8708	23.0780
22.7820	23.0780
22.7228	23.1372
22.7228	23.1076
22.7524	23.0188
22.7228	22.9596
22.6636	22.9300
22.6044	22.9300
22.5452	22.9300
22.4564	22.9596
22.3972	22.9892
22.3972	22.9596
22.3972	22.9004
22.4268	22.8412
22.3676	22.7820
22.3084	22.7820
22.2492	22.7820
22.1900	22.8412
22.1308	22.8412
22.0420	22.8116
21.9828	22.8116
21.9236	22.8116
21.8644	22.8116
21.8052	22.8708
21.8052	22.9300
21.8052	22.9892
21.8052	23.0484
21.8052	23.1372
21.8052	23.1964
21.8348	23.2556
21.8644	23.3148
21.9532	23.3740
21.9828	23.4332
22.0420	23.4628
22.1308	23.5220
22.1900	23.5220
22.2492	23.5516
22.2196	23.6108
22.1308	23.6404
22.0716	23.6404
22.0420	23.7292
22.0420	23.7884
22.1012	23.8180
22.1900	23.8476
22.2492	23.8476
22.3084	23.8476
22.3676	23.8476
22.3676	23.8772
22.3676	23.9660
22.3676	24.0252
22.3676	24.0844
22.4268	24.1140
22.5156	24.1140
22.5156	24.1732
22.5156	24.2324
22.5748	24.2916
22.6340	24.2916
22.6932	24.2620
22.6932	24.2916
22.6340	24.3212
22.6044	24.3804
22.5452	24.4692
22.5748	24.4692
22.6636	24.4692
22.7228	24.4692
22.7524	24.5283
22.7524	24.5875
22.8116	24.5875
22.8708	24.5875
22.8412	24.6171
22.8116	24.6763
22.7820	24.7355
22.8116	24.7355
22.8708	24.7355
22.9596	24.7355
22.9892	24.8243
23.0484	24.8539
23.1372	24.9131
23.1964	24.9427
23.2556	25.0019
23.2852	25.0611
23.2556	25.1203
23.1964	25.1795
23.1372	25.1795
23.0780	25.1795
23.0188	25.1203
22.9300	25.1203
22.8708	25.0907
22.8116	25.0611
22.7524	25.0611
22.7524	25.0907
22.7524	25.1499
22.7524	25.2091
22.6932	25.2091
22.6044	25.1795
22.5452	25.1795
22.4860	25.1795
22.4268	25.1795
22.3676	25.2091
22.2788	25.1795
22.2196	25.1499
22.1604	25.0907
22.1012	25.0907
22.0124	25.0907
21.9828	25.1499
21.9236	25.0907
21.8644	25.0611
21.8052	25.0315
21.7460	25.0315
21.6868	25.0315
21.5980	25.0315
21.5388	25.0611
21.4796	25.0907
21.4204	25.0907
21.3612	25.0907
21.3020	25.0611
21.2132	25.0315
21.1836	24.9723
21.1540	24.9131
21.1244	24.8243
21.0356	24.8539
20.9764	24.9131
20.9764	24.9723
20.9172	24.9723
20.8580	24.9427
20.7692	24.9427
20.7100	24.9131
20.6508	24.9131
20.5916	24.9131
20.5324	24.9131
20.4732	24.9427
20.3844	24.9427
20.3548	24.8835
20.2956	24.8539
20.2364	24.8243
20.1476	24.8243
20.1476	24.8835
20.0588	24.9427
20.0884	25.0019
20.1476	25.0315
20.1180	25.0907
20.0588	25.0907
19.9700	25.0907
19.9108	25.0611
19.8516	25.0611
19.7924	25.0611
19.7924	25.0019
19.7924	24.9427
19.7628	24.8835
19.7628	24.8243
19.7332	24.7651
19.7332	24.6763
19.7036	24.6171
19.6444	24.6171
19.5852	24.6467
19.5852	24.5875
19.5852	24.5283
19.6148	24.4692
19.5852	24.4692
19.6148	24.4396
19.6148	24.3508
19.5556	24.2916
19.4964	24.3212
19.4668	24.2620
19.4372	24.2028
19.3780	24.1732
19.3188	24.1436
19.2596	24.1140
19.1708	24.1140
19.1412	24.1436
19.1412	24.2324
19.1412	24.2916
19.1412	24.3508
19.1412	24.4100
19.1412	24.4692
19.1412	24.5579
19.1412	24.6171
19.1412	24.6763
19.2300	24.7059
19.2892	24.7059
19.3188	24.7947
19.3484	24.8539
19.3780	24.9131
19.3780	24.9723
19.4372	25.0315
19.4076	25.0611
19.3484	25.0611
19.2596	25.0611
19.2004	25.0315
19.1412	25.0315
19.1116	25.0907
19.1412	25.1203
19.2004	25.1795
19.1708	25.2091
19.1116	25.2091
19.0228	25.1795
18.9636	25.1499
18.9340	25.0907
18.8748	25.0611
18.8156	25.0611
18.7860	25.0907
18.7860	25.1499
18.7860	25.2091
18.7564	25.1795
18.6972	25.1499
18.6084	25.1203
18.5788	25.1499
18.5788	25.2091
18.5788	25.2683
18.5492	25.2979
18.4900	25.3275
18.4308	25.3275
18.3716	25.2683
18.3420	25.2091
18.2828	25.2091
18.2532	25.2683
18.2532	25.3571
18.3124	25.3867
18.2828	25.4163
18.1940	25.4163
18.1348	25.4163
18.0756	25.4459
18.0164	25.3867
18.0164	25.3275
17.9572	25.2979
17.8980	25.2979
17.8980	25.3571
17.8980	25.4163
17.9276	25.4755
17.9276	25.5347
17.9276	25.5939
17.8684	25.5939
17.7796	25.6235
17.7204	25.6531
17.7204	25.7419
17.7500	25.8011
17.8092	25.8603
17.8684	25.9195
17.9276	25.9195
18.0164	25.9491
18.0756	25.9491
18.1348	25.9491
18.1940	25.9195
18.2532	25.9195
18.3420	25.9195
18.4012	25.9195
18.4604	25.9195
18.5196	25.9195
18.5788	25.9195
18.6380	25.9195
18.6972	25.8603
18.7564	25.8011
18.8156	25.7715
18.8748	25.7715
18.9636	25.7715
19.0228	25.7715
19.0820	25.7715
19.1412	25.8307
19.2004	25.8307
19.2892	25.8899
19.3484	25.8899
19.4076	25.8603
19.4668	25.8011
19.4964	25.7419
19.5556	25.7123
19.6148	25.7123
19.7036	25.7123
19.7628	25.6827
19.8220	25.6827
19.8812	25.6827
19.9404	25.6827
19.9996	25.6827
20.0292	25.7123
20.0884	25.7419
20.1476	25.7419
20.2364	25.7419
20.2956	25.7123
20.3548	25.6827
20.4140	25.6827
20.4732	25.6531
20.5620	25.6531
20.6212	25.6531
20.6804	25.6235
20.7396	25.6235
20.7988	25.6235
20.8580	25.6235
20.9468	25.6531
20.9468	25.7123
21.0356	25.7419
21.0948	25.7419
21.1540	25.7419
21.2132	25.7419
21.1836	25.8307
21.1836	25.8899
21.2428	25.9195
21.3020	25.9195
21.3612	25.8899
21.4204	25.8899
21.4796	25.8899
21.5684	25.9195
21.5980	25.9787
21.6572	26.0083
21.7460	26.0083
21.8052	26.0083
21.7756	26.0083
21.7756	25.9491
21.8052	25.9491
21.8644	25.9195
21.9236	25.9195
21.9828	25.9491
22.0124	26.0083
22.0716	26.0971
22.1308	26.1267
22.1308	26.1859
22.2196	26.2451
22.2196	26.3043
22.1604	26.3339
22.1012	26.3339
22.0124	26.3339
21.9828	26.3931
21.9828	26.4523
21.9828	26.5115
22.0124	26.6003
22.0420	26.6595
22.0716	26.7187
22.0716	26.7779
22.0420	26.7779
21.9828	26.8371
21.9532	26.8963
21.9236	26.9555
21.8644	27.0147
21.8348	27.1035
21.8348	27.1627
21.8052	27.2219
21.7756	27.2811
21.7756	27.3403
21.7164	27.4291
21.6868	27.4883
21.6868	27.5475
21.6276	27.6067
21.5980	27.6659
21.5684	27.7547
21.5684	27.8139
21.5684	27.8731
21.5388	27.9323
21.5092	27.9915
21.5092	28.0507
21.5092	28.1395
21.5092	28.1987
21.4796	28.2579
21.4796	28.3171
21.4796	28.3763
21.4204	28.4651
21.4204	28.5243
21.3612	28.5243
21.2724	28.5243
21.2132	28.5243
21.1836	28.6131
21.1836	28.6723
21.2428	28.7315
21.3020	28.7907
21.3020	28.8499
21.3020	28.9091
21.3020	28.9683
21.3020	29.0275
21.3020	29.0867
21.3316	29.1755
21.3908	29.2051
21.4500	29.2347
21.5092	29.2051
21.5684	29.1163
21.5980	29.0571
21.6572	29.0571
21.7164	29.0571
21.7756	29.0571
21.8348	29.0275
21.8348	28.9683
21.8348	28.9091
21.8052	28.8499
21.8052	28.7907
21.8348	28.7907
21.8940	28.7907
21.9828	28.7611
22.0420	28.7611
22.0716	28.7019
22.0716	28.6131
22.1604	28.6131
22.1900	28.5243
22.2492	28.5243
22.2788	28.5835
22.2788	28.6427
22.2492	28.7019
22.2492	28.7611
22.2492	28.8499
22.1900	28.9091
22.2196	28.9387
22.3084	28.9387
22.3084	28.9979
22.2788	29.0867
22.2788	29.1459
22.3084	29.2051
22.3676	29.2051
22.3676	29.2643
22.3676	29.3531
22.3972	29.4123
22.4564	29.4419
22.5156	29.4419
22.5748	29.4123
22.6340	29.3827
22.6932	29.3827
22.7228	29.2939
22.7524	29.2347
22.7524	29.1755
22.7820	29.1163
22.8116	29.0571
22.8708	28.9683
22.9004	28.9091
22.9300	28.8499
22.9300	28.7907
22.9004	28.7019
22.8412	28.6427
22.8116	28.5835
22.7820	28.5243
22.7820	28.4651
22.7820	28.3763
22.8116	28.3171
22.8708	28.2875
22.9596	28.1987
22.9596	28.1395
22.9004	28.1099
22.8412	28.0803
22.8116	28.0211
22.7524	27.9619
22.6932	27.9323
22.7228	27.9027
22.7820	27.9027
22.8708	27.9027
22.8708	27.8435
22.8708	27.7843
22.8412	27.6955
22.7820	27.6955
22.7228	27.6955
22.6636	27.6955
22.5748	27.6955
22.5452	27.6067
22.5452	27.5475
22.5156	27.4883
22.5452	27.4883
22.6340	27.4883
22.6340	27.4291
22.6044	27.3699
22.5452	27.3403
22.5748	27.2811
22.6340	27.2811
22.6932	27.2811
22.7228	27.2515
22.7228	27.1923
22.7228	27.1331
22.6340	27.1035
22.6932	27.1035
22.7524	27.0739
22.8116	27.0443
22.8708	27.0443
22.8708	26.9851
22.8708	26.9259
22.8116	26.8667
22.8412	26.8371
22.9004	26.7779
22.9596	26.7187
23.0188	26.7187
23.0780	26.6299
23.0780	26.5707
23.0780	26.5115
23.0188	26.4523
22.9596	26.3635
22.9596	26.3043
22.9892	26.2747
23.0780	26.2155
23.1372	26.2155
23.1668	26.2451
23.1668	26.3043
23.1372	26.3635
23.1372	26.4227
23.1668	26.5115
23.2260	26.5115
23.3148	26.5115
23.3740	26.5115
23.4332	26.4523
23.4924	26.4523
23.5516	26.4227
23.6404	26.4227
23.5812	26.3931
23.6108	26.4227
23.6700	26.4523
23.7292	26.5115
23.8180	26.5411
23.8772	26.6003
23.9364	26.6003
23.9956	26.6299
24.0548	26.6595
24.1436	26.6891
24.2028	26.6891
24.2620	26.6891
24.3212	26.6891
24.3804	26.6891
24.4396	26.6891
24.5283	26.6595
24.5283	26.6003
24.5579	26.5411
24.5579	26.4819
24.5283	26.3931
24.5579	26.3635
24.6171	26.3635
24.6763	26.3635
24.7651	26.3635
24.8243	26.3635
24.8243	26.3339
24.8243	26.2747
24.7947	26.2155
24.7947	26.1563
24.7947	26.0675
24.7651	26.0675
24.7651	26.0083
24.8243	25.9787
24.8539	25.9195
24.8835	25.8603
24.8835	25.8011
24.8539	25.7715
24.8835	25.7419
24.9427	25.7419
25.0019	25.7419
25.0611	25.6531
25.0907	25.5939
25.0907	25.5347
25.1499	25.5051
25.1795	25.4163
25.1203	25.3867
25.1795	25.3571
25.2387	25.3275
25.2979	25.3275
25.3275	25.2387
25.3571	25.1795
25.3571	25.1203
25.4163	25.0611
25.4755	25.0315
25.5347	25.0611
25.5347	25.1203
25.5347	25.1795
25.5939	25.2091
25.6827	25.2091
25.7419	25.1795
25.8011	25.1499
25.8011	25.2091
25.8307	25.2683
25.8899	25.3275
25.9491	25.3571
26.0083	25.4163
26.0675	25.4459
26.1267	25.4755
26.1267	25.5347
26.1859	25.5939
26.1859	25.6531
26.1859	25.7123
26.2451	25.7715
26.3043	25.8011
26.3339	25.8603
26.3931	25.9195
26.4523	25.9787
26.4523	26.0379
26.4819	26.1267
26.5411	26.1563
26.6003	26.1859
26.6891	26.1859
26.7483	26.2155
26.8075	26.2155
26.8667	26.2155
26.9259	26.3043
26.9851	26.3339
27.0443	26.3635
27.1035	26.3635
27.1627	26.4227
27.2515	26.4227
27.2515	26.3635
27.2515	26.3043
27.2515	26.2451
27.2515	26.1859
27.2515	26.0971
27.1923	26.0971
27.1331	26.0675
27.0739	26.0675
27.0739	26.0083
27.1035	25.9195
27.1627	25.8899
27.1627	25.8307
27.1331	25.7715
27.0443	25.7715
27.0147	25.6827
27.0147	25.6235
27.0147	25.5643
27.0147	25.5051
26.9555	25.4459
26.8963	25.4459
26.8371	25.4459
26.8371	25.3571
26.8371	25.2979
26.8371	25.2387
26.7779	25.2091
26.7187	25.2091
26.6299	25.1795
26.6003	25.1203
26.5707	25.0315
26.5411	24.9723
26.5115	24.9131
26.4523	24.8835
26.3931	24.8539
26.3931	24.7947
26.3931	24.7059
26.4523	24.6763
26.4523	24.6171
26.3931	24.5875
26.3339	24.5875
26.2747	24.5283
26.2155	24.5283
26.1563	24.5283
26.0971	24.5875
26.0675	24.5283
26.0083	24.4692
26.0083	24.4100
26.0083	24.3508
26.0675	24.3212
26.1267	24.2916
26.1859	24.2324
26.2451	24.2028
26.3043	24.2028
26.3931	24.1436
26.4227	24.0844
26.4819	24.0252
26.5707	23.9956
26.6003	23.9364
26.6595	23.8476
26.6891	23.7884
26.7483	23.7292
26.8075	23.6700
26.8667	23.6700
26.9259	23.6404
26.9851	23.5812
27.0739	23.5812
27.1331	23.5812
27.1923	23.5812
27.2515	23.5812
27.3107	23.5812
27.3699	23.5812
27.4587	23.5812
27.4883	23.5220
27.5179	23.4628
27.5771	23.4036
27.6363	23.3444
27.6955	23.3444
27.7547	23.2852
27.7843	23.2260
27.8731	23.1668
27.9027	23.1076
27.9619	23.0484
28.0211	22.9596
28.0803	22.9300
28.1395	22.8708
28.1987	22.8412
28.2579	22.8412
28.3171	22.8412
28.3763	22.9004
28.4355	22.9300
28.4947	22.9300
28.5539	22.9596
28.6427	22.9892
28.7019	23.0188
28.7611	23.0188
28.8203	23.0484
28.8795	23.0780
28.9091	23.1372
28.9091	23.1964
28.8795	23.2852
28.8499	23.3444
28.8499	23.4036
28.8203	23.4628
28.8203	23.5220
28.8499	23.5812
28.9091	23.5812
28.9683	23.6108
29.0275	23.6404
29.1163	23.6996
29.1163	23.7588
29.1163	23.8180
29.1459	23.8772
29.2051	23.9068
29.2939	23.9364
29.3531	23.9660
29.4123	23.9956
29.4715	24.0252
29.5307	24.0252
29.6195	24.0252
29.6491	23.9660
29.6491	23.9068
29.7083	23.8476
29.7675	23.7884
29.7675	23.7292
29.7675	23.6700
29.7675	23.6108
29.7675	23.5516
29.7971	23.4924
29.7379	23.4628
29.7379	23.4036
29.7379	23.3444
29.7971	23.2556
29.8563	23.1964
29.8859	23.1372
29.8859	23.0780
29.8859	22.9892
29.8859	22.9300
29.9451	22.9300
29.9747	22.8708
30.0635	22.8116
30.0931	22.7524
30.0931	22.6932
30.0931	22.6340
30.0635	22.5748
30.0043	22.5156
29.9747	22.4564
29.9747	22.3972
29.9747	22.3380
29.9747	22.2492
29.9155	22.1900
29.9155	22.1308
29.9155	22.0716
29.9155	22.0124
29.9155	21.9236
29.9155	21.8644
29.9155	21.8052
29.9155	21.7460
29.9155	21.6868
29.8859	21.6276
29.8859	21.6572
29.9747	21.6868
30.0339	21.7164
30.0931	21.7164
30.1227	21.6868
30.1227	21.6276
30.1227	21.5684
30.1227	21.4796
30.1227	21.4204
30.1227	21.3612
30.1523	21.3020
30.2115	21.2724
30.3003	21.2724
30.3595	21.3020
30.4187	21.3020
30.4483	21.3908
30.4483	21.4500
30.4779	21.5092
30.5371	21.5388
30.6259	21.5684
30.6555	21.6276
30.6555	21.7164
30.6555	21.7756
30.6555	21.8348
30.6259	21.8940
30.5963	21.9532
30.5371	21.9532
30.5075	22.0420
30.5075	22.1012
30.5371	22.1012
30.5963	22.1900
30.6259	22.2492
30.6259	22.3084
30.6555	22.3676
30.7147	22.4564
30.7147	22.5156
30.7147	22.5748
30.7147	22.6340
30.7147	22.6932
30.8035	22.7524
30.8627	22.7524
30.8627	22.8412
30.8331	22.9004
30.8331	22.9596
30.8331	23.0188
30.8331	23.0780
30.8331	23.1372
30.8331	23.2260
30.8331	23.2852
30.8627	23.3444
30.8923	23.4036
30.9219	23.4924
30.9219	23.5516
30.9515	23.6108
30.9811	23.6700
31.0403	23.7292
31.0699	23.7884
31.0699	23.8476
31.0699	23.9068
31.0995	23.9660
31.1587	23.9660
31.1883	23.9068
31.2179	23.8476
31.2179	23.7884
31.2771	23.7292
31.3067	23.6404
31.3067	23.5812
31.3659	23.5812
31.4251	23.4924
31.4251	23.4332
31.4547	23.3740
31.4843	23.3148
31.4843	23.2556
31.4251	23.2556
31.3659	23.2556
31.3363	23.1668
31.3363	23.1076
31.3659	23.0484
31.4251	22.9892
31.4251	22.9300
31.4547	22.8412
31.4547	22.7820
31.4251	22.7228
31.4251	22.6636
31.4251	22.6044
31.4251	22.5156
31.4251	22.4564
31.4547	22.3972
31.4547	22.3380
31.4547	22.2788
31.4843	22.2196
31.4843	22.1308
31.5435	22.1012
31.6027	22.1012
31.6619	22.1604
31.7507	22.1900
31.8099	22.1900
31.8691	22.1900
31.9283	22.2196
31.9875	22.2492
31.9875	22.3084
31.9875	22.3676
32.0763	22.4268
32.1355	22.4268
32.1947	22.4268
32.2539	22.4564
32.3131	22.4564
32.3131	22.3972
32.3131	22.3380
32.2835	22.3084
32.3131	22.3084
32.3723	22.3380
32.4611	22.3676
32.5203	22.3972
32.5795	22.4564
32.6387	22.5156
32.6979	22.5452
32.7571	22.5452
32.8163	22.5748
32.8755	22.6044
32.9643	22.6044
33.0235	22.6340
33.0827	22.6340
33.1419	22.6340
33.1715	22.5748
33.2307	22.4860
33.3195	22.4268
33.3491	22.3676
33.4083	22.2788
33.4379	22.2196
33.4083	22.2196
33.3491	22.2196
33.2603	22.2492
33.2307	22.2196
33.2307	22.1308
33.2011	22.0716
33.2011	22.0124
33.1419	21.9828
33.0827	21.9236
32.9939	21.8644
32.9643	21.8052
32.9051	21.7756
32.8459	21.7460
32.7867	21.6868
32.7275	21.6276
32.6683	21.5980
32.6091	21.5388
32.5499	21.5092
32.4907	21.4500
32.4019	21.4500
32.3723	21.3612
32.3131	21.3612
32.2243	21.3020
32.1651	21.2724
32.1651	21.2132
32.1355	21.1244
32.0763	21.1244
31.9875	21.0356
31.9283	21.0060
31.8691	20.9468
31.8099	20.8876
31.7507	20.8580
31.6915	20.8284
31.6323	20.7988
31.5435	20.7692
31.5731	20.7100
31.6027	20.6508
31.6619	20.5916
31.6915	20.5028
31.6915	20.4436
31.6915	20.3844
31.6915	20.3252
31.6915	20.2660
31.6915	20.2068
31.6323	20.1476
31.5731	20.0884
31.5139	20.0292
31.4547	20.0292
31.3659	19.9700
31.3067	19.9404
31.2475	19.9404
31.1883	19.9108
31.1291	19.8812
30.9811	19.8516
30.9219	19.8516
30.8035	19.7924
30.7443	19.7628
30.6851	19.7036
30.6259	19.6444
30.5667	19.6148
30.4779	19.6148
30.4187	19.5852
30.3595	19.5260
30.3003	19.4964
30.3003	19.4372
30.3595	19.4076
30.4187	19.3484
30.4779	19.2892
30.5371	19.2300
30.5963	19.1708
30.6555	19.1116
30.7147	19.0524
30.7443	18.9932
30.8035	18.9044
30.8627	18.8452
30.8923	18.7860
30.9811	18.7268
30.9811	18.6676
31.0699	18.6380
31.1291	18.6380
31.1883	18.6380
31.2475	18.6380
31.3067	18.6380
31.3659	18.6084
31.4251	18.5492
31.4843	18.5196
31.5435	18.4900
31.6323	18.4900
31.6915	18.4900
31.7507	18.4900
31.8099	18.5196
31.8691	18.5492
31.9579	18.5788
32.0171	18.5788
32.0763	18.5788
32.1355	18.5788
32.1947	18.5788
32.2539	18.5788
32.3131	18.5492
32.3723	18.4900
32.3723	18.4308
32.4019	18.4604
32.4907	18.4900
32.5499	18.5492
32.5795	18.4900
32.6683	18.4900
32.6979	18.5196
32.7571	18.5492
32.8163	18.5492
32.9051	18.5196
32.9051	18.4604
32.9051	18.4012
32.8459	18.3420
32.8459	18.3716
32.9051	18.4012
32.9643	18.4012
33.0235	18.4012
33.0827	18.3716
33.1123	18.4012
33.1715	18.4604
33.2307	18.4604
33.3195	18.4900
33.3787	18.4900
33.4083	18.4604
33.4083	18.4012
33.3491	18.3420
33.2899	18.3124
33.3195	18.2236
33.3787	18.2236
33.4379	18.2236
33.4971	18.2236
33.5563	18.2532
33.6155	18.3124
33.6747	18.3124
33.7043	18.2828
33.7043	18.3124
33.7931	18.3420
33.8523	18.3716
33.9115	18.3716
33.9707	18.3420
34.0299	18.2828
34.0891	18.2532
34.1483	18.2236
34.2075	18.2236
34.2667	18.2236
34.3555	18.2236
34.4147	18.2236
34.4739	18.2236
34.5331	18.1940
34.5627	18.1348
34.5627	18.0756
34.5923	18.1052
34.6515	18.1348
34.7403	18.1644
34.7995	18.1644
34.8291	18.1348
34.8883	18.0756
34.8587	17.9868
34.8587	18.0164
34.9179	18.0460
34.9771	18.1052
35.0659	18.1052
35.0955	18.0756
35.0955	18.0164
35.1547	18.0164
35.2435	18.0460
35.3027	18.0460
35.3323	18.0164
35.3915	18.0164
35.4803	18.0460
35.5395	18.0756
35.5987	18.0756
35.6579	18.0460
35.6579	17.9868
35.7171	17.8980
35.7763	17.8980
35.8355	17.8980
35.8947	17.8980
35.9539	17.8388
35.9539	17.7796
35.9539	17.7204
36.0131	17.7204
36.0723	17.7204
36.1019	17.6612
36.1907	17.6020
36.2203	17.5428
36.2795	17.4836
36.3387	17.4836
36.3683	17.4244
36.4275	17.3652
36.4275	17.3060
36.4275	17.2468
36.3683	17.2172
36.3091	17.2172
36.2499	17.2172
36.1611	17.2172
36.1019	17.2172
36.0723	17.1284
36.0131	17.1284
35.9539	17.1284
35.9539	17.1876
35.9539	17.2468
35.8651	17.2468
35.8059	17.2468
35.7763	17.1876
35.7171	17.1284
35.6283	17.1284
35.6283	17.1876
35.6283	17.2468
35.5395	17.2764
35.5395	17.2468
35.4507	17.1876
35.3915	17.1876
35.3915	17.2172
35.3619	17.2764
35.3619	17.3356
35.3027	17.3652
35.3027	17.3356
35.2139	17.2764
35.1843	17.2172
35.1251	17.2468
35.0955	17.3060
35.0659	17.3652
35.0067	17.3948
34.9475	17.3948
34.8883	17.3948
34.8587	17.3356
34.7995	17.3356
34.7403	17.3356
34.6811	17.3948
34.6219	17.3652
34.5923	17.3060
34.5331	17.2468
34.4739	17.3060
34.4739	17.3652
34.4739	17.4244
34.3851	17.4836
34.3259	17.4836
34.2667	17.4836
34.2075	17.4540
34.2075	17.3948
34.2075	17.3356
34.1483	17.3060
34.0891	17.3060
34.0299	17.3060
33.9707	17.3060
33.9115	17.3356
33.8819	17.3060
33.8819	17.2468
33.9411	17.1876
33.9115	17.1876
33.8523	17.1876
33.7635	17.1876
33.7339	17.1284
33.7043	17.0692
33.7043	17.0100
33.6747	16.9212
33.6747	16.8620
33.6747	16.8028
33.7043	16.7436
33.7043	16.6844
33.7339	16.6252
33.7931	16.5660
33.8227	16.5068
33.8227	16.4476
33.8819	16.3884
33.9411	16.3588
34.0003	16.3292
34.0595	16.3292
34.0595	16.3588
34.1483	16.3588
34.2075	16.3588
34.2371	16.4180
34.2963	16.4476
34.3555	16.4476
34.4147	16.4476
34.4739	16.4476
34.5331	16.4476
34.6219	16.4476
34.6811	16.3884
34.6811	16.3292
34.6811	16.2700
34.6515	16.2108
34.6515	16.1220
34.6515	16.0628
34.7107	16.0332
34.7403	15.9740
34.7995	15.9148
34.8587	15.8556
34.8883	15.7964
34.9179	15.7372
34.9771	15.6780
35.0067	15.7076
35.0659	15.7668
35.1251	15.8260
35.1547	15.8852
35.2139	15.9444
35.2731	15.9444
35.3323	15.8556
35.3619	15.9148
35.3619	15.9740
35.4211	16.0036
35.4803	16.0036
35.5691	16.0036
35.6283	16.0036
35.6875	16.0036
35.7467	16.0036
35.7467	15.9444
35.7763	15.8852
35.8355	15.8260
35.8947	15.7668
35.8651	15.7372
35.8059	15.6780
35.7467	15.6780
35.6875	15.6780
35.5987	15.6188
35.5395	15.6188
35.5099	15.5596
35.5099	15.5004
35.5099	15.4412
35.5099	15.3524
35.4803	15.3524
35.4803	15.2932
35.5099	15.2340
35.5987	15.1748
35.6579	15.1156
35.6875	15.0564
35.7763	15.0564
35.8355	14.9972
35.8355	14.9380
35.8059	14.9084
35.7467	14.8492
35.7171	14.7604
35.6579	14.7012
35.6579	14.6420
35.6579	14.5828
35.6283	14.4940
35.5691	14.5236
35.5099	14.5532
35.4211	14.5828
35.3915	14.6420
35.3619	14.6124
35.3619	14.5532
35.3619	14.4940
35.3619	14.4348
35.2731	14.4348
35.2139	14.4348
35.1547	14.4644
35.1251	14.5236
35.1251	14.5828
35.0955	14.6420
35.0659	14.7308
35.0363	14.6716
35.0363	14.6124
35.0363	14.5532
34.9475	14.5236
34.8883	14.5236
34.8291	14.5236
34.7699	14.5236
34.7699	14.4940
34.7403	14.4348
34.6811	14.4348
34.6219	14.4348
34.5923	14.5236
34.5923	14.5828
34.5923	14.6420
34.5923	14.7012
34.5627	14.7604
34.5331	14.8196
34.4739	14.8196
34.4739	14.7900
34.4739	14.7308
34.4147	14.6716
34.3555	14.6716
34.2963	14.7012
34.2075	14.7012
34.1483	14.7012
34.1483	14.7308
34.1483	14.7900
34.1483	14.8492
34.1483	14.9084
34.1483	14.9676
34.0595	14.9676
34.0299	14.9380
34.0003	14.8492
34.0003	14.7900
33.9707	14.7308
33.9411	14.6716
33.8819	14.6716
33.8227	14.6716
33.7931	14.7308
33.7339	14.7604
33.6451	14.8196
33.6155	14.9084
33.5563	14.9380
33.4675	14.9972
33.4675	15.0564
33.3787	15.0860
33.3195	15.1452
33.2603	15.1748
33.2011	15.2340
33.2011	15.2044
33.2603	15.1156
33.2603	15.0564
33.2603	14.9972
33.2603	14.9380
33.2603	14.8788
33.2603	14.8196
33.2603	14.7308
33.2011	14.7012
33.1123	14.7012
33.0827	14.7900
33.0235	14.8196
32.9643	14.7900
32.9939	14.7308
33.0531	14.6716
33.0531	14.6124
33.0827	14.5532
33.0827	14.4940
33.0827	14.4052
33.0531	14.3756
33.0531	14.3164
33.0827	14.2572
33.1715	14.2276
33.1715	14.1684
33.1419	14.0796
33.1419	14.0204
33.1715	13.9612
33.1715	13.9020
33.1715	13.8428
33.1715	13.7836
33.2603	13.7540
33.3195	13.7540
33.3787	13.7540
33.3491	13.6948
33.2899	13.6356
33.2899	13.5764
33.3491	13.5468
33.4083	13.5468
33.4675	13.4876
33.4083	13.4284
33.3491	13.3988
33.2899	13.3692
33.2307	13.3692
33.1715	13.3692
33.1123	13.3988
33.0827	13.4876
32.9939	13.5172
32.9347	13.5172
32.9347	13.4876
32.9051	13.4876
32.8459	13.4876
32.7571	13.4284
32.6979	13.4284
32.6683	13.3692
32.6091	13.3100
32.6091	13.2508
32.6683	13.1916
32.7275	13.1324
32.7867	13.0732
32.7867	13.0140
32.7571	13.0140
32.6979	13.0140
32.6091	13.0436
32.6091	13.0140
32.5795	12.9252
32.5203	12.8660
32.4611	12.8364
32.4019	12.8068
32.3723	12.8364
32.3131	12.8956
32.2539	12.9548
32.1947	12.9548
32.1651	12.9252
32.1355	12.8364
32.1355	12.7772
32.1651	12.7180
32.2243	12.6884
32.2539	12.6292
32.3427	12.5996
32.4019	12.5700
32.3427	12.5108
32.2835	12.5108
32.2243	12.4812
32.1651	12.4220
32.1947	12.3924
32.2539	12.3332
32.3131	12.2740
32.2835	12.2444
32.1947	12.2148
32.1355	12.2148
32.0763	12.2148
32.0467	12.1852
32.0467	12.1260
32.0763	12.0668
32.1355	12.0076
32.1651	11.9484
32.2539	11.8892
32.2539	11.8300
32.2243	11.8300
32.1651	11.8300
32.0763	11.8300
32.0763	11.7708
32.0467	11.7116
31.9875	11.7116
31.8987	11.7412
31.8987	11.8004
31.8987	11.7708
31.8987	11.7116
31.8099	11.6524
