18.7891	4.0969
18.6831	4.0969
18.6125	4.0615
18.5418	4.0262
18.4712	3.9909
18.4006	3.9909
18.2946	3.9203
18.2240	3.8850
18.1533	3.7790
18.0827	3.7790
17.9767	3.7084
17.9061	3.6730
17.8355	3.6730
17.7648	3.6730
17.6942	3.6730
17.6942	3.7437
17.6589	3.8496
17.6942	3.8850
17.7648	3.9556
17.8002	4.0615
17.8708	4.1322
17.9061	4.2028
17.9414	4.2734
17.9767	4.3441
18.0474	4.4147
18.1180	4.4500
18.1886	4.4854
18.2240	4.5560
18.2593	4.6619
18.3652	4.6973
18.4006	4.7679
18.4712	4.8739
18.5418	4.9445
18.5771	5.0151
18.6125	5.0858
18.6831	5.1917
18.6831	5.2623
18.7891	5.2977
18.8597	5.3330
18.9303	5.3330
19.0010	5.4036
19.0363	5.4743
19.0363	5.5802
19.1069	5.6508
19.1422	5.7215
19.2129	5.7215
19.2835	5.7215
19.3895	5.6862
19.4601	5.6508
19.4954	5.6862
19.5307	5.7921
19.5660	5.8627
19.6720	5.8981
19.7073	6.0040
19.7779	6.0040
19.8839	6.0393
19.9192	6.1100
19.9192	6.1806
19.8839	6.2866
19.8133	6.3219
19.7073	6.3925
19.6367	6.4278
19.6014	6.4985
19.5307	6.6044
19.4954	6.6751
19.5307	6.7457
19.6014	6.8163
19.6720	6.8163
19.7779	6.8163
19.8486	6.7457
19.9192	6.7104
19.9899	6.6751
20.0605	6.6397
20.1664	6.6044
20.2371	6.5691
20.3077	6.5691
20.3784	6.6044
20.4843	6.6751
20.5196	6.7457
20.5903	6.8163
20.6609	6.8870
20.7315	6.9223
20.8022	6.9576
20.8728	6.9576
20.8375	6.9223
20.8375	6.9576
20.8375	7.0282
20.8375	7.0989
20.8728	7.2048
20.9788	7.2401
21.0494	7.3108
21.0847	7.3814
21.1200	7.4520
21.1200	7.5227
21.0847	7.5933
21.0847	7.6993
21.1553	7.6993
21.2260	7.6993
21.2613	7.7346
21.2613	7.8052
21.2966	7.8759
21.3672	7.9112
21.4732	7.9112
21.5438	7.8759
21.5792	7.9112
21.6851	8.0171
21.7204	8.0878
21.7911	8.1584
21.7557	8.2290
21.6851	8.2644
21.6851	8.3350
21.7557	8.4056
21.8264	8.4056
21.8970	8.4056
21.9676	8.4409
22.0030	8.5116
22.0030	8.5822
22.0383	8.6882
22.0736	8.7588
22.0383	8.7588
21.9676	8.7941
21.8970	8.9001
21.8617	8.9707
21.8970	9.0060
21.9323	9.0767
21.9323	9.1473
21.9323	9.2179
22.0030	9.2179
22.0736	9.2179
22.1442	9.2179
22.2502	9.2179
22.3208	9.2179
22.3915	9.2886
22.4268	9.3592
22.4268	9.4298
22.4974	9.5005
22.5327	9.6064
22.5327	9.6771
22.4621	9.6771
22.3915	9.7477
22.3208	9.7830
22.2855	9.8537
22.1796	9.8890
22.1089	9.9949
22.0736	10.0656
22.0383	10.1362
21.9676	10.2068
21.8617	10.2422
21.7911	10.3128
21.7204	10.3481
21.6498	10.3834
21.5438	10.4187
21.4732	10.4541
21.4026	10.4541
21.3319	10.4541
21.2613	10.4541
21.1907	10.4894
21.0847	10.5247
21.0141	10.5247
20.9434	10.5953
20.8728	10.6306
20.8022	10.7366
20.7315	10.7719
20.6609	10.8426
20.6256	10.9132
20.5549	10.9485
20.4843	11.0191
20.4490	11.1251
20.3430	11.1604
20.3077	11.2310
20.2371	11.3370
20.2018	11.4076
20.2018	11.4783
20.2371	11.5489
20.3077	11.5842
20.4137	11.6195
20.4843	11.6549
20.5549	11.6549
20.6256	11.5842
20.6962	11.5489
20.8022	11.4783
20.8375	11.4076
20.9081	11.3723
21.0141	11.3017
21.0847	11.2664
21.1553	11.2664
21.2260	11.2310
21.2966	11.2310
21.4026	11.1957
21.4732	11.1957
21.5438	11.1957
21.6145	11.1604
21.6851	11.1604
21.7557	11.1604
21.8617	11.1604
21.9323	11.1604
22.0030	11.1604
22.0030	11.2310
21.9676	11.3017
21.8970	11.3370
21.8264	11.3370
21.7911	11.4430
21.7911	11.5136
21.7204	11.5136
21.6498	11.4783
21.5792	11.4783
21.5085	11.5489
21.4379	11.6195
21.3672	11.6195
21.2966	11.6195
21.1907	11.6549
21.1200	11.6902
21.0494	11.7255
20.9788	11.7961
20.9081	11.8668
20.8728	11.9374
20.8022	11.9374
20.6962	11.9374
20.6962	11.9727
20.7315	12.0434
20.6962	12.0434
20.6256	12.0434
20.5196	12.0434
20.4490	12.0434
20.3784	12.0787
20.3077	12.1140
20.3077	12.1846
20.3077	12.2553
20.2371	12.2553
20.1311	12.2553
20.0605	12.2553
19.9899	12.1846
19.9192	12.1846
19.8486	12.1846
19.8486	12.1493
19.8133	12.0787
19.8133	12.0080
19.7426	12.0080
19.6720	12.0080
19.6720	11.9021
19.6367	11.8315
19.6367	11.7608
19.5660	11.7255
19.5307	11.6549
19.4601	11.6195
19.4601	11.5489
19.5307	11.5136
19.6367	11.5136
19.7073	11.4783
19.6720	11.4076
19.5660	11.4076
19.4954	11.3723
19.4248	11.3723
19.3895	11.3017
19.3895	11.2310
19.3541	11.1251
19.2835	11.0545
19.2482	10.9838
19.1775	10.9485
19.0716	10.9132
19.0716	10.8072
19.0363	10.7366
19.0010	10.6660
18.9656	10.5953
18.9656	10.5247
18.8950	10.4187
18.8950	10.3481
18.7891	10.3128
18.7537	10.2422
18.7184	10.1715
18.7537	10.1362
18.8597	10.0656
18.9303	10.0302
19.0010	10.0302
19.0716	9.9949
19.1422	9.9243
19.2482	9.8890
19.3188	9.8183
19.3188	9.7477
19.2482	9.7124
19.1775	9.7124
19.1069	9.7124
19.0010	9.7124
18.9303	9.7477
18.8597	9.7477
18.7891	9.7830
18.7184	9.7830
18.6478	9.7830
18.6478	9.7124
18.6478	9.6064
18.6831	9.5358
18.6478	9.5005
18.5418	9.5005
18.4712	9.4652
18.4359	9.3945
18.4359	9.3239
18.4359	9.2533
18.4359	9.1473
18.4359	9.0767
18.4359	9.0060
18.4359	8.9354
18.4359	8.8648
18.4006	8.7941
18.3299	8.7941
18.2593	8.8648
18.1533	8.8648
18.0827	8.9001
18.0121	8.9001
17.9414	8.9001
17.8708	8.8648
17.7648	8.8648
17.7295	8.9354
17.7295	9.0060
17.7295	9.0767
17.8002	9.1473
17.8708	9.2179
17.8355	9.2533
17.7648	9.2533
17.6942	9.3592
17.7295	9.3945
17.8002	9.4652
17.8708	9.5358
17.9061	9.6064
17.9061	9.6771
17.8708	9.6771
17.8002	9.6771
17.8002	9.7124
17.8708	9.7477
17.9414	9.8183
17.9414	9.8890
17.9061	9.8890
17.8355	9.8890
17.8002	9.9596
17.8355	10.0656
17.8708	10.1362
17.9767	10.1715
17.9767	10.2775
18.0121	10.3481
17.9767	10.3834
17.9061	10.3834
17.8355	10.3834
17.7295	10.3128
17.6589	10.3128
17.5882	10.2422
17.5176	10.2068
17.4470	10.2775
17.4470	10.3481
17.4117	10.4187
17.4823	10.4541
17.5529	10.4541
17.6236	10.4894
17.6942	10.5247
17.7648	10.5600
17.8708	10.5953
17.9061	10.6660
17.9767	10.7719
17.9767	10.8426
18.0474	10.9132
18.0827	10.9838
18.1886	11.0898
18.2593	11.1251
18.2946	11.1957
18.2946	11.2664
18.2946	11.3723
18.2593	11.4430
18.2593	11.5136
18.3299	11.5842
18.3299	11.6549
18.3299	11.7255
18.2593	11.6902
18.1886	11.6195
18.1180	11.6195
18.0474	11.5842
17.9414	11.6195
17.8708	11.6195
17.8002	11.5842
17.7295	11.5842
17.7295	11.6549
17.6589	11.6549
17.5882	11.6902
17.4823	11.6902
17.4117	11.6549
17.3410	11.6549
17.2704	11.7255
17.2704	11.7961
17.2704	11.8668
17.1998	11.8668
17.1291	11.7961
17.0585	11.7608
16.9525	11.7608
16.8819	11.8315
16.8466	11.9021
16.7759	11.9374
16.7053	11.9727
16.6347	12.0080
16.5640	12.0434
16.4581	12.1140
16.3874	12.1493
16.3168	12.1493
16.2462	12.1493
16.1755	12.2199
16.1402	12.3259
16.1049	12.3965
16.0696	12.4672
15.9636	12.5025
15.8930	12.5378
15.8224	12.5378
15.7517	12.6084
15.6458	12.6438
15.5751	12.7144
15.5751	12.7850
15.5751	12.8557
15.6105	12.9263
15.6811	12.9969
15.7517	13.0323
15.8224	13.0323
15.9283	12.9969
15.9283	12.9263
15.9989	12.9263
16.0343	12.9616
16.1049	12.9969
16.1402	12.9616
16.2109	12.8557
16.2109	12.7850
16.2462	12.7850
16.3168	12.8203
16.3874	12.8203
16.4934	12.8557
16.5640	12.8557
16.5640	12.7850
16.5993	12.6791
16.6700	12.6791
16.7406	12.7144
16.8113	12.7144
16.8819	12.6791
16.8819	12.5731
16.9878	12.5731
17.0585	12.6438
17.1291	12.6438
17.1644	12.5731
17.1644	12.5025
17.2704	12.5025
17.3410	12.5025
17.4117	12.5025
17.4470	12.3965
17.4823	12.3259
17.5529	12.3259
17.6236	12.3612
17.6942	12.3612
17.7648	12.3612
17.8355	12.3612
17.9414	12.2906
18.0121	12.2906
18.0827	12.2906
18.1533	12.2906
18.2240	12.2553
18.3299	12.2553
18.4006	12.2199
18.4712	12.1846
18.5418	12.1846
18.6125	12.1846
18.6831	12.1846
18.7891	12.1846
18.7891	12.2553
18.7891	12.3612
18.8597	12.4319
18.8950	12.5025
19.0010	12.5731
19.0010	12.6438
19.0010	12.7144
18.9656	12.7850
18.8950	12.8203
18.8244	12.8557
18.7184	12.8557
18.6478	12.8203
18.5771	12.8203
18.5065	12.8203
18.4359	12.8203
18.3652	12.8203
18.2593	12.8557
18.2240	12.9263
18.1533	12.9969
18.0827	13.0323
17.9767	13.0676
17.9061	13.0323
17.8355	13.0323
17.7648	13.0323
17.6942	13.0323
17.6589	13.1029
17.6589	13.1735
17.5882	13.1735
17.5176	13.1029
17.4470	13.0676
17.4117	13.1029
17.3763	13.1735
17.3763	13.2442
17.3057	13.2442
17.2351	13.2442
17.1644	13.2795
17.1644	13.3501
17.0938	13.3854
17.0585	13.4561
16.9878	13.4914
16.9878	13.5620
16.8819	13.5267
16.8113	13.4561
16.7759	13.5267
16.7759	13.5973
16.7759	13.6680
16.8466	13.7386
16.7759	13.7386
16.7053	13.7386
16.6347	13.7386
16.5640	13.7386
16.5640	13.8092
16.5640	13.9152
16.5287	13.9152
16.4934	14.0212
16.4581	14.0918
16.3874	14.1624
16.3168	14.2331
16.2462	14.3037
16.2109	14.3743
16.2462	14.4096
16.3521	14.4096
16.4228	14.3743
16.4934	14.3390
16.5640	14.2684
16.6347	14.2684
16.7406	14.2684
16.7759	14.2331
16.8466	14.1977
16.9172	14.1977
17.0232	14.1624
17.0232	14.0918
17.0232	14.0212
17.0938	14.0212
17.1644	14.0212
17.2351	14.0212
17.3057	13.9858
17.3763	13.9858
17.4823	13.9858
17.4823	13.9505
17.5529	13.8799
17.6236	13.8446
17.6942	13.8092
17.7648	13.7739
17.8708	13.7739
17.9414	13.7739
18.0121	13.7386
18.0827	13.7386
18.1533	13.7033
18.1886	13.6327
18.2593	13.6327
18.3299	13.6327
18.4359	13.6327
18.5065	13.5973
18.5771	13.5973
18.6478	13.5620
18.7184	13.5620
18.8244	13.5267
18.8950	13.5267
18.9656	13.5267
19.0363	13.4914
19.1069	13.4914
19.1775	13.4561
19.2835	13.4561
19.3541	13.4561
19.4248	13.4208
19.4954	13.4208
19.5660	13.4561
19.5660	13.5267
19.6367	13.5973
19.6720	13.6680
19.7073	13.7386
19.7073	13.8446
19.7779	13.8799
19.8839	13.9505
19.9192	14.0212
19.9899	14.0565
20.0958	14.1271
20.1664	14.1977
20.2018	14.2684
20.3077	14.3743
20.3430	14.4450
20.3784	14.5156
20.4137	14.5862
20.4843	14.6922
20.5196	14.7628
20.5549	14.8335
20.6256	14.9041
20.6962	15.0101
20.7668	14.9747
20.8375	15.0101
20.8375	15.0807
20.8022	15.1513
20.7315	15.1866
20.6609	15.1866
20.5903	15.1866
20.4843	15.2573
20.4137	15.2926
20.3430	15.3279
20.2724	15.3985
20.1664	15.3985
20.0958	15.3985
20.0252	15.3985
19.9545	15.3985
19.8839	15.4339
19.8133	15.4692
19.7073	15.5045
19.6367	15.5398
19.5660	15.6105
19.4954	15.6105
19.4248	15.7164
19.3541	15.7164
19.2835	15.7164
19.2129	15.7517
19.1069	15.7517
19.0363	15.7517
19.0363	15.7870
19.0010	15.8930
18.9303	15.9636
18.8597	15.9989
18.7891	15.9989
18.7184	15.9636
18.6831	15.9989
18.6831	16.1049
18.6478	16.1049
18.5771	16.0696
18.5065	16.0696
18.4359	16.1049
18.3299	16.1402
18.2593	16.1402
18.1886	16.1402
18.1180	16.1402
18.0474	16.1402
17.9767	16.1402
17.8708	16.1402
17.8708	16.1755
17.8708	16.2462
17.7648	16.2815
17.7648	16.2109
17.6942	16.2109
17.5882	16.2109
17.5529	16.2462
17.4823	16.2815
17.3763	16.3521
17.3057	16.3874
17.2351	16.4581
17.2704	16.4934
17.3410	16.5287
17.4117	16.5993
17.4823	16.5993
17.5529	16.5640
17.6236	16.5640
17.7295	16.5640
17.8002	16.5640
17.8708	16.5640
17.9414	16.5993
18.0121	16.5993
18.0827	16.5993
18.0827	16.6700
18.0827	16.7406
18.1886	16.7406
18.2593	16.7406
18.3299	16.7406
18.4006	16.7053
18.4712	16.6347
18.4712	16.5640
18.5771	16.5640
18.6478	16.5640
18.7184	16.5640
18.7891	16.5640
18.8597	16.5640
18.9303	16.5640
19.0363	16.5287
19.1069	16.5287
19.1775	16.4581
19.2482	16.4228
19.3188	16.3521
19.4248	16.3168
19.4954	16.3168
19.5660	16.2462
19.6367	16.2462
19.7073	16.2109
19.8133	16.2109
19.8839	16.1755
19.9545	16.1755
20.0252	16.1755
20.0958	16.1755
20.1664	16.1402
20.2724	16.1402
20.3430	16.1402
20.4137	16.1402
20.4843	16.1402
20.5549	16.1402
20.6256	16.1402
20.6962	16.1402
20.8022	16.1402
20.8728	16.1049
20.9434	16.1049
21.0141	16.1049
21.0847	16.1049
21.1553	16.1049
21.2260	16.1049
21.3319	16.1049
21.3672	16.1755
21.4379	16.2462
21.4379	16.3168
21.4732	16.3874
21.5085	16.4934
21.5792	16.5640
21.6145	16.6347
21.6851	16.7053
21.7557	16.7759
21.8264	16.8113
21.8970	16.9172
21.9323	16.9878
22.0030	17.0585
22.0383	17.1291
22.0736	17.1998
22.1089	17.3057
22.1442	17.3763
22.1442	17.4470
22.2149	17.5176
22.2502	17.6236
22.2502	17.6942
22.2502	17.7648
22.2502	17.8355
22.2502	17.9061
22.2502	17.9767
22.2502	18.0474
22.2502	18.1533
22.2502	18.2240
22.2502	18.2946
22.2502	18.3652
22.3208	18.4359
22.3561	18.5418
22.4268	18.6125
22.4621	18.6831
22.4621	18.7537
22.4974	18.8244
22.5327	18.9303
22.6034	19.0010
22.6740	19.0363
22.7446	19.0716
22.8506	19.1069
22.9212	19.1069
22.9919	19.1069
23.0625	19.1069
23.1331	19.1069
23.2038	19.1069
23.3097	19.1069
23.3804	19.1069
23.4510	19.1069
23.5216	19.1069
23.5923	19.0716
23.6982	19.0010
23.7689	18.9656
23.8395	18.8950
23.9101	18.8597
23.9101	18.9303
24.0161	19.0010
24.0867	19.0363
24.1574	19.0716
24.2280	19.0716
24.2986	19.0716
24.4046	19.0363
24.4752	19.0010
24.5458	18.9656
24.6165	18.9656
24.6871	18.9303
24.7578	18.9303
24.8637	18.9303
24.9343	18.9303
25.0050	18.9303
25.0756	18.9303
25.1462	18.9303
25.2169	18.9656
25.3228	18.9656
25.3582	19.0363
25.3935	19.1422
25.4641	19.1422
25.5347	19.1422
25.6054	19.1422
25.6054	19.1775
25.6760	19.2129
25.7820	19.2129
25.7820	19.2835
25.8173	19.3541
25.8173	19.4248
25.8526	19.4954
25.8879	19.6014
25.9232	19.6720
25.9939	19.7073
26.0645	19.7426
26.1705	19.8133
26.2411	19.8486
26.3117	19.8839
26.3824	19.9192
26.4883	19.9192
26.5590	19.9899
26.5943	20.0605
26.7002	20.0958
26.7709	20.1311
26.8062	20.2371
26.8768	20.2371
26.9121	20.3077
26.9121	20.4137
26.8768	20.4137
26.8062	20.4843
26.7355	20.5196
26.6296	20.5196
26.5943	20.5903
26.5236	20.6609
26.5236	20.7315
26.5943	20.7668
26.6296	20.8375
26.6296	20.9081
26.6296	20.9788
26.6296	21.0847
26.5943	21.1553
26.5236	21.1553
26.4177	21.1907
26.3824	21.2613
26.3117	21.3319
26.3117	21.4026
26.3117	21.4732
26.3117	21.5792
26.3824	21.6498
26.4530	21.6851
26.5236	21.6851
26.5943	21.7204
26.6649	21.7204
26.7355	21.7204
26.8415	21.7557
26.9121	21.7557
26.9828	21.7557
27.0534	21.7204
27.1240	21.7204
27.2300	21.6498
27.2653	21.5792
27.3006	21.5085
27.3713	21.4732
27.4066	21.4026
27.4419	21.3319
27.5125	21.3319
27.5832	21.3319
27.6185	21.2613
27.6185	21.1907
27.6185	21.1200
27.7244	21.0494
27.7951	21.0494
27.8657	21.0494
27.8657	21.0847
27.8657	21.1553
27.8657	21.2260
27.8657	21.2966
27.9364	21.3319
28.0070	21.3319
28.1129	21.3319
28.1836	21.3319
28.1836	21.3672
28.2189	21.4379
28.2189	21.5085
28.2895	21.5438
28.3955	21.5438
28.4661	21.5438
28.5368	21.5438
28.6074	21.5085
28.6780	21.5792
28.6780	21.6498
28.6780	21.7204
28.7487	21.7204
28.8193	21.7557
28.8899	21.7557
28.9606	21.7557
29.0312	21.7557
29.0665	21.8264
29.1372	21.8617
29.1725	21.9676
29.2431	22.0030
29.2431	22.0736
29.2431	22.1796
29.2431	22.2502
29.3491	22.2855
29.3491	22.3561
29.4197	22.3561
29.4903	22.3915
29.5610	22.3915
29.6316	22.3915
29.7022	22.4268
29.7376	22.4974
29.8082	22.5681
29.9141	22.6387
29.9848	22.6740
29.9848	22.7446
29.9495	22.8506
30.0201	22.8859
30.0907	22.8859
30.1614	22.8859
30.1967	22.9565
30.2320	23.0272
30.3026	23.0978
30.3733	23.0978
30.4439	23.0978
30.4439	23.1685
30.4792	23.2391
30.5499	23.2744
30.6205	23.2744
30.6558	23.3450
30.6911	23.4157
30.7618	23.4510
30.8324	23.4510
30.9030	23.4510
30.9737	23.4510
30.9737	23.4863
30.9737	23.5569
31.0090	23.6276
31.0796	23.6276
31.0796	23.7335
31.0796	23.8042
31.0796	23.8748
31.1856	23.9101
31.2562	23.9454
31.3269	24.0161
31.3622	24.0867
31.3975	24.1574
31.4681	24.2280
31.5388	24.2633
31.6094	24.2986
31.6800	24.3339
31.7860	24.3339
31.8566	24.3693
31.9273	24.3339
31.9626	24.2633
31.9979	24.1574
31.9979	24.0867
32.0332	24.0161
32.0332	23.9454
32.0332	23.8748
32.0332	23.8042
32.1038	23.6982
32.1392	23.6276
32.1745	23.5569
32.1392	23.5569
32.0332	23.5216
31.9626	23.5216
31.8919	23.4863
31.8213	23.4863
31.8213	23.4157
31.8213	23.3097
31.7507	23.2391
31.6800	23.2038
31.6094	23.2038
31.5388	23.2038
31.5388	23.1685
31.5388	23.0978
31.5741	23.0272
31.5388	22.9919
31.4681	22.9565
31.4681	22.8859
31.4681	22.8153
31.4681	22.7446
31.4328	22.6740
31.3622	22.6387
31.2562	22.6387
31.2209	22.5327
31.2209	22.4621
31.2209	22.3915
31.1503	22.3208
31.0796	22.3208
31.0090	22.2502
30.9384	22.2149
30.9030	22.1442
30.8324	22.0736
30.7618	22.0030
30.7971	21.9323
30.8324	21.8264
30.8324	21.7557
30.8324	21.6851
30.8677	21.6145
30.8324	21.5438
30.7618	21.5438
30.6558	21.5792
30.5852	21.6145
30.5145	21.6145
30.4439	21.6498
30.3733	21.6145
30.3733	21.5438
30.2673	21.5085
30.1967	21.5085
30.1261	21.5085
30.1261	21.4732
30.1261	21.3672
30.0907	21.2966
29.9848	21.2613
29.9141	21.1907
29.8435	21.1553
29.7729	21.1200
29.7022	21.0494
29.6316	20.9788
29.5610	20.9434
29.4550	20.8728
29.4550	20.8022
29.3844	20.7315
29.3137	20.6609
29.2431	20.6256
29.1372	20.5903
29.0665	20.5903
28.9959	20.5549
28.9606	20.4843
28.9606	20.4137
28.9606	20.3430
29.0312	20.3077
29.1018	20.2724
29.1725	20.2724
29.2431	20.2371
29.3137	20.2018
29.4197	20.1664
29.4197	20.0958
29.4197	19.9899
29.4550	19.9192
29.4903	19.8486
29.5257	19.7779
29.5610	19.6720
29.6316	19.6014
29.7022	19.6014
29.7729	19.5307
29.8435	19.4601
29.9495	19.3895
29.9848	19.3188
30.0554	19.2482
30.1261	19.1775
30.1261	19.1069
30.1261	19.0363
30.1261	18.9656
30.1967	18.8950
30.2673	18.8597
30.3380	18.8244
30.4086	18.7537
30.4439	18.6831
30.4439	18.5771
30.4439	18.5065
30.5145	18.4359
30.5852	18.3652
30.6558	18.3299
30.7265	18.2593
30.7265	18.1886
30.7265	18.0827
30.6911	18.0121
30.6911	17.9414
30.6911	17.8708
30.7618	17.8002
30.7971	17.6942
30.8677	17.6589
30.9384	17.5882
30.9737	17.4823
31.0090	17.4117
31.0090	17.3410
30.9384	17.3410
30.8677	17.3410
30.7971	17.3410
30.7265	17.3763
30.6205	17.4117
30.5499	17.4470
30.4792	17.4823
30.4086	17.5176
30.3380	17.5529
30.2320	17.5882
30.2320	17.5529
30.2320	17.4823
30.1614	17.4823
30.0907	17.4823
30.0554	17.5882
30.0554	17.6589
30.0554	17.7295
30.0554	17.8002
30.0554	17.8708
30.0554	17.9414
29.9848	17.9061
29.9141	17.8708
29.8435	17.9414
29.8435	18.0121
29.8435	18.0827
29.8435	18.1533
29.7729	18.1886
29.7022	18.1886
29.6316	18.1886
29.5257	18.2593
29.4550	18.2593
29.3844	18.2593
29.3491	18.3299
29.3491	18.4359
29.3491	18.5065
29.2431	18.5418
29.1725	18.5418
29.1018	18.5418
29.0312	18.5418
28.9959	18.6125
28.9959	18.7184
28.9606	18.7891
28.8899	18.8597
28.8546	18.9303
28.7840	19.0010
28.7133	19.0363
28.6780	19.1069
28.6074	19.0716
28.5368	19.0363
28.5368	19.1069
28.5368	19.1775
28.5368	19.2482
28.4308	19.3188
28.3955	19.3895
28.3248	19.4601
28.2542	19.4954
28.1483	19.4954
28.0776	19.5307
28.0070	19.5307
27.9364	19.5307
27.8657	19.4954
27.7598	19.4601
27.7598	19.3895
27.7598	19.3188
27.7598	19.2482
27.7951	19.1422
27.7598	19.1069
27.6538	19.1069
27.5832	19.1069
27.5125	19.1069
27.4772	19.0363
27.4772	18.9303
27.4066	18.9303
27.3713	18.8597
27.3713	18.7537
27.3713	18.6831
27.3006	18.6831
27.1947	18.6831
27.1240	18.6831
27.0534	18.7184
27.0181	18.6478
26.9828	18.5771
26.9475	18.5065
26.8768	18.4712
26.8768	18.4006
26.8768	18.3299
26.8768	18.2593
26.9121	18.2593
26.9828	18.2593
27.0534	18.2593
27.1594	18.2946
27.2300	18.2946
27.2653	18.2593
27.2653	18.1886
27.2653	18.1180
27.2653	18.0121
27.2653	17.9414
27.2653	17.8708
27.3360	17.8708
27.4066	17.8708
27.4772	17.8355
27.5479	17.8002
27.6185	17.7648
27.7244	17.7295
27.7951	17.7295
27.8657	17.6942
27.9364	17.6236
27.9364	17.5176
27.9364	17.4470
27.9364	17.3763
28.0070	17.3410
28.0776	17.3410
28.1483	17.3410
28.2189	17.3410
28.3248	17.3410
28.3955	17.3410
28.3955	17.2704
28.3955	17.1998
28.4308	17.1291
28.5014	17.1291
28.5721	17.0938
28.6780	17.0585
28.7487	17.0585
28.7840	16.9525
28.8546	16.9525
28.9606	16.9525
29.0312	16.8819
29.1018	16.8466
29.1725	16.9172
29.2431	16.9172
29.2784	16.8466
29.2784	16.7759
29.2784	16.7053
29.3491	16.7053
29.4197	16.7053
29.4903	16.6700
29.5610	16.5993
29.6669	16.5640
29.7376	16.5640
29.8082	16.5287
29.8082	16.4581
29.8082	16.3874
29.7729	16.2815
29.7729	16.2109
29.7376	16.2462
29.7376	16.3168
29.7729	16.3521
29.8435	16.3521
29.9141	16.3521
30.0201	16.3521
30.0907	16.3168
30.1261	16.2462
30.1967	16.2109
30.2673	16.2109
30.3026	16.1402
30.3380	16.0696
30.3380	15.9636
30.3733	15.8930
30.4439	15.8224
30.5145	15.7517
30.6205	15.7517
30.6911	15.6811
30.7618	15.6458
30.8324	15.5751
30.8324	15.4692
30.8324	15.3985
30.8677	15.3279
30.9384	15.2573
30.9737	15.1866
30.9384	15.1513
30.8677	15.0807
30.7618	15.0807
30.6911	15.1160
30.6205	15.1513
30.5499	15.2573
30.4439	15.2573
30.3733	15.2573
30.3026	15.2926
30.2320	15.3279
30.2320	15.2926
30.2320	15.1866
30.1614	15.1160
30.0907	15.1160
30.0907	15.1513
30.0907	15.2220
30.0907	15.3279
30.0907	15.3985
30.0907	15.4692
30.0201	15.5045
29.9495	15.5045
29.8788	15.5398
29.8082	15.5751
29.7022	15.6105
29.6316	15.6458
29.5610	15.6811
29.4903	15.6811
29.4197	15.7164
29.3137	15.7517
29.2431	15.7870
29.1725	15.8224
29.1018	15.8577
28.9959	15.8930
28.9252	15.9283
28.8546	15.9636
28.7840	15.9636
28.7133	15.9989
28.6427	16.1049
28.5721	16.1049
28.5014	16.1049
28.4308	16.1049
28.3248	16.1049
28.2542	16.1402
28.1836	16.1755
28.1129	16.1755
28.0423	16.2109
27.9364	16.2462
27.8657	16.2815
27.7951	16.3168
27.7244	16.3521
27.6538	16.3874
27.5479	16.4581
27.4772	16.4934
27.4066	16.5640
27.3360	16.5993
27.2300	16.6347
27.1594	16.7053
27.0887	16.7406
27.0181	16.8113
26.9121	16.8819
26.8415	16.9172
26.7709	16.9172
26.7002	16.9525
26.6296	17.0232
26.5590	17.0938
26.4883	17.1291
26.4177	17.2351
26.3471	17.2351
26.2764	17.3410
26.2058	17.3763
26.0998	17.4470
26.0292	17.4823
25.9586	17.5529
25.8879	17.5882
25.8173	17.6589
25.7467	17.7295
25.6760	17.7648
25.5701	17.8355
25.4994	17.8355
25.4288	17.8355
25.3582	17.8002
25.2875	17.7295
25.2522	17.6589
25.1816	17.5882
25.1462	17.5176
25.1462	17.4470
25.1462	17.3763
25.1816	17.3057
25.2522	17.2351
25.3582	17.1998
25.4288	17.1998
25.4994	17.1998
25.5347	17.0938
25.6054	17.0232
25.6407	16.9525
25.7113	16.8819
25.7820	16.8113
25.8526	16.7759
25.9586	16.7406
25.9586	16.6700
26.0645	16.5640
26.1351	16.5640
26.2058	16.5640
26.2764	16.5287
26.3471	16.4934
26.3471	16.4228
26.3471	16.3521
26.3471	16.2815
26.3824	16.2462
26.4530	16.1755
26.5236	16.1755
26.6296	16.1049
26.6296	16.1402
26.7002	16.1755
26.7709	16.1755
26.7709	16.0696
26.7709	15.9989
26.8415	15.9283
26.9475	15.8930
27.0181	15.8577
27.0887	15.8577
27.1594	15.7517
27.2653	15.7164
27.3006	15.6458
27.3713	15.5751
27.4772	15.5398
27.5479	15.4692
27.6185	15.3985
27.6891	15.3279
27.7951	15.2926
27.8304	15.2220
27.9010	15.1160
28.0070	15.0807
28.0776	15.0101
28.1483	14.9747
28.2189	14.9041
28.3248	14.9041
28.3955	14.9041
28.4661	14.8688
28.5368	14.7981
28.6074	14.7628
28.7133	14.7275
28.7840	14.6922
28.8546	14.6922
28.9252	14.6922
28.9959	14.7628
29.0665	14.7981
29.1018	14.7628
29.1018	14.6922
29.1725	14.6569
29.2431	14.6216
29.3137	14.6216
29.3844	14.6216
29.4550	14.6569
29.5257	14.6216
29.4903	14.5156
29.4550	14.4450
29.4550	14.3743
29.4903	14.3743
29.5610	14.3390
29.5963	14.2684
29.5610	14.1977
29.4903	14.1977
29.3844	14.1977
29.3137	14.2331
29.2431	14.2331
29.2431	14.1624
29.2431	14.0918
29.1725	14.0212
29.1018	14.0565
29.0312	14.0918
28.9606	14.1271
28.8899	14.0918
28.8193	14.0212
28.7487	14.0212
28.6780	14.0565
28.5721	14.0565
28.5014	14.0212
28.4308	14.0212
28.3602	13.9858
28.2895	13.9505
28.2189	13.8799
28.1483	13.8446
28.0776	13.8799
28.0070	13.9505
27.9364	13.9858
27.8657	13.9858
27.7951	14.0212
27.7244	14.0918
27.6538	14.1624
27.6185	14.2331
27.5479	14.3037
27.4772	14.3390
27.3713	14.3743
27.3006	14.4096
27.2300	14.4803
27.1594	14.5156
27.0887	14.5862
27.0534	14.5509
26.9828	14.4803
26.9475	14.4096
26.9121	14.3390
26.9121	14.2331
26.8768	14.1624
26.9121	14.1271
27.0181	14.0918
27.0887	14.0565
27.1594	14.0212
27.1594	13.9505
27.1594	13.8446
27.1240	13.8446
27.0534	13.8446
26.9828	13.8446
26.8768	13.8446
26.8062	13.8799
26.7709	13.8446
26.7709	13.7739
26.7002	13.6680
26.6649	13.5973
26.6296	13.5267
26.6296	13.4561
26.6296	13.3854
26.6296	13.2795
26.5943	13.2088
26.5943	13.1382
26.5943	13.0676
26.5943	12.9969
26.5943	12.9263
26.5943	12.8557
26.4883	12.8203
26.4530	12.8557
26.3824	12.8557
26.3824	12.7497
26.3824	12.6791
26.3117	12.6084
26.3117	12.5378
26.2411	12.4672
26.2411	12.3965
26.2411	12.3259
26.2411	12.2553
26.1705	12.2199
26.0645	12.1846
26.0645	12.1140
26.0292	12.0434
26.0292	11.9727
25.9586	11.9021
25.8879	11.9021
25.8526	11.9374
25.8526	12.0434
25.8526	11.9727
25.8526	11.9021
25.8526	11.8315
25.8526	11.7608
25.8879	11.6902
25.8526	11.6549
25.7820	11.6549
25.7820	11.6195
25.7820	11.5136
25.7820	11.4430
25.7820	11.3723
25.7113	11.3723
25.6760	11.4430
25.6054	11.5136
25.6054	11.4430
25.6054	11.3723
25.6054	11.3017
25.6054	11.2310
25.6054	11.1604
25.4994	11.1604
25.4288	11.1604
25.3935	11.1251
25.3582	11.0545
25.2875	11.0191
25.2169	10.9485
25.1816	10.8779
25.0756	10.8072
25.0403	10.7366
24.9697	10.6660
24.8990	10.5953
24.8637	10.5247
24.7578	10.4541
24.7224	10.3834
24.6518	10.3481
24.5812	10.2422
24.5105	10.2068
24.4399	10.1715
24.3693	10.1715
24.3693	10.2068
24.3693	10.3128
24.4046	10.3834
24.4399	10.4541
24.5458	10.5247
24.5812	10.5953
24.6165	10.6660
24.6518	10.7366
24.6871	10.8072
24.7224	10.9132
24.7578	10.9838
24.7578	11.0545
24.7931	11.1251
24.8284	11.1957
24.8637	11.3017
24.8990	11.3723
24.9343	11.4430
24.9343	11.5136
25.0050	11.5842
25.0756	11.6549
25.1462	11.6902
25.2522	11.7608
25.1816	11.7961
25.1109	11.8668
25.0403	11.9374
25.0756	12.0434
25.1462	12.0434
25.2522	12.0434
25.2169	12.0787
25.1816	12.1493
25.1816	12.2199
25.2169	12.2199
25.2875	12.2199
25.3582	12.2199
25.3582	12.3259
25.3228	12.3612
25.3228	12.4319
25.3935	12.4319
25.4288	12.5378
25.4641	12.6084
25.4288	12.6791
25.4288	12.7497
25.4994	12.8203
25.6054	12.8557
25.6054	12.9263
25.6760	13.0323
25.7113	13.1029
25.7113	13.1735
25.7820	13.2442
25.7820	13.3148
25.7467	13.3501
25.7467	13.4208
25.7820	13.4561
25.8526	13.4561
25.8879	13.5267
25.8879	13.5973
25.8879	13.7033
25.8173	13.7033
25.7467	13.7033
25.7467	13.7739
25.8173	13.8446
25.8879	13.8799
25.9586	13.8799
25.9939	13.9505
25.9232	13.9858
25.9232	14.0565
25.9586	14.1271
25.9939	14.1977
25.9586	14.1977
25.8879	14.2331
25.8879	14.3037
25.9232	14.3390
25.9939	14.3743
26.0998	14.3743
26.0998	14.4450
26.0998	14.5509
26.0998	14.6216
26.0998	14.6922
26.1351	14.7628
26.1705	14.8335
26.1705	14.9394
26.2058	15.0101
26.2411	15.0807
26.2411	15.1513
26.2058	15.1866
26.1351	15.2220
26.0645	15.2926
25.9939	15.3632
25.9232	15.4339
25.8526	15.5398
25.7820	15.5398
25.7113	15.6105
25.6054	15.6458
25.5347	15.7164
25.4641	15.7517
25.3935	15.8224
25.2875	15.8577
25.2169	15.8930
25.1462	15.9636
25.0756	15.9989
25.0050	16.0343
24.8990	16.0696
24.8284	16.1402
24.7578	16.1755
24.6871	16.2815
24.6165	16.3168
24.5812	16.3874
24.4752	16.4581
24.4046	16.4934
24.4046	16.4581
24.4399	16.3874
24.4399	16.3168
24.4399	16.2462
24.4399	16.1402
24.4752	16.0696
24.4752	15.9989
24.4752	15.9283
24.4752	15.8577
24.5105	15.7870
24.5105	15.6811
24.5458	15.6105
24.5458	15.5398
24.5812	15.4692
24.5812	15.3985
24.5812	15.3279
24.5812	15.2220
24.5812	15.1513
24.6165	15.0807
24.6165	15.0101
24.5812	14.9394
24.5458	14.8335
24.5458	14.7628
24.5105	14.6922
24.4752	14.6216
24.4752	14.5509
24.4752	14.4803
24.4752	14.3743
24.4752	14.3037
24.5458	14.2331
24.5458	14.1624
24.5812	14.0918
24.6518	13.9858
24.6518	13.9152
24.6871	13.8446
24.7224	13.7739
24.7224	13.7033
24.6871	13.6680
24.6165	13.6680
24.5458	13.6680
24.4752	13.6680
24.4752	13.5973
24.5458	13.5620
24.5458	13.4914
24.6165	13.3854
24.6871	13.3501
24.7578	13.2795
24.8284	13.2088
24.8637	13.1382
24.7931	13.0676
24.7224	13.0676
24.6518	13.0676
24.5812	13.1382
24.5105	13.1735
24.4046	13.2442
24.3339	13.2442
24.3339	13.1735
24.3339	13.1029
24.3339	13.0323
24.2986	12.9263
24.2633	12.8557
24.2280	12.7850
24.2633	12.7497
24.3339	12.6791
24.3339	12.6084
24.2986	12.5378
24.1927	12.5025
24.1220	12.4672
24.0867	12.3965
24.0867	12.3259
24.1220	12.2199
24.1220	12.1493
24.1220	12.0787
24.0867	12.0080
24.0867	11.9374
24.0867	11.8668
24.0867	11.7608
24.0867	11.6902
24.0867	11.6195
24.0867	11.5489
24.0867	11.4783
24.0867	11.4076
24.0867	11.3017
24.0867	11.2310
24.0867	11.1604
24.0867	11.0898
24.0867	11.0191
24.0867	10.9485
24.0867	10.8426
24.1220	10.7719
24.1220	10.7013
24.0867	10.6306
24.0161	10.5600
23.9454	10.4894
23.8748	10.4187
23.8748	10.3481
23.9101	10.3481
23.9101	10.3128
23.9101	10.2422
23.9454	10.1715
23.9808	10.0656
23.9808	9.9949
23.9454	9.9949
23.8748	10.0302
23.7689	10.0656
23.8042	10.0302
23.8395	9.9596
23.8395	9.8890
23.8748	9.7830
23.8748	9.7124
23.8042	9.6771
23.7335	9.6064
23.6629	9.5711
23.6629	9.5005
23.6629	9.3945
23.7335	9.3239
23.7689	9.2533
23.8395	9.1826
23.8748	9.0767
23.9454	9.0413
24.0161	8.9707
24.0161	8.8648
23.9808	8.8648
23.9101	8.8648
23.8395	8.8648
23.7335	8.8648
23.6629	8.9001
23.5923	8.9354
23.5569	8.8648
23.4863	8.7941
23.4157	8.7235
23.4157	8.6529
23.4157	8.5822
23.3804	8.5469
23.3097	8.5822
23.2391	8.6175
23.2038	8.5822
23.2038	8.4763
23.2038	8.4056
23.1331	8.3703
23.0272	8.3703
22.9565	8.2997
22.9212	8.2290
22.9212	8.1584
22.8859	8.1584
22.8153	8.1584
22.8153	8.1231
22.8153	8.0171
22.8153	7.9465
22.7800	7.8759
22.7800	7.8052
22.8153	7.7346
22.8153	7.6286
22.7800	7.6286
22.7093	7.6286
22.6387	7.6640
22.5327	7.6286
22.4974	7.5580
22.4268	7.4874
22.3915	7.4167
22.3561	7.3461
22.3208	7.2401
22.2855	7.1695
22.2149	7.0989
22.1796	7.0282
22.1089	6.9223
22.1442	6.8516
22.2149	6.8163
22.2855	6.8163
22.3915	6.8163
22.3915	6.7457
22.3561	6.6751
22.3915	6.6397
22.4621	6.5338
22.5327	6.5338
22.6034	6.5338
22.6740	6.5338
22.7093	6.4278
22.7093	6.3572
22.7093	6.2866
22.7800	6.2512
22.8859	6.2512
22.8859	6.1453
22.8859	6.0747
22.9212	6.0040
22.9919	5.9687
23.0625	5.8981
23.0978	5.8274
23.1685	5.7568
23.2038	5.6508
23.2744	5.5802
23.2744	5.5096
23.3450	5.4389
23.3804	5.3330
23.4157	5.2623
23.4863	5.1917
23.4157	5.1564
23.3450	5.1564
23.2744	5.1917
23.2038	5.2977
23.1331	5.3683
23.0625	5.4389
22.9919	5.5449
22.8859	5.6155
22.8153	5.6508
22.7446	5.7568
22.6740	5.7568
22.5681	5.8274
22.5681	5.8981
22.4621	5.9687
22.3915	6.0040
22.3561	6.0747
22.3208	6.1806
22.2502	6.2512
22.1796	6.2866
22.1089	6.3219
22.0383	6.3572
21.9676	6.3925
21.8617	6.4632
21.8617	6.5338
21.8617	6.6044
21.7911	6.5691
21.7204	6.5691
21.6498	6.5338
21.5792	6.5338
21.5085	6.4632
21.4732	6.3925
21.3672	6.3219
21.3672	6.2512
21.2613	6.2512
21.1907	6.2512
21.1907	6.2159
21.1907	6.1100
21.1553	6.0393
21.1553	5.9687
21.0847	5.9334
20.9788	5.9334
20.9081	5.8981
20.8375	5.8274
20.7668	5.7215
20.7668	5.6508
20.7668	5.5802
20.7668	5.5096
20.6609	5.4743
20.5903	5.4743
20.5196	5.5096
20.4490	5.5096
20.4490	5.4743
20.4137	5.4036
20.3784	5.3330
20.3784	5.2623
20.3077	5.2623
20.2018	5.2623
20.2018	5.1564
20.1664	5.0858
20.1311	5.0151
20.0605	4.9798
19.9899	4.9798
19.9192	4.9798
19.8133	4.9798
19.7426	4.9092
19.6720	4.8739
19.6720	4.7679
19.6720	4.6973
19.6720	4.6266
19.6720	4.5560
19.6720	4.4854
19.6367	4.4500
19.5660	4.4500
19.4954	4.4854
19.4248	4.4854
19.4248	4.4500
19.4248	4.3794
19.4248	4.3088
19.3895	4.2381
19.3188	4.2028
19.2129	4.2028
19.1422	4.2028
19.0716	4.2734
19.0716	4.2381
