14.0456	3.2356
14.0158	3.2356
13.9711	3.1908
13.9413	3.1908
13.9114	3.1759
13.8816	3.1610
13.8369	3.1461
13.8071	3.1312
13.7922	3.1461
13.7623	3.1759
13.7325	3.2207
13.7027	3.2505
13.6729	3.2803
13.6580	3.3101
13.6281	3.3250
13.5983	3.3250
13.5685	3.3250
13.5387	3.3250
13.4939	3.3250
13.4939	3.3548
13.4641	3.3847
13.4492	3.4145
13.4194	3.4443
13.3747	3.4443
13.3448	3.4741
13.3150	3.4890
13.2852	3.4890
13.2405	3.4741
13.2405	3.4890
13.2256	3.5338
13.2106	3.5636
13.1957	3.5934
13.1659	3.6083
13.1212	3.6083
13.0914	3.6083
13.0615	3.6083
13.0317	3.6232
13.0019	3.6531
13.0019	3.6978
13.0019	3.7276
13.0019	3.7574
12.9721	3.7873
12.9423	3.7873
12.9124	3.8022
12.8826	3.8022
12.8379	3.8022
12.8081	3.8171
12.7782	3.8171
12.7633	3.8618
12.7633	3.8916
12.7484	3.9214
12.7186	3.9214
12.6888	3.9214
12.6440	3.9214
12.6142	3.9364
12.5993	3.9811
12.5546	3.9960
12.5397	4.0258
12.5099	4.0556
12.4949	4.0855
12.4651	4.1153
12.4353	4.1153
12.4055	4.1153
12.3757	4.1451
12.3607	4.1749
12.3607	4.2047
12.3607	4.2346
12.3607	4.2644
12.3458	4.3091
12.3309	4.3389
12.3011	4.3538
12.2713	4.3389
12.2266	4.3389
12.1967	4.3240
12.1669	4.3240
12.1371	4.3240
12.1073	4.3240
12.1073	4.3538
12.0924	4.3837
12.0924	4.4135
12.0924	4.4433
12.0924	4.4731
12.0775	4.5030
12.0476	4.5030
12.0178	4.5030
11.9880	4.4880
11.9582	4.4880
11.9433	4.5030
11.9134	4.5477
11.8836	4.5626
11.8538	4.5626
11.8240	4.5626
11.7942	4.5626
11.7494	4.5626
11.7494	4.5179
11.7643	4.4880
11.7792	4.4582
11.7792	4.4284
11.8091	4.3986
11.8091	4.3538
11.8240	4.3240
11.7942	4.3240
11.7643	4.3240
11.7494	4.2793
11.7494	4.2495
11.7494	4.2197
11.7494	4.1898
11.7494	4.1600
11.7494	4.1302
11.7494	4.0855
11.7196	4.0705
11.7196	4.0407
11.7047	4.0109
11.6898	3.9662
11.7047	3.9364
11.7196	3.9065
11.7345	3.8767
11.7345	3.8469
11.7345	3.8022
11.7345	3.7723
11.7345	3.7425
11.7196	3.7127
11.7047	3.6829
11.6749	3.6829
11.6301	3.6829
11.6003	3.6978
11.5705	3.7127
11.5407	3.7127
11.5109	3.7276
11.4661	3.7574
11.4363	3.7574
11.4065	3.7723
11.3767	3.7873
11.3468	3.8022
11.3021	3.8171
11.3021	3.8469
11.3021	3.8767
11.2872	3.9065
11.2872	3.9513
11.2723	3.9811
11.2723	4.0109
11.2723	4.0407
11.2723	4.0705
11.2425	4.0705
11.2126	4.0705
11.1828	4.0705
11.1381	4.0855
11.1381	4.1153
11.1232	4.1451
11.1232	4.1898
11.1232	4.2197
11.1232	4.2495
11.1381	4.2793
11.1381	4.3091
11.1381	4.3389
11.1381	4.3837
11.1232	4.4135
11.0934	4.4433
11.0635	4.4731
11.0337	4.5179
11.0039	4.5477
10.9890	4.5775
10.9592	4.6073
10.9592	4.6521
10.9293	4.6819
10.9144	4.7117
10.8995	4.7415
10.8846	4.7713
10.8548	4.8012
10.8399	4.8310
10.8250	4.8608
10.8101	4.9055
10.7952	4.9354
10.7802	4.9652
10.7802	4.9950
10.7802	5.0248
10.7802	5.0546
10.7802	5.0994
10.7653	5.1292
10.7653	5.1590
10.7653	5.1888
10.7653	5.2187
10.7653	5.2485
10.7653	5.2932
10.7653	5.3230
10.7653	5.3528
10.7653	5.3827
10.7653	5.4125
10.7653	5.4423
10.7653	5.4870
10.7653	5.5169
10.7802	5.5467
10.7802	5.5765
10.8101	5.6063
10.8250	5.6511
10.8548	5.6809
10.8697	5.7107
10.9144	5.7405
10.9293	5.7852
10.9592	5.7852
10.9890	5.8151
11.0188	5.8449
11.0188	5.8747
11.0188	5.9045
11.0337	5.9493
11.0486	5.9791
11.0337	5.9791
11.0039	5.9940
11.0039	6.0238
11.0039	6.0536
11.0486	6.0685
11.0785	6.0835
11.1083	6.0984
11.1381	6.1133
11.1679	6.1282
11.2126	6.1431
11.2425	6.1431
11.2723	6.1282
11.3021	6.1282
11.3319	6.1282
11.3468	6.1580
11.3767	6.1729
11.4214	6.2027
11.4512	6.2027
11.4810	6.2475
11.5109	6.2475
11.5556	6.2475
11.5854	6.2475
11.6152	6.2326
11.6450	6.2326
11.6749	6.2326
11.7047	6.2624
11.7345	6.2773
11.7643	6.2773
11.7942	6.2922
11.8240	6.2922
11.8687	6.3071
11.8985	6.3220
11.9283	6.3220
11.9582	6.3220
11.9880	6.3220
12.0327	6.2922
12.0327	6.2624
12.0327	6.2326
12.0327	6.2027
12.0476	6.1729
12.0775	6.1580
12.1222	6.1431
12.1520	6.1282
12.1818	6.0984
12.2116	6.0685
12.2415	6.0387
12.2713	6.0089
12.3011	5.9791
12.3309	5.9642
12.3607	5.9344
12.3757	5.9045
12.3757	5.8747
12.3757	5.8449
12.3757	5.8002
12.3458	5.8002
12.3160	5.8002
12.2862	5.8002
12.2713	5.7852
12.2713	5.7554
12.2713	5.7256
12.2564	5.6809
12.2266	5.6809
12.1967	5.6660
12.1818	5.6361
12.1818	5.5914
12.1967	5.5616
12.2266	5.5318
12.2266	5.5020
12.2564	5.4721
12.2862	5.4423
12.3160	5.4125
12.3458	5.3976
12.3607	5.3678
12.3607	5.3379
12.3458	5.3081
12.3458	5.2634
12.3607	5.2336
12.4055	5.2187
12.4353	5.1888
12.4651	5.1590
12.4651	5.1292
12.4502	5.0845
12.4651	5.0845
12.4949	5.0845
12.5248	5.0845
12.5695	5.0845
12.5993	5.0695
12.6142	5.0397
12.6142	4.9950
12.5993	4.9652
12.5993	4.9354
12.6142	4.9204
12.6590	4.8906
12.6888	4.8757
12.7186	4.8608
12.7484	4.8459
12.7782	4.8310
12.8230	4.8310
12.8528	4.8161
12.8826	4.8012
12.8826	4.7713
12.8677	4.7564
12.8528	4.7266
12.8677	4.7266
12.8975	4.7117
12.9423	4.7117
12.9423	4.6670
12.9423	4.6371
12.9423	4.6073
12.9721	4.5924
13.0019	4.5626
13.0317	4.5477
13.0615	4.5477
13.1063	4.5477
13.1361	4.5179
13.1659	4.5030
13.1957	4.4731
13.1659	4.4433
13.1361	4.4284
13.1212	4.3986
13.1212	4.3688
13.1510	4.3240
13.1808	4.3091
13.2106	4.2942
13.2405	4.2793
13.2703	4.2793
13.3001	4.2793
13.3448	4.2793
13.3448	4.2495
13.3448	4.2197
13.3150	4.2047
13.3001	4.1600
13.3150	4.1451
13.3448	4.1153
13.3747	4.1004
13.4045	4.0855
13.4343	4.0855
13.4343	4.0407
13.4343	4.0109
13.4641	4.0109
13.5089	4.0109
13.5387	4.0258
13.5685	4.0258
13.5983	4.0258
13.6132	3.9960
13.6281	3.9662
13.6281	3.9364
13.6132	3.9065
13.5834	3.8618
13.6132	3.8320
13.6281	3.8022
13.6430	3.7723
13.6729	3.7425
13.7176	3.7276
13.7474	3.7127
13.7772	3.6829
13.8071	3.6680
13.8071	3.6381
13.7772	3.6083
13.7922	3.5934
13.8369	3.5636
13.8518	3.5338
13.8816	3.5189
13.9114	3.4741
13.9263	3.4443
13.9711	3.4294
13.9860	3.3847
14.0158	3.3548
14.0605	3.3399
14.0605	3.2952
14.1053	3.2952
14.0754	3.2952
