20.1367	10.6592
20.1367	10.6674
20.1039	10.6674
20.1039	10.6756
20.0875	10.6756
20.0875	10.6838
20.0711	10.6838
20.0711	10.6920
20.0547	10.6920
20.0547	10.7002
20.0383	10.7002
20.0383	10.7084
20.0301	10.7084
20.0301	10.7166
20.0219	10.7166
20.0219	10.7248
20.0137	10.7248
20.0137	10.7330
20.0054	10.7330
20.0054	10.7412
20.0054	10.7494
19.9890	10.7494
19.9890	10.7576
19.9890	10.7659
19.9726	10.7659
19.9726	10.7741
19.9644	10.7741
19.9644	10.7823
19.9562	10.7823
19.9562	10.7905
19.9562	10.7987
19.9480	10.7987
19.9480	10.8069
19.9398	10.8151
19.9398	10.8233
19.9398	10.8315
19.9234	10.8315
19.9234	10.8397
19.9234	10.8479
19.9234	10.8561
19.9234	10.8643
19.9152	10.8643
19.9152	10.8725
19.9152	10.8807
19.9070	10.8807
19.9070	10.8889
19.9070	10.8971
19.9070	10.9053
19.9070	10.9136
19.9070	10.9218
19.9070	10.9300
19.9070	10.9382
19.9070	10.9464
19.9070	10.9546
19.9070	10.9628
19.9070	10.9710
19.9070	10.9792
19.9070	10.9874
19.9070	10.9956
19.9070	11.0038
19.9070	11.0120
19.9070	11.0202
19.9152	11.0202
19.9152	11.0284
19.9152	11.0366
19.9152	11.0448
19.9152	11.0531
19.9152	11.0613
19.9152	11.0695
19.9152	11.0777
19.9152	11.0859
19.9152	11.0941
19.9152	11.1023
19.9152	11.1105
19.9152	11.1187
19.9152	11.1269
19.9152	11.1351
19.9152	11.1433
19.9234	11.1433
19.9234	11.1515
19.9234	11.1597
19.9234	11.1679
19.9234	11.1761
19.9234	11.1843
19.9234	11.1925
19.9234	11.2008
19.9234	11.2090
19.9316	11.2090
19.9316	11.2172
19.9316	11.2254
19.9398	11.2254
19.9398	11.2336
19.9398	11.2418
19.9398	11.2500
19.9480	11.2500
19.9480	11.2582
19.9480	11.2664
19.9562	11.2664
19.9562	11.2746
19.9562	11.2828
19.9562	11.2910
19.9644	11.2910
19.9644	11.2992
19.9644	11.3074
19.9726	11.3074
19.9726	11.3156
19.9726	11.3238
19.9726	11.3320
19.9726	11.3403
19.9726	11.3485
19.9726	11.3567
19.9808	11.3567
19.9808	11.3649
19.9808	11.3731
19.9890	11.3731
19.9890	11.3813
19.9890	11.3895
19.9890	11.3977
19.9890	11.4059
19.9890	11.4141
19.9890	11.4223
19.9890	11.4305
19.9890	11.4387
19.9890	11.4469
19.9890	11.4551
19.9890	11.4633
19.9890	11.4715
19.9890	11.4797
19.9808	11.4797
19.9808	11.4880
19.9808	11.4962
19.9726	11.4962
19.9726	11.5044
19.9644	11.5044
19.9644	11.5126
19.9562	11.5126
19.9562	11.5208
19.8249	11.5208
19.8249	11.5126
19.8003	11.5126
19.7921	11.5044
19.7265	11.5044
19.7265	11.4962
19.7183	11.4962
19.7100	11.4880
19.6854	11.4880
19.6772	11.4797
19.6608	11.4797
19.6608	11.4715
19.6280	11.4715
19.6280	11.4633
19.6116	11.4633
19.6116	11.4551
19.5788	11.4551
19.5788	11.4469
19.5705	11.4469
19.5623	11.4387
19.5295	11.4387
19.5295	11.4305
19.5131	11.4305
19.5131	11.4223
19.4475	11.4223
19.4475	11.4141
19.4228	11.4141
19.4146	11.4059
19.3736	11.4059
19.3736	11.3977
19.3244	11.3977
19.3244	11.3895
19.2423	11.3895
19.2341	11.3813
19.2259	11.3813
19.2259	11.3731
19.1849	11.3731
19.1849	11.3649
19.1603	11.3649
19.1603	11.3567
19.1356	11.3567
19.1356	11.3485
19.1192	11.3485
19.1192	11.3403
19.0864	11.3403
19.0864	11.3320
19.0618	11.3320
19.0618	11.3238
18.9879	11.3238
18.9879	11.3320
18.9633	11.3320
18.9633	11.3403
18.9223	11.3403
18.9223	11.3485
18.9059	11.3485
18.9059	11.3567
18.8813	11.3567
18.8813	11.3649
18.8731	11.3649
18.8731	11.3731
18.8731	11.3813
18.8567	11.3813
18.8567	11.3895
18.8567	11.3977
18.8484	11.3977
18.8484	11.4059
18.8402	11.4059
18.8402	11.4141
18.8402	11.4223
18.8320	11.4223
18.8320	11.4305
18.8320	11.4387
18.8320	11.4469
18.8320	11.4551
18.8320	11.4633
18.8320	11.4715
18.8320	11.4797
18.8320	11.4880
18.8320	11.4962
18.8320	11.5044
18.8320	11.5126
18.8320	11.5208
18.8320	11.5290
18.8320	11.5372
18.8320	11.5454
18.8320	11.5536
18.8320	11.5618
18.8320	11.5700
18.8320	11.5782
18.8320	11.5864
18.8320	11.5946
18.8320	11.6028
18.8402	11.6028
18.8402	11.6110
18.8402	11.6192
18.8402	11.6274
18.8402	11.6357
18.8567	11.6357
18.8567	11.6439
18.8567	11.6521
18.8567	11.6603
18.8567	11.6685
18.8649	11.6685
18.8649	11.6767
18.8649	11.6849
18.8731	11.6849
18.8731	11.6931
18.8731	11.7013
18.8813	11.7013
18.8813	11.7095
18.8895	11.7095
18.8895	11.7177
18.8977	11.7259
18.8977	11.7341
18.9059	11.7341
18.9059	11.7423
18.9141	11.7505
18.9223	11.7505
18.9223	11.7587
18.9223	11.7669
18.9305	11.7669
18.9305	11.7752
18.9387	11.7752
18.9387	11.7834
18.9469	11.7834
18.9469	11.7916
18.9551	11.7916
18.9551	11.7998
18.9551	11.8080
18.9633	11.8080
18.9633	11.8162
18.9715	11.8162
18.9715	11.8244
18.9797	11.8244
18.9797	11.8326
18.9879	11.8326
18.9879	11.8408
18.9962	11.8408
18.9962	11.8490
19.0044	11.8490
19.0126	11.8572
19.0126	11.8654
19.0208	11.8654
19.0208	11.8736
19.0372	11.8736
19.0372	11.8818
19.0454	11.8818
19.0454	11.8900
19.0536	11.8900
19.0536	11.8982
19.0700	11.8982
19.0700	11.9064
19.0700	11.9146
19.0864	11.9146
19.0946	11.9229
19.1028	11.9229
19.1028	11.9311
19.1192	11.9311
19.1192	11.9393
19.1274	11.9393
19.1356	11.9475
19.1521	11.9475
19.1521	11.9557
19.1521	11.9639
19.1685	11.9639
19.1685	11.9721
19.1849	11.9721
19.1849	11.9803
19.1931	11.9803
19.2013	11.9885
19.2013	11.9967
19.2177	11.9967
19.2259	12.0049
19.2341	12.0049
19.2341	12.0131
19.2669	12.0131
19.2669	12.0213
19.2669	12.0295
19.2916	12.0295
19.2916	12.0377
19.2998	12.0377
19.3080	12.0459
19.3162	12.0459
19.3162	12.0541
19.3326	12.0541
19.3326	12.0624
19.3490	12.0624
19.3572	12.0706
19.3736	12.0706
19.3736	12.0788
19.3982	12.0788
19.3982	12.0870
19.4064	12.0870
19.4064	12.0952
19.4311	12.0952
19.4311	12.1034
19.4475	12.1034
19.4475	12.1116
19.4639	12.1116
19.4639	12.1198
19.4721	12.1198
19.4803	12.1280
19.4967	12.1280
19.5049	12.1362
19.5131	12.1362
19.5131	12.1444
19.5377	12.1444
19.5377	12.1526
19.5541	12.1526
19.5541	12.1608
19.5623	12.1608
19.5623	12.1690
19.5788	12.1690
19.5788	12.1772
19.5952	12.1772
19.5952	12.1854
19.6116	12.1854
19.6116	12.1936
19.6280	12.1936
19.6280	12.2018
19.6280	12.2101
19.6690	12.2101
19.6690	12.2183
19.6854	12.2183
19.6936	12.2265
19.7100	12.2265
19.7183	12.2347
19.7347	12.2347
19.7429	12.2429
19.7593	12.2429
19.7593	12.2511
19.7757	12.2511
19.7757	12.2593
19.8085	12.2593
19.8085	12.2675
19.8249	12.2675
19.8249	12.2757
19.8495	12.2757
19.8577	12.2839
19.8742	12.2839
19.8742	12.2921
19.8988	12.2921
19.8988	12.3003
19.9070	12.3003
19.9070	12.3085
19.9398	12.3085
19.9398	12.3167
19.9480	12.3249
19.9726	12.3249
19.9726	12.3331
19.9890	12.3331
19.9890	12.3413
20.0219	12.3413
20.0219	12.3495
20.0383	12.3495
20.0383	12.3578
20.0547	12.3578
20.0547	12.3660
20.0711	12.3660
20.0711	12.3742
20.0875	12.3742
20.0957	12.3824
20.0957	12.3906
20.1203	12.3906
20.1203	12.3988
20.1367	12.3988
20.1367	12.4070
20.1532	12.4070
20.1532	12.4152
20.1614	12.4152
20.1696	12.4234
20.1778	12.4234
20.1778	12.4316
20.1860	12.4316
20.1860	12.4398
20.2106	12.4398
20.2106	12.4480
20.2188	12.4480
20.2188	12.4562
20.2270	12.4562
20.2270	12.4644
20.2352	12.4644
20.2352	12.4726
20.2434	12.4726
20.2434	12.4808
20.2516	12.4808
20.2516	12.4890
20.2680	12.4890
20.2680	12.4973
20.2735	12.4973
20.2735	12.5000
20.2762	12.5000
20.2762	12.5027
20.2872	12.5027
20.2872	12.5055
20.2926	12.5055
20.2926	12.5082
20.2981	12.5082
20.2981	12.5109
20.3036	12.5109
20.3036	12.5137
20.3063	12.5164
20.3091	12.5164
20.3091	12.5191
20.3145	12.5191
20.3145	12.5219
20.3173	12.5219
20.3173	12.5246
20.3200	12.5246
20.3200	12.5273
20.3255	12.5273
20.3255	12.5301
20.3282	12.5301
20.3282	12.5328
20.3309	12.5328
20.3337	12.5355
20.3364	12.5383
20.3391	12.5383
20.3391	12.5410
20.3419	12.5410
20.3419	12.5438
20.3474	12.5465
20.3474	12.5492
20.3501	12.5492
20.3528	12.5520
20.3556	12.5520
20.3556	12.5547
20.3583	12.5547
20.3610	12.5574
20.3610	12.5602
20.3638	12.5602
20.3638	12.5629
20.3665	12.5629
20.3692	12.5656
20.3720	12.5656
20.3747	12.5711
20.3774	12.5711
20.3802	12.5738
20.3829	12.5766
20.3856	12.5766
20.3856	12.5793
20.3884	12.5793
20.3884	12.5820
20.3911	12.5848
20.3966	12.5848
20.3966	12.5875
20.3993	12.5875
20.3993	12.5902
20.4021	12.5902
20.4021	12.5930
20.4048	12.5930
20.4048	12.5957
20.4075	12.5957
20.4075	12.5985
20.4103	12.5985
20.4130	12.6012
20.4157	12.6039
20.4185	12.6067
20.4212	12.6094
20.4239	12.6094
20.4267	12.6121
20.4294	12.6121
20.4294	12.6149
20.4321	12.6176
20.4349	12.6176
20.4349	12.6203
20.4404	12.6203
20.4404	12.6231
20.4431	12.6231
20.4431	12.6258
20.4458	12.6285
20.4486	12.6313
20.4513	12.6313
20.4540	12.6340
20.4540	12.6367
20.4568	12.6395
20.4622	12.6395
20.4622	12.6422
20.4650	12.6422
20.4650	12.6450
20.4677	12.6450
20.4704	12.6477
20.4732	12.6504
20.4732	12.6532
20.4759	12.6532
20.4759	12.6559
20.4786	12.6559
20.4786	12.6586
20.4841	12.6614
20.4841	12.6641
20.4869	12.6641
20.4869	12.6668
20.4896	12.6668
20.4896	12.6696
20.4923	12.6723
20.4951	12.6723
20.4951	12.6750
20.4978	12.6750
20.4978	12.6778
20.5005	12.6778
20.5005	12.6805
20.5033	12.6805
20.5033	12.6832
20.5060	12.6832
20.5060	12.6860
20.5087	12.6860
20.5115	12.6887
20.5115	12.6915
20.5142	12.6942
20.5169	12.6969
20.5197	12.6997
20.5224	12.7024
20.5224	12.7051
20.5251	12.7079
20.5279	12.7106
20.5306	12.7133
20.5333	12.7188
20.5361	12.7215
20.5416	12.7243
20.5443	12.7297
20.5443	12.7325
20.5470	12.7325
20.5498	12.7352
20.5525	12.7380
20.5525	12.7407
20.5552	12.7434
20.5580	12.7434
20.5607	12.7489
20.5634	12.7516
20.5662	12.7544
20.5662	12.7571
20.5689	12.7571
20.5716	12.7626
20.5744	12.7653
20.5771	12.7680
20.5798	12.7735
20.5826	12.7762
20.5853	12.7790
20.5881	12.7817
20.5908	12.7872
20.5935	12.7899
20.5963	12.7899
20.5990	12.7927
20.5990	12.7981
20.6017	12.7981
20.6017	12.8036
20.6045	12.8036
20.6072	12.8091
20.6099	12.8118
20.6099	12.8145
20.6127	12.8200
20.6154	12.8227
20.6209	12.8255
20.6236	12.8309
20.6263	12.8337
20.6291	12.8337
20.6291	12.8364
20.6318	12.8392
20.6318	12.8419
20.6346	12.8419
20.6346	12.8446
20.6373	12.8446
20.6373	12.8474
20.6373	12.8501
20.6400	12.8528
20.6428	12.8528
20.6428	12.8556
20.6428	12.8583
20.6455	12.8583
20.6455	12.8610
20.6482	12.8638
20.6482	12.8665
20.6482	12.8692
20.6537	12.8692
20.6537	12.8720
20.6564	12.8774
20.6564	12.8802
20.6592	12.8802
20.6592	12.8829
20.6619	12.8884
20.6646	12.8911
20.6646	12.8939
20.6674	12.8939
20.6674	12.8966
20.6701	12.9021
20.6701	12.9048
20.6728	12.9048
20.6756	12.9103
20.6783	12.9103
20.6783	12.9130
20.6810	12.9157
20.6838	12.9212
20.6865	12.9239
20.6865	12.9267
20.6893	12.9267
20.6893	12.9322
20.6893	12.9349
20.6920	12.9376
20.6947	12.9404
20.6975	12.9431
20.6975	12.9458
20.7002	12.9513
20.7029	12.9540
20.7029	12.9568
20.7057	12.9595
20.7057	12.9622
20.7057	12.9650
20.7084	12.9650
20.7084	12.9677
20.7084	12.9704
20.7111	12.9704
20.7111	12.9732
20.7111	12.9759
20.7139	12.9787
20.7139	12.9814
20.7139	12.9841
20.7166	12.9841
20.7166	12.9896
20.7193	12.9896
20.7221	12.9923
20.7221	12.9951
20.7248	13.0005
20.7275	13.0005
20.7275	13.0033
20.7275	13.0060
20.7303	13.0087
20.7303	13.0115
20.7330	13.0142
20.7330	13.0169
20.7358	13.0197
20.7358	13.0224
20.7385	13.0252
20.7385	13.0279
20.7385	13.0306
20.7385	13.0334
20.7412	13.0334
20.7412	13.0361
20.7440	13.0388
20.7440	13.0416
20.7440	13.0443
20.7440	13.0470
20.7467	13.0470
20.7467	13.0498
20.7494	13.0525
20.7494	13.0552
20.7494	13.0580
20.7522	13.0580
20.7522	13.0607
20.7549	13.0607
20.7549	13.0634
20.7576	13.0662
20.7576	13.0689
20.7576	13.0716
20.7604	13.0744
20.7604	13.0771
20.7604	13.0799
20.7631	13.0799
20.7631	13.0826
20.7658	13.0853
20.7658	13.0881
20.7686	13.0908
20.7686	13.0935
20.7686	13.0963
20.7713	13.0963
20.7713	13.0990
20.7713	13.1017
20.7740	13.1017
20.7740	13.1045
20.7768	13.1072
20.7768	13.1099
20.7795	13.1154
20.7823	13.1181
20.7823	13.1236
20.7877	13.1291
20.7905	13.1373
20.7932	13.1428
20.7959	13.1482
20.7959	13.1510
20.7987	13.1537
20.8014	13.1564
20.8014	13.1592
20.8041	13.1592
20.8041	13.1619
20.8041	13.1646
20.8069	13.1646
20.8069	13.1701
20.8096	13.1701
20.8123	13.1729
20.8123	13.1756
20.8151	13.1783
20.8151	13.1811
20.8151	13.1838
20.8178	13.1838
20.8178	13.1865
20.8205	13.1865
20.8205	13.1893
20.8205	13.1920
20.8233	13.1920
20.8233	13.1947
20.8233	13.1975
20.8233	13.2002
20.8233	13.2029
20.8260	13.2029
20.8260	13.2057
20.8260	13.2084
20.8288	13.2084
20.8288	13.2111
20.8288	13.2139
20.8288	13.2166
20.8315	13.2194
20.8315	13.2221
20.8342	13.2221
20.8342	13.2276
20.8342	13.2303
20.8342	13.2330
20.8370	13.2385
20.8370	13.2412
20.8397	13.2467
20.8397	13.2522
20.8397	13.2549
20.8397	13.2576
20.8397	13.2604
20.8424	13.2631
20.8452	13.2659
20.8452	13.2686
20.8452	13.2713
20.8452	13.2741
20.8452	13.2768
20.8452	13.2795
20.8452	13.2823
20.8479	13.2850
20.8479	13.2877
20.8479	13.2932
20.8479	13.2959
20.8479	13.2987
20.8479	13.3014
20.8479	13.3069
20.8506	13.3069
20.8506	13.3096
20.8506	13.3123
20.8506	13.3151
20.8506	13.3178
20.8506	13.3206
20.8506	13.3233
20.8534	13.3233
20.8534	13.3288
20.8534	13.3315
20.8534	13.3342
20.8534	13.3370
20.8534	13.3397
20.8534	13.3424
20.8561	13.3452
20.8561	13.3506
20.8561	13.3534
20.8561	13.3561
20.8561	13.3643
20.8561	13.3671
20.8561	13.3698
20.8561	13.3725
20.8561	13.3753
20.8561	13.3780
20.8561	13.3807
20.8561	13.3835
20.8561	13.3862
20.8561	13.3889
20.8561	13.3917
20.8561	13.3971
20.8561	13.3999
20.8561	13.4026
20.8561	13.4053
20.8561	13.4081
20.8561	13.4108
20.8561	13.4136
20.8561	13.4163
20.8561	13.4190
20.8561	13.4218
20.8561	13.4245
20.8561	13.4272
20.8534	13.4272
20.8534	13.4300
20.8534	13.4327
20.8534	13.4354
20.8534	13.4382
20.8534	13.4409
20.8534	13.4436
20.8506	13.4464
20.8506	13.4491
20.8506	13.4546
20.8506	13.4601
20.8506	13.4655
20.8506	13.4683
20.8506	13.4710
20.8506	13.4737
20.8506	13.4765
20.8506	13.4792
20.8506	13.4819
20.8506	13.4847
20.8506	13.4874
20.8506	13.4901
20.8479	13.4901
20.8479	13.4929
20.8479	13.4983
20.8479	13.5011
20.8479	13.5038
20.8479	13.5066
20.8452	13.5093
20.8424	13.5120
20.8424	13.5148
20.8424	13.5202
20.8424	13.5230
20.8397	13.5257
20.8397	13.5312
20.8397	13.5339
20.8397	13.5366
20.8370	13.5421
20.8370	13.5448
20.8370	13.5476
20.8342	13.5476
20.8315	13.5503
20.8315	13.5530
20.8315	13.5558
20.8288	13.5558
20.8288	13.5585
20.8288	13.5613
20.8288	13.5640
20.8260	13.5667
20.8260	13.5695
20.8260	13.5722
20.8233	13.5722
20.8205	13.5749
20.8205	13.5777
20.8205	13.5804
20.8178	13.5831
20.8178	13.5859
20.8178	13.5886
20.8151	13.5913
20.8151	13.5941
20.8151	13.5968
20.8151	13.5995
20.8123	13.5995
20.8123	13.6023
20.8096	13.6023
20.8096	13.6050
20.8096	13.6078
20.8096	13.6105
20.8069	13.6105
20.8069	13.6132
20.8069	13.6160
20.8041	13.6160
20.8041	13.6214
20.8014	13.6214
20.8014	13.6242
20.7987	13.6242
20.7987	13.6269
20.7987	13.6296
20.7959	13.6324
20.7959	13.6351
20.7932	13.6351
20.7932	13.6378
20.7932	13.6406
20.7932	13.6433
20.7905	13.6433
20.7905	13.6460
20.7905	13.6488
20.7877	13.6488
20.7877	13.6515
20.7850	13.6515
20.7850	13.6543
20.7850	13.6570
20.7823	13.6570
20.7823	13.6597
20.7823	13.6625
20.7823	13.6652
20.7795	13.6652
20.7795	13.6679
20.7795	13.6707
20.7768	13.6734
20.7768	13.6761
20.7740	13.6789
20.7740	13.6816
20.7713	13.6816
20.7713	13.6843
20.7713	13.6871
20.7686	13.6871
20.7686	13.6898
20.7686	13.6925
20.7658	13.6925
20.7658	13.6953
20.7631	13.6953
20.7631	13.6980
20.7604	13.6980
20.7604	13.7008
20.7576	13.7008
20.7576	13.7035
20.7549	13.7035
20.7549	13.7062
20.7522	13.7062
20.7494	13.7090
20.7494	13.7117
20.7467	13.7117
20.7467	13.7144
20.7440	13.7144
20.7412	13.7172
20.7412	13.7226
20.7385	13.7226
20.7385	13.7254
20.7358	13.7254
20.7358	13.7281
20.7358	13.7308
20.7303	13.7308
20.7303	13.7336
20.7303	13.7363
20.5798	13.7363
20.5716	13.7336
20.5580	13.7336
20.5525	13.7308
20.5306	13.7308
20.5251	13.7281
20.5142	13.7281
20.5115	13.7254
20.5005	13.7254
20.4978	13.7226
20.4923	13.7226
20.4923	13.7199
20.4786	13.7199
20.4759	13.7172
20.4704	13.7172
20.4691	13.7158
20.4650	13.7158
20.4609	13.7144
20.4595	13.7144
20.4581	13.7131
20.4554	13.7131
20.4513	13.7117
20.4486	13.7103
20.4458	13.7103
20.4445	13.7076
20.4404	13.7076
20.4376	13.7062
20.4335	13.7062
20.4321	13.7049
20.4280	13.7049
20.4267	13.7035
20.4253	13.7021
20.4226	13.7021
20.4226	13.7008
20.4198	13.7008
20.4171	13.6994
20.4157	13.6994
20.4144	13.6980
20.4103	13.6980
20.4089	13.6966
20.4062	13.6966
20.4034	13.6953
20.3966	13.6953
20.3952	13.6939
20.3897	13.6939
20.3897	13.6925
20.3829	13.6925
20.3815	13.6912
20.3802	13.6912
20.3788	13.6898
20.3720	13.6898
20.3692	13.6871
20.3638	13.6871
20.3610	13.6843
20.3556	13.6843
20.3556	13.6816
20.3501	13.6816
20.3501	13.6789
20.3474	13.6789
20.3474	13.6761
20.3446	13.6761
20.3446	13.6734
20.3391	13.6734
20.3391	13.6707
20.3364	13.6707
20.3364	13.6679
20.3337	13.6679
20.3309	13.6652
20.3282	13.6625
20.3255	13.6625
20.3255	13.6597
20.3227	13.6570
20.3200	13.6543
20.3173	13.6543
20.3173	13.6515
20.3145	13.6515
20.3145	13.6488
20.3118	13.6488
20.3118	13.6460
20.3063	13.6460
20.3063	13.6433
20.3063	13.6406
20.3036	13.6406
20.3036	13.6378
20.3009	13.6378
20.3009	13.6351
20.2954	13.6351
20.2954	13.6324
20.2954	13.6296
20.2926	13.6296
20.2926	13.6269
20.2899	13.6269
20.2899	13.6242
20.2872	13.6214
20.2844	13.6214
20.2844	13.6187
20.2817	13.6187
20.2817	13.6160
20.2817	13.6132
20.2790	13.6132
20.2790	13.6105
20.2790	13.6078
20.2790	13.6050
20.2762	13.6050
20.2762	13.6023
20.2735	13.5995
20.2735	13.5968
20.2708	13.5968
20.2708	13.5941
20.2708	13.5913
20.2680	13.5886
20.2680	13.5859
20.2680	13.5831
20.2653	13.5831
20.2653	13.5804
20.2653	13.5777
20.2626	13.5722
20.2598	13.5722
20.2598	13.5695
20.2598	13.5667
20.2598	13.5640
20.2571	13.5640
20.2571	13.5613
20.2571	13.5585
20.2544	13.5585
20.2544	13.5558
20.2516	13.5558
20.2516	13.5503
20.2489	13.5503
20.2489	13.5476
20.2461	13.5476
20.2461	13.5448
20.2461	13.5421
20.2434	13.5421
20.2434	13.5394
20.2407	13.5366
20.2379	13.5339
20.2352	13.5312
20.2352	13.5284
20.2325	13.5257
20.2297	13.5230
20.2270	13.5202
20.2270	13.5175
20.2243	13.5175
20.2243	13.5148
20.2215	13.5148
20.2215	13.5120
20.2188	13.5120
20.2161	13.5093
20.2161	13.5066
20.2133	13.5066
20.2133	13.5038
20.2106	13.5038
20.2106	13.5011
20.2079	13.5011
20.2079	13.4983
20.2051	13.4983
20.2051	13.4956
20.2051	13.4929
20.1996	13.4929
20.1996	13.4901
20.1969	13.4874
20.1942	13.4847
20.1942	13.4819
20.1914	13.4819
20.1914	13.4792
20.1887	13.4792
20.1860	13.4765
20.1832	13.4737
20.1805	13.4737
20.1805	13.4710
20.1778	13.4710
20.1778	13.4683
20.1750	13.4683
20.1750	13.4655
20.1723	13.4655
20.1696	13.4628
20.1696	13.4601
20.1668	13.4601
20.1668	13.4573
20.1614	13.4573
20.1586	13.4546
20.1559	13.4546
20.1559	13.4518
20.1532	13.4518
20.1532	13.4491
20.1149	13.4491
20.1149	13.4518
20.1039	13.4518
20.1039	13.4546
20.1012	13.4546
20.1012	13.4573
20.0930	13.4573
20.0930	13.4601
20.0875	13.4601
20.0875	13.4628
20.0820	13.4628
20.0820	13.4655
20.0793	13.4655
20.0793	13.4683
20.0766	13.4683
20.0766	13.4710
20.0738	13.4710
20.0738	13.4737
20.0684	13.4737
20.0684	13.4765
20.0684	13.4792
20.0656	13.4792
20.0656	13.4819
20.0629	13.4819
20.0602	13.4847
20.0574	13.4847
20.0574	13.4874
20.0574	13.4901
20.0547	13.4901
20.0519	13.4929
20.0492	13.4929
20.0465	13.4956
20.0465	13.4983
20.0437	13.4983
20.0410	13.5011
20.0410	13.5038
20.0355	13.5038
20.0355	13.5066
20.0328	13.5066
20.0328	13.5093
20.0301	13.5093
20.0301	13.5120
20.0273	13.5120
20.0273	13.5148
20.0246	13.5148
20.0246	13.5175
20.0219	13.5175
20.0191	13.5202
20.0164	13.5202
20.0164	13.5230
20.0137	13.5257
20.0109	13.5257
20.0109	13.5284
20.0082	13.5312
20.0054	13.5312
20.0054	13.5339
20.0000	13.5366
20.0000	13.5394
19.9972	13.5394
19.9945	13.5421
19.9918	13.5448
19.9890	13.5476
19.9863	13.5503
19.9836	13.5503
19.9808	13.5530
19.9781	13.5585
19.9754	13.5585
19.9726	13.5613
19.9699	13.5640
19.9672	13.5640
19.9672	13.5667
19.9644	13.5695
19.9617	13.5695
19.9617	13.5722
19.9589	13.5722
19.9589	13.5749
19.9562	13.5749
19.9562	13.5777
19.9535	13.5777
19.9535	13.5804
19.9507	13.5804
19.9507	13.5831
19.9453	13.5831
19.9453	13.5859
19.9425	13.5886
19.9398	13.5886
19.9398	13.5941
19.9371	13.5941
19.9343	13.5968
19.9316	13.5995
19.9289	13.6023
19.9261	13.6050
19.9234	13.6078
19.9207	13.6078
19.9207	13.6105
19.9179	13.6105
19.9152	13.6132
19.9152	13.6160
19.9097	13.6160
19.9097	13.6187
19.9070	13.6187
19.9070	13.6214
19.9042	13.6214
19.9042	13.6242
19.9015	13.6242
19.8988	13.6269
19.8960	13.6269
19.8960	13.6296
19.8933	13.6296
19.8933	13.6324
19.8878	13.6324
19.8878	13.6351
19.8851	13.6378
19.8824	13.6406
19.8796	13.6406
19.8769	13.6433
19.8742	13.6460
19.8714	13.6488
19.8687	13.6488
19.8660	13.6515
19.8632	13.6515
19.8632	13.6543
19.8605	13.6543
19.8577	13.6570
19.8550	13.6597
19.8523	13.6597
19.8523	13.6625
19.8495	13.6625
19.8468	13.6652
19.8441	13.6652
19.8413	13.6679
19.8413	13.6707
19.8386	13.6707
19.8386	13.6734
19.8331	13.6734
19.8331	13.6761
19.8304	13.6761
19.8304	13.6789
19.8249	13.6789
19.8249	13.6816
19.8249	13.6843
19.8195	13.6843
19.8195	13.6871
19.8167	13.6871
19.8140	13.6898
19.8112	13.6898
19.8085	13.6925
19.8058	13.6953
19.8030	13.6953
19.8030	13.6980
19.7976	13.6980
19.7976	13.7008
19.7921	13.7008
19.7894	13.7062
19.7866	13.7062
19.7839	13.7090
19.7812	13.7117
19.7784	13.7117
19.7757	13.7144
19.7757	13.7172
19.7730	13.7172
19.7730	13.7199
19.7702	13.7199
19.7675	13.7226
19.7647	13.7226
19.7647	13.7254
19.7620	13.7254
19.7620	13.7281
19.7593	13.7281
19.7593	13.7308
19.7538	13.7308
19.7538	13.7336
19.7511	13.7336
19.7483	13.7363
19.7483	13.7390
19.7456	13.7418
19.7429	13.7418
19.7401	13.7445
19.7374	13.7473
19.7347	13.7500
19.7319	13.7527
19.7292	13.7555
19.7265	13.7555
19.7237	13.7582
19.7210	13.7609
19.7183	13.7637
19.7155	13.7637
19.7155	13.7664
19.7128	13.7664
19.7128	13.7691
19.7073	13.7719
19.7073	13.7746
19.7046	13.7746
19.7018	13.7773
19.6991	13.7801
19.6964	13.7801
19.6936	13.7828
19.6909	13.7855
19.6882	13.7855
19.6854	13.7883
19.6827	13.7910
19.6800	13.7910
19.6800	13.7937
19.6745	13.7965
19.6745	13.7992
19.6718	13.7992
19.6718	13.8020
19.6663	13.8020
19.6663	13.8047
19.6635	13.8074
19.6608	13.8074
19.6608	13.8102
19.6581	13.8102
19.6581	13.8129
19.6553	13.8129
19.6553	13.8156
19.6526	13.8184
19.6471	13.8184
19.6471	13.8211
19.6444	13.8238
19.6417	13.8238
19.6389	13.8266
19.6362	13.8293
19.6335	13.8293
19.6335	13.8320
19.6307	13.8348
19.6253	13.8348
19.6253	13.8375
19.6253	13.8402
19.6225	13.8402
19.6198	13.8430
19.6143	13.8430
19.6143	13.8457
19.6116	13.8485
19.6088	13.8485
19.6088	13.8512
19.6061	13.8512
19.6061	13.8539
19.6034	13.8539
19.6034	13.8567
19.6006	13.8567
19.5979	13.8594
19.5952	13.8594
19.5952	13.8621
19.5952	13.8649
19.5924	13.8649
19.5924	13.8676
19.5897	13.8676
19.5897	13.8703
19.5842	13.8703
19.5842	13.8731
19.5842	13.8758
19.5815	13.8758
19.5815	13.8785
19.5815	13.8813
19.5788	13.8813
19.5788	13.8840
19.5760	13.8840
19.5760	13.8867
19.5733	13.8895
19.5705	13.8895
19.5705	13.8922
19.5705	13.8950
19.5678	13.8950
19.5678	13.8977
19.5678	13.9004
19.5651	13.9032
19.5651	13.9059
19.5623	13.9086
19.5596	13.9114
19.5569	13.9141
19.5569	13.9168
19.5569	13.9196
19.5541	13.9223
19.5541	13.9250
19.5514	13.9278
19.5487	13.9332
19.5487	13.9360
19.5459	13.9387
19.5459	13.9415
19.5432	13.9442
19.5432	13.9469
19.5432	13.9497
19.5377	13.9524
19.5377	13.9551
19.5377	13.9579
19.5350	13.9606
19.5350	13.9633
19.5350	13.9661
19.5323	13.9661
19.5323	13.9688
19.5323	13.9715
19.5323	13.9743
19.5295	13.9770
19.5295	13.9797
19.5268	13.9797
19.5268	13.9825
19.5268	13.9879
19.5240	13.9907
19.5240	13.9934
19.5213	13.9962
19.5213	13.9989
19.5186	14.0016
19.5186	14.0044
19.5158	14.0098
19.5158	14.0126
19.5131	14.0126
19.5131	14.0153
19.5104	14.0208
19.5104	14.0235
19.5076	14.0262
19.5049	14.0262
19.5049	14.0290
19.5049	14.0317
19.5049	14.0344
19.5022	14.0344
19.5022	14.0372
19.5022	14.0399
19.4994	14.0399
19.4994	14.0427
19.4994	14.0454
19.4994	14.0481
19.4967	14.0481
19.4967	14.0509
19.4940	14.0509
19.4940	14.0536
19.4940	14.0563
19.4940	14.0591
19.4912	14.0591
19.4912	14.0618
19.4912	14.0645
19.4912	14.0673
19.4885	14.0673
19.4885	14.0700
19.4858	14.0727
19.4858	14.0755
19.4858	14.0782
19.4830	14.0809
19.4830	14.0837
19.4803	14.0864
19.4803	14.0892
19.4803	14.0919
19.4775	14.0946
19.4775	14.0974
19.4775	14.1001
19.4775	14.1028
19.4748	14.1028
19.4748	14.1056
19.4748	14.1083
19.4748	14.1110
19.4748	14.1138
19.4721	14.1165
19.4693	14.1165
19.4693	14.1192
19.4693	14.1247
19.4666	14.1247
19.4666	14.1274
19.4666	14.1302
19.4666	14.1357
19.4639	14.1357
19.4639	14.1384
19.4639	14.1411
19.4611	14.1439
19.4611	14.1466
19.4611	14.1493
19.4584	14.1493
19.4584	14.1521
19.4584	14.1548
19.4584	14.1575
19.4557	14.1575
19.4557	14.1603
19.4557	14.1630
19.4557	14.1657
19.4557	14.1685
19.4529	14.1685
19.4529	14.1712
19.4529	14.1739
19.4529	14.1767
19.4529	14.1794
19.4502	14.1822
19.4502	14.1849
19.4475	14.1849
19.4475	14.1876
19.4475	14.1904
19.4475	14.1931
19.4475	14.1958
19.4447	14.1986
19.4447	14.2013
19.4447	14.2040
19.4447	14.2068
19.4420	14.2068
19.4420	14.2095
19.4420	14.2122
19.4420	14.2150
19.4420	14.2177
19.4420	14.2204
19.4420	14.2232
19.4420	14.2259
19.4420	14.2287
19.4420	14.2314
19.4420	14.2341
19.4420	14.2369
19.4420	14.2396
19.4420	14.2423
19.4420	14.2451
19.4420	14.2478
19.4420	14.2505
19.4420	14.2533
19.4420	14.2560
19.4420	14.2587
19.4420	14.2615
19.4420	14.2642
19.4420	14.2697
19.4393	14.2697
19.4393	14.2724
19.4393	14.2751
19.4393	14.2779
19.4393	14.2806
19.4393	14.2834
19.4365	14.2861
19.4365	14.2888
19.4365	14.2916
19.4365	14.2943
19.4365	14.2970
19.4365	14.2998
19.4365	14.3025
19.4365	14.3052
19.4365	14.3080
19.4365	14.3107
19.4365	14.3134
19.4365	14.3162
19.4365	14.3189
19.4352	14.3189
19.4352	14.3216
19.4338	14.3216
19.4338	14.3230
19.4311	14.3230
19.4269	14.3271
19.4228	14.3312
19.4228	14.3353
19.4187	14.3394
19.4187	14.3435
19.4146	14.3435
19.4146	14.3476
19.4105	14.3517
19.4064	14.3558
19.4064	14.3599
19.4023	14.3599
19.4023	14.3640
19.4023	14.3681
19.3982	14.3681
19.3982	14.3722
19.3982	14.3764
19.3982	14.3805
19.3941	14.3805
19.3941	14.3846
19.3941	14.3887
19.3900	14.3887
19.3900	14.3928
19.3900	14.3969
19.3859	14.4010
19.3859	14.4051
19.3859	14.4092
19.3818	14.4092
19.3818	14.4133
19.3818	14.4215
19.3777	14.4215
19.3777	14.4256
19.3736	14.4297
19.3736	14.4338
19.3736	14.4379
19.3736	14.4420
19.3695	14.4420
19.3695	14.4461
19.3695	14.4543
19.3654	14.4543
19.3654	14.4584
19.3654	14.4625
19.3654	14.4707
19.3613	14.4748
19.3572	14.4748
19.3572	14.4789
19.3572	14.4871
19.3531	14.4871
19.3531	14.4912
19.3531	14.4953
19.3531	14.4994
19.3490	14.5035
19.3490	14.5076
19.3490	14.5117
19.3490	14.5158
19.3449	14.5158
19.3449	14.5200
19.3449	14.5241
19.3449	14.5282
19.3408	14.5282
19.3408	14.5323
19.3408	14.5364
19.3408	14.5446
19.3408	14.5487
19.3367	14.5487
19.3367	14.5528
19.3367	14.5569
19.3367	14.5610
19.3326	14.5651
19.3326	14.5692
19.3326	14.5733
19.3326	14.5774
19.3326	14.5815
19.3285	14.5815
19.3285	14.5856
19.3244	14.5897
19.3244	14.5938
19.3244	14.5979
19.3244	14.6061
19.3203	14.6061
19.3203	14.6102
19.3203	14.6143
19.3203	14.6184
19.3203	14.6225
19.3162	14.6225
19.3162	14.6266
19.3162	14.6307
19.3162	14.6348
19.3162	14.6389
19.3162	14.6430
19.3121	14.6430
19.3121	14.6471
19.3121	14.6512
19.3080	14.6512
19.3080	14.6553
19.3080	14.6594
19.3080	14.6636
19.3080	14.6677
19.3039	14.6759
19.3039	14.6800
19.3039	14.6841
19.2998	14.6882
19.2998	14.6923
19.2998	14.6964
19.2998	14.7005
19.2957	14.7005
19.2957	14.7046
19.2957	14.7087
19.2957	14.7128
19.2957	14.7169
19.2916	14.7169
19.2916	14.7210
19.2916	14.7251
19.2916	14.7292
19.2875	14.7292
19.2875	14.7333
19.2875	14.7374
19.2833	14.7415
19.2833	14.7456
19.2833	14.7497
19.2833	14.7538
19.2792	14.7579
19.2792	14.7620
19.2792	14.7661
19.2792	14.7702
19.2751	14.7702
19.2751	14.7743
19.2710	14.7784
19.2710	14.7825
19.2710	14.7866
19.2669	14.7866
19.2669	14.7907
19.2669	14.7948
19.2669	14.7989
19.2628	14.7989
19.2628	14.8030
19.2628	14.8072
19.2628	14.8113
19.2628	14.8154
19.2587	14.8195
19.2587	14.8236
19.2587	14.8277
19.2587	14.8318
19.2546	14.8318
19.2546	14.8359
19.2546	14.8400
19.2546	14.8441
19.2546	14.8482
19.2546	14.8523
19.2546	14.8564
19.2546	14.8605
19.2546	14.8646
19.2546	14.8687
19.2505	14.8728
19.2505	14.8769
19.2505	14.8810
19.2505	14.8851
19.2505	14.8892
19.2505	14.8933
19.2505	14.8974
19.2505	14.9015
19.2505	14.9056
19.2505	14.9097
19.2505	14.9138
19.2505	14.9179
19.2505	14.9220
19.2505	14.9261
19.2505	14.9302
19.2505	14.9343
19.2505	14.9384
19.2505	14.9425
19.2505	14.9466
19.2505	14.9508
19.2505	14.9549
19.2505	14.9590
19.2505	14.9631
19.2505	14.9672
19.2505	14.9713
19.2505	14.9754
19.2505	14.9795
19.2505	14.9836
19.2505	14.9877
19.2505	14.9918
19.2505	14.9959
19.2546	14.9959
19.2546	15.0000
19.2546	15.0041
19.2546	15.0082
19.2546	15.0123
19.2546	15.0164
19.2587	15.0164
19.2587	15.0205
19.2587	15.0246
19.2587	15.0287
19.2587	15.0328
19.2628	15.0328
19.2628	15.0369
19.2669	15.0369
19.2669	15.0410
19.2669	15.0451
19.2669	15.0492
19.2669	15.0533
19.2710	15.0533
19.2710	15.0574
19.2710	15.0615
19.2710	15.0656
19.2751	15.0656
19.2751	15.0697
19.2751	15.0738
19.2792	15.0779
19.2792	15.0820
19.2792	15.0861
19.2833	15.0861
19.2833	15.0902
19.2833	15.0943
19.2833	15.0985
19.2875	15.0985
19.2875	15.1026
19.2875	15.1067
19.2875	15.1108
19.2875	15.1149
19.2875	15.1190
19.2916	15.1190
19.2916	15.1231
19.2916	15.1272
19.2916	15.1313
19.2957	15.1313
19.2957	15.1354
19.2998	15.1354
19.2998	15.1395
19.2998	15.1436
19.3039	15.1436
19.3039	15.1477
19.3039	15.1518
19.3039	15.1559
19.3080	15.1559
19.3080	15.1600
19.3080	15.1641
19.3080	15.1682
19.3121	15.1682
19.3121	15.1723
19.3121	15.1764
19.3121	15.1805
19.3162	15.1846
19.3162	15.1887
19.3203	15.1887
19.3203	15.1928
19.3203	15.1969
19.3203	15.2010
19.3244	15.2010
19.3244	15.2051
19.3244	15.2092
19.3244	15.2133
19.3285	15.2133
19.3285	15.2174
19.3285	15.2215
19.3326	15.2215
19.3326	15.2256
19.3367	15.2256
19.3367	15.2297
19.3367	15.2338
19.3408	15.2338
19.3408	15.2379
19.3408	15.2421
19.3449	15.2462
19.3449	15.2503
19.3449	15.2544
19.3490	15.2585
19.3531	15.2626
19.3531	15.2667
19.3531	15.2708
19.3572	15.2749
19.3572	15.2790
19.3572	15.2831
19.3572	15.2872
19.3613	15.2872
19.3613	15.2913
19.3613	15.2954
19.3654	15.2995
19.3654	15.3036
19.3654	15.3077
19.3695	15.3077
19.3695	15.3118
19.3695	15.3159
19.3695	15.3200
19.3695	15.3241
19.3736	15.3241
19.3736	15.3282
19.3736	15.3323
19.3736	15.3364
19.3736	15.3405
19.3777	15.3446
19.3777	15.3487
19.3777	15.3528
19.3777	15.3569
19.3777	15.3610
19.3818	15.3610
19.3818	15.3651
19.3818	15.3692
19.3859	15.3692
19.3859	15.3774
19.3900	15.3774
19.3900	15.3815
19.3900	15.3857
19.3900	15.3898
19.3941	15.3898
19.3941	15.3939
19.3941	15.3980
19.3982	15.4021
19.3982	15.4062
19.4023	15.4062
19.4023	15.4103
19.4064	15.4144
19.4064	15.4226
19.4064	15.4267
19.4105	15.4267
19.4105	15.4308
19.4105	15.4349
19.4146	15.4390
19.4187	15.4390
19.4187	15.4431
19.4187	15.4472
19.4228	15.4513
19.4228	15.4554
19.4269	15.4636
19.4311	15.4677
19.4311	15.4718
19.4352	15.4759
19.4352	15.4800
19.4393	15.4800
19.4393	15.4841
19.4393	15.4882
19.4434	15.4923
19.4434	15.4964
19.4475	15.5005
19.4475	15.5046
19.4475	15.5087
19.4475	15.5128
19.4516	15.5128
19.4516	15.5169
19.4557	15.5169
19.4557	15.5210
19.4557	15.5251
19.4557	15.5293
19.4557	15.5334
19.4598	15.5334
19.4598	15.5375
19.4598	15.5416
19.4598	15.5457
19.4598	15.5498
19.4598	15.5539
19.4598	15.5580
19.4639	15.5580
19.4639	15.5621
19.4639	15.5662
19.4639	15.5744
19.4680	15.5744
19.4680	15.5785
19.4721	15.5785
19.4721	15.5826
19.4721	15.5867
19.4721	15.5908
19.4762	15.5908
19.4762	15.5949
19.4762	15.5990
19.4803	15.5990
19.4803	15.6031
19.4803	15.6072
19.4844	15.6072
19.4844	15.6113
19.4885	15.6113
19.4885	15.6154
19.4926	15.6195
19.4926	15.6236
19.4967	15.6277
19.5008	15.6277
19.5008	15.6318
19.5049	15.6359
19.5090	15.6400
19.5131	15.6482
19.5213	15.6564
19.5213	15.6605
19.5241	15.6605
19.5241	15.6619
19.5241	15.6646
19.5241	15.6674
19.5241	15.6701
19.5241	15.6729
19.5241	15.6756
19.5241	15.6783
19.5241	15.6838
19.5241	15.6865
19.5241	15.6893
19.5241	15.6920
19.5241	15.6947
19.5241	15.6975
19.5241	15.7002
19.5241	15.7029
19.5241	15.7057
19.5241	15.7084
19.5241	15.7111
19.5268	15.7139
19.5268	15.7166
19.5268	15.7193
19.5268	15.7221
19.5268	15.7248
19.5268	15.7276
19.5268	15.7303
19.5268	15.7330
19.5268	15.7358
19.5268	15.7385
19.5268	15.7412
19.5295	15.7412
19.5295	15.7440
19.5295	15.7467
19.5295	15.7494
19.5295	15.7522
19.5295	15.7549
19.5295	15.7576
19.5323	15.7576
19.5323	15.7604
19.5350	15.7604
19.5350	15.7631
19.5350	15.7658
19.5350	15.7686
19.5350	15.7713
19.5377	15.7713
19.5377	15.7741
19.5405	15.7768
19.5405	15.7795
19.5432	15.7795
19.5432	15.7823
19.5459	15.7823
19.5459	15.7850
19.5487	15.7850
19.5487	15.7877
19.5487	15.7905
19.5514	15.7905
19.5541	15.7932
19.5569	15.7932
19.5569	15.7959
19.5596	15.7987
19.5623	15.8014
19.5651	15.8041
19.5678	15.8041
19.5678	15.8069
19.5705	15.8096
19.5733	15.8123
19.5760	15.8123
19.5760	15.8151
19.5788	15.8151
19.5788	15.8178
19.5815	15.8178
19.5815	15.8206
19.5870	15.8206
19.5870	15.8233
19.5897	15.8260
19.5952	15.8260
19.5979	15.8288
19.6006	15.8288
19.6034	15.8315
19.6088	15.8342
19.6116	15.8342
19.6143	15.8370
19.6170	15.8370
19.6225	15.8397
19.6253	15.8397
19.6253	15.8424
19.6280	15.8424
19.6280	15.8452
19.6335	15.8452
19.6335	15.8479
19.6362	15.8479
19.6389	15.8506
19.6417	15.8506
19.6444	15.8534
19.6471	15.8534
19.6526	15.8561
19.6553	15.8588
19.6581	15.8588
19.6608	15.8616
19.6663	15.8616
19.6690	15.8643
19.6718	15.8698
19.6800	15.8725
19.6827	15.8753
19.6854	15.8780
19.6909	15.8807
19.6936	15.8835
19.6991	15.8862
19.7018	15.8917
19.7046	15.8917
19.7046	15.8944
19.7073	15.8944
19.7073	15.8971
19.7128	15.8971
19.7128	15.8999
19.7128	15.9026
19.7155	15.9026
19.7183	15.9053
19.7183	15.9081
19.7237	15.9108
19.7237	15.9136
19.7265	15.9163
19.7292	15.9190
19.7292	15.9218
19.7319	15.9218
19.7347	15.9245
19.7347	15.9272
19.7347	15.9300
19.7374	15.9300
19.7374	15.9327
19.7401	15.9327
19.7401	15.9354
19.7429	15.9354
19.7429	15.9382
19.7456	15.9382
19.7456	15.9409
19.7483	15.9409
19.7483	15.9436
19.7511	15.9436
19.7511	15.9464
19.7511	15.9491
19.7538	15.9491
19.7565	15.9518
19.7593	15.9518
19.7593	15.9546
19.7620	15.9546
19.7620	15.9573
19.7620	15.9600
19.7675	15.9600
19.7675	15.9628
19.7702	15.9628
19.7702	15.9655
19.7730	15.9655
19.7730	15.9683
19.7757	15.9683
19.7757	15.9710
19.7812	15.9710
19.7812	15.9737
19.7839	15.9737
19.7866	15.9765
19.7921	15.9792
19.7948	15.9819
19.8003	15.9847
19.8030	15.9847
19.8058	15.9874
19.8112	15.9901
19.8140	15.9901
19.8195	15.9956
19.8222	15.9956
19.8277	15.9983
19.8304	16.0011
19.8359	16.0011
19.8372	16.0038
19.8372	16.0052
19.8372	16.0134
19.8413	16.0134
19.8413	16.0175
19.8413	16.0216
19.8454	16.0216
19.8454	16.0257
19.8454	16.0298
19.8495	16.0339
19.8495	16.0380
19.8536	16.0421
19.8536	16.0462
19.8536	16.0503
19.8577	16.0544
19.8619	16.0585
19.8619	16.0626
19.8619	16.0667
19.8660	16.0667
19.8660	16.0708
19.8660	16.0749
19.8701	16.0749
19.8701	16.0790
19.8742	16.0831
19.8742	16.0872
19.8783	16.0872
19.8783	16.0913
19.8824	16.0913
19.8824	16.0954
19.8824	16.0995
19.8865	16.0995
19.8865	16.1036
19.8865	16.1078
19.8906	16.1119
19.8947	16.1160
19.8947	16.1201
19.8988	16.1242
19.8988	16.1283
19.8988	16.1324
19.9029	16.1324
19.9029	16.1365
19.9029	16.1406
19.9070	16.1406
19.9070	16.1447
19.9070	16.1488
19.9070	16.1529
19.9070	16.1570
19.9070	16.1611
19.9070	16.1652
19.9070	16.1693
19.9070	16.1734
19.9070	16.1775
19.9070	16.1816
19.9070	16.1857
19.9070	16.1898
19.9029	16.1898
19.9029	16.1939
19.8988	16.1980
19.8988	16.2021
19.8988	16.2062
19.8947	16.2062
19.8947	16.2103
19.8906	16.2144
19.8906	16.2185
19.8906	16.2226
19.8865	16.2226
19.8865	16.2267
19.8824	16.2267
19.8824	16.2308
19.8824	16.2349
19.8783	16.2349
19.8783	16.2390
19.8742	16.2390
19.8742	16.2431
19.8660	16.2431
19.8660	16.2472
19.8660	16.2514
19.8619	16.2514
19.8619	16.2555
19.8577	16.2555
19.8577	16.2596
19.8495	16.2596
19.8495	16.2637
19.8495	16.2678
19.8454	16.2678
19.8454	16.2719
19.8372	16.2719
19.8372	16.2760
19.8331	16.2760
19.8290	16.2801
19.8290	16.2842
19.8249	16.2842
19.8249	16.2883
19.8208	16.2883
19.8167	16.2924
19.8126	16.2965
19.8126	16.3006
19.8085	16.3006
19.8085	16.3047
19.8044	16.3047
19.8044	16.3088
19.7962	16.3088
19.7962	16.3129
19.7962	16.3170
19.7880	16.3170
19.7880	16.3211
19.7839	16.3211
19.7839	16.3252
19.7798	16.3252
19.7798	16.3293
19.7757	16.3293
19.7716	16.3334
19.7716	16.3375
19.7675	16.3416
19.7634	16.3416
19.7593	16.3457
19.7593	16.3498
19.7552	16.3498
19.7552	16.3539
19.7511	16.3539
19.7511	16.3580
19.7470	16.3580
19.7470	16.3621
19.7429	16.3621
19.7429	16.3662
19.7388	16.3662
19.7388	16.3703
19.7347	16.3744
19.7306	16.3744
19.7306	16.3785
19.7265	16.3785
19.7265	16.3826
19.7265	16.3867
19.7224	16.3867
19.7224	16.3908
19.7183	16.3908
19.7141	16.3949
19.7100	16.3991
19.7100	16.4032
19.7059	16.4032
19.7059	16.4073
19.7018	16.4073
19.7018	16.4114
19.6977	16.4114
19.6977	16.4155
19.6977	16.4196
19.6936	16.4196
19.6936	16.4237
19.6895	16.4237
19.6895	16.4278
19.6854	16.4278
19.6854	16.4319
19.6854	16.4360
19.6772	16.4360
19.6772	16.4401
19.6731	16.4442
19.6690	16.4442
19.6690	16.4483
19.6649	16.4524
19.6649	16.4565
19.6608	16.4565
19.6608	16.4606
19.6567	16.4606
19.6567	16.4647
19.6526	16.4647
19.6526	16.4688
19.6526	16.4729
19.6444	16.4729
19.6444	16.4770
19.6403	16.4811
19.6362	16.4852
19.6362	16.4893
19.6321	16.4893
19.6321	16.4934
19.6280	16.4934
19.6280	16.4975
19.6239	16.4975
19.6239	16.5016
19.6239	16.5057
19.6198	16.5057
19.6198	16.5098
19.6157	16.5098
19.6157	16.5139
19.6116	16.5139
19.6116	16.5180
19.6116	16.5221
19.6075	16.5221
19.6075	16.5262
19.6034	16.5303
19.6034	16.5385
19.5993	16.5385
19.5952	16.5427
19.5952	16.5468
19.5911	16.5509
19.5911	16.5550
19.5911	16.5591
19.5870	16.5591
19.5870	16.5632
19.5870	16.5673
19.5829	16.5714
19.5829	16.5755
19.5788	16.5755
19.5788	16.5796
19.5788	16.5837
19.5788	16.5878
19.5788	16.5919
19.5747	16.5919
19.5747	16.5960
19.5747	16.6001
19.5747	16.6042
19.5747	16.6083
19.5747	16.6124
19.5747	16.6165
19.5747	16.6206
19.5747	16.6247
19.5747	16.6288
19.5747	16.6329
19.5747	16.6370
19.5747	16.6411
19.5747	16.6452
19.5747	16.6534
19.5747	16.6575
19.5747	16.6616
19.5747	16.6657
19.5747	16.6739
19.5788	16.6780
19.5788	16.6821
19.5788	16.6863
19.5788	16.6904
19.5788	16.6945
19.5788	16.6986
19.5788	16.7027
19.5788	16.7068
19.5788	16.7109
19.5788	16.7150
19.5788	16.7191
19.5788	16.7232
19.5788	16.7273
19.5788	16.7314
19.5788	16.7355
19.5788	16.7396
19.5788	16.7437
19.5788	16.7478
19.5788	16.7519
19.5829	16.7560
19.5829	16.7601
19.5829	16.7642
19.5829	16.7683
19.5829	16.7724
19.5829	16.7765
19.5829	16.7806
19.5829	16.7847
19.5829	16.7888
19.5829	16.7929
19.5829	16.7970
19.5829	16.8011
19.5870	16.8052
19.5870	16.8093
19.5870	16.8134
19.5870	16.8175
19.5870	16.8216
19.5870	16.8257
19.5870	16.8299
19.5870	16.8340
19.5870	16.8381
19.5870	16.8422
19.5870	16.8463
19.5870	16.8504
19.5870	16.8545
19.5870	16.8586
19.5870	16.8627
19.5870	16.8668
19.5870	16.8709
19.5870	16.8750
19.5870	16.8791
19.5870	16.8832
19.5870	16.8873
19.5870	16.8914
19.5870	16.8955
19.5870	16.8996
19.5870	16.9037
19.5870	16.9078
19.5870	16.9119
19.5870	16.9160
19.5870	16.9201
19.5829	16.9201
19.5829	16.9242
19.5829	16.9283
19.5788	16.9283
19.5788	16.9324
19.5788	16.9365
19.5747	16.9406
19.5747	16.9447
19.5747	16.9488
19.5705	16.9488
19.5705	16.9529
19.5623	16.9529
19.5623	16.9570
19.5623	16.9611
19.5541	16.9611
19.5541	16.9652
19.5418	16.9652
19.5418	16.9693
19.5377	16.9693
19.5377	16.9735
19.5254	16.9735
19.5254	16.9776
19.5213	16.9776
19.5213	16.9817
19.5131	16.9817
19.5131	16.9858
19.5049	16.9858
19.5049	16.9899
19.5008	16.9899
19.5008	16.9940
19.4926	16.9940
19.4926	16.9981
19.4885	16.9981
19.4885	17.0022
19.4844	17.0022
19.4844	17.0063
19.4762	17.0063
19.4762	17.0104
19.4762	17.0145
19.4680	17.0145
19.4680	17.0186
19.4639	17.0186
19.4639	17.0227
19.4598	17.0227
19.4598	17.0268
19.4557	17.0268
19.4557	17.0309
19.4516	17.0309
19.4516	17.0350
19.4475	17.0350
19.4475	17.0391
19.4434	17.0391
19.4393	17.0432
19.4393	17.0473
19.4352	17.0473
19.4352	17.0514
19.4311	17.0514
19.4311	17.0555
19.4269	17.0555
19.4269	17.0596
19.4228	17.0596
19.4228	17.0637
19.4187	17.0637
19.4187	17.0678
19.4187	17.0719
19.4146	17.0719
19.4105	17.0760
19.4105	17.0801
19.4064	17.0801
19.4064	17.0842
19.4023	17.0883
19.4023	17.0924
19.4023	17.0965
19.3982	17.0965
19.3982	17.1006
19.3982	17.1047
19.3941	17.1047
19.3941	17.1088
19.3900	17.1088
19.3900	17.1129
19.3900	17.1170
19.3859	17.1170
19.3859	17.1212
19.3859	17.1253
19.3818	17.1253
19.3818	17.1294
19.3818	17.1335
19.3777	17.1335
19.3777	17.1376
19.3736	17.1376
19.3736	17.1417
19.3736	17.1458
19.3695	17.1499
19.3695	17.1540
19.3695	17.1581
19.3654	17.1581
19.3654	17.1622
19.3654	17.1663
19.3613	17.1663
19.3613	17.1704
19.3572	17.1704
19.3572	17.1745
19.3572	17.1786
19.3572	17.1827
19.3531	17.1827
19.3531	17.1868
19.3531	17.1909
19.3531	17.1950
19.3490	17.1991
19.3490	17.2032
19.3449	17.2073
19.3408	17.2073
19.3408	17.2114
19.3408	17.2155
19.3408	17.2196
19.3367	17.2196
19.3367	17.2237
19.3367	17.2319
19.3326	17.2319
19.3326	17.2360
19.3326	17.2401
19.3285	17.2401
19.3285	17.2442
19.3244	17.2483
19.3244	17.2524
19.3203	17.2565
19.3203	17.2606
19.3162	17.2648
19.3162	17.2689
19.3121	17.2730
19.3080	17.2771
19.3080	17.2812
19.3080	17.2853
19.3039	17.2853
19.3039	17.2894
19.3039	17.2935
19.2998	17.2935
19.2998	17.2976
19.2957	17.2976
19.2957	17.3017
19.2957	17.3058
19.2875	17.3058
19.2875	17.3099
19.2833	17.3099
19.2833	17.3140
19.2833	17.3181
19.2751	17.3181
19.2751	17.3222
19.2628	17.3222
19.2587	17.3263
19.2423	17.3263
19.2423	17.3304
19.2382	17.3304
19.2382	17.3345
19.2218	17.3345
19.2218	17.3386
19.1972	17.3386
19.1972	17.3427
19.1274	17.3427
19.1233	17.3386
19.0044	17.3386
19.0003	17.3345
18.8238	17.3345
18.8238	17.3386
18.7910	17.3386
18.7910	17.3427
18.7500	17.3427
18.7459	17.3468
18.7295	17.3468
18.7295	17.3509
18.7090	17.3509
18.7090	17.3550
18.6884	17.3550
18.6843	17.3591
18.6720	17.3591
18.6679	17.3632
18.6474	17.3632
18.6433	17.3673
18.6433	17.3714
18.6269	17.3714
18.6228	17.3755
18.6105	17.3755
18.6105	17.3796
18.6023	17.3796
18.5982	17.3837
18.5900	17.3837
18.5859	17.3878
18.5777	17.3878
18.5736	17.3919
18.5571	17.3919
18.5571	17.3960
18.5407	17.3960
18.5407	17.4001
18.5366	17.4001
18.5325	17.4042
18.5243	17.4042
18.5202	17.4084
18.5079	17.4084
18.5079	17.4125
18.4956	17.4125
18.4956	17.4166
18.4915	17.4166
18.4874	17.4207
18.4792	17.4207
18.4751	17.4248
18.4669	17.4248
18.4628	17.4289
18.4546	17.4289
18.4505	17.4330
18.4505	17.4371
18.4423	17.4371
18.4423	17.4412
18.4341	17.4412
18.4341	17.4453
18.4259	17.4453
18.4259	17.4494
18.4218	17.4494
18.4218	17.4535
18.4177	17.4535
18.4177	17.4576
18.4094	17.4576
18.4094	17.4617
18.4053	17.4617
18.4053	17.4658
18.4012	17.4658
18.4012	17.4699
18.3971	17.4740
18.3930	17.4740
18.3930	17.4781
18.3889	17.4781
18.3848	17.4822
18.3848	17.4863
18.3807	17.4904
18.3766	17.4904
18.3766	17.4945
18.3725	17.4945
18.3725	17.4986
18.3684	17.4986
18.3684	17.5027
18.3643	17.5027
18.3643	17.5068
18.3602	17.5109
18.3561	17.5109
18.3561	17.5150
18.3520	17.5150
18.3520	17.5191
18.3520	17.5232
18.3479	17.5232
18.3479	17.5273
18.3438	17.5273
18.3438	17.5314
18.3397	17.5314
18.3397	17.5355
18.3356	17.5355
18.3356	17.5396
18.3356	17.5437
18.3315	17.5437
18.3315	17.5478
18.3274	17.5520
18.3274	17.5561
18.3233	17.5561
18.3233	17.5602
18.3233	17.5643
18.3192	17.5643
18.3192	17.5684
18.3192	17.5725
18.3151	17.5725
18.3151	17.5766
18.3151	17.5807
18.3151	17.5848
18.3151	17.5889
18.3151	17.5930
18.3151	17.5971
18.3151	17.6012
18.3151	17.6053
18.3151	17.6094
18.3151	17.6135
18.3151	17.6176
18.3151	17.6217
18.3151	17.6258
18.3192	17.6258
18.3192	17.6299
18.3192	17.6340
18.3192	17.6381
18.3192	17.6422
18.3192	17.6463
18.3192	17.6504
18.3192	17.6545
18.3192	17.6586
18.3192	17.6627
18.3233	17.6627
18.3233	17.6668
18.3233	17.6709
18.3233	17.6750
18.3233	17.6791
18.3274	17.6832
18.3274	17.6873
18.3274	17.6914
18.3274	17.6956
18.3274	17.6997
18.3315	17.6997
18.3315	17.7038
18.3315	17.7079
18.3356	17.7120
18.3356	17.7161
18.3356	17.7243
18.3397	17.7284
18.3397	17.7325
18.3397	17.7366
18.3397	17.7407
18.3438	17.7407
18.3438	17.7448
18.3438	17.7489
18.3438	17.7530
18.3438	17.7571
18.3438	17.7612
18.3479	17.7612
18.3479	17.7653
18.3520	17.7694
18.3520	17.7735
18.3520	17.7776
18.3520	17.7817
18.3520	17.7858
18.3520	17.7899
18.3520	17.7940
18.3520	17.7981
18.3561	17.7981
18.3561	17.8022
18.3561	17.8063
18.3561	17.8104
18.3561	17.8145
18.3602	17.8145
18.3602	17.8186
18.3602	17.8268
18.3602	17.8309
18.3643	17.8309
18.3643	17.8350
18.3684	17.8391
18.3684	17.8433
18.3684	17.8474
18.3725	17.8515
18.3725	17.8597
18.3766	17.8597
18.3766	17.8638
18.3766	17.8679
18.3807	17.8720
18.3807	17.8761
18.3848	17.8761
18.3848	17.8802
18.3848	17.8843
18.3889	17.8843
18.3889	17.8884
18.3889	17.8925
18.3889	17.8966
18.3930	17.8966
18.3930	17.9007
18.3971	17.9007
18.3971	17.9048
18.3971	17.9089
18.3971	17.9130
18.4012	17.9130
18.4012	17.9171
18.4053	17.9171
18.4053	17.9212
18.4094	17.9212
18.4094	17.9253
18.4094	17.9294
18.4135	17.9294
18.4135	17.9335
18.4177	17.9376
18.4218	17.9417
18.4218	17.9458
18.4259	17.9458
18.4259	17.9499
18.4300	17.9540
18.4300	17.9581
18.4382	17.9622
18.4382	17.9663
18.4423	17.9663
18.4423	17.9704
18.4464	17.9704
18.4464	17.9745
18.4464	17.9786
18.4505	17.9786
18.4505	17.9827
18.4546	17.9827
18.4546	17.9869
18.4587	17.9869
18.4587	17.9910
18.4587	17.9951
18.4628	17.9951
18.4669	17.9992
18.4710	17.9992
18.4710	18.0033
18.4751	18.0074
18.4792	18.0115
18.4792	18.0156
18.4833	18.0156
18.4833	18.0197
18.4874	18.0197
18.4874	18.0238
18.4956	18.0238
18.5038	18.0279
18.5079	18.0320
18.5161	18.0320
18.5243	18.0361
18.5325	18.0361
18.5407	18.0402
18.5489	18.0402
18.5571	18.0443
18.5612	18.0484
18.5777	18.0484
18.5859	18.0525
18.5982	18.0525
18.5982	18.0566
18.6064	18.0566
18.6064	18.0607
18.6105	18.0607
18.6105	18.0648
18.6146	18.0648
18.6146	18.0689
18.6187	18.0730
18.6228	18.0730
18.6269	18.0771
18.6269	18.0812
18.6310	18.0812
18.6310	18.0853
18.6310	18.0894
18.6392	18.0894
18.6392	18.0935
18.6392	18.0976
18.6433	18.0976
18.6433	18.1017
18.6474	18.1058
18.6515	18.1099
18.6556	18.1140
18.6556	18.1181
18.6597	18.1181
18.6597	18.1222
18.6638	18.1222
18.6638	18.1263
18.6638	18.1305
18.6720	18.1305
18.6761	18.1346
18.6802	18.1387
18.6884	18.1428
18.6925	18.1469
18.6966	18.1510
18.7007	18.1551
18.7048	18.1551
18.7131	18.1633
18.7172	18.1674
18.7213	18.1715
18.7254	18.1756
18.7295	18.1797
18.7336	18.1838
18.7336	18.1879
18.7418	18.1879
18.7418	18.1920
18.7418	18.1961
18.7459	18.1961
18.7459	18.2002
18.7500	18.2002
18.7500	18.2043
18.7541	18.2084
18.7582	18.2084
18.7623	18.2125
18.7664	18.2166
18.7746	18.2248
18.7787	18.2289
18.7828	18.2371
18.7910	18.2412
18.7951	18.2494
18.7992	18.2535
18.8033	18.2535
18.8033	18.2576
18.8074	18.2576
18.8115	18.2617
18.8115	18.2658
18.8197	18.2658
18.8197	18.2699
18.8238	18.2699
18.8238	18.2741
18.8320	18.2741
18.8320	18.2782
18.8402	18.2782
18.8402	18.2823
18.8443	18.2823
18.8443	18.2864
18.8484	18.2864
18.8484	18.2905
18.8649	18.2905
18.8649	18.2946
18.8731	18.2946
18.8772	18.2987
18.8813	18.2987
18.8813	18.3028
18.8977	18.3028
18.8977	18.3069
18.9141	18.3069
18.9141	18.3110
18.9264	18.3110
18.9305	18.3151
18.9346	18.3151
18.9428	18.3192
18.9469	18.3192
18.9551	18.3233
18.9674	18.3233
18.9715	18.3274
18.9838	18.3274
18.9879	18.3315
18.9962	18.3356
19.0126	18.3356
19.0167	18.3397
19.0290	18.3397
19.0331	18.3438
19.0536	18.3438
19.0536	18.3479
19.0618	18.3479
19.0618	18.3520
19.0700	18.3520
19.0741	18.3561
19.0823	18.3561
19.0864	18.3602
19.0987	18.3602
19.1028	18.3643
19.1069	18.3643
19.1110	18.3684
19.1274	18.3684
19.1315	18.3725
19.1480	18.3725
19.1521	18.3766
19.1726	18.3766
19.1767	18.3807
19.1808	18.3807
19.1849	18.3848
19.1972	18.3848
19.2013	18.3889
19.2095	18.3889
19.2136	18.3930
19.2300	18.3930
19.2341	18.3971
19.2382	18.3971
19.2423	18.4012
19.2916	18.4012
19.2957	18.4053
19.3162	18.4053
19.3203	18.4094
19.3408	18.4094
19.3490	18.4135
19.3572	18.4135
19.3613	18.4177
19.3654	18.4177
19.3695	18.4218
19.3859	18.4218
19.3900	18.4259
19.4023	18.4259
19.4064	18.4300
19.4187	18.4300
19.4187	18.4341
19.4228	18.4341
19.4228	18.4382
19.4311	18.4382
19.4352	18.4423
19.4434	18.4423
19.4475	18.4464
19.4557	18.4464
19.4598	18.4505
19.4639	18.4505
19.4639	18.4546
19.4721	18.4546
19.4721	18.4587
19.4844	18.4587
19.4844	18.4628
19.4926	18.4628
19.4926	18.4669
19.4967	18.4669
19.4967	18.4710
19.5008	18.4710
19.5049	18.4751
19.5131	18.4751
19.5172	18.4792
19.5213	18.4792
19.5254	18.4833
19.5295	18.4874
19.5377	18.4874
19.5377	18.4915
19.5418	18.4915
19.5459	18.4956
19.5500	18.4956
19.5541	18.4997
19.5582	18.4997
19.5582	18.5038
19.5664	18.5038
19.5705	18.5079
19.5747	18.5079
19.5788	18.5120
19.5870	18.5120
19.5870	18.5161
19.5911	18.5202
19.5952	18.5202
19.5993	18.5243
19.6075	18.5243
19.6075	18.5284
19.6157	18.5284
19.6198	18.5325
19.6198	18.5366
19.6280	18.5366
19.6280	18.5407
19.6362	18.5407
19.6362	18.5448
19.6444	18.5448
19.6444	18.5489
19.6526	18.5489
19.6526	18.5530
19.6567	18.5530
19.6567	18.5571
19.6649	18.5571
19.6690	18.5612
19.6813	18.5612
19.6813	18.5654
19.6936	18.5654
19.6977	18.5695
19.7018	18.5736
19.7141	18.5736
19.7141	18.5777
19.7306	18.5777
19.7306	18.5818
19.7429	18.5818
19.7470	18.5859
19.7470	18.5900
19.7593	18.5900
19.7593	18.5941
19.7675	18.5941
19.7716	18.5982
19.7757	18.5982
19.7798	18.6023
19.7839	18.6023
19.7839	18.6064
19.7921	18.6064
19.7921	18.6105
19.8003	18.6105
19.8044	18.6146
19.8126	18.6146
19.8126	18.6187
19.8167	18.6187
19.8208	18.6228
19.8331	18.6228
19.8331	18.6269
19.8454	18.6269
19.8454	18.6310
19.8536	18.6310
19.8536	18.6351
19.8577	18.6351
19.8577	18.6392
19.8660	18.6392
19.8660	18.6433
19.8701	18.6474
19.8783	18.6474
19.8783	18.6515
19.8824	18.6556
19.8865	18.6597
19.8906	18.6597
19.8947	18.6638
19.8988	18.6638
19.8988	18.6679
19.9029	18.6679
19.9029	18.6720
19.9070	18.6720
19.9111	18.6761
19.9193	18.6761
19.9193	18.6802
19.9275	18.6802
19.9275	18.6843
19.9316	18.6843
19.9316	18.6884
19.9357	18.6884
19.9357	18.6925
19.9439	18.6925
19.9439	18.6966
19.9480	18.6966
19.9521	18.7007
19.9603	18.7048
19.9603	18.7090
19.9644	18.7090
19.9685	18.7131
19.9767	18.7131
19.9767	18.7172
19.9849	18.7172
19.9849	18.7213
19.9931	18.7213
19.9931	18.7254
20.0096	18.7254
20.0096	18.7295
20.0219	18.7295
20.0219	18.7336
20.0383	18.7336
20.0465	18.7377
20.0547	18.7377
20.0588	18.7418
20.0670	18.7418
20.0711	18.7459
20.0957	18.7459
20.0957	18.7500
20.1121	18.7500
20.1121	18.7541
20.1203	18.7541
20.1203	18.7582
20.1367	18.7582
20.1367	18.7623
20.1696	18.7623
20.1696	18.7664
20.1983	18.7664
20.1983	18.7705
20.2065	18.7705
20.2106	18.7746
20.2352	18.7746
20.2393	18.7787
20.2598	18.7787
20.2639	18.7828
20.4198	18.7828
20.4198	18.7787
20.4568	18.7787
20.4568	18.7746
20.4732	18.7746
20.4773	18.7705
20.4937	18.7705
20.4937	18.7664
20.5019	18.7664
20.5019	18.7623
20.5101	18.7623
20.5142	18.7582
20.5224	18.7582
20.5224	18.7541
20.5265	18.7541
20.5306	18.7500
20.5306	18.7459
20.5388	18.7459
20.5388	18.7418
20.5429	18.7418
20.5470	18.7377
20.5511	18.7377
20.5511	18.7336
20.5552	18.7336
20.5593	18.7295
20.5593	18.7254
20.5634	18.7254
20.5675	18.7213
20.5716	18.7213
20.5716	18.7172
20.5757	18.7172
20.5757	18.7131
20.5839	18.7131
20.5839	18.7090
20.5881	18.7090
20.5881	18.7048
20.5922	18.7048
20.5922	18.7007
20.5963	18.7007
20.5963	18.6966
20.6004	18.6966
20.6004	18.6925
20.6045	18.6925
20.6045	18.6884
20.6086	18.6884
20.6086	18.6843
20.6086	18.6802
20.6127	18.6802
20.6127	18.6761
20.6127	18.6720
20.6168	18.6720
20.6209	18.6679
20.6209	18.6638
20.6250	18.6638
20.6250	18.6597
20.6250	18.6556
20.6250	18.6515
20.6291	18.6515
20.6291	18.6474
20.6291	18.6433
20.6291	18.6392
20.6332	18.6392
20.6332	18.6351
20.6373	18.6351
20.6373	18.6310
20.6373	18.6269
20.6373	18.6228
20.6414	18.6228
20.6414	18.6187
20.6414	18.6146
20.6414	18.6105
20.6455	18.6105
20.6455	18.6064
20.6455	18.6023
20.6496	18.6023
20.6496	18.5982
20.6496	18.5941
20.6537	18.5941
20.6537	18.5900
20.6537	18.5859
20.6578	18.5859
20.6578	18.5818
20.6578	18.5777
20.6578	18.5736
20.6619	18.5736
20.6619	18.5695
20.6619	18.5654
20.6619	18.5612
20.6660	18.5571
20.6660	18.5530
20.6701	18.5489
20.6701	18.5448
20.6701	18.5407
20.6701	18.5366
20.6701	18.5325
20.6701	18.5284
20.6701	18.5243
20.6701	18.5202
20.6701	18.5161
20.6701	18.5120
20.6701	18.5079
20.6701	18.5038
20.6701	18.4997
20.6701	18.4956
20.6701	18.4915
20.6701	18.4874
20.6701	18.4833
20.6701	18.4792
20.6701	18.4751
20.6701	18.4710
20.6701	18.4669
20.6701	18.4628
20.6701	18.4587
20.6660	18.4587
20.6660	18.4546
20.6660	18.4505
20.6660	18.4464
20.6660	18.4423
20.6660	18.4382
20.6660	18.4341
20.6660	18.4300
20.6660	18.4259
20.6660	18.4218
20.6660	18.4177
20.6619	18.4135
20.6619	18.4094
20.6578	18.4053
20.6578	18.4012
20.6578	18.3971
20.6578	18.3889
20.6578	18.3848
20.6537	18.3848
20.6537	18.3807
20.6537	18.3766
20.6537	18.3725
20.6537	18.3684
20.6537	18.3643
20.6537	18.3602
20.6537	18.3561
20.6537	18.3520
20.6537	18.3479
20.6496	18.3479
20.6496	18.3438
20.6496	18.3397
20.6496	18.3356
20.6455	18.3356
20.6455	18.3315
20.6414	18.3233
20.6414	18.3192
20.6414	18.3151
20.6373	18.3151
20.6373	18.3069
20.6373	18.3028
20.6373	18.2987
20.6373	18.2905
20.6332	18.2864
20.6332	18.2823
20.6291	18.2741
20.6291	18.2699
20.6291	18.2658
20.6250	18.2617
20.6250	18.2535
20.6250	18.2494
20.6209	18.2453
20.6209	18.2412
20.6209	18.2371
20.6209	18.2330
20.6209	18.2289
20.6209	18.2248
20.6209	18.2207
20.6168	18.2207
20.6168	18.2166
20.6168	18.2125
20.6168	18.2084
20.6168	18.2043
20.6168	18.2002
20.6127	18.2002
20.6127	18.1961
20.6127	18.1879
20.6086	18.1879
20.6086	18.1838
20.6086	18.1797
20.6086	18.1756
20.6086	18.1715
20.6086	18.1674
20.6086	18.1633
20.6086	18.1592
20.6086	18.1551
20.6086	18.1510
20.6086	18.1469
20.6086	18.1428
20.6086	18.1387
20.6086	18.1346
20.6086	18.1305
20.6086	18.1263
20.6086	18.1222
20.6086	18.1181
20.6086	18.1140
20.6086	18.1099
20.6086	18.1058
20.6086	18.1017
20.6086	18.0976
20.6086	18.0935
20.6086	18.0894
20.6086	18.0853
20.6086	18.0812
20.6086	18.0771
20.6086	18.0730
20.6086	18.0689
20.6086	18.0648
20.6086	18.0607
20.6086	18.0566
20.6086	18.0525
20.6086	18.0484
20.6086	18.0443
20.6086	18.0402
20.6086	18.0361
20.6086	18.0320
20.6086	18.0279
20.6086	18.0238
20.6086	18.0197
20.6086	18.0156
20.6127	18.0115
20.6127	18.0074
20.6127	18.0033
20.6127	17.9992
20.6127	17.9951
20.6127	17.9910
20.6168	17.9869
20.6168	17.9827
20.6168	17.9786
20.6168	17.9745
20.6168	17.9704
20.6168	17.9663
20.6168	17.9622
20.6209	17.9622
20.6209	17.9581
20.6209	17.9540
20.6209	17.9499
20.6250	17.9499
20.6250	17.9458
20.6250	17.9417
20.6250	17.9376
20.6250	17.9335
20.6250	17.9294
20.6250	17.9253
20.6291	17.9212
20.6291	17.9171
20.6291	17.9130
20.6291	17.9089
20.6291	17.9048
20.6291	17.9007
20.6291	17.8966
20.6291	17.8925
20.6291	17.8884
20.6291	17.8843
20.6291	17.8802
20.6291	17.8761
20.6291	17.8720
20.6332	17.8720
20.6332	17.8679
20.6332	17.8638
20.6332	17.8597
20.6373	17.8556
20.6373	17.8515
20.6373	17.8474
20.6373	17.8433
20.6373	17.8391
20.6373	17.8350
20.6373	17.8309
20.6373	17.8268
20.6373	17.8227
20.6373	17.8186
20.6373	17.8145
20.6373	17.8104
20.6373	17.8063
20.6373	17.8022
20.6373	17.7940
20.6373	17.7899
20.6373	17.7858
20.6373	17.7817
20.6373	17.7776
20.6373	17.7735
20.6373	17.7653
20.6373	17.7612
20.6373	17.7571
20.6373	17.7530
20.6373	17.7489
20.6414	17.7407
20.6414	17.7366
20.6414	17.7284
20.6414	17.7243
20.6414	17.7202
20.6414	17.7161
20.6414	17.7120
20.6414	17.7079
20.6414	17.7038
20.6414	17.6997
20.6414	17.6956
20.6414	17.6914
20.6455	17.6873
20.6455	17.6832
20.6455	17.6791
20.6455	17.6750
20.6455	17.6709
20.6455	17.6668
20.6455	17.6627
20.6455	17.6586
20.6455	17.6545
20.6455	17.6504
20.6455	17.6463
20.6455	17.6422
20.6455	17.6381
20.6455	17.6340
20.6455	17.6299
20.6455	17.6258
20.6455	17.6217
20.6496	17.6217
20.6496	17.6176
20.6496	17.6135
20.6496	17.6094
20.6496	17.6053
20.6537	17.6012
20.6537	17.5971
20.6537	17.5930
20.6537	17.5889
20.6537	17.5848
20.6537	17.5807
20.6537	17.5766
20.6537	17.5725
20.6537	17.5684
20.6537	17.5643
20.6537	17.5602
20.6578	17.5602
20.6578	17.5561
20.6578	17.5520
20.6578	17.5478
20.6578	17.5437
20.6578	17.5396
20.6578	17.5355
20.6619	17.5355
20.6619	17.5314
20.6619	17.5273
20.6619	17.5232
20.6619	17.5191
20.6660	17.5150
20.6660	17.5109
20.6660	17.5068
20.6701	17.5068
20.6701	17.5027
20.6701	17.4986
20.6742	17.4986
20.6742	17.4945
20.6783	17.4945
20.6783	17.4904
20.6783	17.4863
20.6824	17.4863
20.6865	17.4822
20.6947	17.4822
20.6947	17.4781
20.6947	17.4740
20.6988	17.4740
20.6988	17.4699
20.7070	17.4699
20.7070	17.4658
20.7111	17.4658
20.7152	17.4617
20.7152	17.4576
20.7234	17.4576
20.7234	17.4535
20.7275	17.4535
20.7275	17.4494
20.7317	17.4494
20.7317	17.4453
20.7317	17.4412
20.7399	17.4412
20.7399	17.4371
20.7399	17.4330
20.7440	17.4330
20.7440	17.4289
20.7440	17.4248
20.7481	17.4248
20.7481	17.4207
20.7522	17.4207
20.7522	17.4166
20.7563	17.4166
20.7563	17.4125
20.7563	17.4084
20.7604	17.4084
20.7604	17.4042
20.7604	17.4001
20.7645	17.4001
20.7645	17.3960
20.7645	17.3919
20.7645	17.3878
20.7686	17.3878
20.7686	17.3837
20.7727	17.3837
20.7727	17.3796
20.7727	17.3755
20.7727	17.3714
20.7768	17.3714
20.7768	17.3673
20.7809	17.3632
20.7809	17.3591
20.7809	17.3550
20.7850	17.3550
20.7850	17.3509
20.7891	17.3509
20.7891	17.3468
20.7932	17.3468
20.7932	17.3427
20.7932	17.3386
20.7932	17.3345
20.7973	17.3345
20.7973	17.3304
20.7973	17.3263
20.8014	17.3263
20.8014	17.3222
20.8014	17.3181
20.8014	17.3140
20.8055	17.3140
20.8055	17.3099
20.8096	17.3099
20.8096	17.3058
20.8096	17.3017
20.8137	17.3017
20.8137	17.2976
20.8178	17.2935
20.8178	17.2894
20.8178	17.2853
20.8219	17.2853
20.8219	17.2812
20.8260	17.2771
20.8260	17.2730
20.8260	17.2689
20.8301	17.2689
20.8301	17.2648
20.8301	17.2606
20.8342	17.2565
20.8342	17.2524
20.8383	17.2524
20.8383	17.2483
20.8424	17.2483
20.8424	17.2442
20.8424	17.2401
20.8424	17.2360
20.8465	17.2360
20.8465	17.2319
20.8506	17.2319
20.8506	17.2278
20.8506	17.2237
20.8506	17.2196
20.8547	17.2196
20.8547	17.2155
20.8588	17.2155
20.8588	17.2114
20.8588	17.2073
20.8588	17.2032
20.8629	17.2032
20.8629	17.1991
20.8629	17.1950
20.8670	17.1950
20.8670	17.1909
20.8670	17.1868
20.8670	17.1827
20.8711	17.1827
20.8711	17.1786
20.8753	17.1745
20.8753	17.1704
20.8753	17.1663
20.8753	17.1622
20.8794	17.1622
20.8794	17.1581
20.8794	17.1540
20.8794	17.1499
20.8794	17.1458
20.8794	17.1417
20.8835	17.1376
20.8835	17.1335
20.8835	17.1294
20.8835	17.1212
20.8876	17.1212
20.8876	17.1170
20.8876	17.1129
20.8917	17.1129
20.8917	17.1088
20.8917	17.1047
20.8917	17.1006
20.8917	17.0965
20.8917	17.0924
20.8917	17.0883
20.8917	17.0842
20.8958	17.0842
20.8958	17.0801
20.8958	17.0760
20.8958	17.0719
20.8958	17.0678
20.8958	17.0637
20.8958	17.0596
20.8958	17.0555
20.8958	17.0514
20.8958	17.0473
20.8958	17.0432
20.8958	17.0391
20.8958	17.0350
20.8958	17.0309
20.8958	17.0268
20.8958	17.0227
20.8958	17.0186
20.8958	17.0145
20.8958	17.0104
20.8958	17.0063
20.8958	17.0022
20.8958	16.9981
20.8958	16.9940
20.8958	16.9899
20.8958	16.9858
20.8958	16.9817
20.8958	16.9776
20.8958	16.9735
20.8958	16.9693
20.8999	16.9693
20.8999	16.9652
20.8999	16.9611
20.8999	16.9570
20.8999	16.9529
20.8999	16.9488
20.9040	16.9488
20.9040	16.9447
20.9081	16.9447
20.9081	16.9406
20.9081	16.9365
20.9122	16.9365
20.9122	16.9324
20.9163	16.9324
20.9163	16.9283
20.9163	16.9242
20.9245	16.9242
20.9245	16.9201
20.9245	16.9160
20.9286	16.9160
20.9286	16.9119
20.9327	16.9078
20.9327	16.9037
20.9368	16.9037
20.9368	16.8996
20.9368	16.8955
20.9450	16.8955
20.9450	16.8914
20.9491	16.8914
20.9491	16.8873
20.9491	16.8832
20.9532	16.8832
20.9532	16.8791
20.9614	16.8791
20.9614	16.8750
20.9655	16.8750
20.9655	16.8709
20.9655	16.8668
20.9737	16.8668
20.9737	16.8627
20.9901	16.8627
20.9983	16.8709
21.0476	16.8709
21.0476	16.8791
21.0804	16.8791
21.0886	16.8873
21.1625	16.8873
21.1707	16.8955
21.1871	16.8955
21.2035	16.9037
21.7451	16.9037
21.7451	16.8955
21.7615	16.8955
21.7615	16.8873
21.8025	16.8873
21.8025	16.8791
21.8271	16.8791
21.8271	16.8709
21.8435	16.8709
21.8435	16.8627
21.8681	16.8627
21.8681	16.8545
21.8928	16.8545
21.8928	16.8463
21.9092	16.8463
21.9092	16.8381
21.9338	16.8381
21.9420	16.8299
21.9502	16.8299
21.9502	16.8216
21.9748	16.8216
21.9748	16.8134
21.9748	16.8052
21.9994	16.8052
21.9994	16.7970
22.0158	16.7970
22.0158	16.7888
22.0405	16.7888
22.0405	16.7806
22.0487	16.7806
22.0487	16.7724
22.0733	16.7724
22.0733	16.7642
22.0815	16.7642
22.0897	16.7560
22.1061	16.7560
22.1061	16.7478
22.1143	16.7478
22.1143	16.7396
22.1225	16.7396
22.1225	16.7314
22.1307	16.7314
22.1307	16.7232
22.1389	16.7232
22.1389	16.7150
22.1553	16.7150
22.1553	16.7068
22.1717	16.7068
22.1717	16.6986
22.1800	16.6986
22.1800	16.6904
22.1882	16.6904
22.1882	16.6821
22.1964	16.6821
22.1964	16.6739
22.2046	16.6739
22.2046	16.6657
22.2210	16.6657
22.2210	16.6575
22.2292	16.6575
22.2292	16.6493
22.2374	16.6493
22.2374	16.6411
22.2456	16.6411
22.2538	16.6329
22.2538	16.6247
22.2702	16.6247
22.2702	16.6165
22.2702	16.6083
22.2866	16.6083
22.2866	16.6001
22.2866	16.5919
22.3030	16.5919
22.3030	16.5837
22.3112	16.5837
22.3112	16.5755
22.3195	16.5755
22.3195	16.5673
22.3277	16.5591
22.3359	16.5591
22.3359	16.5509
22.3441	16.5509
22.3523	16.5427
22.3605	16.5427
22.3687	16.5344
22.3687	16.5262
22.3769	16.5262
22.3769	16.5180
22.3851	16.5180
22.3851	16.5098
22.3851	16.5016
22.3851	16.4934
22.3933	16.4934
22.4015	16.4852
22.4015	16.4770
22.4097	16.4770
22.4097	16.4688
22.4179	16.4688
22.4179	16.4606
22.4261	16.4606
22.4261	16.4524
22.4343	16.4524
22.4343	16.4442
22.4425	16.4442
22.4425	16.4360
22.4507	16.4360
22.4507	16.4278
22.4507	16.4196
22.4507	16.4114
22.4589	16.4114
22.4589	16.4032
22.4589	16.3949
22.4672	16.3949
22.4672	16.3867
22.4754	16.3867
22.4754	16.3785
22.4836	16.3785
22.4836	16.3703
22.4918	16.3703
22.4918	16.3621
23.0498	16.3621
23.0580	16.3539
23.1564	16.3539
23.1564	16.3457
23.2221	16.3457
23.2221	16.3375
23.2467	16.3375
23.2467	16.3293
23.2713	16.3293
23.2713	16.3211
23.2877	16.3211
23.2877	16.3129
23.3123	16.3129
23.3123	16.3047
23.3205	16.3047
23.3288	16.2965
23.3534	16.2965
23.3534	16.2883
23.3534	16.2801
23.3780	16.2801
23.3780	16.2719
23.3862	16.2719
23.3862	16.2637
23.4026	16.2637
23.4026	16.2555
23.4108	16.2555
23.4108	16.2472
23.4272	16.2472
23.4354	16.2390
23.4354	16.2308
23.4518	16.2308
23.4518	16.2226
23.4518	16.2144
23.4682	16.2144
23.4682	16.2062
23.4682	16.1980
23.4847	16.1980
23.4847	16.1898
23.4847	16.1816
23.5011	16.1816
23.5011	16.1734
23.5093	16.1652
23.5175	16.1652
23.5175	16.1570
23.5257	16.1570
23.5257	16.1488
23.5339	16.1488
23.5339	16.1406
23.5421	16.1406
23.5421	16.1324
23.5503	16.1324
23.5503	16.1242
23.5585	16.1242
23.5585	16.1160
23.5667	16.1160
23.5667	16.1078
23.5667	16.0995
23.5831	16.0995
23.5831	16.0913
23.5831	16.0831
23.5913	16.0831
23.5913	16.0749
23.5995	16.0749
23.5995	16.0667
23.6077	16.0667
23.6077	16.0585
23.6077	16.0503
23.6159	16.0503
23.6159	16.0421
23.6242	16.0421
23.6242	16.0339
23.6324	16.0339
23.6324	16.0257
23.6406	16.0257
23.6406	16.0175
23.6488	16.0175
23.6488	16.0093
23.6488	16.0011
23.6652	16.0011
23.6652	15.9929
23.6652	15.9847
23.6652	15.9765
23.6734	15.9765
23.6734	15.9683
23.6816	15.9683
23.6816	15.9600
23.6816	15.9518
23.6898	15.9518
23.6898	15.9436
23.6980	15.9436
23.6980	15.9354
23.6980	15.9272
23.6980	15.9190
23.7144	15.9190
23.7144	15.9108
23.7144	15.9026
23.7226	15.8944
23.7308	15.8944
23.7308	15.8862
23.7472	15.8862
23.7472	15.8780
23.7472	15.8698
23.7637	15.8698
23.7637	15.8616
23.7637	15.8534
23.7801	15.8534
23.7801	15.8452
23.7801	15.8370
23.7801	15.8288
23.7883	15.8288
23.7883	15.8206
23.7965	15.8206
23.7965	15.8123
23.7965	15.8041
23.7965	15.7959
23.7965	15.7877
23.7965	15.7795
23.7965	15.7713
23.7924	15.7713
23.7924	15.7672
23.7924	15.7631
23.7924	15.7590
23.7883	15.7549
23.7883	15.7508
23.7883	15.7467
23.7883	15.7426
23.7883	15.7385
23.7883	15.7344
23.7883	15.7303
23.7842	15.7221
23.7842	15.7180
23.7842	15.7098
23.7842	15.7057
23.7842	15.6975
23.7842	15.6934
23.7842	15.6893
23.7842	15.6852
23.7842	15.6811
23.7842	15.6770
23.7842	15.6729
23.7842	15.6687
23.7842	15.6646
23.7842	15.6605
23.7842	15.6564
23.7842	15.6523
23.7842	15.6482
23.7842	15.6441
23.7842	15.6359
23.7842	15.6318
23.7842	15.6236
23.7842	15.6154
23.7842	15.6072
23.7842	15.5990
23.7883	15.5908
23.7883	15.5867
23.7883	15.5826
23.7883	15.5785
23.7883	15.5744
23.7883	15.5703
23.7883	15.5662
23.7883	15.5621
23.7883	15.5580
23.7924	15.5580
23.7924	15.5539
23.7924	15.5498
23.7965	15.5457
23.7965	15.5416
23.7965	15.5375
23.7965	15.5334
23.7965	15.5293
23.7965	15.5251
23.7965	15.5210
23.7965	15.5169
23.7965	15.5128
23.7965	15.5087
23.7965	15.5046
23.7965	15.5005
23.7965	15.4964
23.7965	15.4923
23.7965	15.4882
23.7965	15.4841
23.8006	15.4800
23.8006	15.4759
23.8006	15.4718
23.8006	15.4677
23.8006	15.4636
23.8006	15.4595
23.8006	15.4554
23.8006	15.4513
23.8006	15.4472
23.8006	15.4431
23.8006	15.4390
23.8006	15.4349
23.8006	15.4308
23.8047	15.4267
23.8047	15.4226
23.8047	15.4185
23.8047	15.4144
23.8047	15.4103
23.8047	15.4062
23.8088	15.4062
23.8088	15.4021
23.8088	15.3980
23.8088	15.3939
23.8088	15.3898
23.8088	15.3857
23.8088	15.3815
23.8129	15.3774
23.8129	15.3733
23.8129	15.3692
23.8129	15.3651
23.8129	15.3610
23.8129	15.3569
23.8129	15.3528
23.8129	15.3487
23.8170	15.3487
23.8170	15.3446
23.8170	15.3405
23.8170	15.3364
23.8170	15.3323
23.8170	15.3282
23.8211	15.3241
23.8211	15.3200
23.8252	15.3200
23.8252	15.3159
23.8252	15.3118
23.8252	15.3036
23.8293	15.3036
23.8293	15.2954
23.8293	15.2913
23.8334	15.2872
23.8334	15.2831
23.8334	15.2790
23.8334	15.2749
23.8334	15.2708
23.8375	15.2708
23.8375	15.2667
23.8375	15.2626
23.8416	15.2626
23.8416	15.2585
23.8416	15.2544
23.8416	15.2503
23.8457	15.2503
23.8457	15.2462
23.8457	15.2421
23.8457	15.2379
23.8457	15.2338
23.8457	15.2297
23.8498	15.2297
23.8498	15.2256
23.8498	15.2215
23.8498	15.2174
23.8498	15.2133
23.8498	15.2092
23.8498	15.2051
23.8539	15.2051
23.8539	15.2010
23.8539	15.1969
23.8580	15.1969
23.8580	15.1928
23.8580	15.1887
23.8580	15.1846
23.8580	15.1805
23.8621	15.1805
23.8621	15.1764
23.8621	15.1723
23.8621	15.1682
23.8662	15.1682
23.8662	15.1641
23.8662	15.1600
23.8662	15.1559
23.8662	15.1518
23.8703	15.1518
23.8703	15.1477
23.8703	15.1436
23.8703	15.1395
23.8703	15.1354
23.8703	15.1313
23.8744	15.1272
23.8744	15.1231
23.8744	15.1190
23.8744	15.1149
23.8744	15.1108
23.8785	15.1108
23.8785	15.1067
23.8785	15.1026
23.8785	15.0985
23.8785	15.0943
23.8826	15.0943
23.8826	15.0902
23.8826	15.0861
23.8826	15.0820
23.8826	15.0779
23.8867	15.0779
23.8867	15.0738
23.8867	15.0697
23.8867	15.0656
23.8867	15.0615
23.8867	15.0574
23.8867	15.0533
23.8908	15.0492
23.8908	15.0451
23.8908	15.0410
23.8949	15.0410
23.8949	15.0369
23.8949	15.0328
23.8949	15.0287
23.8949	15.0246
23.8949	15.0205
23.8949	15.0164
23.8949	15.0123
23.8949	15.0082
23.8949	15.0041
23.8949	15.0000
23.8990	15.0000
23.8990	14.9959
23.8990	14.9918
23.8990	14.9877
23.8990	14.9836
23.8990	14.9795
23.9031	14.9795
23.9031	14.9754
23.9031	14.9713
23.9031	14.9672
23.9031	14.9631
23.9031	14.9590
23.9031	14.9508
23.9073	14.9508
23.9073	14.9466
23.9073	14.9425
23.9073	14.9384
23.9073	14.9343
23.9073	14.9302
23.9114	14.9302
23.9114	14.9261
23.9114	14.9220
23.9114	14.9179
23.9114	14.9138
23.9114	14.9097
23.9114	14.9056
23.9114	14.9015
23.9114	14.8974
23.9114	14.8933
23.9114	14.8892
23.9114	14.8851
23.9114	14.8810
23.9114	14.8769
23.9114	14.8728
23.9114	14.8687
23.9114	14.8646
23.9114	14.8605
23.9114	14.8564
23.9114	14.8523
23.9114	14.8482
23.9114	14.8441
23.9114	14.8400
23.9114	14.8359
23.9114	14.8318
23.9114	14.8277
23.9114	14.8236
23.9114	14.8195
23.9114	14.8154
23.9114	14.8113
23.9114	14.8072
23.9114	14.8030
23.9114	14.7989
23.9114	14.7948
23.9114	14.7907
23.9114	14.7866
23.9114	14.7825
23.9114	14.7784
23.9114	14.7743
23.9114	14.7702
23.9114	14.7661
23.9114	14.7620
23.9114	14.7579
23.9114	14.7538
23.9114	14.7497
23.9114	14.7456
23.9114	14.7415
23.9114	14.7374
23.9114	14.7333
23.9114	14.7292
23.9114	14.7251
23.9114	14.7210
23.9114	14.7169
23.9073	14.7169
23.9073	14.7128
23.9073	14.7087
23.9073	14.7046
23.9073	14.7005
23.9031	14.7005
23.9031	14.6964
23.8990	14.6964
23.8990	14.6923
23.8990	14.6882
23.8949	14.6882
23.8949	14.6841
23.8949	14.6800
23.8949	14.6759
23.8949	14.6718
23.8908	14.6718
23.8908	14.6677
23.8908	14.6636
23.8908	14.6594
23.8908	14.6553
23.8908	14.6512
23.8867	14.6512
23.8867	14.6471
23.8867	14.6430
23.8867	14.6389
23.8826	14.6389
23.8826	14.6348
23.8826	14.6307
23.8826	14.6266
23.8826	14.6225
23.8826	14.6184
23.8785	14.6143
23.8785	14.6102
23.8785	14.6061
23.8785	14.6020
23.8785	14.5979
23.8785	14.5938
23.8785	14.5897
23.8744	14.5897
23.8744	14.5856
23.8744	14.5815
23.8744	14.5774
23.8744	14.5733
23.8744	14.5692
23.8744	14.5651
23.8744	14.5610
23.8703	14.5610
23.8703	14.5569
23.8703	14.5528
23.8662	14.5528
23.8662	14.5487
23.8662	14.5446
23.8662	14.5405
23.8621	14.5405
23.8621	14.5323
23.8621	14.5241
23.8539	14.5158
23.8539	14.5076
23.8457	14.5076
23.8457	14.4994
23.8457	14.4912
23.8457	14.4830
23.8457	14.4748
23.8457	14.4707
23.8416	14.4707
23.8416	14.4666
23.8375	14.4666
23.8375	14.4625
23.8334	14.4584
23.8293	14.4584
23.8293	14.4543
23.8252	14.4543
23.8252	14.4502
23.8252	14.4461
23.8211	14.4461
23.8211	14.4420
23.8211	14.4379
23.8170	14.4379
23.8170	14.4338
23.8170	14.4297
23.8170	14.4256
23.8170	14.4215
23.8170	14.4174
23.8170	14.4133
23.8170	14.4092
23.8170	14.4051
23.8170	14.4010
23.8170	14.3969
23.8170	14.3928
23.8211	14.3928
23.8211	14.3887
23.8211	14.3846
23.8211	14.3805
23.8211	14.3764
23.8211	14.3681
23.8211	14.3599
23.8129	14.3599
23.8129	14.3517
23.8047	14.3517
23.8047	14.3435
23.7883	14.3435
23.7883	14.3353
23.7883	14.3271
23.7883	14.3189
23.7883	14.3107
23.7883	14.3025
23.7883	14.2943
23.7883	14.2861
23.7883	14.2779
23.7883	14.2697
23.7883	14.2615
23.7883	14.2533
23.7883	14.2451
23.7883	14.2369
23.7883	14.2287
23.7965	14.2287
23.7965	14.2204
23.7965	14.2122
23.7965	14.2040
23.7965	14.1958
23.7965	14.1876
23.7965	14.1794
23.7965	14.1712
23.7965	14.1630
23.7965	14.1548
23.7965	14.1466
23.7965	14.1384
23.7965	14.1302
23.7965	14.1220
23.7965	14.1138
23.7965	14.1056
23.7965	14.0974
23.7965	14.0892
23.7965	14.0809
23.7965	14.0727
23.7965	14.0645
23.7965	14.0563
23.7965	14.0481
23.7965	14.0399
23.7965	14.0317
23.7965	14.0235
23.7965	14.0153
23.7965	14.0071
23.7965	13.9989
23.7965	13.9907
23.7965	13.9825
23.7965	13.9743
23.7965	13.9661
23.7965	13.9579
23.7965	13.9497
23.7965	13.9415
23.7883	13.9415
23.7883	13.9332
23.7883	13.9250
23.7801	13.9168
23.7801	13.9086
23.7801	13.9004
23.7801	13.8922
23.7801	13.8840
23.7719	13.8840
23.7719	13.8758
23.7719	13.8676
23.7637	13.8676
23.7637	13.8594
23.7637	13.8512
23.7637	13.8430
23.7637	13.8348
23.7554	13.8348
23.7554	13.8266
23.7554	13.8184
23.7472	13.8184
23.7472	13.8102
23.7472	13.8020
23.7472	13.7937
23.7390	13.7937
23.7390	13.7855
23.7390	13.7773
23.7308	13.7773
23.7308	13.7691
23.7308	13.7609
23.7308	13.7527
23.7226	13.7527
23.7144	13.7445
23.7144	13.7363
23.7144	13.7281
23.7062	13.7281
23.7062	13.7199
23.6980	13.7199
23.6980	13.7117
23.6980	13.7035
23.6898	13.7035
23.6898	13.6953
23.6816	13.6953
23.6816	13.6871
23.6734	13.6871
23.6734	13.6789
23.6734	13.6707
23.6652	13.6707
23.6652	13.6625
23.6652	13.6543
23.6488	13.6543
23.6488	13.6460
23.6488	13.6378
23.6406	13.6378
23.6406	13.6296
23.6324	13.6214
23.6324	13.6132
23.6324	13.6050
23.6159	13.6050
23.6159	13.5968
23.6159	13.5886
23.5995	13.5886
23.5995	13.5804
23.5995	13.5722
23.5913	13.5722
23.5913	13.5640
23.5913	13.5558
23.5831	13.5558
23.5831	13.5476
23.5831	13.5394
23.5831	13.5312
23.5831	13.5230
23.5749	13.5230
23.5749	13.5148
23.5749	13.5066
23.5667	13.5066
23.5667	13.4983
23.5667	13.4901
23.5667	13.4819
23.5585	13.4819
23.5585	13.4737
23.5585	13.4655
23.5503	13.4655
23.5503	13.4573
23.4600	13.4573
23.4600	13.4655
23.4518	13.4655
23.4518	13.4737
23.3780	13.4737
23.3780	13.4819
23.3534	13.4819
23.3534	13.4901
23.3370	13.4901
23.3370	13.4983
23.3041	13.4983
23.3041	13.4901
23.1893	13.4901
23.1810	13.4819
23.1154	13.4819
23.1154	13.4901
23.0990	13.4901
23.0990	13.4983
23.0908	13.4983
23.0908	13.5066
23.0662	13.5066
23.0662	13.5148
23.0580	13.5148
23.0580	13.5230
23.0498	13.5230
23.0498	13.5312
23.0416	13.5312
23.0416	13.5394
23.0333	13.5394
23.0333	13.5476
23.0251	13.5476
23.0251	13.5558
23.0169	13.5558
23.0169	13.5640
23.0087	13.5640
23.0087	13.5722
22.9923	13.5722
22.9923	13.5804
22.9923	13.5886
22.9759	13.5886
22.9759	13.5968
22.9759	13.6050
22.9513	13.6050
22.9431	13.6132
22.8774	13.6132
22.8774	13.6214
22.8446	13.6214
22.8446	13.6296
22.8282	13.6296
22.8282	13.6378
22.8118	13.6378
22.8118	13.6460
22.7954	13.6460
22.7954	13.6378
22.6887	13.6378
22.6887	13.6460
22.6805	13.6460
22.6805	13.6543
22.4343	13.6543
22.4343	13.6460
22.3933	13.6460
22.3933	13.6378
22.3359	13.6378
22.3359	13.6296
22.3195	13.6296
22.3195	13.6214
22.2948	13.6214
22.2948	13.6132
22.2866	13.6132
22.2784	13.6050
22.2456	13.6050
22.2374	13.5968
22.2210	13.5968
22.2210	13.5886
22.2046	13.5886
22.2046	13.5804
22.1964	13.5804
22.1964	13.5722
22.1717	13.5722
22.1717	13.5640
22.1553	13.5640
22.1553	13.5558
22.1307	13.5558
22.1307	13.5476
22.1225	13.5476
22.1225	13.5394
22.1061	13.5394
22.0979	13.5312
22.0897	13.5312
22.0897	13.5230
22.0733	13.5230
22.0651	13.5148
22.0569	13.5148
22.0569	13.5066
22.0405	13.5066
22.0405	13.4983
22.0405	13.4901
22.0240	13.4901
22.0240	13.4819
22.0076	13.4819
22.0076	13.4737
21.9912	13.4737
21.9912	13.4655
21.9830	13.4655
21.9830	13.4573
21.9748	13.4573
21.9748	13.4491
21.9666	13.4491
21.9666	13.4409
21.9584	13.4409
21.9584	13.4327
21.9502	13.4327
21.9502	13.4245
21.9420	13.4245
21.9420	13.4163
21.9420	13.4081
21.9338	13.4081
21.9338	13.3999
21.9256	13.3999
21.9256	13.3917
21.9256	13.3835
21.9174	13.3835
21.9174	13.3753
21.9174	13.3671
21.9092	13.3671
21.9092	13.3588
21.9092	13.3506
21.9092	13.3424
21.9010	13.3424
21.9010	13.3342
21.9010	13.3260
21.8928	13.3260
21.8928	13.3178
21.8928	13.3096
21.8846	13.3096
21.8846	13.3014
21.8846	13.2932
21.8763	13.2932
21.8763	13.2850
21.8763	13.2768
21.8763	13.2686
21.8763	13.2604
21.8846	13.2604
21.8846	13.2522
21.8846	13.2440
21.8846	13.2358
21.8846	13.2276
21.8928	13.2276
21.8928	13.2194
21.8928	13.2111
21.9010	13.2111
21.9010	13.2029
21.9010	13.1947
21.9010	13.1865
21.9010	13.1783
21.9092	13.1783
21.9092	13.1701
21.9092	13.1619
21.9092	13.1537
21.9092	13.1455
21.9092	13.1373
21.9092	13.1291
21.9092	13.1209
21.9092	13.1127
21.9174	13.1045
21.9174	13.0963
21.9256	13.0963
21.9256	13.0881
21.9256	13.0799
21.9256	13.0716
21.9256	13.0634
21.9338	13.0634
21.9338	13.0552
21.9338	13.0470
21.9420	13.0470
21.9420	13.0388
21.9420	13.0306
21.9420	13.0224
21.9502	13.0224
21.9502	13.0142
21.9584	13.0060
21.9584	12.9978
21.9584	12.9896
21.9584	12.9814
21.9666	12.9814
21.9666	12.9732
21.9748	12.9732
21.9748	12.9650
21.9748	12.9568
21.9748	12.9486
21.9830	12.9486
21.9830	12.9404
21.9830	12.9322
21.9912	12.9322
21.9912	12.9239
21.9912	12.9157
21.9994	12.9157
21.9994	12.9075
21.9994	12.8993
22.0076	12.8993
22.0076	12.8911
22.0076	12.8829
22.0158	12.8829
22.0158	12.8747
22.0158	12.8665
22.0240	12.8665
22.0240	12.8583
22.0240	12.8501
22.0240	12.8419
22.0240	12.8337
22.0323	12.8255
22.0323	12.8173
22.0405	12.8173
22.0405	12.8091
22.0405	12.8009
22.0405	12.7927
22.0405	12.7845
22.0487	12.7762
22.0487	12.7680
22.0487	12.7598
22.0487	12.7516
22.0569	12.7516
22.0569	12.7434
22.0569	12.7352
22.0569	12.7270
22.0569	12.7188
22.0651	12.7188
22.0651	12.7106
22.0651	12.7024
22.0733	12.7024
22.0733	12.6942
22.0733	12.6860
22.0733	12.6778
22.0815	12.6778
22.0815	12.6696
22.0815	12.6614
22.0897	12.6614
22.0897	12.6532
22.0897	12.6450
22.0897	12.6367
22.0979	12.6367
22.0979	12.6285
22.1061	12.6285
22.1061	12.6203
22.1061	12.6121
22.1061	12.6039
22.1143	12.6039
22.1143	12.5957
22.1143	12.5875
22.1225	12.5875
22.1225	12.5793
22.1225	12.5711
22.1307	12.5711
22.1389	12.5629
22.1389	12.5547
22.1389	12.5465
22.1389	12.5383
22.1471	12.5383
22.1471	12.5301
22.1553	12.5301
22.1553	12.5219
22.1553	12.5137
22.1553	12.5055
22.1635	12.5055
22.1635	12.4973
22.1717	12.4973
22.1717	12.4890
22.1717	12.4808
22.1800	12.4808
22.1800	12.4726
22.1882	12.4726
22.1882	12.4644
22.1882	12.4562
22.1964	12.4562
22.2046	12.4480
22.2046	12.4398
22.2046	12.4316
22.2128	12.4316
22.2128	12.4234
22.2210	12.4234
22.2210	12.4152
22.2210	12.4070
22.2292	12.4070
22.2292	12.3988
22.2292	12.3906
22.2374	12.3906
22.2374	12.3824
22.2456	12.3824
22.2456	12.3742
22.2538	12.3742
22.2538	12.3660
22.2538	12.3578
22.2620	12.3578
22.2620	12.3495
22.2702	12.3495
22.2702	12.3413
22.2702	12.3331
22.2784	12.3249
22.2866	12.3249
22.2866	12.3167
22.2866	12.3085
22.2948	12.3085
22.2948	12.3003
22.3030	12.3003
22.3030	12.2921
22.3112	12.2921
22.3112	12.2839
22.3195	12.2839
22.3195	12.2757
22.3195	12.2675
22.3277	12.2675
22.3277	12.2593
22.3359	12.2593
22.3359	12.2511
22.3441	12.2429
22.3523	12.2429
22.3523	12.2347
22.3523	12.2265
22.3687	12.2265
22.3687	12.2183
22.3769	12.2183
22.3769	12.2101
22.3851	12.2101
22.3851	12.2018
22.3933	12.2018
22.4015	12.1936
22.4015	12.1854
22.4097	12.1854
22.4097	12.1772
22.4179	12.1772
22.4179	12.1690
22.4261	12.1690
22.4261	12.1608
22.4425	12.1608
22.4425	12.1526
22.4425	12.1444
22.4589	12.1444
22.4589	12.1362
22.4672	12.1362
22.4672	12.1280
22.4836	12.1280
22.4836	12.1198
22.4836	12.1116
22.5000	12.1116
22.5000	12.1034
22.5082	12.0952
22.5246	12.0952
22.5246	12.0870
22.5328	12.0870
22.5328	12.0788
22.5410	12.0788
22.5492	12.0706
22.5492	12.0624
22.5656	12.0624
22.5656	12.0541
22.5656	12.0459
22.5820	12.0459
22.5820	12.0377
22.5902	12.0377
22.5902	12.0295
22.6067	12.0295
22.6067	12.0213
22.6149	12.0213
22.6149	12.0131
22.6231	12.0131
22.6231	12.0049
22.6313	12.0049
22.6313	11.9967
22.6477	11.9967
22.6477	11.9885
22.6559	11.9885
22.6559	11.9803
22.6723	11.9803
22.6723	11.9721
22.6805	11.9721
22.6805	11.9639
22.6969	11.9639
22.6969	11.9557
22.6969	11.9475
22.7133	11.9475
22.7133	11.9393
22.7215	11.9393
22.7215	11.9311
22.7297	11.9311
22.7297	11.9229
22.7461	11.9229
22.7461	11.9146
22.7544	11.9146
22.7626	11.9064
22.7626	11.8982
22.7708	11.8982
22.7708	11.8900
22.7790	11.8900
22.7790	11.8818
22.7872	11.8818
22.7872	11.8736
22.7954	11.8736
22.7954	11.8654
22.8036	11.8654
22.8036	11.8572
22.8036	11.8490
22.8118	11.8490
22.8118	11.8408
22.8200	11.8408
22.8200	11.8326
22.8282	11.8244
22.8282	11.8162
22.8282	11.8080
22.8364	11.8080
22.8364	11.7998
22.8446	11.7998
22.8446	11.7916
22.8446	11.7834
22.8528	11.7834
22.8528	11.7752
22.8528	11.7669
22.8610	11.7669
22.8610	11.7587
22.8610	11.7505
22.8610	11.7423
22.8610	11.7341
22.8692	11.7341
22.8692	11.7259
22.8774	11.7259
22.8774	11.7177
22.8774	11.7095
22.8774	11.7013
22.8774	11.6931
22.8774	11.6849
22.8856	11.6849
22.8856	11.6767
22.8856	11.6685
22.8938	11.6685
22.8938	11.6603
22.8938	11.6521
22.8938	11.6439
22.8938	11.6357
22.9021	11.6357
22.9021	11.6274
22.9021	11.6192
22.9103	11.6192
22.9103	11.6110
22.9103	11.6028
22.9103	11.5946
22.9103	11.5864
22.9103	11.5782
22.9185	11.5782
22.9185	11.5700
22.9185	11.5618
22.9185	11.5536
22.9267	11.5536
22.9267	11.5454
22.9267	11.5372
22.9267	11.5290
22.9267	11.5208
22.9267	11.5126
22.9267	11.5044
22.9267	11.4962
22.9349	11.4962
22.9349	11.4880
22.9431	11.4880
22.9431	11.4797
22.9431	11.4715
22.9431	11.4633
22.9431	11.4551
22.9431	11.4469
22.9513	11.4387
22.9513	11.4305
22.9513	11.4223
22.9595	11.4223
22.9595	11.4141
22.9595	11.4059
22.9595	11.3977
22.9595	11.3895
22.9595	11.3813
22.9595	11.3731
22.9595	11.3649
22.9595	11.3567
22.9595	11.3485
22.9595	11.3403
22.9595	11.3320
22.9595	11.3238
22.9595	11.3156
22.9595	11.3074
22.9595	11.2992
22.9595	11.2910
22.9595	11.2828
22.9595	11.2746
22.9595	11.2664
22.9595	11.2582
22.9513	11.2582
22.9513	11.2500
22.9431	11.2418
22.9431	11.2336
22.9431	11.2254
22.9431	11.2172
22.9349	11.2172
22.9349	11.2090
22.9349	11.2008
22.9267	11.2008
22.9267	11.1925
22.9185	11.1925
22.9185	11.1843
22.9185	11.1761
22.9103	11.1761
22.9103	11.1679
22.9103	11.1597
22.9021	11.1597
22.9021	11.1515
22.9021	11.1433
22.8938	11.1433
22.8938	11.1351
22.8938	11.1269
22.8856	11.1269
22.8856	11.1187
22.8774	11.1187
22.8774	11.1105
22.8774	11.1023
22.8692	11.1023
22.8692	11.0941
22.8610	11.0941
22.8610	11.0859
22.8610	11.0777
22.8446	11.0777
22.8446	11.0695
22.8446	11.0613
22.8282	11.0613
22.8282	11.0531
22.8118	11.0531
22.8118	11.0448
22.7954	11.0448
22.7954	11.0366
22.7790	11.0366
22.7790	11.0284
22.5000	11.0284
22.5000	11.0202
22.4836	11.0202
22.4836	11.0120
22.3441	11.0120
22.3441	11.0202
22.3277	11.0202
22.3277	11.0284
22.2948	11.0284
22.2866	11.0366
22.2784	11.0366
22.2784	11.0448
22.2538	11.0448
22.2538	11.0531
22.2456	11.0531
22.2456	11.0613
22.2210	11.0613
22.2210	11.0695
22.2046	11.0695
22.2046	11.0777
22.1882	11.0777
22.1882	11.0859
22.1800	11.0859
22.1800	11.0941
22.1635	11.0941
22.1635	11.1023
22.1553	11.1023
22.1553	11.1105
22.1389	11.1105
22.1389	11.1187
22.1307	11.1187
22.1307	11.1269
22.1143	11.1269
22.1143	11.1351
22.1061	11.1351
22.1061	11.1433
22.0897	11.1433
22.0897	11.1515
22.0815	11.1597
22.0733	11.1597
22.0733	11.1679
22.0569	11.1679
22.0569	11.1761
22.0405	11.1761
22.0405	11.1843
22.0405	11.1925
22.0240	11.1925
22.0240	11.2008
22.0158	11.2008
22.0158	11.2090
22.0076	11.2090
21.9994	11.2172
21.9912	11.2172
21.9912	11.2254
21.9830	11.2254
21.9830	11.2336
21.9748	11.2336
21.9748	11.2418
21.9584	11.2418
21.9584	11.2500
21.9584	11.2582
21.9420	11.2582
21.9420	11.2664
21.9338	11.2664
21.9338	11.2746
21.9256	11.2746
21.9256	11.2828
21.9174	11.2910
21.9092	11.2910
21.9092	11.2992
21.9010	11.2992
21.9010	11.3074
21.8928	11.3074
21.8928	11.3156
21.8846	11.3156
21.8763	11.3238
21.8763	11.3320
21.8681	11.3320
21.8681	11.3403
21.8599	11.3403
21.8599	11.3485
21.8599	11.3567
21.8435	11.3567
21.8435	11.3649
21.8435	11.3731
21.8271	11.3731
21.8271	11.3813
21.8271	11.3895
21.8189	11.3895
21.8189	11.3977
21.8107	11.3977
21.8107	11.4059
21.8107	11.4141
21.8025	11.4141
21.7943	11.4223
21.7943	11.4305
21.7861	11.4305
21.7861	11.4387
21.7779	11.4387
21.7779	11.4469
21.7779	11.4551
21.7697	11.4551
21.7697	11.4633
21.7615	11.4633
21.7615	11.4715
21.7533	11.4715
21.7451	11.4797
21.7451	11.4880
21.7451	11.4962
21.7286	11.4962
21.7286	11.5044
21.7286	11.5126
21.7204	11.5126
21.7204	11.5208
21.7122	11.5208
21.7122	11.5290
21.7040	11.5290
21.7040	11.5372
21.6958	11.5372
21.6958	11.5454
21.6876	11.5454
21.6876	11.5536
21.6794	11.5536
21.6794	11.5618
21.6794	11.5700
21.6630	11.5700
21.6630	11.5782
21.6630	11.5864
21.6466	11.5864
21.6466	11.5946
21.6466	11.6028
21.6384	11.6028
21.6384	11.6110
21.6302	11.6110
21.6302	11.6192
21.6302	11.6274
21.6220	11.6274
21.6220	11.6357
21.6138	11.6357
21.6138	11.6439
21.6138	11.6521
21.6056	11.6521
21.6056	11.6603
21.5974	11.6603
21.5974	11.6685
21.5891	11.6685
21.5891	11.6767
21.5809	11.6767
21.5809	11.6849
21.5809	11.6931
21.5727	11.6931
21.5727	11.7013
21.5645	11.7013
21.5645	11.7095
21.5645	11.7177
21.5563	11.7259
21.5563	11.7341
21.5481	11.7341
21.5481	11.7423
21.5481	11.7505
21.5399	11.7505
21.5399	11.7587
21.5317	11.7587
21.5317	11.7669
21.5317	11.7752
21.5235	11.7752
21.5235	11.7834
21.5153	11.7834
21.5153	11.7916
21.5153	11.7998
21.5071	11.7998
21.5071	11.8080
21.4989	11.8080
21.4989	11.8162
21.4907	11.8162
21.4907	11.8244
21.4825	11.8244
21.4825	11.8326
21.4661	11.8326
21.4661	11.8408
21.4661	11.8490
21.4496	11.8490
21.4496	11.8572
21.4414	11.8572
21.4414	11.8654
21.4250	11.8654
21.4250	11.8736
21.3512	11.8736
21.3512	11.8654
21.3184	11.8654
21.3184	11.8572
21.3102	11.8490
21.2527	11.8490
21.2527	11.8408
21.2445	11.8408
21.2445	11.8326
21.2199	11.8326
21.2199	11.8244
21.2035	11.8244
21.2035	11.8162
21.1871	11.8162
21.1871	11.8080
21.1789	11.8080
21.1789	11.7998
21.1625	11.7998
21.1625	11.7916
21.1542	11.7916
21.1542	11.7834
21.1460	11.7834
21.1460	11.7752
21.1378	11.7752
21.1378	11.7669
21.1296	11.7669
21.1296	11.7587
21.1214	11.7587
21.1214	11.7505
21.1132	11.7505
21.1050	11.7423
21.1050	11.7341
21.0968	11.7341
21.0886	11.7259
21.0886	11.7177
21.0886	11.7095
21.0722	11.7095
21.0722	11.7013
21.0722	11.6931
21.0640	11.6931
21.0640	11.6849
21.0558	11.6849
21.0558	11.6767
21.0476	11.6767
21.0476	11.6685
21.0394	11.6685
21.0394	11.6603
21.0312	11.6603
21.0312	11.6521
21.0230	11.6521
21.0230	11.6439
21.0230	11.6357
21.0147	11.6357
21.0147	11.6274
21.0065	11.6274
21.0065	11.6192
21.0065	11.6110
21.0065	11.6028
20.9983	11.6028
20.9983	11.5946
20.9901	11.5946
20.9901	11.5864
20.9901	11.5782
20.9901	11.5700
20.9819	11.5700
20.9819	11.5618
20.9819	11.5536
20.9737	11.5536
20.9737	11.5454
20.9737	11.5372
20.9655	11.5372
20.9655	11.5290
20.9655	11.5208
20.9655	11.5126
20.9573	11.5126
20.9573	11.5044
20.9573	11.4962
20.9573	11.4880
20.9491	11.4880
20.9491	11.4797
20.9491	11.4715
20.9409	11.4715
20.9409	11.4633
20.9409	11.4551
20.9327	11.4551
20.9327	11.4469
20.9327	11.4387
20.9245	11.4387
20.9245	11.4305
20.9245	11.4223
20.9163	11.4223
20.9163	11.4141
20.9081	11.4141
20.9081	11.4059
20.9081	11.3977
20.9081	11.3895
20.8999	11.3895
20.8999	11.3813
20.8917	11.3813
20.8917	11.3731
20.8917	11.3649
20.8917	11.3567
20.8835	11.3567
20.8835	11.3485
20.8835	11.3403
20.8753	11.3403
20.8753	11.3320
20.8753	11.3238
20.8753	11.3156
20.8753	11.3074
20.8670	11.3074
20.8670	11.2992
20.8588	11.2992
20.8588	11.2910
20.8588	11.2828
20.8588	11.2746
20.8588	11.2664
20.8506	11.2664
20.8506	11.2582
20.8506	11.2500
20.8424	11.2500
20.8424	11.2418
20.8424	11.2336
20.8424	11.2254
20.8424	11.2172
20.8342	11.2172
20.8342	11.2090
20.8260	11.2090
20.8260	11.2008
20.8260	11.1925
20.8260	11.1843
20.8260	11.1761
20.8178	11.1761
20.8178	11.1679
20.8178	11.1597
20.8096	11.1597
20.8096	11.1515
20.8096	11.1433
20.8096	11.1351
20.8014	11.1351
20.8014	11.1269
20.8014	11.1187
20.7932	11.1187
20.7932	11.1105
20.7932	11.1023
20.7932	11.0941
20.7850	11.0859
20.7768	11.0859
20.7768	11.0777
20.7768	11.0695
20.7768	11.0613
20.7686	11.0613
20.7686	11.0531
20.7604	11.0531
20.7604	11.0448
20.7604	11.0366
20.7522	11.0284
20.7440	11.0284
20.7440	11.0202
20.7440	11.0120
20.7358	11.0120
20.7358	11.0038
20.7275	11.0038
20.7275	10.9956
20.7275	10.9874
20.7193	10.9874
20.7193	10.9792
20.7111	10.9792
20.7111	10.9710
20.7029	10.9710
20.7029	10.9628
20.6947	10.9628
20.6947	10.9546
20.6947	10.9464
20.6865	10.9464
20.6783	10.9382
20.6783	10.9300
20.6701	10.9218
20.6619	10.9136
20.6619	10.9053
20.6537	10.8971
20.6455	10.8971
20.6455	10.8889
20.6455	10.8807
20.6291	10.8807
20.6291	10.8725
20.6291	10.8643
20.6209	10.8643
20.6209	10.8561
20.6127	10.8561
20.6127	10.8479
20.6045	10.8397
20.5963	10.8397
20.5963	10.8315
20.5963	10.8233
20.5881	10.8233
20.5881	10.8151
20.5798	10.8151
20.5798	10.8069
20.5716	10.8069
20.5716	10.7987
20.5634	10.7987
20.5634	10.7905
20.5470	10.7905
20.5470	10.7823
20.5388	10.7823
20.5306	10.7741
20.5306	10.7659
20.5142	10.7659
20.5142	10.7576
20.5142	10.7494
20.4978	10.7494
20.4978	10.7412
20.4896	10.7412
20.4896	10.7330
20.4814	10.7330
20.4814	10.7248
20.4650	10.7248
20.4650	10.7166
20.4404	10.7166
20.4404	10.7084
20.4321	10.7084
20.4321	10.7002
20.4157	10.7002
20.4157	10.6920
20.4075	10.6920
20.3993	10.6838
20.3829	10.6838
20.3829	10.6756
20.3665	10.6756
20.3665	10.6674
20.2844	10.6674
20.2844	10.6592
