13.0430	5.2401
13.0594	5.2074
13.0757	5.1747
13.1085	5.1420
13.1412	5.1092
13.1575	5.0602
13.1575	5.0275
13.1739	4.9947
13.1903	4.9620
13.2066	4.9293
13.2066	4.8802
13.2066	4.8475
13.2066	4.8148
13.2230	4.7821
13.2230	4.7494
13.2230	4.7166
13.2230	4.6676
13.2230	4.6349
13.2230	4.6021
13.2230	4.5694
13.2393	4.5367
13.2393	4.5040
13.2557	4.4549
13.2557	4.4222
13.2720	4.3895
13.2720	4.3568
13.2884	4.3240
13.3048	4.2750
13.3211	4.2423
13.3211	4.2095
13.3375	4.1768
13.3702	4.1441
13.3702	4.0950
13.4029	4.0623
13.4029	4.0296
13.4193	3.9969
13.4520	3.9642
13.4683	3.9151
13.5011	3.8824
13.5011	3.8497
13.5501	3.8169
13.5501	3.7842
13.5829	3.7515
13.5992	3.7188
13.6156	3.6861
13.6319	3.6370
13.6646	3.6043
13.6810	3.5716
13.6974	3.5388
13.6974	3.4898
13.6974	3.4571
13.6974	3.4243
13.6974	3.3916
13.6974	3.3589
13.7137	3.3262
13.7137	3.2935
13.7301	3.2444
13.7464	3.2117
13.7628	3.1790
13.7955	3.1462
13.7955	3.0972
13.8119	3.0645
13.8446	3.0317
13.8609	2.9990
13.8937	2.9827
13.9264	2.9663
13.9755	2.9663
14.0082	2.9663
14.0409	2.9663
14.0736	2.9663
14.1063	2.9663
14.1390	2.9827
14.1717	2.9827
14.2208	2.9990
14.2535	3.0154
14.2863	3.0317
14.3190	3.0481
14.3680	3.0645
14.4008	3.0808
14.4335	3.0972
14.4662	3.1299
14.4826	3.1626
14.4989	3.1953
14.5316	3.2280
14.5316	3.2771
14.5316	3.3098
14.5316	3.3425
14.5316	3.3753
14.5153	3.4080
14.4989	3.4407
14.4989	3.4898
14.4989	3.5225
14.4989	3.5552
14.4989	3.5879
14.4989	3.6206
14.5153	3.6534
14.5153	3.7024
14.5153	3.7351
14.5153	3.7679
14.4826	3.8006
14.4662	3.8333
14.4498	3.8824
14.4335	3.9151
14.4008	3.9478
14.3844	3.9805
14.3680	4.0296
14.3353	4.0623
14.3353	4.0950
14.3026	4.1277
14.2863	4.1605
14.2699	4.2095
14.2535	4.2423
14.2372	4.2750
14.2208	4.3077
14.1881	4.3568
14.1881	4.3895
14.1717	4.4222
14.1390	4.4549
14.1390	4.4876
14.1063	4.5367
14.0900	4.5694
14.0900	4.6021
14.0572	4.6349
14.0409	4.6676
14.0245	4.7166
14.0082	4.7494
14.0082	4.7821
13.9918	4.8148
13.9755	4.8639
13.9591	4.8966
13.9591	4.9293
13.9591	4.9620
13.9591	4.9947
13.9591	5.0275
13.9591	5.0765
13.9755	5.1092
13.9755	5.1420
13.9918	5.1747
13.9918	5.2074
13.9918	5.2401
14.0082	5.2892
14.0082	5.3219
14.0245	5.3546
14.0245	5.3873
14.0245	5.4201
14.0245	5.4528
14.0245	5.5018
14.0245	5.5346
14.0245	5.5673
14.0245	5.6000
14.0082	5.6327
14.0082	5.6654
13.9918	5.7145
13.9918	5.7472
13.9755	5.7799
13.9591	5.8127
13.9591	5.8454
13.9427	5.8944
13.9427	5.9272
13.9264	5.9599
13.9100	5.9926
13.9100	6.0253
13.8937	6.0580
13.8773	6.1071
13.8609	6.1398
13.8609	6.1725
13.8609	6.2053
13.8446	6.2380
13.8282	6.2870
13.8282	6.3198
13.8282	6.3525
13.8119	6.3852
13.7955	6.4179
13.7955	6.4506
13.7792	6.4997
13.7792	6.5324
13.7628	6.5651
13.7301	6.5979
13.7137	6.6469
13.6974	6.6796
13.6810	6.7124
13.6483	6.7451
13.6319	6.7778
13.5992	6.8269
13.5829	6.8596
13.5338	6.8759
13.5174	6.9250
13.4847	6.9577
13.4683	6.9905
13.4356	7.0232
13.4356	7.0722
13.4029	7.1050
13.3702	7.1213
13.3375	7.1704
13.2884	7.1868
13.2557	7.2031
13.2230	7.2195
13.1903	7.2358
13.1575	7.2522
13.1085	7.2685
13.0757	7.2849
13.0430	7.3013
13.0103	7.3013
12.9776	7.3013
12.9285	7.3176
12.8958	7.3176
12.8631	7.3176
12.8304	7.3176
12.7977	7.3176
12.7649	7.3176
12.7322	7.3176
12.6995	7.3176
12.6504	7.3176
12.6177	7.3176
12.5850	7.3176
12.5523	7.3176
12.5196	7.3176
12.4868	7.3176
12.4378	7.3176
12.4051	7.3176
12.3723	7.3176
12.3396	7.3176
12.3069	7.3013
12.2742	7.2849
12.2251	7.2358
12.2088	7.2031
12.1760	7.1704
12.1760	7.1377
12.1433	7.0886
12.1270	7.0559
12.0942	7.0232
12.0779	6.9905
12.0615	6.9414
12.0452	6.9087
12.0288	6.8759
12.0125	6.8432
11.9961	6.8105
11.9961	6.7614
11.9797	6.7287
11.9797	6.6960
11.9797	6.6633
11.9634	6.6306
11.9634	6.5979
11.9634	6.5488
11.9634	6.5161
11.9634	6.4833
11.9634	6.4506
11.9634	6.4179
11.9961	6.3852
12.0125	6.3361
12.0452	6.3034
12.0615	6.2707
12.0615	6.2380
12.0779	6.1889
12.0779	6.1562
12.0779	6.1235
12.0942	6.0907
12.0942	6.0580
12.1106	6.0253
12.1106	5.9762
12.1433	5.9435
12.1433	5.9108
12.1760	5.8781
12.1924	5.8454
12.2251	5.7963
12.2415	5.7636
12.2905	5.7472
12.3233	5.6981
12.3560	5.6818
12.3887	5.6491
12.4378	5.6327
12.4705	5.6164
12.5032	5.6000
12.5359	5.5673
12.5850	5.5509
12.6177	5.5182
12.6504	5.5018
12.6831	5.4855
12.7322	5.4528
12.7649	5.4528
12.7977	5.4364
12.8304	5.4201
12.8631	5.4037
12.9122	5.3873
12.8794	5.3873
