20.9107	13.5119
20.9066	13.5160
20.8733	13.5160
20.8649	13.5202
20.8525	13.5202
20.8525	13.5243
20.8400	13.5243
20.8358	13.5285
20.8317	13.5285
20.8317	13.5327
20.8150	13.5327
20.8108	13.5368
20.8025	13.5368
20.7942	13.5410
20.7900	13.5410
20.7859	13.5452
20.7817	13.5493
20.7734	13.5493
20.7692	13.5535
20.7609	13.5535
20.7609	13.5576
20.7526	13.5576
20.7526	13.5618
20.7484	13.5618
20.7443	13.5660
20.7401	13.5660
20.7359	13.5701
20.7276	13.5701
20.7276	13.5743
20.7235	13.5743
20.7151	13.5826
20.7068	13.5826
20.7027	13.5868
20.6985	13.5868
20.6985	13.5909
20.6902	13.5909
20.6902	13.5951
20.6860	13.5993
20.6777	13.5993
20.6735	13.6034
20.6735	13.6076
20.6652	13.6076
20.6652	13.6117
20.6610	13.6117
20.6610	13.6159
20.6527	13.6159
20.6527	13.6201
20.6486	13.6201
20.6444	13.6242
20.6402	13.6284
20.6402	13.6325
20.6361	13.6325
20.6319	13.6367
20.6277	13.6367
20.6236	13.6409
20.6194	13.6409
20.6194	13.6450
20.6111	13.6492
20.6069	13.6533
20.6069	13.6575
20.6028	13.6575
20.5986	13.6617
20.5945	13.6617
20.5945	13.6658
20.5903	13.6658
20.5903	13.6700
20.5861	13.6700
20.5861	13.6742
20.5778	13.6742
20.5778	13.6783
20.5737	13.6783
20.5695	13.6825
20.5695	13.6866
20.5653	13.6908
20.5612	13.6908
20.5612	13.6950
20.5570	13.6950
20.5528	13.6991
20.5528	13.7033
20.5487	13.7033
20.5487	13.7074
20.5404	13.7074
20.5404	13.7116
20.5362	13.7116
20.5362	13.7158
20.5362	13.7199
20.5320	13.7199
20.5279	13.7241
20.5237	13.7241
20.5237	13.7283
20.5196	13.7283
20.5196	13.7324
20.5196	13.7366
20.5154	13.7366
20.5154	13.7407
20.5071	13.7407
20.5071	13.7449
20.5029	13.7491
20.5029	13.7532
20.4987	13.7532
20.4987	13.7574
20.4946	13.7574
20.4946	13.7615
20.4904	13.7615
20.4904	13.7657
20.4863	13.7699
20.4863	13.7740
20.4821	13.7740
20.4821	13.7782
20.4779	13.7782
20.4738	13.7823
20.4696	13.7823
20.4655	13.7865
20.4571	13.7907
20.4530	13.7907
20.4488	13.7948
20.4405	13.7948
20.4363	13.7990
20.4322	13.8032
20.4280	13.8073
20.4155	13.8073
20.4155	13.8115
20.3198	13.8115
20.3198	13.8073
20.3032	13.8073
20.3032	13.8032
20.2824	13.8032
20.2824	13.7990
20.2740	13.7990
20.2740	13.7948
20.2574	13.7948
20.2574	13.7907
20.2366	13.7907
20.2366	13.7865
20.1492	13.7865
20.1492	13.7907
20.1367	13.7907
20.1367	13.7948
20.1284	13.7948
20.1284	13.7990
20.1242	13.8032
20.1242	13.8073
20.1201	13.8073
20.1201	13.8115
20.1117	13.8115
20.1117	13.8156
20.1076	13.8240
20.1034	13.8240
20.1034	13.8281
20.0951	13.8281
20.0951	13.8323
20.0909	13.8364
20.0868	13.8364
20.0868	13.8406
20.0868	13.8448
20.0785	13.8448
20.0785	13.8489
20.0743	13.8489
20.0701	13.8531
20.0701	13.8573
20.0660	13.8573
20.0618	13.8614
20.0618	13.8656
20.0576	13.8656
20.0576	13.8697
20.0535	13.8697
20.0535	13.8739
20.0493	13.8739
20.0493	13.8781
20.0452	13.8781
20.0452	13.8822
20.0368	13.8822
20.0368	13.8864
20.0368	13.8905
20.0327	13.8905
20.0285	13.8947
20.0285	13.8989
20.0244	13.8989
20.0244	13.9030
20.0202	13.9030
20.0202	13.9072
20.0160	13.9072
20.0160	13.9114
20.0119	13.9114
20.0119	13.9155
20.0077	13.9155
20.0077	13.9197
20.0035	13.9238
19.9994	13.9280
19.9952	13.9322
19.9911	13.9363
19.9911	13.9405
19.9869	13.9405
19.9869	13.9446
19.9827	13.9488
19.9786	13.9530
19.9744	13.9530
19.9744	13.9571
19.9703	13.9613
19.9703	13.9654
19.9661	13.9654
19.9661	13.9696
19.9578	13.9696
19.9578	13.9738
19.9578	13.9779
19.9536	13.9779
19.9536	13.9821
19.9536	13.9863
19.9495	13.9863
19.9495	13.9904
19.9453	13.9946
19.9411	13.9946
19.9411	13.9987
19.9411	14.0029
19.9370	14.0029
19.9370	14.0071
19.9370	14.0112
19.9328	14.0112
19.9328	14.0154
19.9286	14.0154
19.9286	14.0195
19.9245	14.0195
19.9245	14.0237
19.9245	14.0279
19.9203	14.0279
19.9203	14.0320
19.9203	14.0362
19.9162	14.0362
19.9162	14.0404
19.9162	14.0445
19.9162	14.0487
19.9120	14.0487
19.9120	14.0528
19.9078	14.0528
19.9078	14.0570
19.9078	14.0612
19.9078	14.0653
19.9037	14.0695
19.9037	14.0736
19.9037	14.0778
19.9037	14.0820
19.8995	14.0820
19.8995	14.0861
19.8995	14.0903
19.8995	14.0944
19.8995	14.0986
19.8954	14.0986
19.8954	14.1028
19.8954	14.1069
19.8954	14.1111
19.8954	14.1153
19.8954	14.1194
19.8954	14.1236
19.8954	14.1277
19.8954	14.1319
19.8912	14.1319
19.8912	14.1361
19.8912	14.1402
19.8912	14.1444
19.8912	14.1485
19.8912	14.1527
19.8912	14.1569
19.8912	14.1610
19.8912	14.1652
19.8912	14.1694
19.8912	14.1735
19.8912	14.1777
19.8912	14.1860
19.8870	14.1860
19.8870	14.1902
19.8870	14.1943
19.8870	14.1985
19.8870	14.2026
19.8870	14.2068
19.8870	14.2110
19.8870	14.2151
19.8870	14.2193
19.8870	14.2235
19.8870	14.2276
19.8870	14.2318
19.8870	14.2359
19.8870	14.2401
19.8870	14.2443
19.8829	14.2443
19.8829	14.2484
19.8829	14.2526
19.8787	14.2567
19.8787	14.2609
19.8787	14.2651
19.8787	14.2692
19.8745	14.2692
19.8745	14.2734
19.8704	14.2734
19.8704	14.2775
19.8704	14.2817
19.8662	14.2859
19.8662	14.2900
19.8621	14.2900
19.8621	14.2942
19.8621	14.2984
19.8579	14.3025
19.8579	14.3067
19.8537	14.3067
19.8537	14.3108
19.8496	14.3150
19.8496	14.3233
19.8454	14.3275
19.8454	14.3316
19.8413	14.3316
19.8413	14.3358
19.8371	14.3358
19.8371	14.3400
19.8371	14.3441
19.8329	14.3441
19.8329	14.3483
19.8288	14.3525
19.8288	14.3566
19.8288	14.3608
19.8205	14.3608
19.8205	14.3649
19.8205	14.3691
19.8205	14.3733
19.8163	14.3733
19.8163	14.3774
19.8121	14.3774
19.8121	14.3816
19.8080	14.3816
19.8080	14.3857
19.8080	14.3899
19.8038	14.3899
19.8038	14.3941
19.7996	14.3982
19.7996	14.4024
19.7996	14.4066
19.7955	14.4066
19.7955	14.4107
19.7955	14.4149
19.7913	14.4149
19.7913	14.4190
19.7872	14.4190
19.7872	14.4232
19.7872	14.4274
19.7830	14.4274
19.7830	14.4315
19.7830	14.4357
19.7788	14.4357
19.7788	14.4398
19.7788	14.4440
19.7747	14.4482
19.7705	14.4482
19.7705	14.4523
19.7705	14.4565
19.7664	14.4606
19.7664	14.4648
19.7622	14.4690
19.7622	14.4731
19.7622	14.4773
19.7580	14.4773
19.7580	14.4815
19.7539	14.4815
19.7539	14.4856
19.7497	14.4856
19.7497	14.4898
19.7497	14.4939
19.7497	14.4981
19.7455	14.4981
19.7455	14.5023
19.7414	14.5023
19.7414	14.5064
19.7414	14.5106
19.7414	14.5147
19.7372	14.5147
19.7331	14.5189
19.7331	14.5231
19.7289	14.5272
19.7289	14.5314
19.7289	14.5356
19.7247	14.5356
19.7247	14.5397
19.7247	14.5439
19.7206	14.5439
19.7206	14.5480
19.7164	14.5480
19.7164	14.5522
19.7164	14.5564
19.7123	14.5564
19.7123	14.5605
19.7123	14.5647
19.7081	14.5647
19.7081	14.5688
19.7081	14.5730
19.7039	14.5730
19.7039	14.5772
19.7039	14.5813
19.6998	14.5813
19.6998	14.5855
19.6998	14.5896
19.6956	14.5896
19.6956	14.5938
19.6956	14.5980
19.6914	14.5980
19.6914	14.6021
19.6914	14.6063
19.6873	14.6105
19.6873	14.6146
19.6831	14.6146
19.6831	14.6188
19.6831	14.6229
19.6790	14.6271
19.6790	14.6313
19.6790	14.6354
19.6748	14.6396
19.6748	14.6437
19.6748	14.6479
19.6748	14.6521
19.6706	14.6521
19.6706	14.6562
19.6665	14.6562
19.6665	14.6604
19.6665	14.6646
19.6665	14.6687
19.6623	14.6687
19.6623	14.6729
19.6623	14.6770
19.6623	14.6812
19.6582	14.6812
19.6582	14.6854
19.6582	14.6895
19.6582	14.6937
19.6540	14.6978
19.6540	14.7020
19.6540	14.7062
19.6498	14.7062
19.6498	14.7103
19.6498	14.7145
19.6498	14.7187
19.6498	14.7228
19.6457	14.7228
19.6457	14.7270
19.6457	14.7311
19.6457	14.7353
19.6457	14.7395
19.6457	14.7436
19.6457	14.7478
19.6415	14.7519
19.6415	14.7561
19.6415	14.7603
19.6415	14.7644
19.6415	14.7686
19.6415	14.7727
19.6415	14.7769
19.6415	14.7852
19.6374	14.7852
19.6374	14.7894
19.6374	14.7936
19.6374	14.7977
19.6374	14.8019
19.6374	14.8060
19.6332	14.8060
19.6332	14.8102
19.6332	14.8144
19.6332	14.8185
19.6332	14.8227
19.6332	14.8268
19.6332	14.8310
19.6332	14.8352
19.6332	14.8393
19.6332	14.8435
19.6290	14.8435
19.6290	14.8477
19.6290	14.8518
19.6290	14.8560
19.6290	14.8601
19.6290	14.8643
19.6290	14.8685
19.6290	14.8726
19.6290	14.8768
19.6249	14.8768
19.6249	14.8809
19.6249	14.8851
19.6249	14.8893
19.6249	14.8934
19.6249	14.8976
19.6249	14.9017
19.6249	14.9059
19.6207	14.9059
19.6207	14.9101
19.6207	14.9142
19.6207	14.9184
19.6207	14.9226
19.6207	14.9267
19.6207	14.9309
19.6165	14.9309
19.6165	14.9350
19.6165	14.9392
19.6165	14.9434
19.6124	14.9434
19.6124	14.9475
19.6124	14.9517
19.6124	14.9558
19.6124	14.9600
19.6082	14.9600
19.6082	14.9642
19.6082	14.9683
19.6082	14.9767
19.6041	14.9767
19.6041	14.9808
19.6041	14.9850
19.6041	14.9891
19.6041	14.9933
19.5999	14.9933
19.5999	14.9975
19.5999	15.0016
19.5957	15.0016
19.5957	15.0058
19.5957	15.0099
19.5957	15.0141
19.5957	15.0183
19.5957	15.0224
19.5916	15.0266
19.5916	15.0308
19.5916	15.0349
19.5916	15.0391
19.5874	15.0391
19.5874	15.0432
19.5874	15.0474
19.5874	15.0516
19.5874	15.0557
19.5874	15.0599
19.5874	15.0640
19.5833	15.0640
19.5833	15.0682
19.5833	15.0724
19.5791	15.0765
19.5791	15.0807
19.5791	15.0848
19.5791	15.0890
19.5791	15.0932
19.5791	15.0973
19.5791	15.1015
19.5791	15.1057
19.5791	15.1098
19.5791	15.1140
19.5791	15.1181
19.5791	15.1223
19.5791	15.1265
19.5791	15.1306
19.5791	15.1348
19.5791	15.1389
19.5791	15.1431
19.5791	15.1473
19.5791	15.1514
19.5791	15.1556
19.5791	15.1598
19.5791	15.1639
19.5791	15.1681
19.5791	15.1722
19.5791	15.1764
19.5791	15.1806
19.5791	15.1847
19.5791	15.1889
19.5791	15.1930
19.5791	15.1972
19.5833	15.2014
19.5833	15.2055
19.5833	15.2097
19.5833	15.2138
19.5833	15.2180
19.5833	15.2222
19.5833	15.2263
19.5833	15.2305
19.5833	15.2347
19.5833	15.2388
19.5874	15.2388
19.5874	15.2430
19.5916	15.2471
19.5916	15.2513
19.5916	15.2555
19.5916	15.2596
19.5916	15.2638
19.5916	15.2679
19.5957	15.2679
19.5957	15.2721
19.5957	15.2763
19.5957	15.2804
19.5957	15.2846
19.5999	15.2846
19.5999	15.2888
19.5999	15.2929
19.5999	15.2971
19.5999	15.3012
19.5999	15.3054
19.5999	15.3096
19.5999	15.3137
19.5999	15.3179
19.5999	15.3220
19.5999	15.3262
19.6041	15.3262
19.6041	15.3304
19.6041	15.3345
19.6041	15.3387
19.6041	15.3429
19.6082	15.3429
19.6082	15.3470
19.6082	15.3512
19.6082	15.3553
19.6082	15.3595
19.6082	15.3637
19.6124	15.3637
19.6124	15.3678
19.6124	15.3720
19.6124	15.3761
19.6165	15.3803
19.6165	15.3845
19.6165	15.3886
19.6165	15.3928
19.6207	15.3928
19.6207	15.3969
19.6207	15.4011
19.6207	15.4053
19.6249	15.4053
19.6249	15.4094
19.6249	15.4136
19.6290	15.4136
19.6290	15.4178
19.6290	15.4219
19.6290	15.4261
19.6290	15.4302
19.6332	15.4302
19.6332	15.4344
19.6332	15.4386
19.6374	15.4386
19.6374	15.4427
19.6374	15.4469
19.6415	15.4510
19.6415	15.4552
19.6457	15.4552
19.6457	15.4594
19.6457	15.4635
19.6498	15.4677
19.6498	15.4719
19.6498	15.4760
19.6540	15.4760
19.6540	15.4802
19.6540	15.4843
19.6582	15.4885
19.6623	15.4927
19.6623	15.4968
19.6623	15.5010
19.6665	15.5010
19.6665	15.5051
19.6665	15.5093
19.6706	15.5093
19.6706	15.5135
19.6706	15.5176
19.6706	15.5218
19.6748	15.5218
19.6748	15.5260
19.6790	15.5260
19.6790	15.5301
19.6790	15.5343
19.6831	15.5343
19.6831	15.5384
19.6831	15.5426
19.6831	15.5468
19.6873	15.5468
19.6873	15.5509
19.6914	15.5551
19.6914	15.5592
19.6956	15.5634
19.6956	15.5676
19.6998	15.5717
19.6998	15.5759
19.6998	15.5800
19.7039	15.5842
19.7039	15.5884
19.7039	15.5925
19.7081	15.5925
19.7081	15.5967
19.7123	15.5967
19.7123	15.6009
19.7123	15.6050
19.7164	15.6050
19.7164	15.6092
19.7164	15.6133
19.7206	15.6133
19.7206	15.6175
19.7206	15.6217
19.7247	15.6217
19.7247	15.6258
19.7247	15.6300
19.7289	15.6300
19.7289	15.6341
19.7289	15.6383
19.7331	15.6383
19.7331	15.6425
19.7331	15.6466
19.7331	15.6508
19.7372	15.6508
19.7372	15.6550
19.7372	15.6591
19.7414	15.6591
19.7414	15.6633
19.7455	15.6633
19.7455	15.6674
19.7455	15.6716
19.7497	15.6716
19.7497	15.6758
19.7497	15.6799
19.7539	15.6799
19.7539	15.6841
19.7539	15.6882
19.7580	15.6882
19.7580	15.6966
19.7622	15.6966
19.7622	15.7007
19.7664	15.7007
19.7664	15.7049
19.7664	15.7090
19.7705	15.7090
19.7705	15.7132
19.7705	15.7174
19.7747	15.7174
19.7747	15.7215
19.7788	15.7257
19.7788	15.7299
19.7830	15.7299
19.7830	15.7340
19.7872	15.7382
19.7872	15.7423
19.7913	15.7423
19.7913	15.7465
19.7955	15.7465
19.7955	15.7507
19.7996	15.7507
19.7996	15.7548
19.8038	15.7548
19.8080	15.7590
19.8121	15.7631
19.8163	15.7673
19.8205	15.7673
19.8205	15.7715
19.8246	15.7715
19.8288	15.7756
19.8329	15.7756
19.8329	15.7798
19.8371	15.7798
19.8371	15.7840
19.8413	15.7840
19.8413	15.7881
19.8537	15.7881
19.8579	15.7923
19.8621	15.7923
19.8662	15.7964
19.8704	15.7964
19.8745	15.8006
19.8829	15.8006
19.8829	15.8048
19.8912	15.8048
19.8912	15.8089
19.8995	15.8089
19.8995	15.8131
19.9037	15.8131
19.9037	15.8172
19.9078	15.8172
19.9078	15.8214
19.9162	15.8214
19.9162	15.8256
19.9203	15.8256
19.9203	15.8297
19.9245	15.8339
19.9245	15.8381
19.9286	15.8381
19.9286	15.8422
19.9328	15.8422
19.9370	15.8464
19.9370	15.8505
19.9411	15.8505
19.9411	15.8547
19.9453	15.8547
19.9453	15.8589
19.9453	15.8630
19.9495	15.8630
19.9536	15.8672
19.9536	15.8713
19.9578	15.8713
19.9578	15.8755
19.9619	15.8755
19.9619	15.8797
19.9619	15.8838
19.9661	15.8838
19.9661	15.8880
19.9703	15.8880
19.9703	15.8921
19.9744	15.8921
19.9786	15.8963
19.9786	15.9005
19.9827	15.9046
19.9869	15.9046
19.9869	15.9088
19.9869	15.9130
19.9911	15.9130
19.9911	15.9171
19.9952	15.9213
19.9952	15.9254
20.0035	15.9254
20.0035	15.9296
20.0077	15.9338
20.0077	15.9379
20.0119	15.9379
20.0119	15.9421
20.0119	15.9462
20.0202	15.9462
20.0202	15.9504
20.0202	15.9546
20.0244	15.9587
20.0244	15.9629
20.0285	15.9629
20.0285	15.9671
20.0285	15.9712
20.0327	15.9712
20.0327	15.9754
20.0368	15.9754
20.0368	15.9795
20.0410	15.9795
20.0410	15.9837
20.0410	15.9879
20.0452	15.9879
20.0452	15.9920
20.0493	15.9920
20.0493	15.9962
20.0493	16.0003
20.0535	16.0003
20.0535	16.0045
20.0576	16.0045
20.0576	16.0087
20.0618	16.0128
20.0660	16.0170
20.0660	16.0211
20.0701	16.0211
20.0701	16.0253
20.0743	16.0253
20.0743	16.0295
20.0785	16.0295
20.0785	16.0336
20.0785	16.0378
20.0826	16.0378
20.0826	16.0420
20.0868	16.0420
20.0909	16.0461
20.0951	16.0503
20.0951	16.0544
20.0993	16.0586
20.1076	16.0628
20.1076	16.0669
20.1117	16.0711
20.1117	16.0752
20.1159	16.0794
20.1159	16.0836
20.1201	16.0836
20.1201	16.0877
20.1242	16.0877
20.1242	16.0919
20.1242	16.0961
20.1284	16.0961
20.1284	16.1002
20.1284	16.1044
20.1326	16.1044
20.1326	16.1085
20.1326	16.1127
20.1367	16.1169
20.1367	16.1210
20.1409	16.1252
20.1409	16.1293
20.1409	16.1335
20.1450	16.1335
20.1450	16.1377
20.1450	16.1418
20.1450	16.1460
20.1450	16.1502
20.1492	16.1502
20.1492	16.1543
20.1492	16.1585
20.1492	16.1626
20.1534	16.1626
20.1534	16.1668
20.1575	16.1710
20.1575	16.1751
20.1575	16.1793
20.1575	16.1834
20.1617	16.1876
20.1617	16.1918
20.1617	16.1959
20.1658	16.1959
20.1658	16.2001
20.1658	16.2042
20.1658	16.2084
20.1658	16.2126
20.1700	16.2126
20.1700	16.2167
20.1700	16.2209
20.1700	16.2251
20.1700	16.2292
20.1742	16.2292
20.1742	16.2334
20.1783	16.2375
20.1783	16.2417
20.1783	16.2459
20.1783	16.2500
20.1825	16.2500
20.1825	16.2542
20.1825	16.2583
20.1825	16.2625
20.1866	16.2625
20.1866	16.2667
20.1866	16.2708
20.1866	16.2750
20.1866	16.2792
20.1908	16.2792
20.1908	16.2833
20.1908	16.2875
20.1950	16.2875
20.1950	16.2916
20.1950	16.2958
20.1950	16.3000
20.1991	16.3000
20.1991	16.3041
20.1991	16.3083
20.1991	16.3124
20.1991	16.3166
20.2033	16.3166
20.2033	16.3208
20.2033	16.3249
20.2033	16.3291
20.2075	16.3291
20.2075	16.3332
20.2116	16.3332
20.2116	16.3374
20.2158	16.3416
20.2158	16.3457
20.2158	16.3499
20.2158	16.3541
20.2199	16.3541
20.2199	16.3582
20.2199	16.3624
20.2199	16.3665
20.2241	16.3665
20.2241	16.3707
20.2241	16.3749
20.2283	16.3749
20.2283	16.3790
20.2283	16.3832
20.2324	16.3873
20.2324	16.3915
20.2324	16.3957
20.2366	16.3957
20.2366	16.3998
20.2366	16.4040
20.2407	16.4082
20.2449	16.4123
20.2449	16.4165
20.2449	16.4206
20.2491	16.4206
20.2491	16.4248
20.2491	16.4290
20.2532	16.4290
20.2532	16.4331
20.2532	16.4373
20.2532	16.4414
20.2574	16.4414
20.2616	16.4456
20.2616	16.4498
20.2616	16.4539
20.2657	16.4539
20.2657	16.4581
20.2657	16.4623
20.2699	16.4623
20.2699	16.4664
20.2699	16.4706
20.2699	16.4747
20.2740	16.4747
20.2740	16.4789
20.2782	16.4789
20.2782	16.4831
20.2782	16.4872
20.2824	16.4914
20.2824	16.4955
20.2865	16.4997
20.2865	16.5039
20.2865	16.5080
20.2865	16.5122
20.2907	16.5122
20.2948	16.5163
20.2948	16.5205
20.2948	16.5247
20.2990	16.5247
20.2990	16.5288
20.2990	16.5330
20.2990	16.5372
20.3032	16.5372
20.3032	16.5413
20.3032	16.5455
20.3073	16.5455
20.3073	16.5496
20.3073	16.5538
20.3115	16.5538
20.3115	16.5580
20.3156	16.5580
20.3156	16.5621
20.3156	16.5663
20.3198	16.5663
20.3198	16.5704
20.3198	16.5746
20.3240	16.5746
20.3240	16.5788
20.3281	16.5829
20.3323	16.5871
20.3323	16.5913
20.3323	16.5954
20.3365	16.5954
20.3365	16.5996
20.3406	16.5996
20.3406	16.6037
20.3406	16.6079
20.3406	16.6121
20.3448	16.6121
20.3489	16.6162
20.3489	16.6204
20.3489	16.6245
20.3531	16.6245
20.3531	16.6287
20.3573	16.6287
20.3573	16.6329
20.3614	16.6370
20.3614	16.6412
20.3656	16.6412
20.3656	16.6453
20.3656	16.6495
20.3697	16.6495
20.3697	16.6537
20.3697	16.6578
20.3739	16.6578
20.3739	16.6620
20.3781	16.6620
20.3781	16.6662
20.3822	16.6662
20.3822	16.6703
20.3822	16.6745
20.3864	16.6745
20.3864	16.6786
20.3906	16.6786
20.3906	16.6828
20.3906	16.6870
20.3947	16.6870
20.3947	16.6911
20.3989	16.6911
20.3989	16.6953
20.4030	16.6953
20.4030	16.6994
20.4072	16.6994
20.4072	16.7036
20.4072	16.7078
20.4114	16.7078
20.4114	16.7119
20.4155	16.7119
20.4155	16.7161
20.4197	16.7161
20.4197	16.7203
20.4197	16.7244
20.4238	16.7244
20.4238	16.7286
20.4280	16.7286
20.4280	16.7327
20.4322	16.7327
20.4322	16.7369
20.4363	16.7369
20.4363	16.7411
20.4363	16.7452
20.4405	16.7452
20.4405	16.7494
20.4447	16.7494
20.4447	16.7535
20.4488	16.7535
20.4530	16.7577
20.4530	16.7619
20.4571	16.7619
20.4571	16.7660
20.4613	16.7660
20.4613	16.7702
20.4696	16.7702
20.4738	16.7744
20.4779	16.7785
20.4821	16.7827
20.4904	16.7827
20.4904	16.7868
20.4946	16.7910
20.4946	16.7952
20.5029	16.7952
20.5029	16.7993
20.5071	16.7993
20.5071	16.8035
20.5112	16.8035
20.5112	16.8076
20.5154	16.8076
20.5154	16.8118
20.5237	16.8118
20.5279	16.8160
20.5320	16.8160
20.5320	16.8201
20.5362	16.8201
20.5362	16.8243
20.5404	16.8243
20.5445	16.8284
20.5487	16.8284
20.5528	16.8326
20.5570	16.8326
20.5570	16.8368
20.5612	16.8368
20.5653	16.8409
20.5695	16.8409
20.5737	16.8451
20.5737	16.8493
20.5820	16.8493
20.5820	16.8534
20.5903	16.8534
20.5903	16.8576
20.5945	16.8576
20.5945	16.8617
20.5986	16.8659
20.6028	16.8659
20.6028	16.8701
20.6069	16.8701
20.6111	16.8742
20.6153	16.8784
20.6194	16.8825
20.6236	16.8825
20.6236	16.8867
20.6277	16.8867
20.6277	16.8909
20.6319	16.8909
20.6319	16.8950
20.6361	16.8992
20.6361	16.9034
20.6402	16.9034
20.6402	16.9075
20.6444	16.9075
20.6444	16.9117
20.6486	16.9117
20.6486	16.9158
20.6527	16.9158
20.6527	16.9200
20.6569	16.9200
20.6569	16.9242
20.6610	16.9242
20.6610	16.9283
20.6652	16.9283
20.6652	16.9325
20.6694	16.9325
20.6694	16.9366
20.6735	16.9366
20.6735	16.9408
20.6777	16.9408
20.6777	16.9450
20.6777	16.9491
20.6818	16.9491
20.6818	16.9533
20.6860	16.9533
20.6860	16.9575
20.6902	16.9575
20.6902	16.9616
20.6943	16.9616
20.6943	16.9658
20.6985	16.9658
20.6985	16.9699
20.6985	16.9741
20.7027	16.9741
20.7027	16.9783
20.7068	16.9783
20.7068	16.9866
20.7110	16.9866
20.7110	16.9907
20.7151	16.9949
20.7193	16.9991
20.7193	17.0032
20.7235	17.0032
20.7235	17.0074
20.7276	17.0074
20.7276	17.0115
20.7318	17.0115
20.7318	17.0157
20.7359	17.0199
20.7401	17.0240
20.7443	17.0240
20.7443	17.0282
20.7443	17.0324
20.7484	17.0324
20.7484	17.0365
20.7484	17.0407
20.7526	17.0407
20.7526	17.0448
20.7609	17.0448
20.7609	17.0490
20.7651	17.0532
20.7651	17.0573
20.7692	17.0573
20.7734	17.0615
20.7776	17.0615
20.7776	17.0656
20.7817	17.0656
20.7817	17.0698
20.7859	17.0698
20.7900	17.0740
20.8025	17.0740
20.8067	17.0781
20.8192	17.0781
20.8233	17.0823
20.8400	17.0823
20.8441	17.0865
20.8525	17.0865
20.8525	17.0906
20.8691	17.0906
20.8691	17.0948
20.9690	17.0948
20.9690	17.0906
20.9731	17.0906
20.9856	17.0865
20.9939	17.0865
20.9939	17.0823
20.9981	17.0823
20.9981	17.0781
21.0064	17.0781
21.0064	17.0740
21.0106	17.0740
21.0106	17.0698
21.0106	17.0656
21.0148	17.0656
21.0148	17.0615
21.0189	17.0615
21.0189	17.0573
21.0189	17.0532
21.0189	17.0490
21.0189	17.0448
21.0231	17.0407
21.0272	17.0407
21.0272	17.0365
21.0272	17.0324
21.0314	17.0282
21.0314	17.0240
21.0356	17.0240
21.0356	17.0199
21.0439	17.0199
21.0439	17.0157
21.0564	17.0157
21.0564	17.0115
21.0647	17.0115
21.0647	17.0074
21.0855	17.0074
21.0897	17.0032
21.0980	17.0032
21.1021	16.9991
21.1105	16.9991
21.1146	16.9949
21.1229	16.9949
21.1229	16.9907
21.1271	16.9907
21.1271	16.9866
21.1313	16.9866
21.1313	16.9824
21.1438	16.9824
21.1438	16.9783
21.1479	16.9783
21.1479	16.9741
21.1521	16.9741
21.1562	16.9699
21.1604	16.9699
21.1646	16.9658
21.1687	16.9658
21.1687	16.9616
21.1729	16.9616
21.1729	16.9575
21.1770	16.9575
21.1770	16.9533
21.1770	16.9491
21.1854	16.9491
21.1854	16.9450
21.1895	16.9450
21.1895	16.9366
21.1937	16.9325
21.1979	16.9325
21.1979	16.9283
21.2020	16.9242
21.2062	16.9200
21.2062	16.9158
21.2103	16.9158
21.2103	16.9117
21.2145	16.9117
21.2145	16.9075
21.2187	16.9034
21.2228	16.9034
21.2228	16.8992
21.2270	16.8992
21.2270	16.8950
21.2311	16.8950
21.2311	16.8909
21.2311	16.8867
21.2353	16.8867
21.2353	16.8825
21.2395	16.8825
21.2395	16.8784
21.2436	16.8784
21.2436	16.8742
21.2436	16.8701
21.2436	16.8659
21.2478	16.8659
21.2478	16.8617
21.2520	16.8617
21.2520	16.8576
21.2520	16.8534
21.2520	16.8493
21.2561	16.8493
21.2561	16.8451
21.2561	16.8409
21.2561	16.8368
21.2603	16.8368
21.2603	16.8326
21.2603	16.8284
21.2603	16.8243
21.2644	16.8243
21.2644	16.8201
21.2644	16.8160
21.2644	16.8118
21.2686	16.8118
21.2686	16.8076
21.2728	16.8076
21.2728	16.8035
21.2728	16.7993
21.2769	16.7993
21.2769	16.7952
21.2769	16.7910
21.2811	16.7910
21.2811	16.7868
21.2811	16.7827
21.2852	16.7827
21.2852	16.7785
21.2852	16.7744
21.2936	16.7744
21.2936	16.7702
21.2936	16.7660
21.2977	16.7660
21.2977	16.7619
21.3019	16.7619
21.3019	16.7577
21.3060	16.7535
21.3060	16.7494
21.3102	16.7494
21.3144	16.7452
21.3144	16.7411
21.3185	16.7411
21.3185	16.7369
21.3227	16.7369
21.3227	16.7327
21.3269	16.7327
21.3269	16.7286
21.3310	16.7286
21.3352	16.7244
21.3435	16.7244
21.3477	16.7203
21.3518	16.7203
21.3518	16.7161
21.3643	16.7161
21.3643	16.7119
21.3768	16.7119
21.3768	16.7078
21.3893	16.7078
21.3893	16.7036
21.3976	16.7036
21.3976	16.6994
21.4059	16.6994
21.4059	16.6953
21.4142	16.6953
21.4142	16.6911
21.4226	16.6911
21.4226	16.6870
21.4267	16.6870
21.4267	16.6828
21.4309	16.6828
21.4309	16.6786
21.4350	16.6786
21.4350	16.6745
21.4392	16.6745
21.4392	16.6703
21.4475	16.6703
21.4475	16.6662
21.4517	16.6662
21.4517	16.6620
21.4559	16.6578
21.4600	16.6537
21.4642	16.6537
21.4642	16.6495
21.4642	16.6453
21.4683	16.6453
21.4683	16.6412
21.4725	16.6412
21.4725	16.6370
21.4767	16.6329
21.4767	16.6287
21.4808	16.6287
21.4808	16.6245
21.4850	16.6245
21.4850	16.6204
21.4850	16.6162
21.4891	16.6162
21.4891	16.6121
21.4933	16.6121
21.4933	16.6079
21.4933	16.6037
21.4933	16.5996
21.4975	16.5996
21.4975	16.5954
21.5016	16.5954
21.5016	16.5913
21.5016	16.5871
21.5058	16.5871
21.5058	16.5829
21.5058	16.5788
21.5100	16.5746
21.5100	16.5704
21.5100	16.5663
21.5141	16.5663
21.5141	16.5621
21.5183	16.5621
21.5183	16.5580
21.5183	16.5538
21.5183	16.5496
21.5224	16.5496
21.5224	16.5455
21.5224	16.5413
21.5266	16.5413
21.5266	16.5372
21.5266	16.5330
21.5266	16.5288
21.5266	16.5247
21.5308	16.5247
21.5308	16.5205
21.5349	16.5205
21.5349	16.5163
21.5349	16.5122
21.5349	16.5080
21.5391	16.5080
21.5391	16.5039
21.5391	16.4997
21.5432	16.4997
21.5432	16.4955
21.5432	16.4914
21.5474	16.4914
21.5474	16.4872
21.5516	16.4872
21.5516	16.4831
21.5557	16.4789
21.5557	16.4747
21.5557	16.4706
21.5599	16.4706
21.5599	16.4664
21.5599	16.4623
21.5641	16.4581
21.5682	16.4581
21.5682	16.4539
21.5682	16.4498
21.5724	16.4498
21.5724	16.4456
21.5724	16.4414
21.5765	16.4373
21.5765	16.4331
21.5807	16.4290
21.5807	16.4248
21.5849	16.4248
21.5849	16.4206
21.5849	16.4165
21.5890	16.4165
21.5890	16.4123
21.5890	16.4082
21.5890	16.4040
21.5932	16.4040
21.5932	16.3998
21.5932	16.3957
21.5973	16.3915
21.5973	16.3873
21.6015	16.3873
21.6015	16.3832
21.6015	16.3790
21.6015	16.3749
21.6015	16.3707
21.6015	16.3665
21.6015	16.3624
21.6015	16.3582
21.6015	16.3541
21.6015	16.3499
21.6015	16.3457
21.6015	16.3416
21.6015	16.3374
21.6015	16.3332
21.6015	16.3291
21.6015	16.3249
21.6015	16.3208
21.6015	16.3166
21.6015	16.3124
21.6015	16.3083
21.6015	16.3041
21.6015	16.3000
21.6015	16.2958
21.6015	16.2916
21.6015	16.2875
21.6015	16.2833
21.5973	16.2792
21.5973	16.2750
21.5973	16.2708
21.5973	16.2667
21.5932	16.2667
21.5932	16.2625
21.5932	16.2583
21.5890	16.2583
21.5890	16.2542
21.5890	16.2500
21.5890	16.2459
21.5890	16.2417
21.5890	16.2375
21.5890	16.2334
21.5890	16.2292
21.5890	16.2251
21.5890	16.2209
21.5890	16.2167
21.5890	16.2126
21.5932	16.2126
21.5932	16.2084
21.5932	16.2042
21.5932	16.2001
21.5932	16.1959
21.5932	16.1918
21.5932	16.1876
21.5932	16.1834
21.5932	16.1793
21.5973	16.1793
21.5973	16.1751
21.6015	16.1751
21.6015	16.1710
21.6015	16.1668
21.6057	16.1668
21.6057	16.1626
21.6098	16.1585
21.6098	16.1543
21.6140	16.1543
21.6140	16.1502
21.6181	16.1502
21.6181	16.1460
21.6223	16.1460
21.6223	16.1418
21.6265	16.1418
21.6265	16.1377
21.6306	16.1377
21.6306	16.1335
21.6306	16.1293
21.6390	16.1293
21.6390	16.1252
21.6431	16.1252
21.6431	16.1210
21.6473	16.1210
21.6473	16.1169
21.6473	16.1127
21.6556	16.1127
21.6556	16.1085
21.6598	16.1085
21.6598	16.1044
21.6598	16.1002
21.6639	16.1002
21.6639	16.0961
21.6681	16.0961
21.6722	16.0919
21.6722	16.0877
21.6806	16.0877
21.6806	16.0836
21.6847	16.0836
21.6847	16.0794
21.6931	16.0794
21.6931	16.0752
21.7055	16.0752
21.7055	16.0711
21.7222	16.0711
21.7222	16.0669
21.7596	16.0669
21.7596	16.0711
21.7638	16.0711
21.7638	16.0752
21.7680	16.0752
21.7680	16.0794
21.7763	16.0794
21.7763	16.0836
21.7804	16.0836
21.7846	16.0877
21.7846	16.0919
21.7929	16.0919
21.7929	16.0961
21.7971	16.0961
21.7971	16.1002
21.8012	16.1002
21.8012	16.1044
21.8054	16.1085
21.8096	16.1085
21.8096	16.1127
21.8137	16.1127
21.8137	16.1169
21.8179	16.1169
21.8179	16.1210
21.8179	16.1252
21.8221	16.1252
21.8221	16.1293
21.8262	16.1293
21.8262	16.1335
21.8262	16.1377
21.8304	16.1377
21.8304	16.1418
21.8304	16.1460
21.8345	16.1460
21.8345	16.1502
21.8345	16.1543
21.8387	16.1543
21.8387	16.1585
21.8429	16.1585
21.8429	16.1626
21.8429	16.1668
21.8470	16.1668
21.8470	16.1710
21.8512	16.1710
21.8512	16.1751
21.8512	16.1793
21.8553	16.1793
21.8553	16.1834
21.8595	16.1834
21.8595	16.1876
21.8595	16.1918
21.8595	16.1959
21.8637	16.1959
21.8637	16.2001
21.8637	16.2042
21.8678	16.2042
21.8678	16.2084
21.8678	16.2126
21.8720	16.2167
21.8762	16.2167
21.8762	16.2209
21.8762	16.2251
21.8762	16.2292
21.8803	16.2292
21.8803	16.2334
21.8845	16.2375
21.8845	16.2417
21.8845	16.2459
21.8886	16.2459
21.8886	16.2500
21.8886	16.2542
21.8928	16.2542
21.8928	16.2583
21.8970	16.2583
21.8970	16.2625
21.8970	16.2667
21.8970	16.2708
21.9011	16.2708
21.9011	16.2750
21.9011	16.2792
21.9011	16.2833
21.9053	16.2833
21.9053	16.2875
21.9053	16.2916
21.9053	16.2958
21.9053	16.3000
21.9053	16.3041
21.9094	16.3041
21.9094	16.3083
21.9136	16.3083
21.9136	16.3124
21.9136	16.3166
21.9136	16.3208
21.9136	16.3249
21.9178	16.3249
21.9178	16.3291
21.9178	16.3332
21.9219	16.3332
21.9219	16.3374
21.9219	16.3416
21.9261	16.3416
21.9261	16.3499
21.9302	16.3499
21.9302	16.3541
21.9302	16.3582
21.9344	16.3582
21.9344	16.3624
21.9344	16.3665
21.9344	16.3707
21.9344	16.3749
21.9386	16.3749
21.9386	16.3790
21.9386	16.3832
21.9386	16.3873
21.9427	16.3873
21.9427	16.3915
21.9427	16.3957
21.9469	16.3957
21.9469	16.3998
21.9469	16.4040
21.9469	16.4082
21.9469	16.4165
21.9511	16.4165
21.9511	16.4206
21.9511	16.4248
21.9511	16.4290
21.9552	16.4331
21.9552	16.4373
21.9552	16.4414
21.9552	16.4456
21.9552	16.4498
21.9552	16.4539
21.9594	16.4581
21.9635	16.4623
21.9635	16.4664
21.9635	16.4706
21.9635	16.4747
21.9635	16.4789
21.9635	16.4831
21.9635	16.4872
21.9677	16.4872
21.9677	16.4914
21.9677	16.4955
21.9677	16.4997
21.9677	16.5039
21.9677	16.5080
21.9719	16.5122
21.9719	16.5163
21.9719	16.5205
21.9719	16.5247
21.9760	16.5247
21.9760	16.5288
21.9760	16.5330
21.9802	16.5330
21.9802	16.5372
21.9802	16.5413
21.9843	16.5413
21.9843	16.5455
21.9843	16.5496
21.9843	16.5538
21.9843	16.5580
21.9885	16.5580
21.9885	16.5621
21.9885	16.5663
21.9885	16.5704
21.9885	16.5746
21.9927	16.5746
21.9927	16.5788
21.9927	16.5829
21.9927	16.5871
21.9968	16.5871
21.9968	16.5913
21.9968	16.5954
21.9968	16.5996
21.9968	16.6037
21.9968	16.6079
21.9968	16.6121
22.0010	16.6121
22.0010	16.6162
22.0010	16.6204
22.0010	16.6245
22.0010	16.6287
22.0010	16.6329
22.0010	16.6370
22.0010	16.6412
22.0052	16.6412
22.0052	16.6453
22.0052	16.6495
22.0093	16.6537
22.0093	16.6578
22.0135	16.6578
22.0135	16.6620
22.0135	16.6662
22.0176	16.6703
22.0176	16.6745
22.0218	16.6745
22.0218	16.6786
22.0218	16.6828
22.0260	16.6828
22.0260	16.6870
22.0260	16.6911
22.0301	16.6911
22.0343	16.6953
22.0343	16.6994
22.0384	16.6994
22.0384	16.7036
22.0426	16.7036
22.0426	16.7078
22.0468	16.7078
22.0468	16.7119
22.0509	16.7119
22.0509	16.7161
22.0551	16.7161
22.0551	16.7203
22.0634	16.7203
22.0634	16.7244
22.0676	16.7286
22.0717	16.7286
22.0717	16.7327
22.0759	16.7327
22.0759	16.7369
22.0801	16.7411
22.0801	16.7452
22.0842	16.7452
22.0842	16.7494
22.0884	16.7494
22.0884	16.7535
22.0884	16.7577
22.0925	16.7577
22.0925	16.7619
22.0967	16.7660
22.1009	16.7660
22.1009	16.7702
22.1050	16.7744
22.1050	16.7785
22.1050	16.7827
22.1092	16.7827
22.1092	16.7868
22.1092	16.7952
22.1133	16.7952
22.1133	16.7993
22.1175	16.7993
22.1175	16.8035
22.1217	16.8035
22.1217	16.8076
22.1217	16.8118
22.1258	16.8118
22.1258	16.8160
22.1258	16.8201
22.1300	16.8243
22.1342	16.8284
22.1342	16.8326
22.1342	16.8368
22.1342	16.8409
22.1383	16.8409
22.1383	16.8451
22.1383	16.8493
22.1383	16.8534
22.1425	16.8576
22.1425	16.8617
22.1425	16.8659
22.1466	16.8659
22.1466	16.8701
22.1508	16.8701
22.1508	16.8742
22.1508	16.8784
22.1508	16.8825
22.1550	16.8825
22.1550	16.8867
22.1550	16.8909
22.1591	16.8950
22.1591	16.8992
22.1591	16.9034
22.1591	16.9075
22.1633	16.9075
22.1633	16.9117
22.1633	16.9158
22.1674	16.9200
22.1674	16.9242
22.1716	16.9242
22.1716	16.9283
22.1716	16.9325
22.1716	16.9366
22.1758	16.9366
22.1758	16.9408
22.1758	16.9450
22.1758	16.9491
22.1799	16.9491
22.1799	16.9533
22.1841	16.9533
22.1841	16.9575
22.1883	16.9575
22.1883	16.9616
22.1883	16.9658
22.1924	16.9699
22.1924	16.9741
22.1966	16.9783
22.1966	16.9824
22.1966	16.9866
22.2007	16.9866
22.2007	16.9907
22.2049	16.9907
22.2049	16.9949
22.2091	16.9991
22.2091	17.0032
22.2091	17.0074
22.2132	17.0074
22.2132	17.0115
22.2174	17.0157
22.2215	17.0157
22.2215	17.0199
22.2215	17.0240
22.2257	17.0240
22.2257	17.0282
22.2299	17.0282
22.2299	17.0324
22.2299	17.0365
22.2340	17.0365
22.2382	17.0407
22.2382	17.0448
22.2423	17.0448
22.2423	17.0490
22.2423	17.0532
22.2465	17.0532
22.2465	17.0573
22.2507	17.0573
22.2507	17.0615
22.2548	17.0656
22.2548	17.0698
22.2590	17.0698
22.2590	17.0740
22.2632	17.0740
22.2632	17.0781
22.2673	17.0823
22.2715	17.0823
22.2715	17.0865
22.2756	17.0865
22.2798	17.0906
22.2798	17.0948
22.2881	17.0948
22.2881	17.0989
22.2923	17.0989
22.2964	17.1073
22.3006	17.1073
22.3048	17.1114
22.3089	17.1114
22.3131	17.1156
22.3173	17.1239
22.3214	17.1239
22.3256	17.1281
22.3297	17.1281
22.3381	17.1364
22.3422	17.1364
22.3464	17.1405
22.3464	17.1447
22.3505	17.1447
22.3547	17.1489
22.3630	17.1489
22.3630	17.1530
22.3672	17.1572
22.3755	17.1572
22.3755	17.1614
22.3838	17.1614
22.3880	17.1655
22.3963	17.1655
22.4005	17.1738
22.4046	17.1738
22.4130	17.1780
22.4171	17.1780
22.4213	17.1822
22.4296	17.1822
22.4338	17.1905
22.4421	17.1905
22.4504	17.1988
22.4587	17.1988
22.4629	17.2030
22.4712	17.2030
22.4712	17.2071
22.4795	17.2071
22.4795	17.2113
22.4837	17.2113
22.4837	17.2155
22.4879	17.2155
22.4920	17.2196
22.5004	17.2196
22.5045	17.2238
22.5087	17.2238
22.5087	17.2279
22.5170	17.2279
22.5170	17.2321
22.5212	17.2363
22.5253	17.2363
22.5295	17.2404
22.5336	17.2404
22.5378	17.2446
22.5420	17.2487
22.5503	17.2529
22.5544	17.2529
22.5586	17.2571
22.5628	17.2612
22.5711	17.2696
22.5753	17.2696
22.5753	17.2737
22.5836	17.2737
22.5836	17.2779
22.5877	17.2779
22.5877	17.2820
22.5919	17.2820
22.5919	17.2862
22.6002	17.2862
22.6002	17.2904
22.6044	17.2904
22.6085	17.2945
22.6127	17.2945
22.6169	17.2987
22.6210	17.2987
22.6252	17.3028
22.6294	17.3070
22.6377	17.3070
22.6377	17.3112
22.6418	17.3112
22.6460	17.3153
22.6502	17.3153
22.6543	17.3195
22.6585	17.3195
22.6626	17.3236
22.6668	17.3236
22.6710	17.3278
22.6751	17.3278
22.6751	17.3320
22.6835	17.3361
22.6876	17.3361
22.6918	17.3403
22.7001	17.3403
22.7001	17.3445
22.7084	17.3445
22.7126	17.3486
22.7209	17.3486
22.7251	17.3528
22.7417	17.3528
22.7459	17.3569
22.8000	17.3569
22.8041	17.3611
22.8208	17.3611
22.8208	17.3653
22.8333	17.3653
22.8374	17.3694
22.8582	17.3694
22.8582	17.3736
22.8790	17.3736
22.8832	17.3777
22.9165	17.3777
22.9165	17.3819
22.9290	17.3819
22.9290	17.3861
22.9415	17.3861
22.9456	17.3902
22.9664	17.3902
22.9706	17.3944
22.9831	17.3944
22.9872	17.3986
22.9956	17.3986
22.9956	17.4027
23.0039	17.4027
23.0039	17.4069
23.0164	17.4069
23.0164	17.4110
23.0247	17.4110
23.0288	17.4152
23.0455	17.4152
23.0496	17.4194
23.0829	17.4194
23.0829	17.4152
23.1037	17.4152
23.1037	17.4110
23.1246	17.4110
23.1287	17.4069
23.1412	17.4069
23.1412	17.4027
23.1537	17.4027
23.1537	17.3986
23.1578	17.3986
23.1578	17.3944
23.1662	17.3944
23.1662	17.3902
23.1703	17.3902
23.1703	17.3861
23.1745	17.3861
23.1745	17.3819
23.1828	17.3819
23.1828	17.3777
23.1870	17.3777
23.1870	17.3736
23.1911	17.3736
23.1911	17.3694
23.1953	17.3694
23.1953	17.3653
23.1995	17.3653
23.1995	17.3611
23.2036	17.3611
23.2036	17.3569
23.2078	17.3569
23.2078	17.3528
23.2078	17.3486
23.2161	17.3486
23.2161	17.3445
23.2161	17.3403
23.2203	17.3403
23.2203	17.3361
23.2244	17.3361
23.2244	17.3320
23.2286	17.3278
23.2286	17.3236
23.2327	17.3236
23.2327	17.3195
23.2369	17.3195
23.2369	17.3153
23.2411	17.3112
23.2411	17.3070
23.2452	17.3070
23.2452	17.3028
23.2494	17.3028
23.2494	17.2987
23.2536	17.2987
23.2577	17.2945
23.2577	17.2904
23.2619	17.2904
23.2619	17.2862
23.2702	17.2862
23.2702	17.2820
23.2744	17.2820
23.2744	17.2779
23.2785	17.2779
23.2785	17.2737
23.2827	17.2737
23.2827	17.2696
23.2868	17.2696
23.2910	17.2654
23.2952	17.2654
23.2952	17.2612
23.3035	17.2612
23.3035	17.2571
23.3035	17.2529
23.3118	17.2529
23.3118	17.2487
23.3201	17.2487
23.3201	17.2446
23.3243	17.2446
23.3285	17.2404
23.3285	17.2363
23.3368	17.2363
23.3368	17.2321
23.3409	17.2321
23.3409	17.2279
23.3451	17.2279
23.3451	17.2238
23.3493	17.2238
23.3493	17.2196
23.3534	17.2196
23.3534	17.2155
23.3576	17.2155
23.3576	17.2113
23.3617	17.2113
23.3617	17.2071
23.3659	17.2071
23.3659	17.2030
23.3701	17.2030
23.3701	17.1988
23.3742	17.1988
23.3742	17.1946
23.3784	17.1946
23.3784	17.1905
23.3784	17.1863
23.3867	17.1863
23.3867	17.1822
23.3867	17.1780
23.3909	17.1780
23.3909	17.1738
23.3950	17.1738
23.3950	17.1697
23.3950	17.1655
23.3992	17.1655
23.3992	17.1614
23.3992	17.1572
23.3992	17.1530
23.4075	17.1530
23.4075	17.1489
23.4075	17.1447
23.4075	17.1405
23.4117	17.1405
23.4117	17.1364
23.4117	17.1322
23.4158	17.1322
23.4158	17.1281
23.4158	17.1239
23.4200	17.1197
23.4200	17.1156
23.4242	17.1156
23.4242	17.1114
23.4242	17.1073
23.4242	17.1031
23.4283	17.1031
23.4283	17.0989
23.4283	17.0948
23.4283	17.0906
23.4325	17.0906
23.4325	17.0865
23.4325	17.0823
23.4325	17.0781
23.4367	17.0781
23.4367	17.0740
23.4367	17.0698
23.4408	17.0656
23.4408	17.0615
23.4408	17.0573
23.4450	17.0573
23.4450	17.0532
23.4450	17.0490
23.4491	17.0490
23.4491	17.0448
23.4533	17.0448
23.4533	17.0407
23.4575	17.0407
23.4575	17.0365
23.4575	17.0324
23.4616	17.0324
23.4616	17.0282
23.4616	17.0240
23.4658	17.0240
23.4699	17.0199
23.4741	17.0199
23.4741	17.0157
23.4824	17.0157
23.4824	17.0115
23.4907	17.0115
23.4907	17.0074
23.5074	17.0074
23.5074	17.0032
23.5282	17.0032
23.5282	17.0074
23.5448	17.0074
23.5490	17.0115
23.5615	17.0115
23.5657	17.0157
23.5781	17.0157
23.5823	17.0199
23.5906	17.0199
23.5948	17.0240
23.5989	17.0240
23.5989	17.0282
23.6031	17.0282
23.6031	17.0324
23.6114	17.0324
23.6156	17.0365
23.6198	17.0365
23.6198	17.0407
23.6239	17.0407
23.6239	17.0448
23.6364	17.0448
23.6364	17.0490
23.6447	17.0490
23.6447	17.0532
23.6530	17.0532
23.6572	17.0573
23.6572	17.0615
23.6655	17.0615
23.6655	17.0656
23.6738	17.0656
23.6738	17.0698
23.6822	17.0698
23.6822	17.0740
23.6905	17.0740
23.6905	17.0698
23.7612	17.0698
23.7612	17.0740
23.7779	17.0740
23.7820	17.0781
23.7904	17.0781
23.7945	17.0823
23.8029	17.0823
23.8029	17.0865
23.8070	17.0865
23.8112	17.0906
23.8153	17.0906
23.8153	17.0948
23.8237	17.0948
23.8278	17.0989
23.8320	17.0989
23.8320	17.1031
23.8361	17.1031
23.8361	17.1073
23.8445	17.1073
23.8445	17.1114
23.8569	17.1114
23.8569	17.1156
23.8694	17.1156
23.8694	17.1197
23.8736	17.1197
23.8736	17.1239
23.8902	17.1239
23.8902	17.1281
23.9152	17.1281
23.9152	17.1322
23.9319	17.1322
23.9319	17.1364
23.9360	17.1364
23.9360	17.1405
23.9443	17.1405
23.9443	17.1447
23.9485	17.1447
23.9485	17.1489
23.9527	17.1489
23.9527	17.1530
23.9527	17.1572
23.9568	17.1614
23.9610	17.1655
23.9651	17.1697
23.9693	17.1738
23.9735	17.1780
23.9818	17.1780
23.9859	17.1822
23.9901	17.1822
23.9943	17.1863
24.0068	17.1863
24.0109	17.1905
24.0192	17.1905
24.0234	17.1946
24.0234	17.1988
24.0317	17.1988
24.0317	17.2030
24.0359	17.2030
24.0400	17.2071
24.0484	17.2071
24.0525	17.2113
24.0525	17.2155
24.0567	17.2155
24.0567	17.2196
24.0650	17.2196
24.0650	17.2238
24.0733	17.2238
24.0733	17.2279
24.0775	17.2321
24.0817	17.2321
24.0817	17.2363
24.0858	17.2363
24.0858	17.2404
24.0900	17.2404
24.0941	17.2446
24.0941	17.2487
24.1025	17.2487
24.1025	17.2529
24.1066	17.2529
24.1066	17.2571
24.1150	17.2571
24.1150	17.2612
24.1191	17.2612
24.1191	17.2654
24.1233	17.2654
24.1233	17.2696
24.1274	17.2696
24.1274	17.2737
24.1358	17.2737
24.1399	17.2779
24.1399	17.2820
24.1441	17.2820
24.1482	17.2862
24.1524	17.2862
24.1524	17.2904
24.1566	17.2904
24.1607	17.2945
24.1649	17.2987
24.1690	17.2987
24.1732	17.3028
24.1774	17.3028
24.1774	17.3070
24.1815	17.3070
24.1857	17.3112
24.1899	17.3153
24.1940	17.3153
24.1940	17.3195
24.1982	17.3195
24.2023	17.3236
24.2065	17.3236
24.2065	17.3278
24.2107	17.3278
24.2107	17.3320
24.2148	17.3361
24.2190	17.3361
24.2190	17.3403
24.2273	17.3403
24.2273	17.3445
24.2398	17.3445
24.2398	17.3486
24.2564	17.3486
24.2564	17.3528
24.2980	17.3528
24.2980	17.3569
24.3189	17.3569
24.3230	17.3611
24.3313	17.3611
24.3397	17.3653
24.3438	17.3653
24.3438	17.3694
24.3646	17.3694
24.3688	17.3736
24.3813	17.3736
24.3813	17.3777
24.4021	17.3777
24.4062	17.3819
24.4104	17.3819
24.4187	17.3861
24.4520	17.3861
24.4520	17.3902
24.4603	17.3902
24.4603	17.3944
24.4728	17.3944
24.4728	17.3986
24.4770	17.3986
24.4770	17.4027
24.4895	17.4027
24.4895	17.4069
24.5020	17.4069
24.5020	17.4110
24.5103	17.4110
24.5144	17.4152
24.5186	17.4152
24.5186	17.4194
24.5352	17.4194
24.5352	17.4235
24.5477	17.4235
24.5477	17.4277
24.5644	17.4277
24.5644	17.4318
24.5685	17.4318
24.5727	17.4360
24.5810	17.4360
24.5810	17.4402
24.5935	17.4402
24.5935	17.4443
24.6018	17.4443
24.6060	17.4485
24.6851	17.4485
24.6851	17.4443
24.7142	17.4443
24.7142	17.4402
24.7267	17.4402
24.7267	17.4360
24.7350	17.4360
24.7350	17.4318
24.7433	17.4318
24.7475	17.4277
24.7475	17.4235
24.7558	17.4235
24.7558	17.4194
24.7641	17.4194
24.7641	17.4152
24.7724	17.4152
24.7724	17.4110
24.7724	17.4069
24.7849	17.4069
24.7849	17.4027
24.7891	17.4027
24.7891	17.3986
24.7974	17.3986
24.8016	17.3944
24.8016	17.3902
24.8057	17.3902
24.8057	17.3861
24.8099	17.3861
24.8099	17.3819
24.8141	17.3819
24.8141	17.3777
24.8141	17.3736
24.8182	17.3736
24.8224	17.3694
24.8224	17.3653
24.8265	17.3653
24.8265	17.3611
24.8307	17.3611
24.8307	17.3569
24.8307	17.3528
24.8307	17.3486
24.8349	17.3486
24.8349	17.3445
24.8349	17.3403
24.8390	17.3403
24.8390	17.3361
24.8390	17.3320
24.8390	17.3278
24.8432	17.3320
24.8432	17.3278
24.8473	17.3278
24.8473	17.3236
24.8473	17.3195
24.8473	17.3153
24.8515	17.3153
24.8515	17.3112
24.9014	17.3112
24.9056	17.3153
24.9472	17.3153
24.9472	17.3195
24.9680	17.3195
24.9680	17.3236
24.9763	17.3236
24.9763	17.3278
24.9888	17.3278
24.9888	17.3320
25.0013	17.3320
25.0055	17.3361
25.0180	17.3361
25.0180	17.3403
25.0263	17.3445
25.0346	17.3445
25.0346	17.3486
25.0471	17.3486
25.0471	17.3528
25.0637	17.3528
25.0637	17.3569
25.0721	17.3569
25.0721	17.3611
25.0804	17.3611
25.0804	17.3653
25.0845	17.3653
25.0845	17.3694
25.0929	17.3694
25.0929	17.3736
25.1012	17.3736
25.1012	17.3777
25.1053	17.3819
25.1095	17.3819
25.1137	17.3861
25.1178	17.3861
25.1220	17.3902
25.1262	17.3902
25.1303	17.3944
25.1345	17.3944
25.1345	17.3986
25.1428	17.3986
25.1428	17.4027
25.1511	17.4027
25.1511	17.4069
25.1553	17.4069
25.1553	17.4110
25.1594	17.4110
25.1594	17.4152
25.1678	17.4152
25.1678	17.4194
25.1719	17.4194
25.1719	17.4235
25.1719	17.4277
25.1761	17.4277
25.1761	17.4318
25.1761	17.4360
25.1803	17.4360
25.1844	17.4402
25.1844	17.4443
25.1844	17.4485
25.1886	17.4485
25.1927	17.4526
25.1969	17.4526
25.2011	17.4568
25.2052	17.4568
25.2094	17.4610
25.2135	17.4651
25.2219	17.4651
25.2219	17.4693
25.2302	17.4693
25.2344	17.4735
25.2385	17.4735
25.2385	17.4776
25.2427	17.4776
25.2468	17.4818
25.2552	17.4818
25.2552	17.4859
25.2593	17.4859
25.2635	17.4901
25.2718	17.4901
25.2718	17.4943
25.2760	17.4943
25.2760	17.4984
25.2843	17.4984
25.2843	17.5026
25.2968	17.5026
25.2968	17.5067
25.3093	17.5067
25.3134	17.5109
25.3134	17.5151
25.3301	17.5151
25.3301	17.5192
25.3425	17.5192
25.3425	17.5234
25.3550	17.5234
25.3550	17.5276
25.3592	17.5276
25.3592	17.5317
25.3717	17.5317
25.3758	17.5359
25.3883	17.5359
25.3883	17.5400
25.4050	17.5400
25.4050	17.5442
25.4133	17.5442
25.4133	17.5484
25.4299	17.5484
25.4299	17.5525
25.4507	17.5525
25.4549	17.5567
25.4632	17.5567
25.4674	17.5608
25.4799	17.5608
25.4882	17.5650
25.4965	17.5650
25.5048	17.5692
25.5173	17.5692
25.5215	17.5733
25.5340	17.5733
25.5381	17.5775
25.5465	17.5775
25.5506	17.5817
25.5631	17.5817
25.5673	17.5858
25.5797	17.5858
25.5839	17.5900
25.5922	17.5900
25.5922	17.5941
25.6047	17.5941
25.6089	17.5983
25.6214	17.5983
25.6214	17.6025
25.6380	17.6025
25.6380	17.6066
25.6463	17.6066
25.6505	17.6108
25.6630	17.6108
25.6671	17.6149
25.6796	17.6149
25.6838	17.6191
25.6921	17.6191
25.7004	17.6233
25.7046	17.6233
25.7087	17.6274
25.7171	17.6274
25.7212	17.6316
25.7295	17.6316
25.7337	17.6357
25.7379	17.6357
25.7420	17.6399
25.7504	17.6399
25.7504	17.6441
25.7587	17.6441
25.7587	17.6482
25.7836	17.6482
25.7878	17.6524
25.8169	17.6524
25.8169	17.6566
25.8336	17.6566
25.8336	17.6607
25.8752	17.6607
25.8752	17.6649
26.0292	17.6649
26.0292	17.6607
26.0583	17.6607
26.0583	17.6566
26.0833	17.6566
26.0833	17.6524
26.0999	17.6524
26.1041	17.6482
26.1166	17.6482
26.1166	17.6441
26.1249	17.6441
26.1249	17.6399
26.1457	17.6399
26.1457	17.6357
26.1582	17.6357
26.1582	17.6316
26.1748	17.6316
26.1748	17.6274
26.1873	17.6274
26.1873	17.6233
26.1956	17.6233
26.1956	17.6191
26.1998	17.6191
26.1998	17.6149
26.2081	17.6149
26.2123	17.6108
26.2164	17.6108
26.2164	17.6066
26.2247	17.6066
26.2247	17.6025
26.2289	17.6025
26.2289	17.5983
26.2331	17.5983
26.2331	17.5941
26.2414	17.5941
26.2414	17.5900
26.2497	17.5900
26.2497	17.5858
26.2497	17.5817
26.2539	17.5817
26.2580	17.5775
26.2622	17.5775
26.2622	17.5733
26.2705	17.5733
26.2705	17.5692
26.2747	17.5650
26.2830	17.5650
26.2830	17.5608
26.2872	17.5608
26.2872	17.5567
26.2913	17.5567
26.2913	17.5525
26.2955	17.5525
26.2955	17.5484
26.3038	17.5484
26.3038	17.5442
26.3080	17.5442
26.3080	17.5400
26.3163	17.5400
26.3163	17.5359
26.3205	17.5359
26.3205	17.5317
26.3246	17.5317
26.3246	17.5276
26.3329	17.5276
26.3329	17.5234
26.3371	17.5234
26.3371	17.5192
26.3413	17.5192
26.3413	17.5151
26.3454	17.5151
26.3454	17.5109
26.3496	17.5109
26.3538	17.5067
26.3579	17.5067
26.3579	17.5026
26.3621	17.5026
26.3621	17.4984
26.3662	17.4984
26.3662	17.4943
26.3704	17.4943
26.3704	17.4901
26.3746	17.4859
26.3746	17.4818
26.3787	17.4818
26.3787	17.4776
26.3829	17.4776
26.3829	17.4735
26.3870	17.4735
26.3870	17.4693
26.3912	17.4693
26.3912	17.4651
26.3954	17.4610
26.3995	17.4610
26.3995	17.4568
26.3995	17.4526
26.4037	17.4526
26.4037	17.4485
26.4037	17.4443
26.4037	17.4402
26.4078	17.4402
26.4078	17.4360
26.4120	17.4360
26.4120	17.4318
26.4120	17.4277
26.4162	17.4277
26.4162	17.4235
26.4203	17.4194
26.4203	17.4152
26.4203	17.4110
26.4245	17.4110
26.4245	17.4069
26.4245	17.4027
26.4287	17.4027
26.4287	17.3986
26.4328	17.3986
26.4328	17.3944
26.4328	17.3902
26.4328	17.3861
26.4328	17.3819
26.4370	17.3819
26.4370	17.3777
26.4370	17.3736
26.4370	17.3694
26.4370	17.3653
26.4370	17.3611
26.4370	17.3569
26.4370	17.3528
26.4370	17.3486
26.4370	17.3445
26.4370	17.3403
26.4370	17.3361
26.4370	17.3320
26.4370	17.3278
26.4370	17.3236
26.4370	17.3195
26.4370	17.3153
26.4370	17.3112
26.4370	17.3070
26.4370	17.3028
26.4370	17.2987
26.4370	17.2945
26.4370	17.2904
26.4370	17.2862
26.4370	17.2820
26.4370	17.2779
26.4370	17.2737
26.4370	17.2696
26.4370	17.2654
26.4370	17.2612
26.4370	17.2571
26.4370	17.2529
26.4370	17.2487
26.4370	17.2446
26.4370	17.2404
26.4370	17.2363
26.4370	17.2321
26.4370	17.2279
26.4370	17.2238
26.4370	17.2196
26.4370	17.2155
26.4370	17.2113
26.4370	17.2071
26.4370	17.2030
26.4370	17.1988
26.4370	17.1946
26.4370	17.1905
26.4370	17.1863
26.4370	17.1822
26.4370	17.1780
26.4370	17.1738
26.4370	17.1697
26.4370	17.1655
26.4370	17.1614
26.4370	17.1572
26.4370	17.1530
26.4370	17.1489
26.4411	17.1447
26.4411	17.1405
26.4411	17.1364
26.4411	17.1322
26.4411	17.1281
26.4411	17.1239
26.4411	17.1197
26.4411	17.1156
26.4411	17.1114
26.4453	17.1114
26.4453	17.1073
26.4453	17.1031
26.4453	17.0989
26.4495	17.0989
26.4495	17.0948
26.4536	17.0948
26.4536	17.0906
26.4536	17.0865
26.4536	17.0823
26.4578	17.0823
26.4578	17.0781
26.4619	17.0781
26.4661	17.0740
26.4703	17.0698
26.4744	17.0698
26.4786	17.0656
26.4828	17.0615
26.4911	17.0615
26.4911	17.0573
26.4952	17.0573
26.4994	17.0532
26.5036	17.0490
26.5077	17.0448
26.5119	17.0448
26.5160	17.0407
26.5160	17.0365
26.5202	17.0324
26.5244	17.0324
26.5285	17.0282
26.5285	17.0240
26.5327	17.0240
26.5327	17.0199
26.5368	17.0199
26.5368	17.0157
26.5410	17.0115
26.5410	17.0074
26.5452	17.0074
26.5452	17.0032
26.5493	17.0032
26.5493	16.9991
26.5493	16.9949
26.5493	16.9907
26.5535	16.9907
26.5535	16.9866
26.5577	16.9866
26.5577	16.9824
26.5577	16.9783
26.5577	16.9741
26.5577	16.9699
26.5618	16.9699
26.5618	16.9658
26.5618	16.9616
26.5660	16.9575
26.5660	16.9533
26.5660	16.9491
26.5660	16.9450
26.5701	16.9450
26.5701	16.9408
26.5701	16.9366
26.5743	16.9325
26.5743	16.9283
26.5743	16.9242
26.5743	16.9200
26.5743	16.9158
26.5743	16.9117
26.5743	16.9075
26.5743	16.9034
26.5743	16.8992
26.5743	16.8950
26.5743	16.8909
26.5743	16.8867
26.5743	16.8825
26.5743	16.8784
26.5743	16.8742
26.5743	16.8701
26.5743	16.8659
26.5743	16.8617
26.5743	16.8576
26.5743	16.8534
26.5701	16.8534
26.5701	16.8493
26.5701	16.8451
26.5701	16.8409
26.5660	16.8409
26.5660	16.8368
26.5660	16.8326
26.5618	16.8326
26.5618	16.8284
26.5618	16.8243
26.5618	16.8201
26.5577	16.8201
26.5577	16.8160
26.5577	16.8118
26.5577	16.8076
26.5535	16.8076
26.5535	16.8035
26.5535	16.7993
26.5535	16.7952
26.5535	16.7910
26.5535	16.7868
26.5535	16.7827
26.5493	16.7785
26.5493	16.7744
26.5493	16.7702
26.5452	16.7702
26.5452	16.7660
26.5452	16.7619
26.5410	16.7619
26.5410	16.7577
26.5410	16.7535
26.5410	16.7494
26.5410	16.7452
26.5368	16.7452
26.5368	16.7411
26.5368	16.7369
26.5327	16.7369
26.5285	16.7327
26.5285	16.7286
26.5244	16.7286
26.5244	16.7244
26.5244	16.7203
26.5202	16.7203
26.5202	16.7161
26.5160	16.7119
26.5160	16.7078
26.5119	16.7078
26.5119	16.7036
26.5119	16.6994
26.5119	16.6953
26.5077	16.6953
26.5077	16.6911
26.5077	16.6870
26.5077	16.6828
26.5036	16.6828
26.5036	16.6786
26.5036	16.6745
26.5036	16.6703
26.4994	16.6703
26.4994	16.6662
26.4952	16.6662
26.4952	16.6620
26.4952	16.6578
26.4952	16.6537
26.4911	16.6537
26.4911	16.6495
26.4869	16.6495
26.4869	16.6453
26.4786	16.6453
26.4786	16.6412
26.4744	16.6412
26.4744	16.6370
26.4703	16.6370
26.4703	16.6329
26.4495	16.6329
26.4495	16.6287
26.4495	16.6245
26.4411	16.6245
26.4411	16.6204
26.4370	16.6204
26.4370	16.6162
26.4328	16.6162
26.4287	16.6121
26.4245	16.6121
26.4245	16.6079
26.4203	16.6079
26.4203	16.6037
26.4162	16.6037
26.4120	16.5996
26.4037	16.5996
26.4037	16.5954
26.3995	16.5954
26.3995	16.5913
26.3954	16.5871
26.3912	16.5871
26.3912	16.5829
26.3870	16.5829
26.3870	16.5788
26.3787	16.5788
26.3787	16.5746
26.3746	16.5746
26.3746	16.5704
26.3662	16.5704
26.3662	16.5663
26.3621	16.5663
26.3621	16.5621
26.3579	16.5621
26.3538	16.5580
26.3496	16.5580
26.3496	16.5538
26.3454	16.5538
26.3413	16.5496
26.3371	16.5496
26.3329	16.5455
26.3288	16.5455
26.3288	16.5413
26.3205	16.5413
26.3205	16.5372
26.3038	16.5372
26.3038	16.5330
26.2955	16.5330
26.2872	16.5288
26.2830	16.5288
26.2788	16.5247
26.2747	16.5247
26.2664	16.5205
26.2622	16.5205
26.2539	16.5163
26.2372	16.5163
26.2372	16.5122
26.2289	16.5122
26.2289	16.5080
26.2247	16.5080
26.2247	16.5039
26.2123	16.5039
26.2123	16.4997
26.2081	16.4997
26.1998	16.4955
26.1956	16.4955
26.1915	16.4914
26.1915	16.4872
26.1790	16.4872
26.1748	16.4831
26.1707	16.4789
26.1623	16.4789
26.1623	16.4747
26.1582	16.4747
26.1498	16.4706
26.1498	16.4664
26.1415	16.4664
26.1415	16.4623
26.1332	16.4623
26.1332	16.4581
26.1249	16.4581
26.1249	16.4539
26.1207	16.4539
26.1166	16.4498
26.1082	16.4498
26.1041	16.4456
26.0999	16.4456
26.0957	16.4414
26.0833	16.4414
26.0791	16.4373
26.0749	16.4331
26.0708	16.4331
26.0708	16.4290
26.0625	16.4290
26.0625	16.4248
26.0583	16.4248
26.0541	16.4206
26.0500	16.4206
26.0458	16.4165
26.0333	16.4165
26.0292	16.4123
26.0125	16.4123
26.0125	16.4082
26.0000	16.4082
25.9959	16.4040
25.9917	16.4040
25.9876	16.3998
25.9751	16.3998
25.9751	16.3957
25.9667	16.3957
25.9626	16.3915
25.9459	16.3915
25.9418	16.3873
25.9376	16.3873
25.9335	16.3832
25.9210	16.3832
25.9126	16.3790
25.9043	16.3790
25.8960	16.3749
25.8877	16.3749
25.8835	16.3707
25.8794	16.3665
25.8710	16.3665
25.8669	16.3624
25.8544	16.3624
25.8544	16.3582
25.8419	16.3582
25.8419	16.3541
25.8377	16.3541
25.8336	16.3499
25.8294	16.3499
25.8253	16.3457
25.8169	16.3457
25.8128	16.3416
25.8086	16.3416
25.8045	16.3374
25.8003	16.3374
25.7961	16.3332
25.7920	16.3291
25.7836	16.3291
25.7836	16.3249
25.7795	16.3249
25.7753	16.3208
25.7670	16.3208
25.7628	16.3166
25.7587	16.3166
25.7545	16.3124
25.7420	16.3124
25.7379	16.3083
25.4799	16.3083
25.4757	16.3041
25.4466	16.3041
25.4466	16.3000
25.4299	16.3000
25.4258	16.2958
25.4174	16.2958
25.4133	16.2916
25.4008	16.2916
25.4008	16.2875
25.3758	16.2875
25.3758	16.2833
25.3550	16.2833
25.3550	16.2792
25.3342	16.2792
25.3342	16.2750
25.3176	16.2750
25.3176	16.2708
25.3051	16.2708
25.3051	16.2667
25.2884	16.2667
25.2884	16.2625
25.2801	16.2625
25.2801	16.2583
25.2718	16.2583
25.2718	16.2542
25.2552	16.2542
25.2552	16.2500
25.2344	16.2500
25.2302	16.2459
25.2135	16.2459
25.2135	16.2417
25.2052	16.2417
25.2052	16.2375
25.1886	16.2375
25.1886	16.2334
25.1719	16.2334
25.1719	16.2292
25.1678	16.2292
25.1678	16.2251
25.1636	16.2251
25.1636	16.2209
25.1594	16.2209
25.1594	16.2167
25.1511	16.2167
25.1511	16.2126
25.1470	16.2126
25.1428	16.2084
25.1428	16.2042
25.1345	16.2042
25.1345	16.2001
25.1303	16.2001
25.1303	16.1959
25.1262	16.1918
25.1220	16.1918
25.1220	16.1876
25.1137	16.1876
25.1095	16.1834
25.1012	16.1834
25.1012	16.1793
25.0887	16.1793
25.0887	16.1751
25.0845	16.1751
25.0845	16.1710
25.0721	16.1710
25.0721	16.1668
25.0679	16.1668
25.0679	16.1626
25.0637	16.1626
25.0596	16.1585
25.0554	16.1585
25.0554	16.1543
25.0513	16.1543
25.0513	16.1502
25.0429	16.1502
25.0429	16.1460
25.0346	16.1460
25.0346	16.1418
25.0304	16.1418
25.0304	16.1377
25.0263	16.1377
25.0263	16.1335
25.0221	16.1335
25.0221	16.1293
25.0180	16.1293
25.0180	16.1252
25.0180	16.1210
25.0180	16.1169
25.0138	16.1169
25.0138	16.1127
25.0138	16.1085
25.0096	16.1085
25.0096	16.1044
25.0055	16.1044
25.0055	16.1002
25.0013	16.1002
25.0013	16.0961
24.9972	16.0961
24.9972	16.0919
24.9972	16.0877
24.9972	16.0836
24.9930	16.0836
24.9930	16.0794
24.9930	16.0752
24.9888	16.0752
24.9847	16.0711
24.9847	16.0669
24.9805	16.0628
24.9805	16.0586
24.9805	16.0544
24.9805	16.0503
24.9763	16.0503
24.9763	16.0461
24.9763	16.0420
24.9722	16.0420
24.9680	16.0378
24.9680	16.0336
24.9639	16.0295
24.9597	16.0295
24.9597	16.0253
24.9555	16.0253
24.9555	16.0211
24.9514	16.0211
24.9514	16.0170
24.9514	16.0128
24.9472	16.0128
24.9472	16.0087
24.9431	16.0087
24.9431	16.0045
24.9431	16.0003
24.9431	15.9967
24.9347	15.9932
24.9347	15.9920
24.9347	15.9879
24.9306	15.9879
24.9306	15.9837
24.9264	15.9837
24.9264	15.9795
24.9264	15.9754
24.9223	15.9754
24.9223	15.9712
24.9223	15.9671
24.9181	15.9671
24.9181	15.9629
24.9139	15.9629
24.9139	15.9587
24.9098	15.9587
24.9098	15.9546
24.9098	15.9504
24.9056	15.9504
24.9056	15.9462
24.9056	15.9421
24.9014	15.9421
24.9014	15.9379
24.8973	15.9379
24.8973	15.9338
24.8931	15.9338
24.8931	15.9296
24.8890	15.9296
24.8890	15.9254
24.8848	15.9254
24.8848	15.9213
24.8806	15.9213
24.8806	15.9171
24.8765	15.9171
24.8723	15.9130
24.8682	15.9130
24.8682	15.9088
24.8640	15.9088
24.8640	15.9046
24.8598	15.9046
24.8557	15.9005
24.8515	15.8963
24.8473	15.8963
24.8473	15.8921
24.8390	15.8921
24.8390	15.8880
24.8349	15.8880
24.8307	15.8838
24.8265	15.8797
24.8182	15.8797
24.8141	15.8755
24.8057	15.8755
24.8016	15.8713
24.7974	15.8713
24.7932	15.8672
24.7891	15.8630
24.7849	15.8630
24.7849	15.8589
24.7724	15.8589
24.7683	15.8547
24.7641	15.8547
24.7641	15.8505
24.7600	15.8464
24.7516	15.8464
24.7475	15.8422
24.7433	15.8422
24.7433	15.8381
24.7350	15.8381
24.7350	15.8339
24.7308	15.8297
24.7267	15.8297
24.7267	15.8256
24.7183	15.8256
24.7183	15.8214
24.7100	15.8214
24.7100	15.8131
24.7017	15.8131
24.6975	15.8089
24.6934	15.8048
24.6892	15.8048
24.6851	15.8006
24.6809	15.8006
24.6809	15.7964
24.6767	15.7964
24.6767	15.7923
24.6684	15.7923
24.6684	15.7881
24.6601	15.7881
24.6601	15.7840
24.6559	15.7798
24.6476	15.7798
24.6476	15.7756
24.6393	15.7756
24.6393	15.7715
24.6310	15.7715
24.6310	15.7673
24.6226	15.7673
24.6185	15.7631
24.6101	15.7631
24.6060	15.7590
24.5935	15.7590
24.5893	15.7548
24.5727	15.7548
24.5644	15.7507
24.5561	15.7465
24.5477	15.7465
24.5394	15.7423
24.5228	15.7423
24.5228	15.7382
24.4811	15.7382
24.4728	15.7340
24.4437	15.7340
24.4395	15.7299
24.4271	15.7299
24.4229	15.7257
24.3272	15.7257
24.3230	15.7299
24.3064	15.7299
24.3064	15.7340
24.2980	15.7340
24.2939	15.7382
24.2231	15.7382
24.2231	15.7340
24.2107	15.7340
24.2107	15.7299
24.2023	15.7299
24.2023	15.7257
24.1940	15.7257
24.1899	15.7215
24.1857	15.7174
24.1774	15.7174
24.1732	15.7132
24.1649	15.7132
24.1607	15.7090
24.1566	15.7090
24.1524	15.7049
24.1524	15.7007
24.1399	15.7007
24.1399	15.6966
24.1358	15.6966
24.1358	15.6924
24.1274	15.6924
24.1274	15.6882
24.1233	15.6882
24.1191	15.6841
24.1108	15.6841
24.1108	15.6799
24.1066	15.6799
24.1066	15.6758
24.1025	15.6758
24.1025	15.6716
24.0941	15.6716
24.0941	15.6674
24.0941	15.6633
24.0858	15.6633
24.0858	15.6591
24.0817	15.6591
24.0817	15.6550
24.0733	15.6550
24.0733	15.6508
24.0733	15.6466
24.0692	15.6466
24.0692	15.6425
24.0650	15.6425
24.0650	15.6383
24.0567	15.6383
24.0567	15.6341
24.0567	15.6300
24.0525	15.6300
24.0525	15.6258
24.0484	15.6258
24.0484	15.6217
24.0442	15.6217
24.0400	15.6175
24.0400	15.6149
24.0068	15.6009
24.0068	15.5967
24.0026	15.5967
24.0026	15.5925
24.0026	15.5842
23.9984	15.5842
23.9984	15.5800
23.9943	15.5800
23.9943	15.5759
23.9943	15.5717
23.9901	15.5717
23.9901	15.5676
23.9859	15.5634
23.9859	15.5592
23.9776	15.5592
23.9776	15.5551
23.9776	15.5509
23.9735	15.5509
23.9735	15.5468
23.9693	15.5468
23.9693	15.5426
23.9610	15.5343
23.9527	15.5260
23.9443	15.5218
23.9402	15.5218
23.9402	15.5176
23.9360	15.5135
23.9360	15.5093
23.9319	15.5093
23.9319	15.5051
23.9277	15.5051
23.9277	15.5010
23.9235	15.5010
23.9235	15.4968
23.9235	15.4927
23.9235	15.4885
23.9194	15.4885
23.9194	15.4843
23.9152	15.4802
23.9152	15.4760
23.9110	15.4719
23.9110	15.4677
23.9110	15.4635
23.9110	15.4594
23.9069	15.4594
23.9069	15.4552
23.9027	15.4552
23.9027	15.4510
23.9027	15.4469
23.9027	15.4427
23.8986	15.4427
23.8986	15.4386
23.8944	15.4386
23.8944	15.4344
23.8944	15.4302
23.8861	15.4219
23.8861	15.4178
23.8861	15.4136
23.8819	15.4094
23.8819	15.4053
23.8778	15.4011
23.8778	15.3969
23.8736	15.3886
23.8736	15.3845
23.8736	15.3803
23.8694	15.3761
23.8694	15.3720
23.8694	15.3678
23.8653	15.3637
23.8653	15.3595
23.8653	15.3553
23.8653	15.3512
23.8653	15.3470
23.8694	15.3470
23.8694	15.3429
23.8736	15.3429
23.8736	15.3387
23.8736	15.3345
23.8736	15.3304
23.8778	15.3304
23.8778	15.3262
23.8819	15.3220
23.8861	15.3220
23.8861	15.3179
23.8902	15.3137
23.8944	15.3137
23.8944	15.3096
23.8986	15.3096
23.9027	15.3054
23.9069	15.3054
23.9069	15.3012
23.9110	15.2971
23.9152	15.2971
23.9152	15.2929
23.9194	15.2888
23.9235	15.2888
23.9235	15.2846
23.9277	15.2846
23.9277	15.2804
23.9319	15.2804
23.9319	15.2763
23.9319	15.2721
23.9402	15.2721
23.9402	15.2679
23.9402	15.2638
23.9443	15.2638
23.9443	15.2596
23.9443	15.2555
23.9485	15.2555
23.9485	15.2513
23.9527	15.2513
23.9527	15.2471
23.9527	15.2430
23.9568	15.2430
23.9568	15.2388
23.9568	15.2347
23.9610	15.2305
23.9610	15.2263
23.9651	15.2263
23.9651	15.2222
23.9651	15.2180
23.9693	15.2180
23.9693	15.2138
23.9735	15.2138
23.9735	15.2097
23.9735	15.2055
23.9735	15.2014
23.9776	15.1972
23.9776	15.1930
23.9776	15.1889
23.9818	15.1889
23.9818	15.1847
23.9818	15.1806
23.9818	15.1764
23.9818	15.1722
23.9859	15.1722
23.9859	15.1681
23.9859	15.1639
23.9859	15.1598
23.9859	15.1556
23.9859	15.1514
23.9859	15.1473
23.9859	15.1431
23.9859	15.1389
23.9859	15.1348
23.9859	15.1306
23.9859	15.1265
23.9859	15.1223
23.9859	15.1181
23.9859	15.1140
23.9859	15.1098
23.9859	15.1057
23.9859	15.1015
23.9859	15.0973
23.9859	15.0932
23.9859	15.0890
23.9859	15.0848
23.9818	15.0848
23.9818	15.0807
23.9818	15.0765
23.9818	15.0724
23.9776	15.0724
23.9776	15.0682
23.9776	15.0640
23.9776	15.0599
23.9776	15.0557
23.9776	15.0516
23.9735	15.0516
23.9735	15.0474
23.9735	15.0432
23.9735	15.0391
23.9735	15.0349
23.9693	15.0349
23.9693	15.0308
23.9693	15.0266
23.9693	15.0224
23.9693	15.0183
23.9693	15.0141
23.9693	15.0099
23.9693	15.0058
23.9693	15.0016
23.9651	15.0016
23.9651	14.9975
23.9610	14.9933
23.9610	14.9891
23.9610	14.9850
23.9610	14.9808
23.9610	14.9767
23.9610	14.9725
23.9610	14.9683
23.9568	14.9683
23.9568	14.9642
23.9568	14.9600
23.9568	14.9558
23.9568	14.9517
23.9527	14.9475
23.9527	14.9434
23.9527	14.9392
23.9527	14.9350
23.9527	14.9309
23.9527	14.9267
23.9485	14.9267
23.9485	14.9226
23.9485	14.9184
23.9443	14.9142
23.9443	14.9101
23.9443	14.9059
23.9443	14.9017
23.9402	14.9017
23.9402	14.8976
23.9402	14.8934
23.9360	14.8934
23.9360	14.8893
23.9360	14.8851
23.9319	14.8809
23.9319	14.8768
23.9277	14.8768
23.9277	14.8726
23.9277	14.8685
23.9277	14.8643
23.9235	14.8643
23.9235	14.8601
23.9235	14.8560
23.9235	14.8518
23.9194	14.8518
23.9194	14.8477
23.9194	14.8435
23.9152	14.8393
23.9152	14.8352
23.9110	14.8352
23.9110	14.8310
23.9110	14.8268
23.9069	14.8268
23.9069	14.8227
23.9069	14.8185
23.9027	14.8185
23.9027	14.8144
23.9027	14.8102
23.8986	14.8102
23.8986	14.8060
23.8986	14.8019
23.8944	14.8019
23.8944	14.7977
23.8902	14.7977
23.8902	14.7936
23.8861	14.7936
23.8861	14.7894
23.8861	14.7811
23.8819	14.7811
23.8819	14.7769
23.8778	14.7769
23.8778	14.7727
23.8736	14.7727
23.8736	14.7686
23.8694	14.7686
23.8694	14.7644
23.8694	14.7603
23.8653	14.7561
23.8653	14.7519
23.8611	14.7519
23.8611	14.7478
23.8569	14.7478
23.8569	14.7436
23.8528	14.7436
23.8528	14.7395
23.8486	14.7395
23.8486	14.7311
23.8445	14.7311
23.8445	14.7270
23.8403	14.7270
23.8403	14.7228
23.8361	14.7228
23.8361	14.7187
23.8361	14.7145
23.8320	14.7145
23.8320	14.7103
23.8237	14.7103
23.8237	14.7062
23.8195	14.7062
23.8195	14.7020
23.8153	14.7020
23.8153	14.6978
23.8112	14.6978
23.8112	14.6937
23.8070	14.6937
23.8070	14.6895
23.8029	14.6895
23.8029	14.6854
23.7987	14.6854
23.7987	14.6812
23.7904	14.6812
23.7904	14.6770
23.7820	14.6770
23.7820	14.6729
23.7696	14.6729
23.7696	14.6687
23.7612	14.6687
23.7612	14.6646
23.7488	14.6646
23.7488	14.6604
23.7446	14.6604
23.7446	14.6562
23.7321	14.6562
23.7321	14.6521
23.7279	14.6479
23.7238	14.6396
23.7155	14.6354
23.7155	14.6313
23.7155	14.6271
23.7113	14.6229
23.7113	14.6188
23.7113	14.6146
23.7113	14.6105
23.7113	14.6063
23.7071	14.6063
23.7071	14.6021
23.7071	14.5980
23.7030	14.5938
23.7030	14.5896
23.7030	14.5855
23.7030	14.5813
23.7030	14.5772
23.7030	14.5730
23.7030	14.5688
23.6988	14.5647
23.6988	14.5605
23.6988	14.5564
23.6988	14.5522
23.6988	14.5480
23.6988	14.5439
23.6947	14.5439
23.6947	14.5397
23.6947	14.5356
23.6947	14.5314
23.6947	14.5272
23.6947	14.5231
23.6947	14.5189
23.6947	14.5106
23.6905	14.5064
23.6905	14.5023
23.6905	14.4981
23.6905	14.4939
23.6863	14.4898
23.6863	14.4856
23.6863	14.4815
23.6863	14.4773
23.6863	14.4731
23.6863	14.4690
23.6863	14.4648
23.6863	14.4606
23.6863	14.4565
23.6863	14.4523
23.6863	14.4482
23.6863	14.4440
23.6863	14.4398
23.6863	14.4357
23.6863	14.4315
23.6863	14.4274
23.6863	14.4232
23.6863	14.4190
23.6863	14.4149
23.6863	14.4107
23.6863	14.4066
23.6863	14.4024
23.6863	14.3982
23.6863	14.3941
23.6863	14.3899
23.6863	14.3857
23.6863	14.3816
23.6863	14.3774
23.6863	14.3733
23.6863	14.3691
23.6863	14.3649
23.6863	14.3608
23.6863	14.3566
23.6863	14.3525
23.6863	14.3483
23.6863	14.3441
23.6863	14.3400
23.6863	14.3358
23.6863	14.3316
23.6863	14.3275
23.6863	14.3233
23.6863	14.3192
23.6863	14.3150
23.6863	14.3108
23.6863	14.3067
23.6863	14.3025
23.6863	14.2984
23.6863	14.2900
23.6822	14.2900
23.6822	14.2859
23.6822	14.2817
23.6822	14.2775
23.6822	14.2734
23.6780	14.2734
23.6780	14.2692
23.6780	14.2651
23.6780	14.2609
23.6738	14.2609
23.6738	14.2567
23.6738	14.2526
23.6738	14.2484
23.6697	14.2484
23.6697	14.2443
23.6697	14.2401
23.6655	14.2401
23.6655	14.2359
23.6655	14.2318
23.6614	14.2318
23.6614	14.2276
23.6614	14.2235
23.6614	14.2193
23.6572	14.2193
23.6572	14.2151
23.6530	14.2151
23.6530	14.2110
23.6489	14.2110
23.6489	14.2068
23.6489	14.2026
23.6447	14.2026
23.6447	14.1985
23.6364	14.1985
23.6364	14.1943
23.6322	14.1943
23.6281	14.1902
23.6281	14.1860
23.6239	14.1818
23.6198	14.1777
23.6114	14.1777
23.6114	14.1735
23.6114	14.1694
23.6073	14.1694
23.6073	14.1652
23.5989	14.1652
23.5989	14.1610
23.5948	14.1610
23.5906	14.1569
23.5823	14.1527
23.5823	14.1485
23.5781	14.1485
23.5698	14.1444
23.5657	14.1402
23.5615	14.1361
23.5615	14.1319
23.5532	14.1319
23.5532	14.1277
23.5490	14.1277
23.5490	14.1236
23.5407	14.1236
23.5407	14.1194
23.5365	14.1194
23.5365	14.1153
23.5324	14.1153
23.5282	14.1111
23.5240	14.1111
23.5199	14.1069
23.5116	14.1069
23.5074	14.0986
23.4991	14.0986
23.4991	14.0944
23.4949	14.0944
23.4949	14.0903
23.4907	14.0903
23.4907	14.0861
23.4866	14.0861
23.4866	14.0820
23.4658	14.0820
23.4575	14.0778
23.3160	14.0778
23.3077	14.0820
23.2910	14.0820
23.2827	14.0861
23.2702	14.0861
23.2702	14.0903
23.2660	14.0903
23.2660	14.0944
23.2536	14.0944
23.2494	14.0986
23.2411	14.0986
23.2327	14.1028
23.2244	14.1069
23.2244	14.1111
23.2161	14.1111
23.2161	14.1153
23.2119	14.1153
23.2078	14.1194
23.2036	14.1194
23.1953	14.1236
23.1911	14.1277
23.1786	14.1277
23.1786	14.1319
23.1703	14.1319
23.1662	14.1361
23.1578	14.1361
23.1578	14.1402
23.1495	14.1402
23.1495	14.1444
23.1454	14.1444
23.1454	14.1485
23.1412	14.1485
23.1370	14.1527
23.1287	14.1527
23.1287	14.1569
23.1204	14.1569
23.1204	14.1610
23.1162	14.1652
23.1121	14.1652
23.1079	14.1694
23.0996	14.1694
23.0996	14.1735
23.0913	14.1735
23.0871	14.1777
23.0871	14.1818
23.0788	14.1818
23.0788	14.1860
23.0705	14.1860
23.0705	14.1902
23.0663	14.1902
23.0621	14.1943
23.0580	14.1943
23.0538	14.1985
23.0496	14.1985
23.0496	14.2026
22.9831	14.2026
22.9831	14.1985
22.9623	14.1985
22.9581	14.1943
22.9123	14.1943
22.9123	14.1902
22.9040	14.1902
22.8998	14.1860
22.8874	14.1860
22.8832	14.1818
22.8749	14.1818
22.8665	14.1777
22.8624	14.1777
22.8541	14.1735
22.8457	14.1694
22.8374	14.1694
22.8333	14.1652
22.8208	14.1652
22.8208	14.1610
22.8125	14.1610
22.8083	14.1569
22.8041	14.1527
22.7958	14.1527
22.7875	14.1485
22.7833	14.1485
22.7792	14.1444
22.7708	14.1402
22.7667	14.1361
22.7625	14.1361
22.7542	14.1319
22.7500	14.1277
22.7459	14.1277
22.7459	14.1236
22.7459	14.1194
22.7375	14.1194
22.7334	14.1153
22.7251	14.1153
22.7209	14.1111
22.7126	14.1069
22.7084	14.1028
22.7001	14.0986
22.6959	14.0944
22.6918	14.0861
22.6835	14.0861
22.6793	14.0820
22.6751	14.0778
22.6668	14.0736
22.6626	14.0736
22.6626	14.0653
22.6585	14.0653
22.6585	14.0612
22.6502	14.0612
22.6460	14.0570
22.6418	14.0570
22.6418	14.0528
22.6377	14.0487
22.6335	14.0487
22.6294	14.0445
22.6252	14.0404
22.6210	14.0404
22.6169	14.0362
22.6127	14.0320
22.6085	14.0320
22.6044	14.0279
22.6002	14.0279
22.6002	14.0237
22.5961	14.0237
22.5919	14.0195
22.5877	14.0154
22.5794	14.0154
22.5794	14.0112
22.5753	14.0112
22.5753	14.0071
22.5628	14.0071
22.5628	14.0029
22.5586	13.9987
22.5544	13.9946
22.5461	13.9946
22.5420	13.9904
22.5336	13.9863
22.5295	13.9821
22.5212	13.9821
22.5087	13.9779
22.5045	13.9738
22.4920	13.9696
22.4837	13.9654
22.4712	13.9613
22.4629	13.9571
22.4546	13.9571
22.4546	13.9530
22.4504	13.9488
22.4421	13.9488
22.4421	13.9446
22.4005	13.9446
22.3922	13.9405
22.2715	13.9405
22.2632	13.9446
22.2382	13.9446
22.2382	13.9488
22.2132	13.9488
22.2132	13.9530
22.2049	13.9530
22.2049	13.9571
22.2007	13.9571
22.1966	13.9613
22.1841	13.9613
22.1841	13.9654
22.1674	13.9654
22.1674	13.9696
22.1508	13.9696
22.1508	13.9738
22.1466	13.9738
22.1466	13.9779
22.1342	13.9779
22.1300	13.9821
22.0592	13.9821
22.0551	13.9779
22.0509	13.9779
22.0468	13.9738
22.0426	13.9696
22.0426	13.9654
22.0384	13.9654
22.0343	13.9613
22.0301	13.9613
22.0301	13.9571
22.0260	13.9571
22.0260	13.9530
22.0218	13.9488
22.0176	13.9488
22.0176	13.9446
22.0135	13.9446
22.0135	13.9405
22.0093	13.9405
22.0093	13.9363
22.0052	13.9363
22.0010	13.9280
21.9968	13.9238
21.9927	13.9197
21.9885	13.9155
21.9885	13.9114
21.9885	13.9072
21.9802	13.9072
21.9802	13.9030
21.9760	13.9030
21.9760	13.8989
21.9760	13.8947
21.9719	13.8947
21.9719	13.8905
21.9677	13.8864
21.9635	13.8864
21.9594	13.8822
21.9594	13.8781
21.9552	13.8739
21.9511	13.8697
21.9511	13.8656
21.9469	13.8614
21.9427	13.8614
21.9427	13.8573
21.9386	13.8573
21.9386	13.8531
21.9344	13.8489
21.9302	13.8448
21.9302	13.8406
21.9219	13.8406
21.9219	13.8364
21.9178	13.8323
21.9136	13.8323
21.9136	13.8281
21.9094	13.8281
21.9094	13.8240
21.9053	13.8198
21.9011	13.8198
21.9011	13.8156
21.8970	13.8156
21.8970	13.8115
21.8928	13.8115
21.8928	13.8073
21.8886	13.8073
21.8886	13.8032
21.8803	13.8032
21.8803	13.7990
21.8762	13.7990
21.8762	13.7948
21.8762	13.7907
21.8720	13.7907
21.8720	13.7865
21.8262	13.7865
21.8221	13.7907
21.8012	13.7907
21.8012	13.7948
21.7929	13.7948
21.7929	13.7990
21.7888	13.7990
21.7888	13.8032
21.7846	13.8032
21.7804	13.8073
21.7721	13.8073
21.7680	13.8115
21.7555	13.8115
21.7513	13.8156
21.7471	13.8156
21.7430	13.8198
21.7305	13.8198
21.7305	13.8240
21.7139	13.8240
21.7139	13.8281
21.6972	13.8281
21.6931	13.8323
21.6514	13.8323
21.6473	13.8364
21.5349	13.8364
21.5349	13.8323
21.5266	13.8323
21.5183	13.8281
21.5016	13.8281
21.4975	13.8240
21.4850	13.8240
21.4767	13.8198
21.4642	13.8198
21.4517	13.8156
21.4392	13.8115
21.4267	13.8115
21.4142	13.8073
21.4018	13.8032
21.3934	13.8032
21.3893	13.7990
21.3851	13.7990
21.3851	13.7948
21.3768	13.7948
21.3768	13.7907
21.3685	13.7907
21.3685	13.7865
21.3601	13.7865
21.3560	13.7782
21.3518	13.7782
21.3477	13.7740
21.3435	13.7740
21.3393	13.7699
21.3310	13.7699
21.3269	13.7657
21.3185	13.7615
21.3144	13.7574
21.3102	13.7532
21.3060	13.7532
21.3019	13.7491
21.2977	13.7491
21.2977	13.7449
21.2936	13.7449
21.2936	13.7407
21.2894	13.7407
21.2894	13.7366
21.2811	13.7366
21.2811	13.7324
21.2769	13.7324
21.2728	13.7283
21.2686	13.7241
21.2603	13.7241
21.2603	13.7199
21.2561	13.7158
21.2520	13.7116
21.2478	13.7116
21.2478	13.7074
21.2395	13.7074
21.2395	13.7033
21.2353	13.6991
21.2270	13.6991
21.2228	13.6950
21.2228	13.6908
21.2187	13.6866
21.2145	13.6866
21.2103	13.6825
21.2062	13.6825
21.2062	13.6783
21.2020	13.6783
21.2020	13.6742
21.1979	13.6742
21.1979	13.6700
21.1937	13.6700
21.1895	13.6658
21.1854	13.6658
21.1854	13.6617
21.1812	13.6617
21.1812	13.6575
21.1770	13.6575
21.1770	13.6533
21.1729	13.6533
21.1729	13.6492
21.1687	13.6492
21.1604	13.6450
21.1604	13.6409
21.1562	13.6409
21.1521	13.6367
21.1479	13.6325
21.1396	13.6325
21.1396	13.6284
21.1354	13.6284
21.1354	13.6242
21.1354	13.6201
21.1271	13.6201
21.1271	13.6159
21.1229	13.6159
21.1188	13.6117
21.1105	13.6117
21.1063	13.6034
21.1021	13.6034
21.0980	13.5993
21.0938	13.5951
21.0897	13.5909
21.0855	13.5868
21.0813	13.5826
21.0772	13.5826
21.0730	13.5784
21.0689	13.5784
21.0689	13.5743
21.0647	13.5701
21.0564	13.5701
21.0564	13.5660
21.0522	13.5660
21.0480	13.5618
21.0439	13.5576
21.0397	13.5576
21.0397	13.5535
21.0356	13.5535
21.0356	13.5493
21.0231	13.5493
21.0231	13.5452
21.0189	13.5452
21.0148	13.5410
21.0148	13.5368
21.0064	13.5368
21.0064	13.5327
21.0023	13.5327
21.0023	13.5285
20.9898	13.5285
20.9856	13.5243
20.9856	13.5202
20.9773	13.5202
20.9773	13.5160
20.9648	13.5160
20.9648	13.5119
