23.6187	11.5219
23.6187	11.5300
23.6025	11.5300
23.6025	11.5381
23.5701	11.5381
23.5701	11.5462
23.5620	11.5462
23.5620	11.5543
23.5539	11.5543
23.5539	11.5624
23.5458	11.5624
23.5458	11.5705
23.5377	11.5705
23.5377	11.5786
23.5296	11.5786
23.5296	11.5867
23.5215	11.5867
23.5215	11.5948
23.5134	11.5948
23.5134	11.6029
23.5053	11.6029
23.5053	11.6110
23.4972	11.6110
23.4891	11.6191
23.4810	11.6191
23.4810	11.6272
23.4730	11.6272
23.4730	11.6353
23.4730	11.6434
23.4568	11.6434
23.4568	11.6515
23.4568	11.6596
23.4487	11.6596
23.4487	11.6677
23.4406	11.6677
23.4406	11.6757
23.4406	11.6838
23.4325	11.6838
23.4325	11.6919
23.4244	11.6919
23.4244	11.7000
23.4244	11.7081
23.4244	11.7162
23.4163	11.7162
23.4163	11.7243
23.4082	11.7243
23.4082	11.7324
23.4082	11.7405
23.4082	11.7486
23.4001	11.7486
23.4001	11.7567
23.3920	11.7567
23.3920	11.7648
23.3920	11.7729
23.3920	11.7810
23.3920	11.7891
23.3920	11.7972
23.3839	11.7972
23.3839	11.8053
23.3839	11.8134
23.3839	11.8215
23.3839	11.8296
23.3839	11.8377
23.3839	11.8458
23.3839	11.8539
23.3839	11.8620
23.3839	11.8701
23.3839	11.8782
23.3758	11.8782
23.3758	11.8863
23.3758	11.8944
23.3677	11.8944
23.3677	11.9025
23.3596	11.9025
23.3596	11.9106
23.3596	11.9187
23.3515	11.9268
23.3515	11.9348
23.3434	11.9348
23.3434	11.9429
23.3434	11.9510
23.3353	11.9510
23.3353	11.9591
23.3272	11.9591
23.2624	11.9510
23.2462	11.9510
23.2462	11.9429
23.1329	11.9429
23.1329	11.9510
23.1167	11.9510
23.1167	11.9591
23.0924	11.9591
23.0924	11.9672
23.0762	11.9672
23.0762	11.9753
23.0681	11.9753
23.0600	11.9834
23.0519	11.9834
23.0519	11.9915
23.0357	11.9915
23.0357	11.9996
23.0357	12.0077
23.0114	12.0077
23.0114	12.0158
23.0033	12.0158
23.0033	12.0239
22.9871	12.0239
22.9871	12.0320
22.9790	12.0401
22.9709	12.0401
22.9709	12.0482
22.9628	12.0482
22.9628	12.0563
22.9547	12.0563
22.9547	12.0644
22.9467	12.0644
22.9467	12.0725
22.9386	12.0725
22.9386	12.0806
22.9386	12.0887
22.9224	12.0887
22.9224	12.0968
22.9224	12.1049
22.9143	12.1049
22.9143	12.1130
22.9062	12.1130
22.9062	12.1211
22.9062	12.1292
22.8981	12.1292
22.8981	12.1373
22.8900	12.1373
22.8900	12.1454
22.8900	12.1535
22.8819	12.1535
22.8819	12.1616
22.8738	12.1616
22.8738	12.1697
22.8738	12.1778
22.8738	12.1859
22.8576	12.1859
22.8576	12.1940
22.8576	12.2020
22.8576	12.2101
22.8495	12.2101
22.8495	12.2182
22.8414	12.2182
22.8414	12.2263
22.8414	12.2344
22.8414	12.2425
22.8333	12.2506
22.8333	12.2587
22.8333	12.2668
22.8252	12.2668
22.8252	12.2749
22.8252	12.2830
22.8252	12.2911
22.8252	12.2992
22.8252	12.3073
22.8171	12.3154
22.8171	12.3235
22.8090	12.3235
22.8090	12.3316
22.8090	12.3397
22.8090	12.3478
22.8090	12.3559
22.8090	12.3640
22.8090	12.3721
22.8090	12.3802
22.8090	12.3883
22.8090	12.3964
22.8090	12.4045
22.8090	12.4126
22.8090	12.4207
22.8090	12.4288
22.8090	12.4369
22.8090	12.4450
22.8090	12.4531
22.8090	12.4611
22.8090	12.4692
22.8090	12.4773
22.8009	12.4773
22.8009	12.4854
22.8009	12.4935
22.7928	12.4935
22.7928	12.5016
22.7928	12.5097
22.7928	12.5178
22.7928	12.5259
22.7928	12.5340
22.7928	12.5421
22.7928	12.5502
22.7928	12.5583
22.7928	12.5664
22.7928	12.5745
22.7928	12.5826
22.7928	12.5907
22.7928	12.5988
22.7928	12.6069
22.7928	12.6150
22.7928	12.6231
22.7928	12.6312
22.7928	12.6393
22.7928	12.6474
22.7928	12.6555
22.8009	12.6555
22.8009	12.6636
22.8009	12.6717
22.8090	12.6717
22.8090	12.6798
22.8090	12.6879
22.8090	12.6960
22.8090	12.7041
22.8090	12.7122
22.8090	12.7203
22.8171	12.7203
22.8171	12.7283
22.8171	12.7364
22.8252	12.7364
22.8252	12.7445
22.8252	12.7526
22.8252	12.7607
22.8252	12.7688
22.8252	12.7769
22.8333	12.7769
22.8333	12.7850
22.8576	12.7850
22.8576	12.7931
22.8657	12.7931
22.8657	12.8012
22.8900	12.8012
22.8900	12.8093
22.8900	12.8174
22.8900	12.8255
22.8900	12.8336
22.8819	12.8336
22.8819	12.8417
22.8819	12.8498
22.8738	12.8498
22.8738	12.8579
22.8738	12.8660
22.8738	12.8741
22.8738	12.8822
22.8657	12.8822
22.8657	12.8903
22.8576	12.8903
22.8576	12.8984
22.8576	12.9065
22.8576	12.9146
22.8576	12.9227
22.8576	12.9308
22.8495	12.9308
22.8495	12.9389
22.8495	12.9470
22.8495	12.9551
22.8414	12.9632
22.8414	12.9713
22.8414	12.9794
22.8414	12.9874
22.8414	12.9955
22.8414	13.0036
22.8333	13.0036
22.8333	13.0117
22.8333	13.0198
22.8333	13.0279
22.8252	13.0279
22.8252	13.0360
22.8252	13.0441
22.8252	13.0522
22.8252	13.0603
22.8252	13.0684
22.8252	13.0765
22.8171	13.0765
22.8171	13.0846
22.8171	13.0927
22.8090	13.0927
22.8090	13.1008
22.8090	13.1089
22.8090	13.1170
22.8090	13.1251
22.8090	13.1332
22.8090	13.1413
22.8090	13.1494
22.8090	13.1575
22.8090	13.1656
22.8090	13.1737
22.8090	13.1818
22.8090	13.1899
22.8090	13.1980
22.8090	13.2061
22.8090	13.2142
22.8090	13.2223
22.8090	13.2304
22.8090	13.2385
22.8090	13.2465
22.8171	13.2546
22.8171	13.2627
22.8171	13.2708
22.8252	13.2708
22.8252	13.2789
22.8252	13.2870
22.8252	13.2951
22.8252	13.3032
22.8252	13.3113
22.8333	13.3113
22.8333	13.3194
22.8333	13.3275
22.8333	13.3356
22.8333	13.3437
22.8333	13.3518
22.8333	13.3599
22.8333	13.3680
22.8333	13.3761
22.8333	13.3842
22.8333	13.3923
22.8333	13.4004
22.8333	13.4085
22.8333	13.4166
22.8333	13.4247
22.8333	13.4328
22.8333	13.4409
22.8333	13.4490
22.8333	13.4571
22.8333	13.4652
22.8333	13.4733
22.8414	13.4733
22.8414	13.4814
22.8414	13.4895
22.8414	13.4976
22.8495	13.4976
22.8495	13.5057
22.8495	13.5137
22.8576	13.5137
22.8576	13.5218
22.8657	13.5218
22.8657	13.5299
22.8738	13.5299
22.8738	13.5380
22.8738	13.5461
22.8738	13.5542
22.8738	13.5623
22.8738	13.5704
22.8738	13.5785
22.8738	13.5866
22.8738	13.5947
22.8738	13.6028
22.8738	13.6109
22.8738	13.6190
22.8738	13.6271
22.8738	13.6352
22.8738	13.6433
22.8738	13.6514
22.8738	13.6595
22.8738	13.6676
22.8738	13.6757
22.8738	13.6838
22.8738	13.6919
22.8738	13.7000
22.8738	13.7081
22.8738	13.7162
22.8738	13.7243
22.8738	13.7324
22.8738	13.7405
22.8738	13.7486
22.8738	13.7567
22.8738	13.7648
22.8738	13.7728
22.8738	13.7809
22.8738	13.7890
22.8738	13.7971
22.8738	13.8052
22.8738	13.8133
22.8738	13.8214
22.8738	13.8295
22.8738	13.8376
22.8738	13.8457
22.8738	13.8538
22.8738	13.8619
22.8657	13.8700
22.8576	13.8781
22.8576	13.8862
22.8576	13.8943
22.8576	13.9024
22.8576	13.9186
22.8495	13.9186
22.8495	13.9267
22.8495	13.9348
22.8414	13.9348
22.8414	13.9429
22.8414	13.9510
22.8414	13.9591
22.8414	13.9672
22.8333	13.9672
22.8333	13.9753
22.8333	13.9834
22.8333	13.9915
22.8333	13.9996
22.8333	14.0077
22.8252	14.0077
22.8252	14.0158
22.8252	14.0239
22.8252	14.0320
22.8252	14.0400
22.8252	14.0481
22.8252	14.0562
22.8252	14.0643
22.8252	14.0724
22.8252	14.0805
22.8252	14.0886
22.8252	14.0967
22.8171	14.0967
22.8171	14.1048
22.8090	14.1048
22.8090	14.1129
22.8090	14.1210
22.8090	14.1291
22.8090	14.1372
22.8009	14.1453
22.8009	14.1534
22.8009	14.1615
22.7928	14.1615
22.7928	14.1696
22.7847	14.1777
22.7847	14.1858
22.7766	14.1858
22.7766	14.1939
22.7685	14.1939
22.7685	14.2020
22.7604	14.2020
22.7604	14.2101
22.7523	14.2101
22.7523	14.2182
22.7442	14.2182
22.7442	14.2263
22.7442	14.2344
22.7361	14.2344
22.7361	14.2425
22.7280	14.2425
22.7280	14.2506
22.7280	14.2587
22.7199	14.2587
22.7199	14.2668
22.7199	14.2749
22.7199	14.2830
22.7118	14.2830
22.7118	14.2911
22.7118	14.2991
22.7118	14.3072
22.7118	14.3153
22.7118	14.3234
22.7037	14.3234
22.7037	14.3315
22.7037	14.3396
22.6956	14.3396
22.6956	14.3477
22.6956	14.3558
22.6956	14.3639
22.6956	14.3720
22.6876	14.3720
22.6876	14.3801
22.6795	14.3801
22.6795	14.3882
22.6795	14.3963
22.6795	14.4044
22.6714	14.4044
22.6714	14.4125
22.6714	14.4206
22.6714	14.4287
22.6633	14.4287
22.6633	14.4368
22.6633	14.4449
22.6552	14.4530
22.6552	14.4611
22.6471	14.4611
22.6471	14.4692
22.6471	14.4773
22.6471	14.4854
22.6390	14.4854
22.6309	14.4935
22.6309	14.5016
22.6309	14.5097
22.6309	14.5178
22.6228	14.5178
22.6228	14.5259
22.6228	14.5340
22.6147	14.5340
22.6147	14.5421
22.6147	14.5502
22.6066	14.5502
22.6066	14.5582
22.6066	14.5663
22.6066	14.5744
22.5985	14.5744
22.5985	14.5825
22.5985	14.5906
22.5985	14.5987
22.5985	14.6068
22.5985	14.6149
22.5904	14.6149
22.5904	14.6230
22.5904	14.6311
22.5823	14.6311
22.5823	14.6392
22.5823	14.6473
22.5823	14.6554
22.5823	14.6635
22.5823	14.6716
22.5742	14.6716
22.5742	14.6797
22.5661	14.6797
22.5661	14.6878
22.5661	14.6959
22.5661	14.7040
22.5661	14.7121
22.5661	14.7202
22.5661	14.7283
22.5661	14.7364
22.5580	14.7445
22.5580	14.7526
22.5580	14.7607
22.5580	14.7688
22.5499	14.7688
22.5499	14.7769
22.5499	14.7850
22.5499	14.7931
22.5499	14.8012
22.5499	14.8093
22.5418	14.8093
22.5418	14.8174
22.5418	14.8254
22.5418	14.8335
22.5337	14.8335
22.5337	14.8416
22.5337	14.8497
22.5337	14.8578
22.5337	14.8659
22.5337	14.8740
22.5337	14.8821
22.5337	14.8902
22.5337	14.8983
22.5337	14.9064
22.5337	14.9145
22.5337	14.9226
22.5337	14.9307
22.5337	14.9388
22.5337	14.9469
22.5337	14.9550
22.5418	14.9550
22.5418	14.9631
22.5418	14.9712
22.5499	14.9712
22.5499	14.9793
22.5499	14.9874
22.5499	14.9955
22.5499	15.0036
22.5580	15.0036
22.5661	15.0117
22.5661	15.0198
22.5661	15.0279
22.5742	15.0279
22.5742	15.0360
22.5823	15.0360
22.5823	15.0441
22.5904	15.0441
22.5904	15.0522
22.6066	15.0522
22.6066	15.0603
22.5985	15.0603
22.5985	15.0684
22.5985	15.0765
22.5985	15.0845
22.5823	15.0845
22.5823	15.0926
22.5823	15.1007
22.5742	15.1007
22.5742	15.1088
22.5661	15.1088
22.5661	15.1169
22.5661	15.1250
22.5661	15.1331
22.5580	15.1331
22.5580	15.1412
22.5499	15.1412
22.5499	15.1493
22.5337	15.1493
22.5337	15.1574
22.5337	15.1655
22.5175	15.1655
22.5175	15.1736
22.5175	15.1817
22.5175	15.1898
22.5094	15.1898
22.5094	15.1979
22.5013	15.1979
22.5013	15.2060
22.5013	15.2141
22.4932	15.2141
22.4932	15.2222
22.4851	15.2222
22.4851	15.2303
22.4851	15.2384
22.4770	15.2384
22.4770	15.2465
22.4770	15.2546
22.4689	15.2546
22.4689	15.2627
22.4689	15.2708
22.4689	15.2789
22.4608	15.2789
22.4608	15.2870
22.4527	15.2870
22.4527	15.2951
22.4527	15.3032
22.4527	15.3113
22.4446	15.3113
22.4446	15.3194
22.4365	15.3194
22.4365	15.3275
22.4284	15.3275
22.4284	15.3356
22.4284	15.3437
22.4123	15.3437
22.4123	15.3517
22.4042	15.3598
22.4042	15.3679
22.3961	15.3679
22.3880	15.3760
22.3556	15.3760
22.3556	15.3841
22.3394	15.3841
22.3394	15.3922
22.3070	15.3922
22.3070	15.4003
22.2989	15.4003
22.2989	15.4084
22.2746	15.4084
22.2746	15.4165
22.2665	15.4246
22.2584	15.4246
22.2503	15.4327
22.2422	15.4327
22.2422	15.4408
22.2260	15.4408
22.2260	15.4489
22.2260	15.4570
22.2017	15.4570
22.2017	15.4651
22.1936	15.4651
22.1936	15.4732
22.1774	15.4732
22.1774	15.4813
22.1693	15.4813
22.1693	15.4894
22.1613	15.4894
22.1613	15.4975
22.1532	15.4975
22.1532	15.5056
22.1370	15.5056
22.1370	15.5137
22.1370	15.5218
22.1208	15.5218
22.1208	15.5299
22.1127	15.5380
22.1127	15.5461
22.0965	15.5461
22.0965	15.5542
22.0965	15.5623
22.0884	15.5623
22.0884	15.5704
22.0803	15.5704
22.0803	15.5785
22.0722	15.5785
22.0722	15.5866
22.0641	15.5866
22.0641	15.5947
22.0560	15.6028
22.0479	15.6028
22.0479	15.6108
22.0479	15.6189
22.0317	15.6189
22.0317	15.6270
22.0317	15.6351
22.0236	15.6351
22.0236	15.6432
22.0155	15.6432
22.0155	15.6513
22.0074	15.6513
22.0074	15.6594
21.9993	15.6594
21.9993	15.6675
21.9912	15.6675
21.9912	15.6756
21.9831	15.6756
21.9831	15.6837
21.9669	15.6837
21.9669	15.6918
21.9669	15.6999
21.9588	15.6999
21.9588	15.7080
21.9507	15.7080
21.9507	15.7161
21.9426	15.7161
21.9426	15.7242
21.9426	15.7323
21.9345	15.7323
21.9345	15.7404
21.9345	15.7485
21.9183	15.7485
21.9183	15.7566
21.9183	15.7647
21.9102	15.7647
21.9102	15.7728
21.9102	15.7809
21.9021	15.7809
21.9021	15.7890
21.9021	15.7971
21.8941	15.7971
21.8941	15.8052
21.8860	15.8052
21.8860	15.8133
21.8860	15.8214
21.8779	15.8214
21.8779	15.8295
21.8698	15.8295
21.8698	15.8376
21.8698	15.8457
21.8698	15.8538
21.8536	15.8538
21.8536	15.8619
21.8536	15.8699
21.8536	15.8780
21.8455	15.8780
21.8455	15.8861
21.8455	15.8942
21.8374	15.8942
21.8374	15.9023
21.8374	15.9104
21.8374	15.9185
21.8293	15.9185
21.8293	15.9266
21.8293	15.9347
21.8212	15.9347
21.8212	15.9428
21.8212	15.9509
21.8212	15.9590
21.8131	15.9590
21.8131	15.9671
21.8131	15.9752
21.8050	15.9752
21.8050	15.9833
21.8050	15.9914
21.8050	15.9995
21.8050	16.0076
21.8050	16.0157
21.8050	16.0238
21.8050	16.0319
21.7969	16.0319
21.7969	16.0400
21.7969	16.0481
21.7969	16.0562
21.7888	16.0562
21.7888	16.0643
21.7888	16.0724
21.7888	16.0805
21.7888	16.0886
21.7807	16.0886
21.7807	16.0967
21.7807	16.1048
21.7726	16.1048
21.7726	16.1129
21.7726	16.1210
21.7726	16.1291
21.7645	16.1291
21.7645	16.1371
21.7645	16.1452
21.7564	16.1452
21.7564	16.1533
21.7564	16.1614
21.7564	16.1695
21.7483	16.1695
21.7483	16.1776
21.7402	16.1776
21.7402	16.1857
21.7402	16.1938
21.7321	16.1938
21.7321	16.2019
21.7240	16.2019
21.7240	16.2100
21.7159	16.2181
21.7078	16.2181
21.7078	16.2262
21.7078	16.2343
21.6997	16.2343
21.6997	16.2424
21.6916	16.2424
21.6916	16.2505
21.6835	16.2505
21.6835	16.2586
21.6754	16.2586
21.6754	16.2667
21.6592	16.2667
21.6592	16.2748
21.6592	16.2829
21.6430	16.2829
21.6430	16.2910
21.6350	16.2910
21.6350	16.2991
21.6188	16.2991
21.6188	16.3072
21.6107	16.3153
21.6107	16.3234
21.6026	16.3234
21.6026	16.3315
21.5945	16.3315
21.5945	16.3396
21.5945	16.3477
21.5864	16.3477
21.5864	16.3558
21.5864	16.3639
21.5783	16.3639
21.5783	16.3720
21.5783	16.3801
21.5783	16.3882
21.5702	16.3882
21.5702	16.3962
21.5621	16.3962
21.5621	16.4043
21.5621	16.4124
21.5621	16.4205
21.5621	16.4286
21.5540	16.4286
21.5540	16.4367
21.5459	16.4448
21.5459	16.4529
21.5459	16.4610
21.5297	16.4610
21.5297	16.4691
21.5297	16.4772
21.5216	16.4772
21.5216	16.4853
21.5135	16.4853
21.5135	16.4934
21.5135	16.5015
21.5135	16.5096
21.4973	16.5096
21.4973	16.5177
21.4973	16.5258
21.4892	16.5258
21.4892	16.5339
21.4892	16.5420
21.4811	16.5420
21.4811	16.5501
21.4811	16.5582
21.4730	16.5663
21.4730	16.5744
21.4730	16.5906
21.4649	16.5906
21.4649	16.5987
21.4649	16.6068
21.4649	16.6149
21.4649	16.6230
21.4568	16.6230
21.4568	16.6311
21.4568	16.6392
21.4487	16.6392
21.4487	16.6473
21.4487	16.6554
21.4406	16.6634
21.4406	16.6715
21.4325	16.6715
21.4325	16.6796
21.4325	16.6877
21.4244	16.6877
21.4244	16.6958
21.4244	16.7039
21.4163	16.7039
21.4163	16.7120
21.4163	16.7201
21.4082	16.7201
21.4082	16.7282
21.4082	16.7363
21.4001	16.7363
21.4001	16.7444
21.4001	16.7525
21.3839	16.7525
21.3839	16.7606
21.3839	16.7687
21.3839	16.7768
21.3839	16.7849
21.3839	16.7930
21.3839	16.8011
21.3839	16.8092
21.3839	16.8173
21.3839	16.8254
21.3839	16.8335
21.3839	16.8416
21.3839	16.8497
21.3839	16.8578
21.3839	16.8659
21.3839	16.8740
21.3839	16.8821
21.3839	16.8902
21.3839	16.8983
21.3839	16.9064
21.3839	16.9145
21.3839	16.9225
21.3839	16.9306
21.3839	16.9387
21.3839	16.9468
21.3839	16.9549
21.3839	16.9630
21.3839	16.9711
21.3839	16.9792
21.3839	16.9873
21.3839	16.9954
21.3839	17.0035
21.3839	17.0116
21.3839	17.0197
21.3839	17.0278
21.3839	17.0359
21.3839	17.0440
21.3839	17.0521
21.3839	17.0602
21.3759	17.0602
21.3759	17.0683
21.3759	17.0764
21.3759	17.0845
21.3759	17.0926
21.3678	17.0926
21.3678	17.1007
21.3678	17.1088
21.3678	17.1169
21.3678	17.1250
21.3678	17.1331
21.3678	17.1412
21.3678	17.1493
21.3678	17.1574
21.3678	17.1655
21.3678	17.1736
21.3678	17.1816
21.3678	17.1897
21.3678	17.1978
21.3678	17.2059
21.3678	17.2140
21.3678	17.2221
21.3759	17.2221
21.3759	17.2302
21.3839	17.2302
21.3839	17.2383
21.3839	17.2464
21.3839	17.2545
21.4244	17.2545
21.4244	17.2464
21.4811	17.2464
21.4811	17.2545
21.4811	17.2626
21.4892	17.2626
21.4892	17.2707
21.4973	17.2788
21.4973	17.2869
21.4973	17.2950
21.4973	17.3031
21.4973	17.3112
21.4973	17.3193
21.4973	17.3274
21.4973	17.3355
21.4973	17.3436
21.4973	17.3517
21.4973	17.3598
21.4973	17.3679
21.4973	17.3760
21.4973	17.3841
21.4973	17.3922
21.4973	17.4003
21.4973	17.4084
21.5297	17.4084
21.5297	17.4165
21.5621	17.4165
21.5621	17.4246
21.5945	17.4246
21.5945	17.4327
21.6026	17.4327
21.6026	17.4408
21.6188	17.4408
21.6188	17.4488
21.6269	17.4569
21.6350	17.4569
21.6350	17.4650
21.6430	17.4650
21.6430	17.4731
21.6430	17.4812
21.6511	17.4812
21.6511	17.4893
21.6592	17.4893
21.6592	17.4974
21.6673	17.4974
21.6673	17.5055
21.6754	17.5055
21.6754	17.5136
21.6835	17.5136
21.6835	17.5217
21.6835	17.5298
21.6916	17.5298
21.6997	17.5379
21.6997	17.5460
21.6997	17.5541
21.7078	17.5541
21.7078	17.5622
21.7078	17.5703
21.7159	17.5703
21.7159	17.5784
21.7240	17.5784
21.7240	17.5865
21.7240	17.5946
21.7240	17.6027
21.7321	17.6108
21.7321	17.6189
21.7402	17.6189
21.7402	17.6270
21.7402	17.6351
21.7402	17.6432
21.7402	17.6513
21.7402	17.6594
21.7402	17.6675
21.7402	17.6756
21.7402	17.6837
21.7402	17.6918
21.7402	17.6999
21.7483	17.6999
21.7483	17.7079
21.7483	17.7160
21.7564	17.7160
21.7564	17.7241
21.7564	17.7322
21.7564	17.7403
21.7564	17.7484
21.7483	17.7484
21.7483	17.7565
21.7483	17.7646
21.7402	17.7646
21.7402	17.7727
21.7402	17.7808
21.7402	17.7889
21.7402	17.7970
21.7483	17.7970
21.7483	17.8051
21.7483	17.8132
21.7483	17.8213
21.7564	17.8213
21.7564	17.8294
21.7564	17.8375
21.7645	17.8375
21.7645	17.8456
21.7726	17.8456
21.7726	17.8537
21.7807	17.8537
21.7807	17.8618
21.7888	17.8618
21.7888	17.8699
21.8131	17.8699
21.8131	17.8780
21.8455	17.8780
21.8455	17.8699
21.8455	17.8618
21.8536	17.8618
21.8536	17.8537
21.8536	17.8456
21.8536	17.8375
21.8536	17.8294
21.8536	17.8213
21.8536	17.8132
21.8536	17.8051
21.8536	17.7970
21.8617	17.7970
21.8617	17.7889
21.8698	17.7889
21.8698	17.7808
21.8698	17.7727
21.8779	17.7727
21.8779	17.7646
21.8779	17.7565
21.8941	17.7565
21.8941	17.7646
21.9021	17.7646
21.9021	17.7727
21.9102	17.7808
21.9183	17.7808
21.9183	17.7889
21.9264	17.7889
21.9264	17.7970
21.9345	17.7970
21.9345	17.8051
21.9669	17.8051
21.9669	17.8132
21.9750	17.8213
21.9993	17.8213
21.9993	17.8294
22.0074	17.8294
22.0074	17.8375
22.0398	17.8375
22.0398	17.8456
22.0479	17.8456
22.0560	17.8537
22.0803	17.8537
22.0803	17.8618
22.1127	17.8618
22.1127	17.8699
22.1208	17.8699
22.1289	17.8780
22.1289	17.8861
22.1370	17.8861
22.1370	17.8942
22.1451	17.8942
22.1451	17.9023
22.1451	17.9104
22.1532	17.9104
22.1532	17.9185
22.1693	17.9185
22.1693	17.9266
22.1774	17.9266
22.1774	17.9347
22.1936	17.9347
22.1936	17.9428
22.2017	17.9428
22.2017	17.9509
22.2260	17.9509
22.2260	17.9590
22.2422	17.9590
22.2422	17.9670
22.2503	17.9670
22.2503	17.9751
22.2584	17.9751
22.2584	17.9832
22.2746	17.9832
22.2746	17.9913
22.2746	17.9994
22.2908	17.9994
22.2908	18.0075
22.3232	18.0075
22.3232	17.9994
22.3961	17.9994
22.3961	17.9913
22.4204	17.9913
22.4204	17.9832
22.4365	17.9832
22.4365	17.9751
22.4527	17.9751
22.4527	17.9670
22.4770	17.9670
22.4770	17.9590
22.4851	17.9509
22.5013	17.9509
22.5013	17.9428
22.5094	17.9428
22.5094	17.9347
22.5175	17.9347
22.5175	17.9266
22.5175	17.9185
22.5256	17.9185
22.5256	17.9104
22.5337	17.9104
22.5337	17.9023
22.6956	17.9023
22.7037	17.8942
22.7361	17.8942
22.7361	17.9023
22.7442	17.9023
22.7523	17.9104
22.7604	17.9104
22.7604	17.9185
22.7685	17.9185
22.7766	17.9266
22.7766	17.9347
22.8090	17.9347
22.8090	17.9266
22.8252	17.9266
22.8252	17.9185
22.8414	17.9185
22.8414	17.9104
22.8576	17.9104
22.8576	17.9023
22.9062	17.9023
22.9062	17.8942
22.9143	17.8942
22.9224	17.8861
22.9547	17.8861
22.9547	17.8780
22.9790	17.8780
22.9790	17.8699
23.0438	17.8699
23.0438	17.8618
23.1410	17.8618
23.1410	17.8537
23.1815	17.8537
23.1815	17.8456
23.1977	17.8456
23.1977	17.8375
23.2300	17.8375
23.2300	17.8294
23.2381	17.8294
23.2381	17.8213
23.2624	17.8213
23.2624	17.8132
23.2786	17.8132
23.2786	17.8051
23.3029	17.8051
23.3029	17.7970
23.3272	17.7970
23.3272	17.7889
23.3515	17.7889
23.3515	17.7808
23.3758	17.7808
23.3758	17.7727
23.4244	17.7727
23.4244	17.7646
23.4244	17.7565
23.4406	17.7565
23.4406	17.7484
23.4406	17.7403
23.4487	17.7403
23.4487	17.7322
23.4568	17.7322
23.4568	17.7241
23.4568	17.7160
23.4568	17.7079
23.4730	17.7079
23.4730	17.6999
23.4730	17.6918
23.4810	17.6918
23.4810	17.6837
23.4810	17.6756
23.4891	17.6756
23.4891	17.6675
23.4972	17.6675
23.4972	17.6594
23.5053	17.6594
23.5053	17.6513
23.5053	17.6432
23.5053	17.6351
23.5053	17.6270
23.4972	17.6270
23.4972	17.6189
23.4891	17.6189
23.4891	17.6108
23.4730	17.6108
23.4730	17.6027
23.4568	17.6027
23.4568	17.5946
23.4568	17.5865
23.4568	17.5784
23.4163	17.5784
23.4163	17.5703
23.3920	17.5703
23.3920	17.5622
23.3839	17.5622
23.3839	17.5541
23.3758	17.5541
23.3758	17.5460
23.3758	17.5379
23.3758	17.5298
23.3920	17.5298
23.3920	17.5217
23.3920	17.5136
23.4082	17.5136
23.4082	17.5055
23.4163	17.5055
23.4163	17.4974
23.4244	17.4974
23.4244	17.4893
23.4325	17.4893
23.4325	17.4812
23.4568	17.4812
23.4568	17.4731
23.4568	17.4650
23.4730	17.4650
23.4730	17.4569
23.4810	17.4569
23.4810	17.4488
23.4891	17.4488
23.4891	17.4408
23.4972	17.4408
23.4972	17.4327
23.5053	17.4327
23.5053	17.4246
23.5134	17.4165
23.5215	17.4165
23.5215	17.4084
23.5215	17.4003
23.5377	17.4003
23.5377	17.3922
23.5377	17.3841
23.5458	17.3841
23.5458	17.3760
23.5539	17.3760
23.5539	17.3679
23.5620	17.3598
23.5620	17.3517
23.5701	17.3517
23.5701	17.3436
23.5701	17.3355
23.5782	17.3355
23.5782	17.3274
23.5782	17.3193
23.5863	17.3193
23.5863	17.3112
23.5863	17.3031
23.5944	17.3031
23.5944	17.2950
23.5944	17.2869
23.6025	17.2869
23.6025	17.2788
23.6025	17.2707
23.6106	17.2707
23.6187	17.2626
23.6187	17.2545
23.6349	17.2545
23.6349	17.2464
23.6430	17.2464
23.6430	17.2383
23.6592	17.2383
23.6592	17.2302
23.6592	17.2221
23.6835	17.2221
23.6835	17.2140
23.6916	17.2059
23.6997	17.2059
23.6997	17.1978
23.7159	17.1978
23.7159	17.1897
23.7321	17.1897
23.7321	17.1816
23.7321	17.1736
23.7482	17.1736
23.7482	17.1655
23.7563	17.1655
23.7563	17.1574
23.7644	17.1574
23.7644	17.1493
23.7644	17.1412
23.7725	17.1412
23.7725	17.1331
23.7806	17.1331
23.7806	17.1250
23.7887	17.1250
23.7887	17.1169
23.7887	17.1088
23.7968	17.1088
23.7968	17.1007
23.7968	17.0926
23.8049	17.0926
23.8049	17.0845
23.8130	17.0845
23.8130	17.0764
23.8130	17.0683
23.8211	17.0602
23.8292	17.0602
23.8292	17.0521
23.8292	17.0440
23.8292	17.0359
23.8373	17.0359
23.8373	17.0278
23.8373	17.0197
23.8454	17.0197
23.8454	17.0116
23.8454	17.0035
23.8454	16.9954
23.8454	16.9873
23.8454	16.9792
23.8454	16.9711
23.8454	16.9630
23.8454	16.9549
23.8454	16.9468
23.8454	16.9387
23.8535	16.9387
23.8535	16.9306
23.8616	16.9306
23.8616	16.9225
23.8616	16.9145
23.8616	16.9064
23.8616	16.8983
23.8697	16.8983
23.8697	16.8902
23.8697	16.8821
23.8778	16.8821
23.8778	16.8740
23.8778	16.8659
23.8778	16.8578
23.8778	16.8497
23.8778	16.8416
23.8778	16.8335
23.8778	16.8254
23.8778	16.8173
23.8778	16.8092
23.8778	16.8011
23.8778	16.7930
23.8778	16.7849
23.8778	16.7768
23.8778	16.7687
23.8778	16.7606
23.8778	16.7525
23.8859	16.7525
23.8859	16.7444
23.8859	16.7363
23.8859	16.7282
23.8859	16.7201
23.8859	16.7120
23.8940	16.7120
23.8940	16.7039
23.8940	16.6958
23.8940	16.6877
23.8940	16.6796
23.8940	16.6715
23.9021	16.6715
23.9021	16.6634
23.9021	16.6554
23.9102	16.6554
23.9102	16.6473
23.9102	16.6392
23.9102	16.6311
23.9183	16.6311
23.9183	16.6230
23.9264	16.6230
23.9264	16.6149
23.9264	16.6068
23.9345	16.6068
23.9345	16.5987
23.9426	16.5987
23.9426	16.5906
23.9507	16.5906
23.9507	16.5825
23.9588	16.5744
23.9588	16.5663
23.9669	16.5582
23.9669	16.5501
23.9750	16.5501
23.9750	16.5420
23.9750	16.5339
23.9750	16.5258
23.9750	16.5177
23.9831	16.5177
23.9831	16.5096
23.9912	16.5096
23.9912	16.5015
23.9912	16.4934
23.9912	16.4853
23.9912	16.4772
23.9912	16.4691
23.9912	16.4610
23.9993	16.4610
23.9993	16.4529
23.9993	16.4448
23.9993	16.4367
24.0073	16.4367
24.0073	16.4286
24.0073	16.4205
24.0073	16.4124
24.0073	16.4043
24.0073	16.3962
24.0073	16.3882
24.0073	16.3801
24.0154	16.3801
24.0154	16.3720
24.0154	16.3639
24.0154	16.3558
24.0154	16.3477
24.0154	16.3396
24.0154	16.3315
24.0235	16.3315
24.0235	16.3234
24.0235	16.3153
24.0235	16.3072
24.0235	16.2991
24.0235	16.2910
24.0316	16.2829
24.0397	16.2829
24.0397	16.2748
24.0397	16.2667
24.0397	16.2586
24.0397	16.2505
24.0478	16.2505
24.0478	16.2424
24.0478	16.2343
24.0559	16.2343
24.0559	16.2262
24.0559	16.2181
24.0721	16.2181
24.0721	16.2100
24.0721	16.2019
24.0802	16.2019
24.0802	16.1938
24.0802	16.1857
24.0883	16.1857
24.0883	16.1776
24.0883	16.1695
24.0883	16.1614
24.0883	16.1533
24.0883	16.1452
24.0964	16.1452
24.0964	16.1371
24.1045	16.1371
24.1045	16.1291
24.1045	16.1210
24.1045	16.1129
24.1045	16.1048
24.1045	16.0967
24.1045	16.0886
24.1045	16.0805
24.1126	16.0805
24.1126	16.0724
24.1126	16.0643
24.1126	16.0562
24.1207	16.0562
24.1207	16.0481
24.1207	16.0400
24.1207	16.0319
24.1207	16.0238
24.1207	16.0157
24.1288	16.0157
24.1288	16.0076
24.1288	15.9995
24.1288	15.9914
24.1288	15.9833
24.1369	15.9833
24.1369	15.9752
24.1369	15.9671
24.1369	15.9590
24.1369	15.9509
24.1369	15.9428
24.1450	15.9428
24.1450	15.9347
24.1450	15.9266
24.1531	15.9266
24.1531	15.9185
24.1531	15.9104
24.1531	15.9023
24.1531	15.8942
24.1612	15.8942
24.1612	15.8861
24.1693	15.8861
24.1693	15.8780
24.1693	15.8699
24.1693	15.8619
24.1774	15.8619
24.1774	15.8538
24.1774	15.8457
24.1855	15.8457
24.1855	15.8376
24.1855	15.8295
24.1936	15.8214
24.1936	15.8133
24.1936	15.8052
24.2017	15.8052
24.2017	15.7971
24.2017	15.7890
24.2017	15.7809
24.2017	15.7728
24.2017	15.7647
24.2017	15.7566
24.2017	15.7485
24.2017	15.7404
24.2017	15.7323
24.2017	15.7242
24.2017	15.7161
24.2017	15.7080
24.2017	15.6999
24.2017	15.6918
24.2017	15.6837
24.2017	15.6756
24.2017	15.6675
24.2017	15.6594
24.2017	15.6513
24.2017	15.6432
24.2017	15.6351
24.2017	15.6270
24.2017	15.6189
24.2017	15.6108
24.2017	15.6028
24.2017	15.5947
24.2017	15.5866
24.2017	15.5785
24.2017	15.5704
24.2017	15.5623
24.2017	15.5542
24.2017	15.5461
24.2017	15.5380
24.2017	15.5299
24.2017	15.5218
24.2017	15.5137
24.2017	15.5056
24.2017	15.4975
24.2017	15.4894
24.2017	15.4813
24.2017	15.4732
24.2017	15.4651
24.2017	15.4570
24.2017	15.4489
24.2017	15.4408
24.2098	15.4408
24.2098	15.4327
24.2098	15.4246
24.2098	15.4165
24.2098	15.4084
24.2098	15.4003
24.2098	15.3922
24.2098	15.3841
24.2098	15.3760
24.2098	15.3679
24.2098	15.3598
24.2098	15.3517
24.2098	15.3437
24.2098	15.3356
24.2098	15.3275
24.2098	15.3194
24.2098	15.3113
24.2098	15.3032
24.2098	15.2951
24.2017	15.2951
24.2017	15.2870
24.2017	15.2789
24.2017	15.2708
24.2017	15.2627
24.1936	15.2627
24.1936	15.2546
24.1936	15.2465
24.1936	15.2384
24.1936	15.2303
24.1936	15.2222
24.1936	15.2141
24.1936	15.2060
24.1936	15.1979
24.1936	15.1898
24.1936	15.1817
24.1936	15.1736
24.1936	15.1655
24.1936	15.1574
24.1936	15.1493
24.1936	15.1412
24.1936	15.1331
24.1936	15.1250
24.1936	15.1169
24.1936	15.1088
24.1936	15.1007
24.1936	15.0926
24.1936	15.0845
24.2017	15.0845
24.2017	15.0765
24.2017	15.0684
24.2017	15.0603
24.2017	15.0522
24.2017	15.0441
24.2017	15.0360
24.2098	15.0360
24.2098	15.0279
24.2179	15.0279
24.2179	15.0198
24.2179	15.0117
24.2179	15.0036
24.2179	14.9955
24.2179	14.9874
24.2179	14.9793
24.2179	14.9712
24.2179	14.9631
24.2179	14.9550
24.2260	14.9550
24.2260	14.9469
24.2260	14.9388
24.2260	14.9307
24.2260	14.9226
24.2341	14.9226
24.2341	14.9145
24.2341	14.9064
24.2341	14.8983
24.2341	14.8902
24.2341	14.8821
24.2341	14.8740
24.2422	14.8659
24.2422	14.8578
24.2422	14.8497
24.2503	14.8497
24.2503	14.8416
24.2503	14.8335
24.2503	14.8254
24.2503	14.8174
24.2584	14.8174
24.2584	14.8093
24.2584	14.8012
24.2664	14.8012
24.2664	14.7931
24.2664	14.7850
24.2664	14.7769
24.2664	14.7688
24.2664	14.7607
24.2745	14.7607
24.2745	14.7526
24.2745	14.7445
24.2745	14.7364
24.2826	14.7364
24.2826	14.7283
24.2826	14.7202
24.2826	14.7121
24.2826	14.7040
24.2826	14.6959
24.2826	14.6878
24.2826	14.6797
24.2826	14.6716
24.2826	14.6635
24.2907	14.6635
24.2907	14.6554
24.2907	14.6473
24.2907	14.6392
24.2907	14.6311
24.2907	14.6230
24.2907	14.6149
24.2988	14.6149
24.2988	14.6068
24.2988	14.5987
24.2988	14.5906
24.2988	14.5825
24.3069	14.5825
24.3069	14.5744
24.3069	14.5663
24.3150	14.5663
24.3150	14.5582
24.3150	14.5502
24.3150	14.5421
24.3150	14.5340
24.3231	14.5340
24.3231	14.5259
24.3231	14.5178
24.3312	14.5178
24.3312	14.5097
24.3312	14.5016
24.3312	14.4935
24.3474	14.4935
24.3474	14.4854
24.3474	14.4773
24.3474	14.4692
24.3555	14.4692
24.3555	14.4611
24.3636	14.4611
24.3636	14.4530
24.3717	14.4449
24.3717	14.4368
24.3798	14.4368
24.3798	14.4287
24.3960	14.4287
24.3960	14.4206
24.4041	14.4206
24.4041	14.4125
24.4122	14.4125
24.4122	14.4044
24.4284	14.4044
24.4284	14.3963
24.4284	14.3882
24.4446	14.3882
24.4446	14.3801
24.4446	14.3720
24.4446	14.3639
24.4608	14.3639
24.4608	14.3558
24.4608	14.3477
24.4689	14.3477
24.4689	14.3396
24.4770	14.3396
24.4770	14.3315
24.4851	14.3234
24.4932	14.3234
24.4932	14.3153
24.4932	14.3072
24.5013	14.3072
24.5013	14.2991
24.5094	14.2991
24.5094	14.2911
24.5094	14.2830
24.5094	14.2749
24.5255	14.2749
24.5255	14.2668
24.5255	14.2587
24.5336	14.2587
24.5336	14.2506
24.5417	14.2506
24.5417	14.2425
24.5498	14.2425
24.5498	14.2344
24.5579	14.2344
24.5579	14.2263
24.5741	14.2263
24.5741	14.2182
24.5741	14.2101
24.5903	14.2101
24.5903	14.2020
24.5903	14.1939
24.6065	14.1939
24.6065	14.1858
24.6065	14.1777
24.6146	14.1777
24.6146	14.1696
24.6227	14.1696
24.6227	14.1615
24.6308	14.1615
24.6308	14.1534
24.6389	14.1453
24.6389	14.1372
24.6470	14.1372
24.6470	14.1291
24.6551	14.1291
24.6551	14.1210
24.6551	14.1129
24.6632	14.1129
24.6632	14.1048
24.6632	14.0967
24.6713	14.0967
24.6713	14.0886
24.6713	14.0805
24.6713	14.0724
24.6713	14.0643
24.6794	14.0643
24.6794	14.0562
24.6794	14.0481
24.6875	14.0481
24.6875	14.0400
24.6875	14.0320
24.6875	14.0239
24.6875	14.0158
24.6956	14.0158
24.6956	14.0077
24.7037	14.0077
24.7037	13.9996
24.7037	13.9915
24.7037	13.9834
24.7199	13.9834
24.7199	13.9753
24.7199	13.9672
24.7280	13.9591
24.7280	13.9510
24.7361	13.9510
24.7361	13.9429
24.7361	13.9348
24.7361	13.9267
24.7361	13.9186
24.7442	13.9105
24.7442	13.9024
24.7442	13.8943
24.7523	13.8943
24.7523	13.8862
24.7523	13.8781
24.7523	13.8700
24.7523	13.8619
24.7523	13.8538
24.7523	13.8457
24.7523	13.8376
24.7523	13.8295
24.7523	13.8214
24.7523	13.8133
24.7523	13.8052
24.7523	13.7971
24.7523	13.7890
24.7604	13.7890
24.7604	13.7809
24.7604	13.7728
24.7604	13.7648
24.7604	13.7567
24.7604	13.7486
24.7604	13.7405
24.7685	13.7405
24.7685	13.7324
24.7685	13.7243
24.7685	13.7162
24.7685	13.7081
24.7766	13.7081
24.7766	13.7000
24.7766	13.6919
24.7847	13.6919
24.7847	13.6838
24.7847	13.6757
24.7847	13.6676
24.7927	13.6676
24.7927	13.6595
24.8008	13.6595
24.8008	13.6514
24.8008	13.6433
24.8008	13.6352
24.8008	13.6271
24.8089	13.6271
24.8089	13.6190
24.8089	13.6109
24.8170	13.6109
24.8170	13.6028
24.8170	13.5947
24.8170	13.5866
24.8170	13.5785
24.8170	13.5704
24.8170	13.5623
24.8170	13.5542
24.8170	13.5461
24.8251	13.5461
24.8251	13.5380
24.8251	13.5299
24.8251	13.5218
24.8251	13.5137
24.8251	13.5057
24.8251	13.4976
24.8251	13.4895
24.8251	13.4814
24.8251	13.4733
24.8251	13.4652
24.8251	13.4571
24.8251	13.4490
24.8251	13.4409
24.8251	13.4328
24.8251	13.4247
24.8251	13.4166
24.8251	13.4085
24.8251	13.4004
24.8170	13.4004
24.8170	13.3923
24.8170	13.3842
24.8170	13.3761
24.8170	13.3680
24.8170	13.3599
24.8170	13.3518
24.8170	13.3437
24.8170	13.3356
24.8170	13.3275
24.8089	13.3275
24.8089	13.3194
24.8089	13.3113
24.8089	13.3032
24.8008	13.3032
24.8008	13.2951
24.8008	13.2870
24.8008	13.2789
24.8008	13.2708
24.8008	13.2627
24.8008	13.2546
24.8008	13.2465
24.8008	13.2385
24.8008	13.2304
24.8008	13.2223
24.8008	13.2142
24.8008	13.2061
24.8008	13.1980
24.8089	13.1980
24.8089	13.1899
24.8170	13.1899
24.8170	13.1818
24.8170	13.1737
24.8170	13.1656
24.8170	13.1575
24.8251	13.1494
24.8251	13.1413
24.8332	13.1413
24.8332	13.1332
24.8332	13.1251
24.8332	13.1170
24.8413	13.1170
24.8413	13.1089
24.8413	13.1008
24.8494	13.1008
24.8494	13.0927
24.8494	13.0846
24.8494	13.0765
24.8494	13.0684
24.8575	13.0684
24.8575	13.0603
24.8575	13.0522
24.8575	13.0441
24.8575	13.0360
24.8575	13.0279
24.8575	13.0198
24.8656	13.0198
24.8656	13.0117
24.8656	13.0036
24.8656	12.9955
24.8656	12.9874
24.8656	12.9794
24.8656	12.9713
24.8656	12.9632
24.8656	12.9551
24.8656	12.9470
24.8656	12.9389
24.8656	12.9308
24.8656	12.9227
24.8656	12.9146
24.8656	12.9065
24.8656	12.8984
24.8656	12.8903
24.8656	12.8822
24.8737	12.8822
24.8737	12.8741
24.8737	12.8660
24.8818	12.8660
24.8818	12.8579
24.8818	12.8498
24.8818	12.8417
24.8818	12.8336
24.8818	12.8255
24.8818	12.8174
24.8899	12.8174
24.8899	12.8093
24.8899	12.8012
24.8899	12.7931
24.8899	12.7850
24.8899	12.7769
24.8899	12.7688
24.8899	12.7607
24.8899	12.7526
24.8899	12.7445
24.8899	12.7364
24.8818	12.7364
24.8818	12.7283
24.8818	12.7203
24.8818	12.7122
24.8818	12.7041
24.8818	12.6960
24.8818	12.6879
24.8737	12.6879
24.8737	12.6798
24.8737	12.6717
24.8737	12.6636
24.8656	12.6636
24.8656	12.6555
24.8656	12.6474
24.8656	12.6393
24.8656	12.6312
24.8575	12.6312
24.8575	12.6231
24.8575	12.6150
24.8575	12.6069
24.8494	12.6069
24.8494	12.5988
24.8494	12.5907
24.8413	12.5907
24.8413	12.5826
24.8413	12.5745
24.8413	12.5664
24.8332	12.5664
24.8332	12.5583
24.8332	12.5502
24.8332	12.5421
24.8332	12.5340
24.8332	12.5259
24.8332	12.5178
24.8332	12.5097
24.8332	12.5016
24.8332	12.4935
24.8332	12.4854
24.8332	12.4773
24.8332	12.4692
24.8332	12.4611
24.8251	12.4531
24.8251	12.4450
24.8251	12.4369
24.8251	12.4288
24.8251	12.4207
24.8251	12.4126
24.8251	12.4045
24.8251	12.3964
24.8251	12.3883
24.8251	12.3802
24.8251	12.3721
24.8251	12.3640
24.8251	12.3559
24.8251	12.3478
24.8251	12.3397
24.8251	12.3316
24.8251	12.3235
24.8251	12.3154
24.8332	12.3154
24.8332	12.3073
24.8332	12.2992
24.8413	12.2992
24.8413	12.2911
24.8494	12.2911
24.8494	12.2830
24.8494	12.2749
24.8575	12.2749
24.8575	12.2668
24.8656	12.2668
24.8656	12.2587
24.8656	12.2506
24.8737	12.2506
24.8737	12.2425
24.8818	12.2425
24.8818	12.2344
24.8818	12.2263
24.8818	12.2182
24.8899	12.2182
24.8899	12.2101
24.8980	12.2101
24.8980	12.2020
24.8980	12.1940
24.9061	12.1940
24.9061	12.1859
24.9142	12.1859
24.9142	12.1778
24.9142	12.1697
24.9223	12.1697
24.9223	12.1616
24.9304	12.1616
24.9304	12.1535
24.9304	12.1454
24.9304	12.1373
24.9385	12.1373
24.9385	12.1292
24.9385	12.1211
24.9466	12.1211
24.9466	12.1130
24.9466	12.1049
24.9466	12.0968
24.9466	12.0887
24.9547	12.0887
24.9547	12.0806
24.9547	12.0725
24.9547	12.0644
24.9547	12.0563
24.9547	12.0482
24.9547	12.0401
24.9547	12.0320
24.9547	12.0239
24.9466	12.0239
24.9466	12.0158
24.9466	12.0077
24.9466	11.9996
24.9385	11.9996
24.9385	11.9915
24.9304	11.9915
24.9304	11.9834
24.9304	11.9753
24.9223	11.9753
24.9223	11.9672
24.9142	11.9672
24.9142	11.9591
24.9061	11.9591
24.9061	11.9510
24.9061	11.9429
24.8980	11.9429
24.8980	11.9348
24.8980	11.9268
24.8980	11.9187
24.8899	11.9187
24.8899	11.9106
24.8899	11.9025
24.8899	11.8944
24.8818	11.8944
24.8737	11.8863
24.8656	11.8782
24.8656	11.8701
24.8494	11.8701
24.8494	11.8620
24.8332	11.8620
24.8332	11.8539
24.8332	11.8458
24.8251	11.8458
24.8251	11.8377
24.8170	11.8377
24.8170	11.8296
24.8170	11.8215
24.8089	11.8215
24.8089	11.8134
24.8008	11.8134
24.8008	11.8053
24.8008	11.7972
24.8008	11.7891
24.8008	11.7810
24.7927	11.7810
24.7927	11.7729
24.7847	11.7729
24.7847	11.7648
24.7847	11.7567
24.7766	11.7567
24.7766	11.7486
24.7685	11.7486
24.7685	11.7405
24.7685	11.7324
24.7604	11.7324
24.7604	11.7243
24.7523	11.7243
24.7523	11.7162
24.7442	11.7162
24.7442	11.7081
24.6308	11.7081
24.6308	11.7162
24.5984	11.7162
24.5903	11.7243
24.5822	11.7324
24.5741	11.7324
24.5660	11.7405
24.5579	11.7405
24.5579	11.7486
24.5417	11.7486
24.5417	11.7567
24.5336	11.7567
24.5336	11.7648
24.4932	11.7648
24.4851	11.7729
24.4851	11.7810
24.4608	11.7810
24.4608	11.7891
24.4608	11.7972
24.4446	11.7972
24.4446	11.8053
24.4446	11.8134
24.4284	11.8134
24.4284	11.8215
24.4284	11.8296
24.4284	11.8377
24.4284	11.8458
24.4203	11.8458
24.4203	11.8539
24.4203	11.8620
24.4122	11.8620
24.4122	11.8701
24.4122	11.8782
24.4122	11.8863
24.4122	11.8944
24.4122	11.9025
24.4041	11.9025
24.4041	11.9106
24.3960	11.9106
24.3960	11.9187
24.1531	11.9187
24.1531	11.9106
24.0397	11.9106
24.0397	11.9025
24.0316	11.9025
24.0316	11.8944
24.0073	11.8944
24.0073	11.8863
24.0073	11.8782
24.0073	11.8701
23.9993	11.8701
23.9993	11.8620
23.9912	11.8620
23.9912	11.8539
23.9912	11.8458
23.9912	11.8377
23.9912	11.8296
23.9912	11.8215
23.9912	11.8134
23.9831	11.8134
23.9831	11.8053
23.9831	11.7972
23.9831	11.7891
23.9831	11.7810
23.9750	11.7810
23.9750	11.7729
23.9750	11.7648
23.9750	11.7567
23.9669	11.7567
23.9669	11.7486
23.9588	11.7405
23.9588	11.7324
23.9588	11.7243
23.9507	11.7243
23.9507	11.7162
23.9426	11.7162
23.9426	11.7081
23.9426	11.7000
23.9426	11.6919
23.9426	11.6838
23.9426	11.6757
23.9426	11.6677
23.9264	11.6677
23.9264	11.6596
23.9264	11.6515
23.9264	11.6434
23.9264	11.6353
23.9183	11.6353
23.9183	11.6272
23.9102	11.6272
23.9102	11.6191
23.8940	11.6191
23.8940	11.6110
23.8940	11.6029
23.8778	11.6029
23.8778	11.5948
23.8778	11.5867
23.8697	11.5867
23.8616	11.5786
23.8616	11.5705
23.8535	11.5705
23.8535	11.5624
23.8454	11.5624
23.8454	11.5543
23.8373	11.5543
23.8373	11.5462
23.8373	11.5381
23.7887	11.5381
23.7887	11.5300
23.7563	11.5300
23.7563	11.5219
