22.2610	9.1767
22.2610	9.1848
22.2207	9.1848
22.2207	9.1928
22.1724	9.1928
22.1724	9.2009
22.1643	9.2009
22.1643	9.2090
22.1321	9.2090
22.1321	9.2170
22.1160	9.2170
22.1160	9.2251
22.0918	9.2251
22.0918	9.2331
22.0757	9.2331
22.0677	9.2412
22.0435	9.2412
22.0435	9.2492
22.0354	9.2492
22.0354	9.2573
22.0032	9.2573
22.0032	9.2654
21.9871	9.2654
21.9871	9.2734
21.9629	9.2734
21.9629	9.2815
21.9468	9.2815
21.9468	9.2895
21.9307	9.2895
21.9307	9.2976
21.9226	9.2976
21.9226	9.3056
21.8985	9.3056
21.8985	9.3137
21.8904	9.3217
21.8743	9.3217
21.8743	9.3298
21.8662	9.3298
21.8662	9.3379
21.8582	9.3379
21.8582	9.3459
21.8501	9.3459
21.8421	9.3540
21.8421	9.3620
21.8259	9.3620
21.8259	9.3701
21.8098	9.3701
21.8098	9.3781
21.8098	9.3862
21.7937	9.3862
21.7937	9.3943
21.7857	9.3943
21.7857	9.4023
21.7776	9.4023
21.7776	9.4104
21.7695	9.4104
21.7615	9.4184
21.7534	9.4184
21.7454	9.4265
21.7454	9.4345
21.7293	9.4345
21.7293	9.4426
21.7293	9.4507
21.7131	9.4507
21.7131	9.4587
21.7051	9.4587
21.7051	9.4668
21.6970	9.4668
21.6970	9.4748
21.6890	9.4748
21.6890	9.4829
21.6729	9.4829
21.6729	9.4909
21.6648	9.4909
21.6648	9.4990
21.6568	9.4990
21.6568	9.5071
21.6487	9.5071
21.6487	9.5151
21.6406	9.5151
21.6326	9.5232
21.6326	9.5312
21.6245	9.5312
21.6165	9.5393
21.6165	9.5473
21.6004	9.5473
21.6004	9.5554
21.6004	9.5635
21.5923	9.5635
21.5923	9.5715
21.5842	9.5715
21.5842	9.5796
21.5762	9.5796
21.5762	9.5876
21.5681	9.5876
21.5681	9.5957
21.5601	9.5957
21.5601	9.6037
21.5520	9.6037
21.5520	9.6118
21.5520	9.6199
21.5440	9.6199
21.5440	9.6279
21.5359	9.6279
21.5359	9.6360
21.5278	9.6360
21.5278	9.6440
21.5198	9.6440
21.5198	9.6521
21.5198	9.6601
21.5117	9.6601
21.5117	9.6682
21.5037	9.6682
21.5037	9.6762
21.4956	9.6843
21.4876	9.6843
21.4876	9.6924
21.4795	9.7004
21.4714	9.7085
21.4714	9.7165
21.4634	9.7165
21.4634	9.7246
21.4553	9.7246
21.4553	9.7326
21.4553	9.7407
21.4392	9.7407
21.4392	9.7488
21.4312	9.7568
21.4231	9.7568
21.4231	9.7649
21.4231	9.7729
21.4150	9.7729
21.4070	9.7810
21.4070	9.7890
21.3989	9.7971
21.3909	9.8052
21.3909	9.8132
21.3909	9.8213
21.3748	9.8213
21.3748	9.8293
21.3748	9.8374
21.3667	9.8374
21.3667	9.8454
21.3586	9.8535
21.3506	9.8535
21.3506	9.8616
21.3425	9.8616
21.3425	9.8696
21.3345	9.8696
21.3345	9.8777
21.3264	9.8777
21.3264	9.8857
21.3184	9.8857
21.3184	9.8938
21.3103	9.8938
21.3103	9.9018
21.3023	9.9018
21.2942	9.9099
21.2942	9.9180
21.2781	9.9180
21.2844	9.9260
21.2781	9.9260
21.2700	9.9180
21.2620	9.9180
21.2620	9.9099
21.2297	9.9099
21.2297	9.9018
21.2297	9.8938
21.1814	9.8938
21.1814	9.8857
21.1411	9.8857
21.1411	9.8777
21.0283	9.8777
21.0283	9.8857
21.0203	9.8857
21.0203	9.8938
20.9880	9.8938
20.9800	9.9018
20.9639	9.9018
20.9639	9.9099
20.9397	9.9099
20.9397	9.9180
20.9397	9.9260
20.9155	9.9260
20.9155	9.9341
20.9075	9.9341
20.9075	9.9421
20.8833	9.9421
20.8752	9.9502
20.8752	9.9582
20.8591	9.9582
20.8511	9.9663
20.8430	9.9663
20.8430	9.9744
20.8269	9.9744
20.8269	9.9824
20.8188	9.9905
20.8108	9.9905
20.8027	9.9985
20.7947	9.9985
20.7947	10.0066
20.7786	10.0066
20.7786	10.0146
20.7705	10.0146
20.7705	10.0227
20.7624	10.0227
20.7624	10.0308
20.7624	10.0388
20.7463	10.0388
20.7463	10.0469
20.7463	10.0549
20.7383	10.0549
20.7383	10.0630
20.7383	10.0710
20.7302	10.0710
20.7302	10.0791
20.7222	10.0791
20.7222	10.0871
20.7141	10.0871
20.7141	10.0952
20.7141	10.1033
20.7060	10.1033
20.7060	10.1113
20.7060	10.1194
20.6980	10.1194
20.6980	10.1274
20.6980	10.1355
20.6980	10.1435
20.6980	10.1516
20.6899	10.1516
20.6899	10.1597
20.6819	10.1597
20.6819	10.1677
20.6819	10.1758
20.6819	10.1838
20.6819	10.1919
20.6738	10.1919
20.6738	10.1999
20.6738	10.2080
20.6738	10.2161
20.6658	10.2241
20.6658	10.2322
20.6658	10.2402
20.6658	10.2483
20.6658	10.2563
20.6577	10.2563
20.6577	10.2644
20.6577	10.2725
20.6577	10.2805
20.6496	10.2805
20.6496	10.2886
20.6496	10.2966
20.6496	10.3047
20.6496	10.3127
20.6496	10.3208
20.6496	10.3289
20.6496	10.3450
20.6416	10.3450
20.6416	10.3530
20.6416	10.3611
20.6335	10.3611
20.6335	10.3691
20.6335	10.3772
20.6335	10.3853
20.6335	10.3933
20.6335	10.4014
20.6335	10.4094
20.6255	10.4094
20.6255	10.4175
20.6255	10.4255
20.6255	10.4336
20.6255	10.4416
20.6255	10.4497
20.6174	10.4497
20.6174	10.4578
20.6174	10.4658
20.6174	10.4739
20.6174	10.4819
20.6094	10.4819
20.6094	10.4900
20.6094	10.4980
20.6013	10.4980
20.6013	10.5061
20.6013	10.5142
20.6013	10.5222
20.5933	10.5222
20.5933	10.5303
20.5852	10.5383
20.5852	10.5544
20.5771	10.5625
20.5691	10.5625
20.5691	10.5706
20.5691	10.5786
20.5691	10.5867
20.5610	10.5867
20.5530	10.5947
20.5530	10.6028
20.5449	10.6108
20.5449	10.6189
20.5369	10.6189
20.5369	10.6270
20.5288	10.6270
20.5288	10.6350
20.5207	10.6350
20.5207	10.6431
20.5127	10.6511
20.4805	10.6511
20.4805	10.6592
20.4724	10.6592
20.4724	10.6672
20.4402	10.6672
20.4402	10.6753
20.4241	10.6753
20.4241	10.6834
20.4079	10.6834
20.4079	10.6914
20.3918	10.6914
20.3918	10.6995
20.3757	10.6995
20.3757	10.7075
20.3677	10.7075
20.3677	10.7156
20.3515	10.7156
20.3515	10.7236
20.3435	10.7236
20.3435	10.7317
20.3354	10.7398
20.3274	10.7398
20.3274	10.7478
20.3193	10.7478
20.3193	10.7559
20.3113	10.7559
20.3113	10.7639
20.3032	10.7639
20.2951	10.7720
20.2951	10.7800
20.2871	10.7881
20.2790	10.7881
20.2790	10.7961
20.2790	10.8042
20.2710	10.8042
20.2629	10.8123
20.2549	10.8203
20.2468	10.8284
20.2388	10.8364
20.2388	10.8445
20.2307	10.8445
20.2307	10.8525
20.2226	10.8606
20.2146	10.8606
20.2146	10.8687
20.2065	10.8767
20.1985	10.8767
20.1985	10.8848
20.1985	10.8928
20.1824	10.8928
20.1824	10.9009
20.1824	10.9089
20.1743	10.9089
20.1743	10.9170
20.1662	10.9170
20.1662	10.9251
20.1582	10.9331
20.1501	10.9331
20.1501	10.9412
20.1421	10.9492
20.1421	10.9573
20.1340	10.9573
20.1340	10.9653
20.1260	10.9653
20.1260	10.9734
20.1179	10.9734
20.1179	10.9815
20.1179	10.9895
20.1018	10.9895
20.1018	10.9976
20.1018	11.0056
20.0857	11.0056
20.0857	11.0137
20.0857	11.0217
20.0696	11.0217
20.0696	11.0298
20.0696	11.0379
20.0534	11.0379
20.0534	11.0459
20.0534	11.0540
20.0373	11.0540
20.0373	11.0620
20.0373	11.0701
20.0212	11.0701
20.0132	11.0781
20.0132	11.0862
20.0051	11.0862
20.0051	11.0943
19.9970	11.1023
19.9890	11.1023
19.9890	11.1104
19.9890	11.1184
19.9809	11.1184
19.9809	11.1265
19.9809	11.1345
19.9809	11.1426
19.9809	11.1506
19.9809	11.1587
19.9809	11.1668
19.9809	11.1748
19.9809	11.1829
19.9809	11.1909
19.9890	11.1990
19.9890	11.2070
19.9890	11.2151
19.9890	11.2232
19.9890	11.2312
19.9890	11.2393
19.9890	11.2473
19.9890	11.2554
19.9890	11.2634
19.9970	11.2634
19.9970	11.2715
19.9970	11.2796
19.9970	11.2876
19.9970	11.2957
19.9970	11.3037
19.9970	11.3118
19.9970	11.3198
19.9970	11.3279
19.9970	11.3319
20.0011	11.3319
20.0011	11.3360
20.0011	11.3400
20.0011	11.3440
20.0051	11.3440
20.0051	11.3480
20.0051	11.3521
20.0091	11.3521
20.0091	11.3561
20.0091	11.3601
20.0091	11.3642
20.0091	11.3682
20.0132	11.3682
20.0132	11.3722
20.0132	11.3762
20.0132	11.3803
20.0132	11.3843
20.0132	11.3883
20.0132	11.3924
20.0132	11.3964
20.0132	11.4004
20.0091	11.4004
20.0091	11.4044
20.0091	11.4085
20.0091	11.4125
20.0051	11.4125
20.0051	11.4165
20.0011	11.4165
20.0011	11.4206
19.9970	11.4206
19.9970	11.4246
19.9970	11.4286
19.9930	11.4286
19.9930	11.4326
19.9890	11.4367
19.9890	11.4407
19.9850	11.4407
19.9850	11.4447
19.9809	11.4447
19.9809	11.4488
19.9769	11.4488
19.9769	11.4528
19.9729	11.4528
19.9729	11.4568
19.9688	11.4568
19.9688	11.4608
19.9648	11.4608
19.9648	11.4649
19.9568	11.4649
19.9568	11.4689
19.9527	11.4689
19.9487	11.4729
19.9487	11.4770
19.9447	11.4770
19.9447	11.4810
19.9406	11.4810
19.9366	11.4850
19.9286	11.4850
19.9286	11.4890
19.9286	11.4931
19.9205	11.4931
19.9205	11.4971
19.9165	11.4971
19.9124	11.5011
19.9084	11.5011
19.9084	11.5051
19.9044	11.5092
19.9004	11.5092
19.8963	11.5132
19.8923	11.5132
19.8923	11.5172
19.8883	11.5172
19.8883	11.5213
19.8842	11.5213
19.8802	11.5253
19.8762	11.5253
19.8762	11.5293
19.8681	11.5293
19.8681	11.5333
19.8601	11.5333
19.8601	11.5374
19.8561	11.5374
19.8561	11.5414
19.8520	11.5414
19.8480	11.5454
19.8440	11.5454
19.8440	11.5495
19.8359	11.5495
19.8319	11.5535
19.8319	11.5575
19.8238	11.5575
19.8238	11.5615
19.8158	11.5615
19.8158	11.5656
19.8077	11.5656
19.8077	11.5696
19.8077	11.5736
19.7997	11.5736
19.7997	11.5777
19.7916	11.5777
19.7916	11.5817
19.7876	11.5817
19.7876	11.5857
19.7795	11.5857
19.7755	11.5897
19.7755	11.5938
19.7715	11.5938
19.7674	11.5978
19.7594	11.5978
19.7594	11.6018
19.7513	11.6018
19.7473	11.6059
19.7473	11.6099
19.7433	11.6099
19.7433	11.6139
19.7352	11.6139
19.7312	11.6179
19.7271	11.6179
19.7271	11.6220
19.7231	11.6260
19.7191	11.6260
19.7191	11.6300
19.7151	11.6300
19.7151	11.6341
19.7070	11.6341
19.7070	11.6381
19.7070	11.6421
19.6989	11.6421
19.6949	11.6461
19.6909	11.6461
19.6909	11.6502
19.6869	11.6502
19.6828	11.6542
19.6788	11.6542
19.6788	11.6582
19.6788	11.6623
19.6707	11.6623
19.6707	11.6663
19.6707	11.6703
19.6667	11.6703
19.6667	11.6743
19.6627	11.6784
19.6627	11.6824
19.6587	11.6824
19.6587	11.6864
19.6587	11.6905
19.6546	11.6905
19.6546	11.6945
19.6506	11.6945
19.6506	11.6985
19.6506	11.7025
19.6506	11.7066
19.6466	11.7066
19.6466	11.7106
19.6425	11.7106
19.6425	11.7146
19.6385	11.7146
19.6385	11.7187
19.6385	11.7227
19.6345	11.7227
19.6345	11.7267
19.6345	11.7307
19.6305	11.7307
19.6305	11.7348
19.6305	11.7388
19.6305	11.7428
19.6264	11.7428
19.6224	11.7469
19.6224	11.7509
19.6224	11.7549
19.6184	11.7589
19.6184	11.7630
19.6143	11.7630
19.6143	11.7670
19.6143	11.7710
19.6103	11.7710
19.6103	11.7751
19.6063	11.7751
19.6063	11.7791
19.6063	11.7831
19.6023	11.7871
19.6023	11.7912
19.5982	11.7952
19.5982	11.7992
19.5942	11.8033
19.5902	11.8073
19.5902	11.8113
19.5902	11.8153
19.5861	11.8153
19.5861	11.8274
19.5821	11.8274
19.5781	11.8315
19.5781	11.8355
19.5700	11.8435
19.5700	11.8516
19.5700	11.8596
19.5700	11.8677
19.5700	11.8758
19.5700	11.8838
19.5620	11.8838
19.5620	11.8919
19.5620	11.8999
19.5620	11.9080
19.5620	11.9160
19.5620	11.9241
19.5539	11.9241
19.5539	11.9322
19.5539	11.9402
19.5539	11.9483
19.5539	11.9563
19.5539	11.9644
19.5539	11.9724
19.5539	11.9805
19.5539	11.9886
19.5539	11.9966
19.5539	12.0047
19.5539	12.0127
19.5539	12.0208
19.5539	12.0288
19.5539	12.0369
19.5539	12.0450
19.5459	12.0530
19.5459	12.0611
19.5459	12.0691
19.5459	12.0772
19.5459	12.0852
19.5378	12.0852
19.5378	12.0933
19.5378	12.1014
19.5378	12.1094
19.5378	12.1175
19.5378	12.1255
19.5378	12.1336
19.5297	12.1336
19.5297	12.1416
19.5297	12.1497
19.5297	12.1578
19.5297	12.1658
19.5297	12.1739
19.5297	12.1819
19.5297	12.1900
19.5297	12.1980
19.5297	12.2061
19.5297	12.2142
19.5297	12.2222
19.5297	12.2303
19.5378	12.2303
19.5378	12.2383
19.5378	12.2464
19.5378	12.2544
19.5378	12.2625
19.5378	12.2705
19.5378	12.2786
19.5378	12.2867
19.5378	12.2947
19.5459	12.2947
19.5459	12.3028
19.5459	12.3108
19.5539	12.3108
19.5539	12.3189
19.5539	12.3269
19.5620	12.3350
19.5620	12.3431
19.5700	12.3431
19.5700	12.3511
19.5700	12.3592
19.5861	12.3592
19.5861	12.3672
19.5861	12.3753
19.6023	12.3753
19.6023	12.3833
19.6023	12.3914
19.6184	12.3914
19.6184	12.3995
19.6184	12.4075
19.6345	12.4075
19.6345	12.4156
19.6345	12.4236
19.6506	12.4236
19.6506	12.4317
19.6587	12.4317
19.6587	12.4397
19.6667	12.4397
19.6667	12.4478
19.6667	12.4559
19.6828	12.4559
19.6828	12.4639
19.6828	12.4720
19.6989	12.4720
19.6989	12.4800
19.7070	12.4881
19.7151	12.4881
19.7151	12.4961
19.7231	12.4961
19.7231	12.5042
19.7312	12.5042
19.7312	12.5123
19.7312	12.5203
19.7473	12.5203
19.7473	12.5284
19.7473	12.5364
19.7634	12.5364
19.7634	12.5445
19.7715	12.5525
19.7795	12.5525
19.7876	12.5606
19.7956	12.5687
19.8037	12.5767
19.8117	12.5767
19.8117	12.5848
19.8198	12.5848
19.8198	12.6009
19.8359	12.6009
19.8359	12.6089
19.8440	12.6089
19.8440	12.6170
19.8520	12.6170
19.8601	12.6250
19.8601	12.6331
19.8681	12.6331
19.8681	12.6412
19.8762	12.6412
19.8762	12.6492
19.8923	12.6492
19.8923	12.6573
19.8923	12.6653
19.9084	12.6653
19.9084	12.6734
19.9165	12.6814
19.9245	12.6814
19.9326	12.6895
19.9326	12.6976
19.9406	12.6976
19.9487	12.7056
19.9568	12.7056
19.9568	12.7137
19.9729	12.7137
19.9729	12.7217
19.9729	12.7298
19.9970	12.7298
19.9970	12.7378
20.0051	12.7459
20.0132	12.7459
20.0212	12.7540
20.0212	12.7620
20.0373	12.7620
20.0454	12.7701
20.0454	12.7781
20.0534	12.7781
20.0615	12.7862
20.0696	12.7862
20.0696	12.7942
20.0776	12.7942
20.0776	12.8023
20.0857	12.8023
20.0857	12.8104
20.0937	12.8184
20.1018	12.8184
20.1018	12.8265
20.1098	12.8265
20.1179	12.8345
20.1179	12.8426
20.1260	12.8426
20.1260	12.8506
20.1340	12.8506
20.1340	12.8587
20.1421	12.8587
20.1421	12.8668
20.1501	12.8668
20.1501	12.8748
20.1582	12.8829
20.1662	12.8829
20.1662	12.8909
20.1824	12.8909
20.1824	12.8990
20.1824	12.9070
20.1985	12.9070
20.1985	12.9151
20.2146	12.9151
20.2146	12.9232
20.2307	12.9232
20.2388	12.9312
20.2388	12.9393
20.2629	12.9393
20.2710	12.9473
20.2790	12.9473
20.2790	12.9554
20.3113	12.9554
20.3113	12.9634
20.3354	12.9634
20.3354	12.9715
20.3596	12.9715
20.3677	12.9795
20.3757	12.9795
20.3838	12.9876
20.3918	12.9876
20.3999	12.9957
20.4079	12.9957
20.4079	13.0037
20.4563	13.0037
20.4563	13.0118
20.4563	13.0198
20.4805	13.0198
20.4885	13.0279
20.5046	13.0279
20.5046	13.0359
20.5207	13.0359
20.5207	13.0440
20.5288	13.0440
20.5288	13.0521
20.5449	13.0521
20.5530	13.0601
20.5610	13.0682
20.5852	13.0682
20.5852	13.0762
20.5852	13.0843
20.6174	13.0843
20.6174	13.0923
20.6335	13.0923
20.6416	13.1004
20.6496	13.1004
20.6577	13.1085
20.6658	13.1085
20.6738	13.1165
20.6899	13.1165
20.6980	13.1326
20.7302	13.1326
20.7302	13.1407
20.7383	13.1487
20.7624	13.1487
20.7624	13.1568
20.7866	13.1568
20.7947	13.1649
20.8188	13.1649
20.8269	13.1729
20.8350	13.1729
20.8350	13.1810
20.8591	13.1810
20.8591	13.1890
20.8672	13.1971
20.8914	13.1971
20.8914	13.2051
20.9075	13.2051
20.9075	13.2132
20.9155	13.2132
20.9155	13.2213
20.9236	13.2213
20.9236	13.2293
20.9316	13.2374
20.9397	13.2374
20.9397	13.2454
20.9558	13.2454
20.9558	13.2535
20.9639	13.2615
20.9719	13.2615
20.9719	13.2696
20.9800	13.2777
20.9880	13.2777
20.9961	13.2857
20.9961	13.2938
21.0122	13.2938
21.0203	13.3018
21.0203	13.3099
21.0364	13.3099
21.0364	13.3179
21.0364	13.3260
21.0525	13.3260
21.0525	13.3340
21.0605	13.3340
21.0605	13.3421
21.0686	13.3421
21.0686	13.3502
21.0767	13.3502
21.0847	13.3582
21.0928	13.3582
21.1008	13.3663
21.1008	13.3743
21.1089	13.3743
21.1089	13.3824
21.1169	13.3824
21.1169	13.3904
21.1250	13.3904
21.1331	13.3985
21.1331	13.4066
21.1411	13.4066
21.1492	13.4146
21.1492	13.4227
21.1653	13.4227
21.1653	13.4307
21.1653	13.4388
21.1733	13.4388
21.1733	13.4468
21.1814	13.4468
21.1814	13.4549
21.1895	13.4549
21.1895	13.4630
21.1895	13.4710
21.1975	13.4710
21.1975	13.4791
21.1975	13.4871
21.2136	13.4871
21.2136	13.4952
21.2136	13.5032
21.2136	13.5113
21.2217	13.5113
21.2217	13.5194
21.2297	13.5194
21.2297	13.5274
21.2297	13.5355
21.2378	13.5355
21.2378	13.5435
21.2459	13.5516
21.2539	13.5596
21.2539	13.5677
21.2620	13.5677
21.2620	13.5758
21.2700	13.5838
21.2781	13.5919
21.2781	13.5999
21.2861	13.5999
21.2861	13.6080
21.2942	13.6160
21.2942	13.6241
21.3023	13.6322
21.3023	13.6402
21.3103	13.6402
21.3103	13.6483
21.3184	13.6483
21.3184	13.6563
21.3184	13.6644
21.3264	13.6644
21.3264	13.6724
21.3345	13.6805
21.3425	13.6805
21.3425	13.6885
21.3506	13.6885
21.3506	13.6966
21.3586	13.6966
21.3667	13.7047
21.3667	13.7127
21.3748	13.7127
21.3909	13.7208
21.3909	13.7288
21.3989	13.7369
21.4030	13.7530
21.3748	13.7530
21.3586	13.7611
21.3506	13.7691
21.3425	13.7691
21.3264	13.7772
21.3184	13.7772
21.3103	13.7852
21.2942	13.7852
21.2861	13.7933
21.2781	13.7933
21.2781	13.8013
21.2459	13.8013
21.2459	13.8094
21.2378	13.8175
21.2136	13.8175
21.2136	13.8255
21.2056	13.8255
21.1975	13.8336
21.1814	13.8336
21.1814	13.8416
21.1653	13.8416
21.1572	13.8497
21.1331	13.8497
21.1331	13.8577
21.1331	13.8658
21.1169	13.8658
21.1169	13.8739
21.1008	13.8739
21.1008	13.8819
21.0928	13.8819
21.0928	13.8900
21.0847	13.8900
21.0847	13.8980
21.0686	13.8980
21.0686	13.9061
21.0605	13.9141
21.0525	13.9141
21.0444	13.9303
21.0364	13.9303
21.0283	13.9383
21.0203	13.9464
21.0122	13.9544
21.0122	13.9625
21.0041	13.9625
21.0041	13.9705
20.9961	13.9705
20.9961	13.9786
20.9880	13.9786
20.9880	13.9867
20.9880	13.9947
20.9800	13.9947
20.9719	14.0028
20.9719	14.0108
20.9719	14.0189
20.9719	14.0269
20.9639	14.0269
20.9558	14.0350
20.9558	14.0431
20.9478	14.0511
20.9478	14.0592
20.9397	14.0672
20.9397	14.0753
20.9397	14.0833
20.9316	14.0914
20.9236	14.0914
20.9236	14.0994
20.9236	14.1075
20.9236	14.1156
20.9236	14.1236
20.9155	14.1236
20.9155	14.1317
20.9155	14.1397
20.9075	14.1397
20.9075	14.1478
20.9075	14.1558
20.8994	14.1639
20.8994	14.1720
20.8994	14.1800
20.8914	14.1881
20.8914	14.1961
20.8914	14.2042
20.8914	14.2122
20.8914	14.2203
20.8833	14.2203
20.8833	14.2284
20.8833	14.2364
20.8752	14.2364
20.8752	14.2445
20.8752	14.2525
20.8752	14.2606
20.8752	14.2686
20.8752	14.2767
20.8752	14.2848
20.8752	14.2928
20.8752	14.3009
20.8672	14.3009
20.8672	14.3089
20.8672	14.3170
20.8591	14.3170
20.8591	14.3250
20.8591	14.3331
20.8591	14.3412
20.8591	14.3492
20.8591	14.3573
20.8591	14.3653
20.8591	14.3734
20.8591	14.3814
20.8591	14.3895
20.8591	14.3976
20.8591	14.4056
20.8591	14.4137
20.8591	14.4217
20.8591	14.4298
20.8591	14.4378
20.8591	14.4459
20.8591	14.4539
20.8591	14.4620
20.8591	14.4701
20.8591	14.4781
20.8591	14.4862
20.8672	14.4862
20.8672	14.4942
20.8752	14.5023
20.8752	14.5103
20.8752	14.5184
20.8833	14.5184
20.8833	14.5265
20.8914	14.5265
20.8914	14.5345
20.8914	14.5426
20.9075	14.5426
20.9075	14.5506
20.9075	14.5587
20.9236	14.5587
20.9236	14.5748
20.9397	14.5748
20.9397	14.5829
20.9478	14.5829
20.9478	14.5909
20.9558	14.5909
20.9639	14.5990
20.9719	14.5990
20.9719	14.6070
20.9800	14.6070
20.9800	14.6151
20.9880	14.6151
20.9880	14.6231
21.0122	14.6231
21.0122	14.6393
21.0364	14.6393
21.0364	14.6473
21.0444	14.6554
21.0525	14.6554
21.0525	14.6634
21.0605	14.6634
21.0686	14.6715
21.0767	14.6715
21.0767	14.6795
21.0847	14.6795
21.0847	14.6876
21.1008	14.6876
21.1089	14.6957
21.1089	14.7037
21.1331	14.7037
21.1331	14.7118
21.1411	14.7118
21.1492	14.7198
21.1572	14.7198
21.1572	14.7279
21.1653	14.7279
21.1653	14.7359
21.1814	14.7359
21.1895	14.7440
21.1895	14.7521
21.1975	14.7521
21.2056	14.7601
21.2136	14.7601
21.2136	14.7682
21.2217	14.7682
21.2217	14.7762
21.2297	14.7762
21.2297	14.7843
21.2459	14.7843
21.2459	14.7923
21.2539	14.8004
21.2620	14.8004
21.2620	14.8084
21.2620	14.8165
21.2781	14.8165
21.2781	14.8246
21.2861	14.8326
21.2942	14.8326
21.2942	14.8407
21.3023	14.8407
21.3023	14.8487
21.3103	14.8487
21.3103	14.8568
21.3184	14.8648
21.3264	14.8648
21.3264	14.8729
21.3264	14.8810
21.3345	14.8810
21.3345	14.8890
21.3425	14.8890
21.3425	14.8971
21.3506	14.8971
21.3506	14.9051
21.3586	14.9051
21.3586	14.9132
21.3667	14.9132
21.3748	14.9212
21.3748	14.9293
21.3909	14.9293
21.3909	14.9374
21.3909	14.9454
21.3989	14.9454
21.3989	14.9535
21.4070	14.9615
21.4070	14.9696
21.4150	14.9696
21.4231	14.9776
21.4312	14.9776
21.4312	14.9938
21.4392	14.9938
21.4553	15.0018
21.4553	15.0099
21.4634	15.0179
21.4714	15.0179
21.4714	15.0260
21.4795	15.0340
21.4876	15.0340
21.4876	15.0421
21.4956	15.0421
21.5037	15.0502
21.5037	15.0582
21.5198	15.0582
21.5198	15.0663
21.5278	15.0663
21.5278	15.0743
21.5440	15.0743
21.5440	15.0824
21.5520	15.0824
21.5520	15.0904
21.5681	15.0904
21.5681	15.0985
21.5681	15.1066
21.5842	15.1066
21.5842	15.1146
21.5923	15.1146
21.5923	15.1227
21.6004	15.1227
21.6004	15.1307
21.6084	15.1307
21.6084	15.1388
21.6165	15.1388
21.6165	15.1468
21.6245	15.1549
21.6326	15.1549
21.6406	15.1629
21.6406	15.1710
21.6487	15.1710
21.6568	15.1791
21.6648	15.1791
21.6648	15.1871
21.6729	15.1952
21.6809	15.1952
21.6809	15.2032
21.6809	15.2113
21.6890	15.2113
21.6890	15.2193
21.6970	15.2193
21.7051	15.2274
21.7051	15.2355
21.7131	15.2355
21.7131	15.2435
21.7212	15.2435
21.7293	15.2516
21.7293	15.2596
21.7373	15.2677
21.7454	15.2677
21.7534	15.2757
21.7615	15.2757
21.7615	15.2838
21.7695	15.2838
21.7776	15.2919
21.7857	15.2919
21.7937	15.2999
21.7937	15.3080
21.8098	15.3080
21.8098	15.3160
21.8179	15.3160
21.8179	15.3241
21.8259	15.3241
21.8259	15.3321
21.8340	15.3321
21.8421	15.3402
21.8421	15.3483
21.8501	15.3483
21.8582	15.3563
21.8582	15.3644
21.8582	15.3724
21.8582	15.3805
21.8582	15.3885
21.8582	15.3966
21.8582	15.4047
21.8582	15.4127
21.8501	15.4127
21.8501	15.4208
21.8501	15.4288
21.8421	15.4288
21.8421	15.4369
21.8421	15.4449
21.8421	15.4530
21.8421	15.4611
21.8340	15.4611
21.8340	15.4691
21.8259	15.4691
21.8259	15.4772
21.8259	15.4852
21.8259	15.4933
21.8179	15.4933
21.8098	15.5013
21.8098	15.5094
21.8098	15.5174
21.8018	15.5174
21.8018	15.5255
21.7937	15.5255
21.7937	15.5336
21.7937	15.5416
21.7857	15.5416
21.7857	15.5497
21.7857	15.5577
21.7776	15.5577
21.7776	15.5658
21.7695	15.5658
21.7695	15.5738
21.7615	15.5738
21.7615	15.5819
21.7615	15.5900
21.7534	15.5900
21.7534	15.5980
21.7454	15.5980
21.7454	15.6061
21.7454	15.6141
21.7373	15.6141
21.7373	15.6222
21.7293	15.6222
21.7293	15.6302
21.7212	15.6302
21.7212	15.6383
21.7131	15.6383
21.7131	15.6464
21.7051	15.6464
21.7051	15.6544
21.6970	15.6544
21.6970	15.6625
21.6970	15.6705
21.6809	15.6705
21.6809	15.6786
21.6809	15.6866
21.6729	15.6866
21.6729	15.6947
21.6729	15.7028
21.6648	15.7028
21.6648	15.7108
21.6648	15.7189
21.6568	15.7189
21.6568	15.7269
21.6487	15.7269
21.6487	15.7350
21.6487	15.7430
21.6487	15.7511
21.6406	15.7511
21.6406	15.7592
21.6326	15.7672
21.6326	15.7753
21.6326	15.7833
21.6326	15.7914
21.6326	15.7994
21.6326	15.8075
21.6326	15.8156
21.6326	15.8236
21.6326	15.8317
21.6326	15.8397
21.6326	15.8478
21.6326	15.8558
21.6326	15.8639
21.6406	15.8639
21.6406	15.8719
21.6406	15.8800
21.6487	15.8800
21.6487	15.8881
21.6487	15.8961
21.6487	15.9042
21.6487	15.9122
21.6487	15.9203
21.6568	15.9203
21.6568	15.9283
21.6648	15.9283
21.6648	15.9364
21.6729	15.9364
21.6729	15.9445
21.6809	15.9445
21.6809	15.9525
21.6890	15.9525
21.6890	15.9606
21.6970	15.9606
21.7051	15.9686
21.7131	15.9686
21.7131	15.9767
21.7293	15.9767
21.7293	15.9847
21.7293	15.9928
21.7454	15.9928
21.7454	16.0009
21.7534	16.0009
21.7534	16.0089
21.7615	16.0089
21.7695	16.0170
21.7776	16.0170
21.7776	16.0250
21.7937	16.0250
21.8018	16.0331
21.8098	16.0331
21.8098	16.0411
21.8904	16.0411
21.8904	16.0492
21.9065	16.0492
21.9065	16.0573
22.0032	16.0573
22.0032	16.0653
22.1563	16.0653
22.1643	16.0734
22.1804	16.0734
22.1804	16.0814
22.1966	16.0814
22.1966	16.0895
22.2288	16.0895
22.2288	16.0975
22.2368	16.0975
22.2368	16.1056
22.2610	16.1056
22.2610	16.1137
22.2691	16.1137
22.2691	16.1217
22.2932	16.1217
22.2932	16.1298
22.3094	16.1298
22.3094	16.1378
22.3255	16.1378
22.3255	16.1459
22.3416	16.1459
22.3416	16.1539
22.3738	16.1539
22.3738	16.1620
22.3819	16.1701
22.4060	16.1701
22.4060	16.1781
22.4222	16.1781
22.4222	16.1862
22.4624	16.1862
22.4624	16.1942
22.7122	16.1942
22.7122	16.2023
22.7444	16.2023
22.7525	16.2103
22.7928	16.2103
22.8008	16.2184
22.8572	16.2184
22.8572	16.2265
22.8653	16.2265
22.8653	16.2345
22.9136	16.2345
22.9217	16.2426
22.9539	16.2426
22.9539	16.2506
22.9942	16.2506
22.9942	16.2587
23.0345	16.2587
23.0345	16.2667
23.0989	16.2667
23.0989	16.2748
23.1150	16.2748
23.1231	16.2828
23.1795	16.2828
23.1795	16.2909
23.1956	16.2909
23.1956	16.2990
23.2037	16.2990
23.2117	16.3070
23.2117	16.3151
23.2117	16.3231
23.2117	16.3312
23.2198	16.3312
23.2198	16.3392
23.2198	16.3473
23.2278	16.3473
23.2278	16.3554
23.2278	16.3634
23.2278	16.3715
23.2359	16.3715
23.2359	16.3795
23.2359	16.3876
23.2439	16.3876
23.2439	16.3956
23.2439	16.4037
23.2520	16.4037
23.2520	16.4118
23.2601	16.4118
23.2601	16.4198
23.2601	16.4279
23.2762	16.4279
23.2762	16.4359
23.2762	16.4440
23.3003	16.4440
23.3003	16.4520
23.3084	16.4601
23.3245	16.4601
23.3245	16.4682
23.3406	16.4682
23.3406	16.4762
23.3648	16.4762
23.3648	16.4843
23.3809	16.4843
23.3809	16.4923
23.4212	16.4923
23.4212	16.5004
23.4534	16.5004
23.4534	16.5084
23.5582	16.5084
23.5662	16.5165
23.5743	16.5165
23.5823	16.5246
23.6710	16.5246
23.6710	16.5326
23.6790	16.5326
23.6790	16.5407
23.6951	16.5407
23.6951	16.5487
23.7032	16.5487
23.7032	16.5568
23.7193	16.5568
23.7193	16.5648
23.7274	16.5648
23.7274	16.5729
23.7435	16.5729
23.7435	16.5810
23.7435	16.5890
23.7596	16.5890
23.7596	16.5971
23.7596	16.6051
23.7757	16.6051
23.7757	16.6132
23.7838	16.6132
23.7838	16.6212
23.7918	16.6212
23.7999	16.6293
23.7999	16.6373
23.8160	16.6373
23.8160	16.6454
23.8240	16.6454
23.8240	16.6535
23.8321	16.6535
23.8321	16.6615
23.8402	16.6615
23.8402	16.6696
23.8482	16.6696
23.8482	16.6776
23.8482	16.6857
23.8563	16.6857
23.8563	16.6937
23.8563	16.7018
23.8724	16.7018
23.8724	16.7099
23.8724	16.7179
23.8804	16.7179
23.8804	16.7260
23.8804	16.7340
23.8885	16.7340
23.8885	16.7421
23.8885	16.7501
23.9046	16.7501
23.9046	16.7582
23.9046	16.7663
23.9046	16.7743
23.9207	16.7743
23.9207	16.7824
23.9207	16.7904
23.9207	16.7985
23.9368	16.7985
23.9368	16.8146
23.9529	16.8146
23.9529	16.8227
23.9529	16.8307
23.9691	16.8307
23.9691	16.8388
23.9691	16.8468
23.9771	16.8468
23.9771	16.8549
23.9852	16.8549
23.9852	16.8629
24.0255	16.8629
24.0255	16.8710
24.0335	16.8710
24.0335	16.8791
24.0980	16.8791
24.0980	16.8871
24.1141	16.8871
24.1141	16.8952
24.1383	16.8952
24.1383	16.9032
24.1463	16.9032
24.1463	16.9113
24.1624	16.9113
24.1624	16.9193
24.1785	16.9193
24.1785	16.9274
24.2108	16.9274
24.2108	16.9355
24.2188	16.9355
24.2188	16.9435
24.2269	16.9435
24.2269	16.9516
24.2430	16.9516
24.2430	16.9596
24.2591	16.9596
24.2591	16.9677
24.2672	16.9757
24.2833	16.9757
24.2833	16.9838
24.2913	16.9838
24.2913	16.9918
24.3236	16.9918
24.3236	16.9999
24.3236	17.0080
24.3558	17.0080
24.3558	17.0160
24.3719	17.0160
24.3719	17.0241
24.4122	17.0241
24.4122	17.0321
24.4525	17.0321
24.4525	17.0402
24.7538	17.0402
24.7554	17.0482
24.7747	17.0482
24.7747	17.0563
24.9681	17.0563
24.9681	17.0482
25.0003	17.0482
25.0003	17.0402
25.0648	17.0402
25.0648	17.0321
25.0809	17.0321
25.0809	17.0241
25.0970	17.0241
25.0970	17.0160
25.1131	17.0160
25.1131	17.0080
25.1292	17.0080
25.1292	16.9999
25.1454	16.9999
25.1454	16.9918
25.1695	16.9918
25.1695	16.9838
25.1776	16.9838
25.1776	16.9757
25.1937	16.9757
25.2018	16.9677
25.2098	16.9677
25.2098	16.9596
25.2259	16.9596
25.2259	16.9516
25.2259	16.9435
25.2420	16.9435
25.2420	16.9355
25.2420	16.9274
25.2501	16.9274
25.2501	16.9193
25.2582	16.9193
25.2582	16.9113
25.2662	16.9113
25.2743	16.9032
25.2743	16.8952
25.2904	16.8952
25.2904	16.8871
25.2904	16.8791
25.2984	16.8791
25.2984	16.8710
25.3065	16.8710
25.3065	16.8629
25.3065	16.8549
25.3146	16.8549
25.3146	16.8468
25.3226	16.8468
25.3307	16.8388
25.3307	16.8307
25.3387	16.8307
25.3387	16.8227
25.3387	16.8146
25.3548	16.8146
25.3548	16.8065
25.3548	16.7985
25.3709	16.7985
25.3709	16.7904
25.3709	16.7824
25.3790	16.7824
25.3790	16.7743
25.3871	16.7743
25.3871	16.7663
25.3951	16.7663
25.3951	16.7582
25.4032	16.7582
25.4032	16.7501
25.4032	16.7421
25.4112	16.7421
25.4193	16.7340
25.4273	16.7340
25.4273	16.7260
25.4273	16.7179
25.4354	16.7179
25.4354	16.7099
25.4435	16.7099
25.4435	16.7018
25.4515	16.7018
25.4515	16.6937
25.4596	16.6937
25.4596	16.6857
25.4676	16.6857
25.4676	16.6776
25.4676	16.6696
25.4837	16.6696
25.4837	16.6615
25.4837	16.6535
25.4918	16.6535
25.4918	16.6454
25.4999	16.6454
25.4999	16.6373
25.4999	16.6293
25.5079	16.6293
25.5079	16.6212
25.5160	16.6212
25.5160	16.6132
25.5240	16.6051
25.5321	16.6051
25.5401	16.5971
25.5482	16.5890
25.5563	16.5890
25.5563	16.5810
25.5643	16.5810
25.5643	16.5729
25.5724	16.5729
25.5724	16.5648
25.5804	16.5648
25.5804	16.5568
25.5965	16.5568
25.5965	16.5487
25.5965	16.5407
25.6127	16.5407
25.6127	16.5326
25.6207	16.5326
25.6207	16.5246
25.6288	16.5246
25.6288	16.5165
25.6368	16.5165
25.6368	16.5084
25.6449	16.5084
25.6449	16.5004
25.6610	16.5004
25.6610	16.4923
25.6771	16.4923
25.6771	16.4843
25.6771	16.4762
25.6932	16.4762
25.6932	16.4682
25.7093	16.4682
25.7093	16.4601
25.7174	16.4601
25.7174	16.4520
25.7254	16.4520
25.7254	16.4440
25.7416	16.4440
25.7416	16.4359
25.7496	16.4359
25.7496	16.4279
25.7657	16.4279
25.7657	16.4198
25.7738	16.4198
25.7738	16.4118
25.7899	16.4118
25.7899	16.4037
25.8060	16.4037
25.8060	16.3956
25.8221	16.3956
25.8221	16.3876
25.8302	16.3795
25.8463	16.3795
25.8463	16.3715
25.8544	16.3715
25.8544	16.3634
25.8705	16.3634
25.8705	16.3554
25.8866	16.3554
25.8866	16.3473
25.8946	16.3473
25.8946	16.3392
25.9027	16.3392
25.9027	16.3312
25.9108	16.3312
25.9188	16.3231
25.9269	16.3231
25.9269	16.3151
25.9349	16.3151
25.9349	16.3070
25.9430	16.2990
25.9510	16.2990
25.9510	16.2909
25.9510	16.2828
25.9591	16.2828
25.9591	16.2748
25.9672	16.2748
25.9672	16.2667
25.9752	16.2667
25.9752	16.2587
25.9752	16.2506
25.9833	16.2506
25.9833	16.2426
25.9913	16.2426
25.9913	16.2345
25.9913	16.2265
25.9994	16.2265
25.9994	16.2184
25.9994	16.2103
25.9994	16.2023
26.0074	16.2023
26.0155	16.1942
26.0155	16.1862
26.0155	16.1781
26.0155	16.1701
26.0236	16.1701
26.0236	16.1620
26.0236	16.1539
26.0316	16.1539
26.0316	16.1459
26.0316	16.1378
26.0397	16.1378
26.0397	16.1298
26.0477	16.1217
26.0477	16.1137
26.0477	16.1056
26.0638	16.1056
26.0638	16.0975
26.0638	16.0895
26.0638	16.0814
26.0638	16.0734
26.0719	16.0734
26.0719	16.0653
26.0800	16.0653
26.0800	16.0573
26.0800	16.0492
26.0800	16.0411
26.0880	16.0411
26.0880	16.0331
26.0961	16.0250
26.0961	16.0170
26.0961	16.0089
26.1041	16.0089
26.1041	16.0009
26.1041	15.9928
26.1041	15.9847
26.1041	15.9767
26.1041	15.9686
26.1041	15.9606
26.1041	15.9525
26.1041	15.9445
26.1041	15.9364
26.1041	15.9283
26.1041	15.9203
26.1041	15.9122
26.1041	15.9042
26.1041	15.8961
26.1041	15.8881
26.1041	15.8800
26.1041	15.8719
26.1041	15.8639
26.1041	15.8558
26.1041	15.8478
26.1041	15.8397
26.0961	15.8317
26.0961	15.8236
26.0961	15.8156
26.0961	15.8075
26.0961	15.7994
26.0961	15.7914
26.0961	15.7833
26.0961	15.7753
26.0880	15.7753
26.0880	15.7672
26.0961	15.7672
26.0961	15.7592
26.1041	15.7592
26.1041	15.7511
26.1122	15.7511
26.1122	15.7430
26.1122	15.7350
26.1283	15.7350
26.1283	15.7269
26.1283	15.7189
26.1363	15.7189
26.1363	15.7108
26.1444	15.7028
26.1444	15.6947
26.1444	15.6866
26.1605	15.6866
26.1605	15.6786
26.1605	15.6705
26.1686	15.6705
26.1686	15.6625
26.1766	15.6625
26.1766	15.6544
26.1847	15.6544
26.1847	15.6464
26.1927	15.6464
26.1927	15.6383
26.2008	15.6302
26.2008	15.6222
26.2089	15.6222
26.2089	15.6141
26.2169	15.6141
26.2169	15.6061
26.2250	15.6061
26.2250	15.5980
26.2250	15.5900
26.2330	15.5900
26.2330	15.5819
26.2411	15.5819
26.2411	15.5738
26.2491	15.5738
26.2491	15.5658
26.2572	15.5658
26.2572	15.5577
26.2572	15.5497
26.2653	15.5416
26.2733	15.5416
26.2733	15.5336
26.2733	15.5255
26.2814	15.5255
26.2814	15.5174
26.2814	15.5094
26.2894	15.5094
26.2894	15.5013
26.2975	15.4933
26.2975	15.4852
26.3055	15.4852
26.3055	15.4772
26.3055	15.4691
26.3055	15.4611
26.3217	15.4611
26.3217	15.4530
26.3217	15.4449
26.3217	15.4369
26.3297	15.4369
26.3297	15.4288
26.3297	15.4208
26.3378	15.4208
26.3378	15.4127
26.3458	15.4047
26.3458	15.3966
26.3539	15.3966
26.3539	15.3885
26.3539	15.3805
26.3619	15.3805
26.3619	15.3724
26.3700	15.3724
26.3700	15.3644
26.3700	15.3563
26.3700	15.3483
26.3861	15.3483
26.3861	15.3402
26.3861	15.3321
26.3861	15.3241
26.3942	15.3241
26.3942	15.3160
26.4022	15.3080
26.4022	15.2999
26.4022	15.2919
26.4103	15.2919
26.4103	15.2838
26.4183	15.2838
26.4183	15.2757
26.4183	15.2677
26.4264	15.2677
26.4264	15.2596
26.4264	15.2516
26.4345	15.2516
26.4345	15.2435
26.4345	15.2355
26.4345	15.2274
26.4345	15.2193
26.4345	15.2113
26.4345	15.2032
26.4345	15.1952
26.4425	15.1952
26.4425	15.1871
26.4506	15.1871
26.4506	15.1791
26.4506	15.1710
26.4506	15.1629
26.4506	15.1549
26.4506	15.1468
26.4586	15.1468
26.4586	15.1388
26.4586	15.1307
26.4586	15.1227
26.4667	15.1227
26.4667	15.1146
26.4667	15.1066
26.4667	15.0985
26.4667	15.0904
26.4667	15.0824
26.4747	15.0824
26.4747	15.0743
26.4747	15.0663
26.4747	15.0582
26.4828	15.0502
26.4828	15.0421
26.4828	15.0340
26.4828	15.0260
26.4828	15.0179
26.4828	15.0099
26.4828	15.0018
26.4908	15.0018
26.4908	14.9938
26.4989	14.9857
26.4989	14.9776
26.4989	14.9696
26.4989	14.9615
26.4989	14.9535
26.4989	14.9454
26.4989	14.9374
26.5070	14.9374
26.5070	14.9293
26.5070	14.9212
26.5070	14.9132
26.5150	14.9132
26.5150	14.9051
26.5150	14.8971
26.5150	14.8890
26.5150	14.8810
26.5231	14.8810
26.5231	14.8729
26.5231	14.8648
26.5231	14.8568
26.5231	14.8487
26.5231	14.8407
26.5311	14.8407
26.5311	14.8326
26.5311	14.8246
26.5311	14.8165
26.5311	14.8084
26.5311	14.8004
26.5311	14.7923
26.5311	14.7843
26.5392	14.7843
26.5392	14.7762
26.5392	14.7682
26.5392	14.7601
26.5392	14.7521
26.5392	14.7440
26.5472	14.7440
26.5472	14.7359
26.5472	14.7279
26.5472	14.7198
26.5472	14.7118
26.5472	14.7037
26.5472	14.6957
26.5472	14.6876
26.5472	14.6795
26.5553	14.6795
26.5553	14.6715
26.5634	14.6715
26.5634	14.6634
26.5634	14.6554
26.5634	14.6473
26.5634	14.6393
26.5634	14.6312
26.5634	14.6231
26.5714	14.6231
26.5714	14.6151
26.5714	14.6070
26.5795	14.5990
26.5795	14.5909
26.5795	14.5829
26.5795	14.5748
26.5875	14.5748
26.5875	14.5667
26.5875	14.5587
26.5956	14.5587
26.5956	14.5506
26.5956	14.5426
26.5956	14.5345
26.5956	14.5265
26.6036	14.5265
26.6036	14.5184
26.6036	14.5103
26.6036	14.5023
26.6117	14.5023
26.6117	14.4942
26.6117	14.4862
26.6117	14.4781
26.6117	14.4701
26.6117	14.4620
26.6198	14.4620
26.6198	14.4539
26.6198	14.4459
26.6278	14.4459
26.6278	14.4378
26.6278	14.4298
26.6278	14.4217
26.6278	14.4137
26.6278	14.4056
26.6278	14.3976
26.6359	14.3976
26.6359	14.3895
26.6359	14.3814
26.6359	14.3734
26.6359	14.3653
26.6439	14.3653
26.6439	14.3573
26.6439	14.3492
26.6439	14.3412
26.6439	14.3331
26.6439	14.3250
26.6520	14.3250
26.6520	14.3170
26.6520	14.3089
26.6520	14.3009
26.6600	14.3009
26.6600	14.2928
26.6600	14.2848
26.6600	14.2767
26.6600	14.2686
26.6681	14.2686
26.6681	14.2606
26.6681	14.2525
26.6762	14.2525
26.6762	14.2445
26.6762	14.2364
26.6762	14.2284
26.6762	14.2203
26.6762	14.2122
26.6762	14.2042
26.6842	14.2042
26.6842	14.1961
26.6842	14.1881
26.6923	14.1881
26.6923	14.1800
26.6923	14.1720
26.6923	14.1639
26.6923	14.1558
26.7003	14.1558
26.7003	14.1478
26.7084	14.1478
26.7084	14.1397
26.7084	14.1317
26.7084	14.1236
26.7164	14.1236
26.7164	14.1156
26.7164	14.1075
26.7245	14.1075
26.7245	14.0994
26.7245	14.0914
26.7245	14.0833
26.7326	14.0833
26.7326	14.0753
26.7406	14.0753
26.7406	14.0672
26.7406	14.0592
26.7406	14.0511
26.7487	14.0511
26.7487	14.0431
26.7567	14.0431
26.7567	14.0350
26.7567	14.0269
26.7648	14.0269
26.7648	14.0189
26.7648	14.0108
26.7728	14.0108
26.7728	14.0028
26.7728	13.9947
26.7809	13.9947
26.7809	13.9867
26.7890	13.9867
26.7890	13.9786
26.7890	13.9705
26.7890	13.9625
26.7970	13.9625
26.7970	13.9544
26.8051	13.9544
26.8051	13.9464
26.8051	13.9383
26.8051	13.9303
26.8131	13.9303
26.8212	13.9222
26.8212	13.9141
26.8292	13.9061
26.8292	13.8980
26.8373	13.8980
26.8373	13.8900
26.8373	13.8819
26.8373	13.8739
26.8373	13.8658
26.8534	13.8658
26.8534	13.8577
26.8534	13.8497
26.8534	13.8416
26.8615	13.8336
26.8615	13.8255
26.8695	13.8255
26.8695	13.8175
26.8776	13.8175
26.8776	13.8094
26.8776	13.8013
26.8856	13.8013
26.8856	13.7933
26.8856	13.7852
26.8937	13.7852
26.8937	13.7772
26.8937	13.7691
26.9017	13.7691
26.9017	13.7611
26.9017	13.7530
26.9098	13.7530
26.9098	13.7449
26.9179	13.7449
26.9179	13.7369
26.9259	13.7369
26.9259	13.7288
26.9340	13.7288
26.9340	13.7208
26.9420	13.7208
26.9420	13.7127
26.9501	13.7127
26.9501	13.7047
26.9581	13.7047
26.9581	13.6966
26.9662	13.6966
26.9662	13.6885
26.9662	13.6805
26.9823	13.6805
26.9823	13.6724
26.9823	13.6644
26.9823	13.6563
26.9904	13.6563
26.9904	13.6483
26.9984	13.6483
26.9984	13.6402
27.0065	13.6402
27.0065	13.6322
27.0145	13.6322
27.0145	13.6241
27.0145	13.6160
27.0145	13.6080
27.0145	13.5999
27.0145	13.5919
27.0145	13.5838
27.0145	13.5758
27.0226	13.5758
27.0226	13.5677
27.0226	13.5596
27.0307	13.5596
27.0307	13.5516
27.0307	13.5435
27.0307	13.5355
27.0307	13.5274
27.0307	13.5194
27.0307	13.5113
27.0307	13.5032
27.0307	13.4952
27.0307	13.4871
27.0307	13.4791
27.0307	13.4710
27.0307	13.4630
27.0307	13.4549
27.0307	13.4468
27.0387	13.4468
27.0387	13.4388
27.0387	13.4307
27.0387	13.4227
27.0387	13.4146
27.0468	13.4146
27.0468	13.4066
27.0468	13.3985
27.0468	13.3904
27.0468	13.3824
27.0468	13.3743
27.0468	13.3663
27.0468	13.3582
27.0468	13.3502
27.0548	13.3502
27.0548	13.3421
27.0548	13.3340
27.0548	13.3260
27.0548	13.3179
27.0629	13.3179
27.0629	13.3099
27.0629	13.3018
27.0629	13.2938
27.0629	13.2857
27.0629	13.2777
27.0629	13.2696
27.0629	13.2615
27.0629	13.2535
27.0709	13.2535
27.0709	13.2454
27.0709	13.2374
27.0709	13.2293
27.0709	13.2213
27.0790	13.2213
27.0790	13.2132
27.0790	13.2051
27.0790	13.1971
27.0790	13.1890
27.0790	13.1810
27.0790	13.1729
27.0790	13.1649
27.0790	13.1568
27.0790	13.1487
27.0790	13.1407
27.0790	13.1326
27.0790	13.1246
27.0709	13.1246
27.0709	13.1165
27.0709	13.1085
27.0709	13.1004
27.0709	13.0923
27.0709	13.0843
27.0629	13.0843
27.0629	13.0762
27.0629	13.0682
27.0629	13.0601
27.0629	13.0521
27.0629	13.0440
27.0629	13.0359
27.0629	13.0279
27.0629	13.0198
27.0548	13.0118
27.0548	13.0037
27.0548	12.9957
27.0468	12.9957
27.0468	12.9876
27.0468	12.9795
27.0468	12.9715
27.0468	12.9634
27.0468	12.9554
27.0468	12.9473
27.0468	12.9393
27.0468	12.9312
27.0468	12.9232
27.0468	12.9151
27.0468	12.9070
27.0468	12.8990
27.0468	12.8909
27.0468	12.8829
27.0468	12.8748
27.0387	12.8748
27.0387	12.8668
27.0387	12.8587
27.0387	12.8506
27.0387	12.8426
27.0387	12.8345
27.0387	12.8265
27.0387	12.8184
27.0307	12.8184
27.0307	12.8104
27.0307	12.8023
27.0307	12.7942
27.0307	12.7862
27.0307	12.7781
27.0307	12.7701
27.0307	12.7620
27.0307	12.7540
27.0307	12.7459
27.0307	12.7378
27.0307	12.7298
27.0307	12.7217
27.0307	12.7137
27.0226	12.7137
27.0226	12.7056
27.0226	12.6976
27.0226	12.6895
27.0226	12.6814
27.0145	12.6814
27.0145	12.6734
27.0145	12.6653
27.0145	12.6573
27.0145	12.6492
27.0145	12.6412
27.0065	12.6412
27.0065	12.6331
27.0065	12.6250
26.9984	12.6250
26.9984	12.6170
26.9984	12.6089
26.9984	12.6009
26.9904	12.6009
26.9904	12.5928
26.9904	12.5848
26.9904	12.5767
26.9823	12.5767
26.9823	12.5687
26.9823	12.5606
26.9823	12.5525
26.9823	12.5445
26.9823	12.5364
26.9823	12.5284
26.9823	12.5123
26.9743	12.5123
26.9743	12.5042
26.9743	12.4961
26.9662	12.4961
26.9662	12.4881
26.9662	12.4800
26.9662	12.4720
26.9581	12.4720
26.9581	12.4639
26.9581	12.4559
26.9581	12.4478
26.9581	12.4397
26.9581	12.4317
26.9581	12.4236
26.9581	12.4156
26.9501	12.4156
26.9501	12.4075
26.9501	12.3995
26.9501	12.3914
26.9501	12.3833
26.9501	12.3753
26.9501	12.3672
26.9420	12.3672
26.9420	12.3592
26.9420	12.3511
26.9420	12.3431
26.9420	12.3350
26.9340	12.3350
26.9340	12.3269
26.9340	12.3189
26.9340	12.3108
26.9259	12.3108
26.9259	12.3028
26.9179	12.3028
26.9179	12.2947
26.9179	12.2867
26.9179	12.2786
26.9179	12.2705
26.9179	12.2625
26.9098	12.2625
26.9098	12.2544
26.9098	12.2464
26.9017	12.2464
26.9017	12.2383
26.9017	12.2303
26.9017	12.2222
26.8937	12.2222
26.8937	12.2142
26.8937	12.2061
26.8856	12.2061
26.8856	12.1980
26.8856	12.1900
26.8776	12.1900
26.8776	12.1819
26.8776	12.1739
26.8695	12.1739
26.8695	12.1658
26.8695	12.1578
26.8695	12.1497
26.8695	12.1416
26.8534	12.1416
26.8534	12.1336
26.8534	12.1255
26.8534	12.1175
26.8534	12.1094
26.8453	12.1094
26.8453	12.1014
26.8453	12.0933
26.8373	12.0933
26.8373	12.0852
26.8373	12.0772
26.8292	12.0772
26.8292	12.0691
26.8292	12.0611
26.8292	12.0530
26.8292	12.0450
26.8212	12.0450
26.8212	12.0369
26.8212	12.0288
26.8131	12.0288
26.8131	12.0208
26.8131	12.0127
26.8051	12.0127
26.8051	12.0047
26.8051	11.9966
26.8051	11.9886
26.8051	11.9805
26.7970	11.9805
26.7970	11.9724
26.7890	11.9724
26.7890	11.9644
26.7890	11.9563
26.7809	11.9563
26.7809	11.9483
26.7728	11.9402
26.7728	11.9322
26.7648	11.9322
26.7648	11.9241
26.7648	11.9160
26.7567	11.9160
26.7567	11.9080
26.7567	11.8999
26.7406	11.8999
26.7406	11.8919
26.7406	11.8838
26.7406	11.8758
26.7326	11.8758
26.7326	11.8677
26.7245	11.8677
26.7245	11.8596
26.7245	11.8516
26.7164	11.8516
26.7084	11.8435
26.7084	11.8355
26.7084	11.8274
26.7003	11.8274
26.7003	11.8194
26.6923	11.8194
26.6923	11.8113
26.6923	11.8033
26.6842	11.8033
26.6762	11.7952
26.6762	11.7871
26.6762	11.7791
26.6681	11.7791
26.6681	11.7710
26.6600	11.7710
26.6600	11.7630
26.6600	11.7549
26.6520	11.7549
26.6520	11.7469
26.6439	11.7388
26.6359	11.7388
26.6359	11.7307
26.6278	11.7307
26.6278	11.7227
26.6278	11.7146
26.6198	11.7146
26.6198	11.7066
26.6198	11.6985
26.6117	11.6985
26.6117	11.6905
26.6036	11.6905
26.6036	11.6824
26.6036	11.6743
26.5956	11.6743
26.5956	11.6663
26.5875	11.6663
26.5875	11.6582
26.5795	11.6582
26.5795	11.6502
26.5795	11.6421
26.5795	11.6341
26.5714	11.6341
26.5714	11.6260
26.5634	11.6260
26.5634	11.6179
26.5634	11.6099
26.5553	11.6099
26.5553	11.6018
26.5472	11.6018
26.5472	11.5938
26.5472	11.5857
26.5392	11.5857
26.5392	11.5777
26.5231	11.5777
26.5231	11.5696
26.5231	11.5615
26.5150	11.5615
26.5150	11.5535
26.4989	11.5535
26.4989	11.5454
26.4989	11.5374
26.4908	11.5374
26.4908	11.5293
26.4828	11.5293
26.4747	11.5213
26.4667	11.5213
26.4667	11.5132
26.4506	11.5132
26.4506	11.5051
26.4506	11.4971
26.4264	11.4971
26.4264	11.4890
26.4183	11.4890
26.4183	11.4810
26.4022	11.4810
26.4022	11.4729
26.3861	11.4729
26.3861	11.4649
26.3700	11.4649
26.3700	11.4568
26.3700	11.4488
26.3458	11.4488
26.3458	11.4407
26.3378	11.4407
26.3378	11.4326
26.3297	11.4326
26.3217	11.4246
26.3217	11.4165
26.3055	11.4165
26.3055	11.4085
26.2975	11.4085
26.2975	11.4004
26.2894	11.4004
26.2894	11.3924
26.2733	11.3924
26.2733	11.3843
26.2572	11.3843
26.2572	11.3762
26.2491	11.3762
26.2491	11.3682
26.2250	11.3682
26.2250	11.3601
26.2250	11.3521
26.2089	11.3521
26.2089	11.3440
26.1927	11.3440
26.1927	11.3360
26.1766	11.3360
26.1766	11.3279
26.1766	11.3198
26.1605	11.3198
26.1605	11.3118
26.1525	11.3118
26.1525	11.3037
26.1444	11.3037
26.1444	11.2957
26.1363	11.2957
26.1363	11.2876
26.1202	11.2876
26.1202	11.2796
26.1122	11.2715
26.1041	11.2634
26.0961	11.2634
26.0961	11.2554
26.0880	11.2473
26.0800	11.2393
26.0719	11.2393
26.0719	11.2312
26.0638	11.2312
26.0638	11.2232
26.0558	11.2232
26.0558	11.2151
26.0477	11.2151
26.0477	11.2070
26.0397	11.1990
26.0316	11.1990
26.0316	11.1909
26.0236	11.1909
26.0236	11.1829
26.0155	11.1829
26.0155	11.1748
25.9833	11.1748
25.9833	11.1668
25.9672	11.1668
25.9672	11.1587
25.9188	11.1587
25.9188	11.1506
25.9108	11.1506
25.9108	11.1426
25.8544	11.1426
25.8544	11.1345
25.8463	11.1345
25.8382	11.1265
25.8060	11.1265
25.8060	11.1184
25.7980	11.1184
25.7980	11.1104
25.7738	11.1104
25.7738	11.1023
25.7657	11.1023
25.7657	11.0943
25.7416	11.0943
25.7416	11.0862
25.7254	11.0862
25.7254	11.0781
25.7174	11.0781
25.7174	11.0701
25.7093	11.0701
25.7093	11.0620
25.6932	11.0620
25.6932	11.0540
25.6771	11.0540
25.6771	11.0459
25.6529	11.0459
25.6529	11.0379
25.6449	11.0379
25.6449	11.0298
25.6288	11.0298
25.6288	11.0217
25.6288	11.0137
25.6127	11.0137
25.6127	11.0056
25.6046	11.0056
25.6046	10.9976
25.5965	10.9976
25.5965	10.9895
25.5965	10.9815
25.5965	10.9734
25.5965	10.9653
25.5965	10.9573
25.5965	10.9492
25.5965	10.9412
25.5965	10.9331
25.5965	10.9251
25.5965	10.9170
25.6046	10.9170
25.6046	10.9089
25.6046	10.9009
25.6046	10.8928
25.6127	10.8928
25.6127	10.8848
25.6127	10.8767
25.6127	10.8687
25.6127	10.8606
25.6127	10.8525
25.6127	10.8445
25.6127	10.8364
25.6127	10.8284
25.6127	10.8203
25.6127	10.8123
25.6127	10.8042
25.6127	10.7961
25.6127	10.7881
25.6127	10.7800
25.6127	10.7720
25.6127	10.7639
25.6127	10.7559
25.6127	10.7478
25.6127	10.7398
25.6046	10.7398
25.6046	10.7317
25.5965	10.7317
25.5965	10.7236
25.5965	10.7156
25.5965	10.7075
25.5804	10.7075
25.5804	10.6995
25.5804	10.6914
25.5724	10.6834
25.5724	10.6753
25.5643	10.6753
25.5643	10.6672
25.5643	10.6592
25.5563	10.6592
25.5563	10.6511
25.5482	10.6511
25.5482	10.6431
25.5401	10.6431
25.5401	10.6350
25.5401	10.6270
25.5321	10.6270
25.5321	10.6189
25.5240	10.6189
25.5240	10.6108
25.5079	10.6108
25.5079	10.6028
25.4999	10.6028
25.4999	10.5947
25.4918	10.5947
25.4918	10.5867
25.4837	10.5867
25.4837	10.5786
25.4757	10.5786
25.4757	10.5706
25.4676	10.5706
25.4676	10.5625
25.4596	10.5625
25.4596	10.5544
25.4515	10.5544
25.4515	10.5464
25.4435	10.5464
25.4435	10.5383
25.4354	10.5383
25.4354	10.5303
25.4273	10.5303
25.4273	10.5222
25.4193	10.5222
25.4193	10.5142
25.4112	10.5142
25.4112	10.5061
25.4032	10.5061
25.4032	10.4980
25.3951	10.4980
25.3871	10.4900
25.3871	10.4819
25.3790	10.4819
25.3790	10.4739
25.3709	10.4739
25.3709	10.4658
25.3629	10.4658
25.3629	10.4578
25.3548	10.4578
25.3548	10.4497
25.3387	10.4497
25.3387	10.4416
25.3387	10.4336
25.3226	10.4336
25.3226	10.4255
25.3226	10.4175
25.3146	10.4175
25.3146	10.4094
25.3065	10.4094
25.3065	10.4014
25.2904	10.4014
25.2904	10.3933
25.2904	10.3853
25.2743	10.3853
25.2743	10.3772
25.2743	10.3691
25.2582	10.3691
25.2582	10.3611
25.2501	10.3611
25.2501	10.3530
25.2420	10.3530
25.2420	10.3450
25.2340	10.3450
25.2340	10.3369
25.2259	10.3369
25.2259	10.3289
25.2259	10.3208
25.2098	10.3208
25.2098	10.3127
25.2018	10.3127
25.2018	10.3047
25.1937	10.3047
25.1937	10.2966
25.1856	10.2966
25.1856	10.2886
25.1776	10.2886
25.1776	10.2805
25.1695	10.2805
25.1695	10.2725
25.1615	10.2725
25.1615	10.2644
25.1615	10.2563
25.1454	10.2563
25.1454	10.2483
25.1373	10.2483
25.1373	10.2402
25.1292	10.2402
25.1292	10.2322
25.1212	10.2322
25.1212	10.2241
25.1051	10.2241
25.1051	10.2161
25.0970	10.2080
25.0970	10.1999
25.0890	10.1999
25.0890	10.1919
25.0809	10.1919
25.0809	10.1838
25.0728	10.1838
25.0728	10.1758
25.0648	10.1758
25.0648	10.1677
25.0567	10.1677
25.0567	10.1597
25.0487	10.1597
25.0487	10.1516
25.0487	10.1435
25.0326	10.1435
25.0326	10.1355
25.0245	10.1355
25.0245	10.1274
25.0164	10.1274
25.0164	10.1194
25.0003	10.1194
25.0003	10.1113
24.9923	10.1113
24.9923	10.1033
24.9842	10.1033
24.9842	10.0952
24.9681	10.0952
24.9681	10.0871
24.9681	10.0791
24.9520	10.0791
24.9520	10.0710
24.9520	10.0630
24.9439	10.0630
24.9439	10.0549
24.9359	10.0549
24.9359	10.0469
24.9198	10.0469
24.9117	10.0388
24.9037	10.0388
24.8956	10.0308
24.8070	10.0308
24.7989	10.0227
24.7264	10.0227
24.7264	10.0146
24.6458	10.0146
24.6458	10.0066
24.6217	10.0066
24.6217	9.9985
24.5814	9.9985
24.5814	9.9905
24.5653	9.9905
24.5653	9.9824
24.5411	9.9824
24.5411	9.9744
24.5330	9.9744
24.5330	9.9663
24.5169	9.9663
24.5169	9.9582
24.5089	9.9582
24.5089	9.9502
24.5008	9.9502
24.5008	9.9421
24.4928	9.9421
24.4928	9.9341
24.4766	9.9341
24.4766	9.9260
24.4686	9.9260
24.4686	9.9180
24.4525	9.9180
24.4525	9.9099
24.4444	9.9099
24.4444	9.9018
24.4364	9.9018
24.4364	9.8938
24.4283	9.8938
24.4283	9.8857
24.4122	9.8857
24.4122	9.8777
24.4041	9.8777
24.4041	9.8696
24.3880	9.8696
24.3880	9.8616
24.3880	9.8535
24.3800	9.8535
24.3719	9.8454
24.3719	9.8374
24.3638	9.8374
24.3638	9.8293
24.3558	9.8293
24.3558	9.8213
24.3477	9.8213
24.3477	9.8132
24.3397	9.8132
24.3397	9.8052
24.3236	9.8052
24.3236	9.7971
24.3236	9.7890
24.3074	9.7890
24.3074	9.7810
24.2913	9.7810
24.2913	9.7729
24.2833	9.7729
24.2833	9.7649
24.2752	9.7649
24.2752	9.7568
24.2591	9.7568
24.2591	9.7488
24.2511	9.7488
24.2511	9.7407
24.2349	9.7407
24.2269	9.7326
24.2269	9.7246
24.2027	9.7246
24.2027	9.7165
24.1947	9.7165
24.1947	9.7085
24.1785	9.7085
24.1785	9.7004
24.1544	9.7004
24.1544	9.6924
24.0093	9.6924
24.0093	9.7004
23.9691	9.7004
23.9691	9.7085
23.9207	9.7085
23.9207	9.7165
23.8965	9.7165
23.8885	9.7246
23.8240	9.7246
23.8160	9.7326
23.8079	9.7326
23.7999	9.7407
23.7274	9.7407
23.7274	9.7488
23.6951	9.7488
23.6951	9.7568
23.6629	9.7568
23.6629	9.7649
23.6387	9.7649
23.6387	9.7729
23.5662	9.7729
23.5662	9.7810
23.5501	9.7810
23.5501	9.7890
23.3406	9.7890
23.3406	9.7810
23.3084	9.7810
23.3084	9.7729
23.2762	9.7729
23.2762	9.7649
23.2601	9.7649
23.2601	9.7568
23.2359	9.7568
23.2278	9.7488
23.2198	9.7488
23.2198	9.7407
23.2037	9.7407
23.2037	9.7326
23.1956	9.7246
23.1875	9.7246
23.1875	9.7165
23.1795	9.7165
23.1795	9.7085
23.1714	9.7085
23.1714	9.7004
23.1634	9.7004
23.1634	9.6924
23.1473	9.6924
23.1473	9.6843
23.1473	9.6762
23.1392	9.6762
23.1392	9.6682
23.1312	9.6682
23.1312	9.6601
23.1150	9.6601
23.1150	9.6521
23.1070	9.6521
23.1070	9.6440
23.0989	9.6440
23.0989	9.6360
23.0909	9.6360
23.0909	9.6279
23.0828	9.6279
23.0748	9.6199
23.0748	9.6118
23.0586	9.6118
23.0586	9.6037
23.0586	9.5957
23.0506	9.5957
23.0506	9.5876
23.0345	9.5876
23.0345	9.5796
23.0264	9.5796
23.0264	9.5715
23.0264	9.5635
23.0103	9.5635
23.0103	9.5554
23.0022	9.5554
23.0022	9.5473
22.9942	9.5473
22.9942	9.5393
22.9861	9.5393
22.9861	9.5312
22.9781	9.5312
22.9781	9.5232
22.9700	9.5232
22.9700	9.5151
22.9620	9.5151
22.9620	9.5071
22.9539	9.5071
22.9539	9.4990
22.9378	9.4990
22.9378	9.4909
22.9378	9.4829
22.9217	9.4829
22.9217	9.4748
22.9217	9.4668
22.9056	9.4668
22.9056	9.4587
22.9056	9.4507
22.8894	9.4507
22.8894	9.4426
22.8894	9.4345
22.8733	9.4345
22.8733	9.4265
22.8572	9.4265
22.8572	9.4184
22.8492	9.4104
22.8492	9.4023
22.8330	9.4023
22.8330	9.3943
22.8330	9.3862
22.8169	9.3862
22.8169	9.3781
22.8089	9.3781
22.8089	9.3701
22.8008	9.3701
22.8008	9.3620
22.7928	9.3620
22.7928	9.3540
22.7847	9.3540
22.7847	9.3459
22.7767	9.3459
22.7767	9.3379
22.7686	9.3379
22.7686	9.3298
22.7605	9.3298
22.7605	9.3217
22.7444	9.3217
22.7444	9.3137
22.7283	9.3137
22.7283	9.3056
22.7203	9.3056
22.7203	9.2976
22.7122	9.2976
22.7122	9.2895
22.6961	9.2895
22.6961	9.2815
22.6880	9.2815
22.6880	9.2734
22.6639	9.2734
22.6639	9.2654
22.6639	9.2573
22.6397	9.2573
22.6316	9.2492
22.6316	9.2412
22.6155	9.2412
22.6155	9.2331
22.6075	9.2331
22.5994	9.2251
22.5833	9.2251
22.5833	9.2170
22.5752	9.2170
22.5752	9.2090
22.5430	9.2090
22.5430	9.2009
22.5188	9.2009
22.5188	9.1928
22.4866	9.1928
22.4785	9.1848
22.4463	9.1848
22.4463	9.1767
