21.0926	8.2416
21.0851	8.2491
21.0031	8.2491
21.0031	8.2565
20.9807	8.2565
20.9807	8.2640
20.9658	8.2640
20.9658	8.2715
20.9360	8.2715
20.9360	8.2789
20.9360	8.2864
20.9061	8.2864
20.9061	8.2938
20.8912	8.2938
20.8912	8.3013
20.8688	8.3013
20.8614	8.3087
20.8539	8.3087
20.8539	8.3162
20.8092	8.3162
20.8092	8.3237
20.7942	8.3237
20.7942	8.3311
20.7644	8.3311
20.7570	8.3386
20.7495	8.3386
20.7495	8.3460
20.7271	8.3460
20.7271	8.3535
20.7122	8.3535
20.7047	8.3610
20.6898	8.3610
20.6824	8.3684
20.6749	8.3684
20.6749	8.3759
20.6600	8.3759
20.6600	8.3833
20.6451	8.3833
20.6451	8.3908
20.6302	8.3908
20.6302	8.3983
20.6227	8.3983
20.6227	8.4057
20.6078	8.4057
20.6078	8.4132
20.6003	8.4132
20.6003	8.4206
20.5854	8.4206
20.5854	8.4281
20.5780	8.4281
20.5780	8.4355
20.5705	8.4355
20.5705	8.4430
20.5630	8.4430
20.5630	8.4505
20.5407	8.4505
20.5407	8.4579
20.5332	8.4579
20.5332	8.4654
20.5183	8.4654
20.5183	8.4728
20.5108	8.4728
20.5108	8.4803
20.4959	8.4803
20.4959	8.4878
20.4885	8.4878
20.4885	8.4952
20.4735	8.4952
20.4735	8.5027
20.4661	8.5027
20.4661	8.5101
20.4512	8.5101
20.4512	8.5176
20.4512	8.5250
20.4362	8.5250
20.4362	8.5325
20.4288	8.5325
20.4288	8.5400
20.4213	8.5400
20.4213	8.5474
20.4139	8.5474
20.4139	8.5549
20.4064	8.5549
20.3989	8.5623
20.3766	8.5623
20.3766	8.5549
20.2647	8.5549
20.2647	8.5474
20.2498	8.5474
20.2423	8.5400
20.2125	8.5400
20.2125	8.5325
20.1976	8.5325
20.1901	8.5250
20.1230	8.5250
20.1230	8.5325
20.1081	8.5325
20.1081	8.5400
20.0932	8.5400
20.0932	8.5474
20.0782	8.5474
20.0782	8.5549
20.0559	8.5549
20.0559	8.5623
20.0186	8.5623
20.0186	8.5549
19.9664	8.5549
19.9664	8.5474
19.9440	8.5474
19.9440	8.5400
19.9067	8.5400
19.9067	8.5325
19.8843	8.5325
19.8843	8.5250
19.8545	8.5250
19.8545	8.5176
19.7948	8.5176
19.7948	8.5250
19.7501	8.5250
19.7501	8.5325
19.7277	8.5325
19.7202	8.5400
19.6979	8.5400
19.6979	8.5474
19.6755	8.5474
19.6755	8.5549
19.6531	8.5549
19.6531	8.5623
19.6456	8.5623
19.6456	8.5698
19.6158	8.5698
19.6158	8.5773
19.6083	8.5773
19.6083	8.5847
19.5860	8.5847
19.5860	8.5922
19.5711	8.5922
19.5711	8.5996
19.5561	8.5996
19.5561	8.6071
19.5561	8.6145
19.5412	8.6145
19.5412	8.6220
19.5412	8.6295
19.5263	8.6295
19.5263	8.6369
19.5263	8.6444
19.5114	8.6444
19.5114	8.6518
19.5114	8.6593
19.4965	8.6593
19.4965	8.6668
19.4965	8.6742
19.4890	8.6742
19.4890	8.6817
19.4816	8.6817
19.4816	8.6891
19.4741	8.6891
19.4741	8.6966
19.4666	8.6966
19.4666	8.7040
19.4666	8.7115
19.4517	8.7115
19.4517	8.7190
19.4443	8.7264
19.4443	8.7339
19.4368	8.7339
19.4368	8.7413
19.4293	8.7413
19.4293	8.7488
19.4219	8.7488
19.4219	8.7563
19.4219	8.7637
19.4070	8.7637
19.4070	8.7712
19.4070	8.7786
19.3995	8.7786
19.3995	8.7861
19.3921	8.7936
19.3921	8.8010
19.3846	8.8010
19.3846	8.8085
19.3771	8.8085
19.3771	8.8159
19.3697	8.8234
19.3622	8.8234
19.3622	8.8308
19.3622	8.8383
19.3548	8.8383
19.3548	8.8458
19.3473	8.8458
19.3473	8.8532
19.3473	8.8607
19.3398	8.8607
19.3398	8.8681
19.3324	8.8681
19.3324	8.8756
19.3249	8.8831
19.3175	8.8831
19.3175	8.8905
19.3175	8.8980
19.3100	8.8980
19.3100	8.9054
19.3026	8.9054
19.3026	8.9129
19.3026	8.9203
19.2951	8.9278
19.2876	8.9278
19.2876	8.9353
19.2876	8.9427
19.2802	8.9427
19.2802	8.9502
19.2727	8.9502
19.2727	8.9576
19.2727	8.9651
19.2653	8.9651
19.2653	8.9726
19.2578	8.9726
19.2578	8.9800
19.2578	8.9875
19.2429	8.9875
19.2429	8.9949
19.2429	9.0024
19.2354	9.0024
19.2354	9.0098
19.2280	9.0098
19.2280	9.0173
19.2205	9.0173
19.2205	9.0248
19.2130	9.0248
19.2130	9.0322
19.2056	9.0322
19.2056	9.0397
19.2056	9.0471
19.1981	9.0471
19.1981	9.0546
19.1907	9.0621
19.1832	9.0621
19.1832	9.0695
19.1758	9.0695
19.1758	9.0770
19.1683	9.0770
19.1683	9.0844
19.1608	9.0844
19.1608	9.0919
19.1459	9.0919
19.1459	9.0993
19.1385	9.0993
19.1385	9.1068
19.1310	9.1068
19.1235	9.1143
19.1235	9.1217
19.1086	9.1217
19.1086	9.1292
19.1086	9.1366
19.0937	9.1366
19.0937	9.1441
19.0863	9.1441
19.0863	9.1516
19.0713	9.1516
19.0713	9.1590
19.0639	9.1590
19.0639	9.1665
19.0490	9.1665
19.0490	9.1739
19.0415	9.1739
19.0415	9.1814
19.0340	9.1814
19.0340	9.1888
19.0340	9.1963
19.0191	9.1963
19.0191	9.2038
19.0117	9.2112
19.0042	9.2112
19.0042	9.2261
18.9893	9.2261
18.9893	9.2336
18.9818	9.2336
18.9818	9.2411
18.9744	9.2411
18.9744	9.2485
18.9744	9.2560
18.9595	9.2560
18.9595	9.2634
18.9595	9.2709
18.9520	9.2709
18.9520	9.2784
18.9445	9.2784
18.9445	9.2858
18.9445	9.2933
18.9371	9.2933
18.9371	9.3007
18.9296	9.3007
18.9296	9.3082
18.9296	9.3156
18.9222	9.3156
18.9222	9.3231
18.9222	9.3306
18.9147	9.3306
18.9147	9.3380
18.9147	9.3455
18.9147	9.3529
18.9147	9.3604
18.9147	9.3679
18.9147	9.3753
18.9073	9.3753
18.9073	9.3828
18.9073	9.3902
18.8998	9.3902
18.8998	9.3977
18.8998	9.4051
18.8998	9.4126
18.8998	9.4201
18.8923	9.4201
18.8923	9.4275
18.8923	9.4350
18.8849	9.4350
18.8849	9.4424
18.8849	9.4499
18.8774	9.4574
18.8774	9.4648
18.8700	9.4648
18.8700	9.4723
18.8700	9.4797
18.8700	9.4872
18.8700	9.4946
18.8550	9.4946
18.8550	9.5021
18.8550	9.5096
18.8550	9.5170
18.8476	9.5170
18.8476	9.5245
18.8401	9.5245
18.8401	9.5319
18.8401	9.5394
18.8327	9.5394
18.8327	9.5469
18.8327	9.5543
18.8252	9.5543
18.8252	9.5618
18.8252	9.5692
18.8178	9.5692
18.8178	9.5767
18.8103	9.5767
18.8103	9.5841
18.8103	9.5916
18.8103	9.5991
18.7954	9.5991
18.7954	9.6065
18.7954	9.6140
18.7879	9.6140
18.7879	9.6214
18.7805	9.6214
18.7805	9.6289
18.7805	9.6364
18.7730	9.6364
18.7730	9.6438
18.7655	9.6438
18.7655	9.6513
18.7655	9.6587
18.7506	9.6587
18.7506	9.6662
18.7506	9.6737
18.7432	9.6737
18.7432	9.6811
18.7357	9.6811
18.7357	9.6886
18.7282	9.6886
18.7282	9.6960
18.7208	9.6960
18.7208	9.7035
18.7133	9.7035
18.7133	9.7109
18.7059	9.7109
18.7059	9.7184
18.7059	9.7259
18.6910	9.7259
18.6910	9.7333
18.6910	9.7408
18.6760	9.7408
18.6760	9.7482
18.6686	9.7482
18.6686	9.7557
18.6611	9.7557
18.6611	9.7632
18.6462	9.7632
18.6462	9.7706
18.6387	9.7706
18.6387	9.7781
18.6238	9.7781
18.6238	9.7855
18.6089	9.7855
18.6089	9.7930
18.5865	9.7930
18.5865	9.8004
18.5642	9.8004
18.5642	9.8079
18.5343	9.8079
18.5343	9.8154
18.5269	9.8154
18.5269	9.8228
18.4970	9.8228
18.4970	9.8303
18.4821	9.8303
18.4821	9.8377
18.4523	9.8377
18.4523	9.8452
18.4374	9.8452
18.4374	9.8527
18.4075	9.8527
18.4075	9.8601
18.3926	9.8601
18.3926	9.8676
18.3702	9.8676
18.3702	9.8750
18.3628	9.8750
18.3553	9.8825
18.3329	9.8825
18.3329	9.8899
18.3180	9.8899
18.3180	9.8974
18.3031	9.8974
18.3031	9.9049
18.2957	9.9049
18.2882	9.9123
18.2733	9.9123
18.2733	9.9198
18.2733	9.9272
18.2584	9.9272
18.2509	9.9347
18.2434	9.9347
18.2434	9.9422
18.2360	9.9422
18.2360	9.9496
18.2285	9.9496
18.2285	9.9571
18.2211	9.9571
18.2136	9.9645
18.2136	9.9720
18.1987	9.9720
18.1987	9.9794
18.1987	9.9869
18.1838	9.9869
18.1838	9.9944
18.1763	9.9944
18.1763	10.0018
18.1689	10.0018
18.1689	10.0093
18.1614	10.0093
18.1614	10.0167
18.1539	10.0167
18.1539	10.0242
18.1539	10.0317
18.1390	10.0317
18.1390	10.0391
18.1390	10.0466
18.1316	10.0466
18.1316	10.0540
18.1241	10.0540
18.1241	10.0615
18.1241	10.0690
18.1167	10.0690
18.1167	10.0764
18.1092	10.0764
18.1265	10.0839
18.1092	10.0839
18.1092	10.0913
18.1017	10.0913
18.1017	10.0988
18.0794	10.0988
18.0794	10.1062
18.0719	10.1062
18.0719	10.1137
18.0644	10.1137
18.0644	10.1212
18.0644	10.1286
18.0533	10.1286
18.0495	10.1323
18.0495	10.1361
18.0458	10.1361
18.0458	10.1398
18.0458	10.1435
18.0458	10.1473
18.0421	10.1473
18.0421	10.1510
18.0383	10.1510
18.0383	10.1547
18.0383	10.1585
18.0383	10.1622
18.0346	10.1622
18.0346	10.1659
18.0309	10.1659
18.0309	10.1696
18.0309	10.1734
18.0309	10.1771
18.0272	10.1771
18.0234	10.1808
18.0234	10.1846
18.0197	10.1883
18.0197	10.1920
18.0197	10.1957
18.0160	10.1957
18.0160	10.1995
18.0160	10.2032
18.0160	10.2069
18.0122	10.2069
18.0122	10.2107
18.0085	10.2107
18.0085	10.2144
18.0085	10.2181
18.0085	10.2218
18.0085	10.2256
18.0085	10.2293
18.0085	10.2330
18.0085	10.2368
18.0048	10.2405
18.0048	10.2442
18.0048	10.2480
18.0048	10.2517
18.0048	10.2554
18.0048	10.2591
18.0048	10.2629
18.0010	10.2629
18.0010	10.2666
18.0010	10.2703
18.0010	10.2741
18.0010	10.2778
17.9973	10.2815
17.9973	10.2852
17.9936	10.2852
17.9936	10.2890
17.9899	10.2890
17.9861	10.2927
17.9787	10.2927
17.9749	10.2964
17.9712	10.3002
17.9600	10.3002
17.9563	10.3039
17.9488	10.3039
17.9451	10.3076
17.9414	10.3076
17.9414	10.3114
17.9302	10.3114
17.9302	10.3151
17.9265	10.3151
17.9265	10.3188
17.9227	10.3188
17.9227	10.3225
17.9153	10.3225
17.9153	10.3263
17.9115	10.3263
17.9078	10.3300
17.9078	10.3337
17.9041	10.3337
17.9041	10.3375
17.9004	10.3375
17.9004	10.3412
17.8966	10.3412
17.8966	10.3449
17.8966	10.3486
17.8929	10.3486
17.8929	10.3524
17.8892	10.3561
17.8854	10.3561
17.8854	10.3598
17.8854	10.3636
17.8854	10.3673
17.8817	10.3673
17.8817	10.3710
17.8780	10.3710
17.8780	10.3747
17.8780	10.3785
17.8780	10.3822
17.8743	10.3822
17.8743	10.3859
17.8705	10.3859
17.8705	10.3897
17.8705	10.3934
17.8705	10.3971
17.8668	10.3971
17.8668	10.4009
17.8631	10.4009
17.8631	10.4046
17.8593	10.4046
17.8556	10.4083
17.8519	10.4083
17.8519	10.4120
17.8332	10.4120
17.8332	10.4158
17.8183	10.4158
17.8183	10.4195
17.8071	10.4195
17.8071	10.4232
17.7922	10.4232
17.7922	10.4270
17.7848	10.4270
17.7810	10.4307
17.7736	10.4307
17.7736	10.4344
17.7698	10.4344
17.7624	10.4381
17.7624	10.4419
17.7549	10.4419
17.7512	10.4456
17.7475	10.4493
17.7437	10.4493
17.7400	10.4531
17.7363	10.4568
17.7325	10.4605
17.7288	10.4605
17.7288	10.4643
17.7251	10.4643
17.7214	10.4680
17.7176	10.4717
17.7139	10.4717
17.7139	10.4754
17.7102	10.4754
17.7102	10.4792
17.7027	10.4792
17.7027	10.4829
17.6990	10.4829
17.6990	10.4866
17.6952	10.4866
17.6952	10.4904
17.6878	10.4904
17.6841	10.4941
17.6803	10.4941
17.6803	10.4978
17.6766	10.5015
17.6729	10.5015
17.6729	10.5053
17.6691	10.5053
17.6654	10.5090
17.6654	10.5127
17.6617	10.5127
17.6617	10.5165
17.6580	10.5165
17.6542	10.5202
17.6505	10.5202
17.6505	10.5239
17.6505	10.5276
17.6468	10.5314
17.6468	10.5351
17.6430	10.5351
17.6430	10.5388
17.6393	10.5388
17.6393	10.5426
17.6393	10.5463
17.6356	10.5463
17.6356	10.5500
17.6356	10.5538
17.6319	10.5538
17.6319	10.5575
17.6319	10.5612
17.6319	10.5649
17.6281	10.5649
17.6281	10.5687
17.6244	10.5687
17.6244	10.5724
17.6244	10.5761
17.6244	10.5799
17.6244	10.5836
17.6244	10.5873
17.6244	10.5910
17.6244	10.5948
17.6244	10.5985
17.6244	10.6022
17.6244	10.6060
17.6244	10.6097
17.6281	10.6097
17.6281	10.6134
17.6281	10.6171
17.6319	10.6171
17.6319	10.6209
17.6319	10.6246
17.6319	10.6283
17.6319	10.6321
17.6319	10.6358
17.6319	10.6395
17.6319	10.6433
17.6319	10.6470
17.6281	10.6470
17.6281	10.6507
17.6281	10.6544
17.6244	10.6544
17.6244	10.6582
17.6244	10.6619
17.6207	10.6619
17.6207	10.6656
17.6207	10.6694
17.6169	10.6694
17.6169	10.6731
17.6132	10.6768
17.6095	10.6768
17.6095	10.6805
17.6095	10.6843
17.6057	10.6880
17.6057	10.6917
17.6020	10.6917
17.6020	10.6955
17.5946	10.6992
17.5946	10.7029
17.5908	10.7067
17.5871	10.7104
17.5871	10.7141
17.5796	10.7178
17.5796	10.7216
17.5759	10.7216
17.5722	10.7253
17.5685	10.7253
17.5685	10.7328
17.5610	10.7328
17.5573	10.7365
17.5535	10.7402
17.5498	10.7402
17.5423	10.7439
17.5386	10.7439
17.5386	10.7402
17.5312	10.7402
17.5312	10.7365
17.4864	10.7365
17.4864	10.7377
17.4852	10.7377
17.4852	10.7390
17.4852	10.7402
17.4839	10.7402
17.4827	10.7415
17.4827	10.7427
17.4814	10.7427
17.4814	10.7439
17.4802	10.7439
17.4802	10.7452
17.4802	10.7464
17.4777	10.7464
17.4777	10.7477
17.4777	10.7489
17.4765	10.7489
17.4765	10.7502
17.4765	10.7514
17.4765	10.7526
17.4765	10.7539
17.4765	10.7551
17.4765	10.7564
17.4765	10.7576
17.4765	10.7589
17.4765	10.7601
17.4765	10.7613
17.4765	10.7626
17.4765	10.7638
17.4765	10.7651
17.4765	10.7663
17.4765	10.7676
17.4765	10.7688
17.4777	10.7688
17.4777	10.7700
17.4790	10.7713
17.4790	10.7725
17.4790	10.7738
17.4790	10.7750
17.4790	10.7763
17.4790	10.7775
17.4790	10.7788
17.4802	10.7788
17.4802	10.7800
17.4802	10.7812
17.4802	10.7825
17.4802	10.7837
17.4814	10.7837
17.4814	10.7850
17.4814	10.7862
17.4814	10.7875
17.4814	10.7887
17.4827	10.7887
17.4827	10.7899
17.4827	10.7912
17.4827	10.7924
17.4827	10.7937
17.4839	10.7937
17.4839	10.7949
17.4839	10.7962
17.4839	10.7974
17.4839	10.7986
17.4839	10.7999
17.4852	10.8011
17.4852	10.8024
17.4852	10.8036
17.4852	10.8049
17.4852	10.8061
17.4864	10.8073
17.4864	10.8086
17.4864	10.8098
17.4864	10.8111
17.4864	10.8123
17.4864	10.8136
17.4864	10.8148
17.4864	10.8160
17.4877	10.8160
17.4877	10.8173
17.4877	10.8185
17.4877	10.8198
17.4877	10.8210
17.4877	10.8223
17.4877	10.8235
17.4877	10.8247
17.4877	10.8260
17.4877	10.8272
17.4877	10.8285
17.4877	10.8297
17.4877	10.8310
17.4877	10.8322
17.4877	10.8334
17.4877	10.8347
17.4877	10.8359
17.4877	10.8372
17.4877	10.8384
17.4877	10.8397
17.4877	10.8409
17.4877	10.8421
17.4877	10.8434
17.4877	10.8446
17.4877	10.8459
17.4877	10.8471
17.4877	10.8484
17.4877	10.8496
17.4877	10.8508
17.4877	10.8521
17.4877	10.8533
17.4877	10.8546
17.4877	10.8558
17.4877	10.8571
17.4877	10.8583
17.4877	10.8595
17.4877	10.8608
17.4889	10.8608
17.4889	10.8620
17.4889	10.8633
17.4889	10.8645
17.4901	10.8645
17.4901	10.8658
17.4901	10.8670
17.4901	10.8683
17.4901	10.8695
17.4901	10.8707
17.4901	10.8720
17.4889	10.8720
17.4889	10.8745
17.4901	10.8745
17.4901	10.8782
17.4939	10.8782
17.4939	10.8819
17.4976	10.8819
17.4976	10.8857
17.5013	10.8857
17.5013	10.8894
17.5051	10.8894
17.5051	10.8931
17.5088	10.8968
17.5088	10.9006
17.5125	10.9006
17.5125	10.9043
17.5125	10.9080
17.5162	10.9080
17.5162	10.9118
17.5200	10.9118
17.5200	10.9192
17.5274	10.9192
17.5274	10.9267
17.5274	10.9341
17.5349	10.9341
17.5349	10.9416
17.5349	10.9491
17.5423	10.9491
17.5423	10.9565
17.5423	10.9640
17.5573	10.9640
17.5573	10.9714
17.5573	10.9789
17.5647	10.9789
17.5647	10.9863
17.5796	10.9863
17.5796	10.9938
17.5871	10.9938
17.5871	11.0013
17.5946	11.0087
17.6020	11.0087
17.6020	11.0162
17.6020	11.0236
17.6020	11.0311
17.6095	11.0386
17.6095	11.0460
17.6169	11.0460
17.6169	11.0535
17.6319	11.0535
17.6319	11.0609
17.6468	11.0609
17.6468	11.0684
17.6617	11.0684
17.6617	11.0758
17.6617	11.0833
17.6691	11.0833
17.6766	11.0908
17.6766	11.0982
17.6841	11.1057
17.6841	11.1131
17.6915	11.1131
17.6915	11.1206
17.6915	11.1281
17.6915	11.1355
17.7064	11.1355
17.7064	11.1430
17.7586	11.1430
17.7661	11.1504
17.7661	11.1579
17.7661	11.1653
17.7661	11.1728
17.7736	11.1803
17.7810	11.1877
17.7810	11.2026
17.7885	11.2176
17.7885	11.2250
17.7959	11.2325
17.7959	11.2474
17.8034	11.2623
17.8109	11.2698
17.8109	11.2847
17.8109	11.2921
17.8183	11.3071
17.8258	11.3071
17.8258	11.3145
17.8258	11.3220
17.8258	11.3294
17.8332	11.3369
17.8332	11.3444
17.8407	11.3444
17.8407	11.3518
17.8407	11.3593
17.8407	11.3667
17.8481	11.3667
17.8481	11.3742
17.8556	11.3816
17.8556	11.3891
17.8705	11.3966
17.8705	11.4040
17.8705	11.4115
17.8780	11.4115
17.8854	11.4189
17.8854	11.4264
17.9004	11.4413
17.9004	11.4488
17.9078	11.4488
17.9078	11.4562
17.9675	11.4562
17.9675	11.4637
17.9824	11.4637
17.9824	11.4711
18.0197	11.4711
18.0197	11.4786
18.0346	11.4786
18.0346	11.4861
18.0495	11.4861
18.0495	11.4935
18.0495	11.5010
18.0644	11.5010
18.0644	11.5084
18.0644	11.5159
18.0719	11.5159
18.0794	11.5234
18.0794	11.5308
18.0794	11.5383
18.0868	11.5383
18.0868	11.5457
18.0943	11.5457
18.0943	11.5532
18.0943	11.5606
18.0943	11.5681
18.0943	11.5756
18.1017	11.5756
18.1017	11.5830
18.1092	11.5830
18.1092	11.5905
18.1092	11.5979
18.1092	11.6054
18.1167	11.6054
18.1167	11.6129
18.1241	11.6129
18.1241	11.6203
18.1241	11.6278
18.1316	11.6278
18.1316	11.6352
18.1390	11.6352
18.1390	11.6427
18.1390	11.6501
18.1465	11.6576
18.1539	11.6576
18.1539	11.6651
18.1539	11.6725
18.1614	11.6725
18.1614	11.6800
18.1614	11.6874
18.1614	11.6949
18.1689	11.6949
18.1689	11.7024
18.1689	11.7098
18.1689	11.7173
18.1689	11.7247
18.1689	11.7322
18.1689	11.7397
18.1689	11.7471
18.1689	11.7546
18.1689	11.7620
18.1689	11.7695
18.1689	11.7769
18.1763	11.7769
18.1763	11.7844
18.1763	11.7919
18.1763	11.7993
18.1763	11.8068
18.1838	11.8068
18.1838	11.8142
18.1838	11.8217
18.1838	11.8292
18.1838	11.8366
18.1838	11.8441
18.1912	11.8441
18.1987	11.8515
18.1987	11.8590
18.1987	11.8664
18.1987	11.8739
18.2062	11.8739
18.2062	11.8814
18.2062	11.8888
18.2136	11.8888
18.2136	11.8963
18.2136	11.9037
18.2211	11.9037
18.2211	11.9112
18.2285	11.9187
18.2285	11.9261
18.2285	11.9336
18.2360	11.9336
18.2360	11.9410
18.2360	11.9485
18.2434	11.9559
18.2434	11.9634
18.2434	11.9709
18.2434	11.9783
18.2434	11.9858
18.2509	11.9932
18.2584	11.9932
18.2584	12.0007
18.2584	12.0082
18.2584	12.0156
18.2658	12.0156
18.2658	12.0231
18.2733	12.0231
18.2733	12.0305
18.2733	12.0380
18.2807	12.0380
18.2807	12.0454
18.2807	12.0529
18.3329	12.0529
18.3329	12.0604
18.3404	12.0604
18.3404	12.0678
18.3777	12.0678
18.3777	12.0753
18.3777	12.0827
18.3777	12.0902
18.3777	12.0977
18.3777	12.1051
18.3777	12.1126
18.3852	12.1275
18.3852	12.1350
18.3852	12.1424
18.3852	12.1499
18.3852	12.1573
18.3926	12.1573
18.3926	12.1648
18.4001	12.1648
18.4001	12.1722
18.4075	12.1722
18.4075	12.1797
18.4075	12.1872
18.4225	12.1872
18.4225	12.1946
18.4225	12.2021
18.4299	12.2095
18.4299	12.2170
18.4374	12.2170
18.4374	12.2245
18.4374	12.2319
18.4672	12.2319
18.4747	12.2394
18.4821	12.2468
18.4896	12.2468
18.4970	12.2543
18.5120	12.2543
18.5120	12.2617
18.5269	12.2617
18.5269	12.2692
18.5418	12.2692
18.5418	12.2767
18.5567	12.2767
18.5642	12.2841
18.5642	12.2916
18.5865	12.2916
18.5865	12.2990
18.5940	12.3065
18.6015	12.3065
18.6015	12.3140
18.6089	12.3140
18.6089	12.3214
18.6164	12.3214
18.6164	12.3289
18.6238	12.3289
18.6238	12.3363
18.6313	12.3363
18.6313	12.3438
18.6313	12.3512
18.6387	12.3512
18.6387	12.3587
18.6387	12.3662
18.6387	12.3736
18.6387	12.3811
18.6387	12.3885
18.6387	12.3960
18.6387	12.4035
18.6387	12.4109
18.6313	12.4109
18.6313	12.4184
18.6313	12.4258
18.6313	12.4333
18.6313	12.4407
18.6313	12.4482
18.6313	12.4557
18.6387	12.4557
18.6387	12.4631
18.6387	12.4706
18.6387	12.4780
18.6462	12.4780
18.6462	12.4855
18.6462	12.4930
18.6537	12.5004
18.6611	12.5004
18.6611	12.5079
18.6611	12.5153
18.6760	12.5153
18.6760	12.5228
18.6760	12.5302
18.6910	12.5302
18.6910	12.5377
18.6910	12.5452
18.7133	12.5452
18.7208	12.5526
18.7357	12.5601
18.7432	12.5675
18.7506	12.5750
18.7655	12.5750
18.7655	12.5825
18.7730	12.5825
18.7805	12.5899
18.7879	12.5899
18.7879	12.5974
18.7954	12.5974
18.7954	12.6048
18.8178	12.6048
18.8178	12.6123
18.8252	12.6198
18.8327	12.6198
18.8401	12.6272
18.8401	12.6347
18.8550	12.6347
18.8625	12.6421
18.8700	12.6496
18.8774	12.6496
18.8849	12.6645
18.8998	12.6645
18.9147	12.6794
18.9222	12.6794
18.9296	12.6869
18.9371	12.6943
18.9445	12.6943
18.9445	12.7018
18.9520	12.7018
18.9520	12.7093
18.9595	12.7093
18.9595	12.7242
18.9744	12.7242
18.9744	12.7316
18.9818	12.7391
18.9893	12.7391
18.9893	12.7465
18.9968	12.7540
19.0042	12.7689
19.0117	12.7689
19.0191	12.7764
19.0191	12.7838
19.0340	12.7838
19.0340	12.7913
19.0340	12.7988
19.0415	12.7988
19.0415	12.8062
19.0490	12.8062
19.0490	12.8137
19.0564	12.8137
19.0564	12.8211
19.0639	12.8286
19.0713	12.8360
19.0788	12.8360
19.0788	12.8435
19.0788	12.8510
19.0863	12.8510
19.0863	12.8584
19.0937	12.8584
19.0937	12.8659
19.1012	12.8659
19.1012	12.8733
19.1086	12.8733
19.1161	12.8883
19.1235	12.8883
19.1235	12.8957
19.1310	12.8957
19.1385	12.9032
19.1459	12.9032
19.1459	12.9106
19.1534	12.9106
19.1534	12.9181
19.1683	12.9181
19.1683	12.9255
19.1758	12.9255
19.1758	12.9330
19.1907	12.9330
19.1907	12.9405
19.1981	12.9405
19.1981	12.9479
19.2056	12.9554
19.2130	12.9554
19.2130	12.9628
19.2280	12.9628
19.2280	12.9703
19.2280	12.9778
19.2429	12.9778
19.2429	12.9852
19.2429	12.9927
19.2503	12.9927
19.2578	13.0001
19.2578	13.0076
19.2653	13.0076
19.2653	13.0151
19.2727	13.0151
19.2727	13.0225
19.2727	13.0300
19.2802	13.0300
19.2802	13.0374
19.2876	13.0374
19.2876	13.0449
19.2876	13.0523
19.2951	13.0598
19.3026	13.0598
19.3026	13.0673
19.3026	13.0747
19.3100	13.0822
19.3175	13.0896
19.3175	13.0971
19.3324	13.0971
19.3324	13.1046
19.3324	13.1120
19.3398	13.1120
19.3398	13.1195
19.3473	13.1195
19.3473	13.1269
19.3473	13.1344
19.3548	13.1344
19.3548	13.1418
19.3622	13.1418
19.3697	13.1493
19.3697	13.1568
19.3771	13.1568
19.3771	13.1642
19.3771	13.1717
19.3846	13.1717
19.3846	13.1791
19.3846	13.1866
19.3846	13.1941
19.3921	13.2015
19.3921	13.2090
19.3921	13.2164
19.3921	13.2239
19.3921	13.2313
19.3921	13.2388
19.3921	13.2463
19.3921	13.2537
19.3921	13.2612
19.3921	13.2686
19.3921	13.2761
19.3921	13.2836
19.3921	13.2910
19.3846	13.2910
19.3846	13.2985
19.3846	13.3059
19.3771	13.3059
19.3771	13.3134
19.3771	13.3208
19.3771	13.3283
19.3697	13.3283
19.3697	13.3358
19.3622	13.3358
19.3622	13.3432
19.3622	13.3507
19.3622	13.3581
19.3622	13.3656
19.3473	13.3656
19.3473	13.3731
19.3473	13.3805
19.3473	13.3880
19.3398	13.3880
19.3398	13.3954
19.3398	13.4029
19.3398	13.4104
19.3398	13.4178
19.3398	13.4253
19.3398	13.4327
19.3473	13.4327
19.3473	13.4402
19.3473	13.4476
19.3473	13.4551
19.3473	13.4626
19.3473	13.4700
19.3548	13.4700
19.3622	13.4775
19.3622	13.4849
19.3622	13.4924
19.3622	13.4999
19.3697	13.4999
19.3697	13.5073
19.3771	13.5073
19.3771	13.5148
19.3771	13.5222
19.3771	13.5297
19.3771	13.5371
19.3771	13.5446
19.3846	13.5446
19.3846	13.5521
19.3846	13.5595
19.3846	13.5670
19.3846	13.5744
19.3846	13.5819
19.3846	13.5894
19.3846	13.5968
19.3771	13.5968
19.3771	13.6043
19.3622	13.6043
19.3622	13.6117
19.3473	13.6117
19.3473	13.6192
19.3398	13.6192
19.3398	13.6266
19.3324	13.6266
19.3324	13.6341
19.3324	13.6416
19.3324	13.6490
19.3249	13.6490
19.3249	13.6565
19.3249	13.6639
19.3175	13.6639
19.3175	13.6714
19.3175	13.6789
19.3175	13.6863
19.3100	13.6863
19.3100	13.6938
19.3026	13.6938
19.3026	13.7012
19.3026	13.7087
19.3026	13.7161
19.2951	13.7161
19.2951	13.7236
19.2876	13.7236
19.2876	13.7311
19.0713	13.7311
19.0713	13.7385
19.0490	13.7385
19.0490	13.7460
19.0415	13.7460
19.0415	13.7534
19.0415	13.7609
19.0415	13.7684
19.0415	13.7758
19.0415	13.7833
19.0415	13.7907
19.0415	13.7982
19.0415	13.8057
19.0415	13.8131
19.0415	13.8206
19.0415	13.8280
19.0415	13.8355
19.0490	13.8355
19.0490	13.8429
19.0490	13.8504
19.0490	13.8579
19.0564	13.8579
19.0639	13.8653
19.0639	13.8728
19.0639	13.8802
19.0639	13.8877
19.0788	13.8877
19.0788	13.8952
19.0788	13.9026
19.0937	13.9026
19.0937	13.9101
19.1012	13.9101
19.1012	13.9175
19.1086	13.9175
19.1086	13.9250
19.1161	13.9250
19.1161	13.9324
19.1235	13.9324
19.1235	13.9399
19.1385	13.9399
19.1385	13.9474
19.1459	13.9474
19.1459	13.9548
19.1534	13.9548
19.1534	13.9623
19.1608	13.9623
19.1683	13.9697
19.1683	13.9772
19.1758	13.9847
19.1758	13.9921
19.1832	13.9921
19.1832	13.9996
19.1832	14.0070
19.1907	14.0070
19.1907	14.0145
19.1907	14.0219
19.1981	14.0219
19.1981	14.0294
19.1981	14.0369
19.2130	14.0369
19.2130	14.0443
19.2130	14.0518
19.2205	14.0518
19.2205	14.0592
19.2280	14.0592
19.2280	14.0667
19.2429	14.0742
19.2429	14.0816
19.2503	14.0891
19.2578	14.0965
19.2653	14.0965
19.2653	14.1114
19.2802	14.1114
19.2802	14.1189
19.2876	14.1189
19.2876	14.1264
19.3324	14.1264
19.3324	14.1338
19.3398	14.1338
19.3398	14.1413
19.3697	14.1413
19.3771	14.1487
19.3921	14.1487
19.3995	14.1562
19.4368	14.1562
19.4368	14.1637
19.4517	14.1637
19.4517	14.1711
19.4666	14.1711
19.4666	14.1786
19.4741	14.1786
19.4741	14.1860
19.4816	14.1860
19.4816	14.1935
19.4890	14.1935
19.4890	14.2009
19.4965	14.2009
19.4965	14.2084
19.4965	14.2159
19.4965	14.2233
19.4965	14.2308
19.4965	14.2382
19.4965	14.2457
19.4965	14.2532
19.4965	14.2606
19.4890	14.2606
19.4890	14.2681
19.4890	14.2755
19.4890	14.2830
19.4890	14.2905
19.4890	14.2979
19.4890	14.3054
19.4890	14.3128
19.4890	14.3203
19.4890	14.3277
19.4890	14.3352
19.4890	14.3427
19.4890	14.3501
19.4890	14.3576
19.4965	14.3576
19.4965	14.3650
19.5039	14.3650
19.5039	14.3725
19.5114	14.3725
19.5114	14.3800
19.5263	14.3800
19.5263	14.3874
19.5412	14.3874
19.5412	14.3949
19.5711	14.3949
19.5785	14.4023
19.5785	14.4098
19.6009	14.4098
19.6083	14.4172
19.6158	14.4172
19.6233	14.4247
19.6456	14.4247
19.6456	14.4322
19.6680	14.4322
19.6680	14.4396
19.6904	14.4396
19.6904	14.4471
19.7053	14.4471
19.7053	14.4545
19.7426	14.4545
19.7426	14.4620
19.7501	14.4695
19.7575	14.4695
19.7650	14.4769
19.7724	14.4844
19.7799	14.4844
19.7799	14.4918
19.7948	14.4918
19.7948	14.4993
19.7948	14.5067
19.7948	14.5142
19.8097	14.5142
19.8097	14.5217
19.8097	14.5291
19.8097	14.5366
19.8172	14.5366
19.8172	14.5440
19.8246	14.5440
19.8246	14.5515
19.8246	14.5590
19.8321	14.5590
19.8321	14.5664
19.8321	14.5739
19.8396	14.5739
19.8396	14.5813
19.8470	14.5813
19.8470	14.5888
19.8545	14.5888
19.8545	14.5962
19.8545	14.6037
19.8619	14.6037
19.8619	14.6112
19.8694	14.6112
19.8694	14.6186
19.8769	14.6261
19.8769	14.6335
19.8843	14.6335
19.8843	14.6410
19.8843	14.6485
19.8843	14.6559
19.8843	14.6634
19.8918	14.6634
19.8918	14.6708
19.8992	14.6708
19.8992	14.6783
19.8992	14.6858
19.8992	14.6932
19.8992	14.7007
19.8992	14.7081
19.9067	14.7081
19.9067	14.7156
19.9067	14.7230
19.9141	14.7230
19.9141	14.7380
19.9216	14.7380
19.9216	14.7454
19.9291	14.7454
19.9291	14.7529
19.9365	14.7529
19.9365	14.7603
19.9440	14.7603
19.9440	14.7678
19.9589	14.7678
19.9589	14.7753
19.9589	14.7827
19.9813	14.7827
19.9813	14.7902
19.9887	14.7902
19.9887	14.7976
20.0036	14.7976
20.0036	14.8051
20.0186	14.8051
20.0186	14.8125
20.0335	14.8125
20.0335	14.8200
20.0409	14.8200
20.0484	14.8275
20.0559	14.8349
20.0708	14.8349
20.0708	14.8424
20.0857	14.8424
20.0857	14.8498
20.0932	14.8498
20.0932	14.8573
20.1006	14.8573
20.1081	14.8648
20.1081	14.8722
20.1230	14.8722
20.1304	14.8797
20.1304	14.8871
20.1379	14.8871
20.1379	14.8946
20.1454	14.8946
20.1454	14.9020
20.1528	14.9020
20.1603	14.9095
20.1603	14.9170
20.1677	14.9170
20.1677	14.9244
20.1752	14.9244
20.1827	14.9319
20.1901	14.9393
20.1901	14.9468
20.2050	14.9468
20.2050	14.9543
20.2050	14.9617
20.2125	14.9617
20.2125	14.9692
20.2274	14.9692
20.2274	14.9766
20.2274	14.9841
20.2274	14.9915
20.2349	14.9915
20.2349	14.9990
20.2423	14.9990
20.2423	15.0065
20.2572	15.0065
20.2572	15.0139
20.2572	15.0214
20.2647	15.0214
20.2647	15.0288
20.2722	15.0288
20.2722	15.0363
20.2796	15.0363
20.2871	15.0438
20.2945	15.0512
20.3020	15.0512
20.3020	15.0661
20.3169	15.0661
20.3169	15.0736
20.3318	15.0736
20.3318	15.0811
20.3393	15.0885
20.3467	15.0960
20.3542	15.0960
20.3542	15.1034
20.3617	15.1034
20.3691	15.1109
20.3766	15.1109
20.3766	15.1183
20.3840	15.1258
20.3915	15.1258
20.3915	15.1333
20.3989	15.1333
20.3989	15.1407
20.4064	15.1407
20.4139	15.1482
20.4213	15.1482
20.4213	15.1556
20.4288	15.1556
20.4362	15.1631
20.4437	15.1706
20.4586	15.1706
20.4661	15.1855
20.4810	15.1855
20.4810	15.1929
20.4810	15.2004
20.4959	15.2004
20.4959	15.2078
20.5108	15.2078
20.5108	15.2153
20.5257	15.2153
20.5257	15.2228
20.5332	15.2302
20.5481	15.2302
20.5556	15.2377
20.5556	15.2451
20.5780	15.2451
20.5780	15.2526
20.5854	15.2526
20.5854	15.2601
20.5929	15.2675
20.6003	15.2675
20.6003	15.2750
20.6078	15.2750
20.6152	15.2824
20.6152	15.2899
20.6302	15.2899
20.6302	15.2973
20.6376	15.3048
20.6451	15.3048
20.6451	15.3123
20.6600	15.3123
20.6600	15.3197
20.6600	15.3272
20.6675	15.3272
20.6675	15.3346
20.6749	15.3346
20.6824	15.3496
20.6898	15.3496
20.6898	15.3570
20.6973	15.3645
20.7047	15.3719
20.7047	15.3794
20.7122	15.3794
20.7197	15.3868
20.7197	15.3943
20.7271	15.3943
20.7271	15.4018
20.7346	15.4018
20.7346	15.4092
20.7420	15.4092
20.7495	15.4241
20.7570	15.4241
20.7644	15.4316
20.7644	15.4391
20.7793	15.4465
20.7793	15.4540
20.7868	15.4614
20.7942	15.4689
20.8017	15.4764
20.8092	15.4838
20.8092	15.4913
20.8166	15.4987
20.8241	15.4987
20.8241	15.5062
20.8241	15.5136
20.8241	15.5211
20.8315	15.5211
20.8315	15.5286
20.8390	15.5360
20.8390	15.5435
20.8465	15.5435
20.8539	15.5509
20.8539	15.5584
20.8614	15.5584
20.8614	15.5659
20.8688	15.5659
20.8688	15.5733
20.8688	15.5808
20.8688	15.5882
20.8688	15.5957
20.8688	15.6031
20.8688	15.6106
20.8688	15.6181
20.8688	15.6255
20.8688	15.6330
20.8688	15.6404
20.8688	15.6479
20.8614	15.6479
20.8614	15.6554
20.8539	15.6628
20.8539	15.6703
20.8465	15.6703
20.8465	15.6777
20.8390	15.6777
20.8390	15.6852
20.8390	15.6926
20.8241	15.6926
20.8241	15.7001
20.8166	15.7001
20.8166	15.7076
20.8017	15.7076
20.8017	15.7150
20.7942	15.7150
20.7942	15.7225
20.7942	15.7299
20.7942	15.7374
20.7942	15.7449
20.7942	15.7523
20.7942	15.7598
20.7942	15.7672
20.8241	15.7672
20.8241	15.7821
20.8539	15.7821
20.8539	15.7896
20.8688	15.7896
20.8688	15.7971
20.9882	15.7971
20.9882	15.7896
20.9882	15.7821
21.0105	15.7821
21.0180	15.7747
21.0255	15.7672
21.0478	15.7672
21.0553	15.7747
21.0702	15.7747
21.0777	15.7821
21.1373	15.7821
21.1373	15.7896
21.1523	15.7896
21.1523	15.7971
21.1821	15.7971
21.1821	15.8045
21.1895	15.8045
21.1895	15.8120
21.2119	15.8120
21.2119	15.8194
21.2119	15.8269
21.2119	15.8344
21.2119	15.8418
21.2194	15.8418
21.2194	15.8493
21.2268	15.8493
21.2268	15.8567
21.2268	15.8642
21.2343	15.8642
21.2343	15.8716
21.2492	15.8716
21.2492	15.8791
21.2492	15.8866
21.2567	15.8866
21.2641	15.8940
21.2716	15.8940
21.2716	15.9015
21.2790	15.9089
21.2865	15.9089
21.2865	15.9164
21.2940	15.9164
21.2940	15.9239
21.3014	15.9313
21.3089	15.9313
21.3089	15.9388
21.3163	15.9388
21.3163	15.9462
21.3163	15.9537
21.3163	15.9612
21.3238	15.9612
21.3238	15.9686
21.3238	15.9761
21.3238	15.9835
21.3238	15.9910
21.3238	15.9984
21.3313	15.9984
21.3313	16.0059
21.3760	16.0059
21.3760	16.0134
21.3835	16.0134
21.3835	16.0208
21.3984	16.0208
21.3984	16.0283
21.4058	16.0283
21.4058	16.0357
21.4282	16.0357
21.4282	16.0432
21.4282	16.0507
21.4506	16.0507
21.4506	16.0581
21.4581	16.0581
21.4581	16.0656
21.4804	16.0656
21.4804	16.0730
21.5401	16.0730
21.5401	16.0656
21.5476	16.0656
21.5476	16.0581
21.5550	16.0581
21.5550	16.0507
21.5625	16.0507
21.5625	16.0432
21.5699	16.0432
21.5699	16.0357
21.5699	16.0283
21.5699	16.0208
21.5774	16.0208
21.5774	16.0134
21.5774	16.0059
21.5848	16.0059
21.5848	15.9984
21.5848	15.9910
21.5848	15.9835
21.5848	15.9761
21.5848	15.9686
21.5848	15.9612
21.5848	15.9537
21.5848	15.9462
21.5923	15.9462
21.5923	15.9388
21.5998	15.9388
21.5998	15.9313
21.5998	15.9239
21.5998	15.9164
21.6072	15.9164
21.6072	15.9089
21.6072	15.9015
21.6072	15.8940
21.6147	15.8940
21.6147	15.8866
21.6147	15.8791
21.6147	15.8716
21.6221	15.8716
21.6221	15.8642
21.6221	15.8567
21.6296	15.8567
21.6296	15.8493
21.6296	15.8418
21.6371	15.8418
21.6371	15.8344
21.6445	15.8344
21.6445	15.8269
21.6445	15.8194
21.6520	15.8194
21.6520	15.8120
21.6594	15.8120
21.6594	15.8045
21.6594	15.7971
21.6669	15.7971
21.6669	15.7896
21.6669	15.7821
21.6743	15.7821
21.6743	15.7747
21.6893	15.7747
21.6893	15.7672
21.6893	15.7598
21.6967	15.7598
21.6967	15.7523
21.7042	15.7523
21.7042	15.7449
21.7116	15.7374
21.7191	15.7374
21.7191	15.7299
21.7266	15.7225
21.7340	15.7225
21.7340	15.7150
21.7340	15.7076
21.7489	15.7076
21.7489	15.7001
21.7564	15.7001
21.7564	15.6926
21.7639	15.6926
21.7639	15.6852
21.7713	15.6852
21.7713	15.6777
21.7788	15.6777
21.7788	15.6703
21.7862	15.6703
21.7862	15.6628
21.7937	15.6628
21.7937	15.6554
21.8086	15.6554
21.8086	15.6479
21.8086	15.6404
21.8161	15.6404
21.8161	15.6330
21.8310	15.6330
21.8310	15.6255
21.8384	15.6255
21.8384	15.6181
21.8459	15.6181
21.8459	15.6106
21.8534	15.6106
21.8534	15.6031
21.8608	15.6031
21.8683	15.5957
21.8683	15.5882
21.8757	15.5882
21.8757	15.5808
21.8832	15.5808
21.8832	15.5733
21.8981	15.5733
21.8981	15.5659
21.8981	15.5584
21.9130	15.5584
21.9130	15.5509
21.9130	15.5435
21.9205	15.5435
21.9205	15.5360
21.9279	15.5360
21.9279	15.5286
21.9354	15.5286
21.9354	15.5211
21.9429	15.5211
21.9429	15.5136
21.9503	15.5136
21.9503	15.5062
21.9503	15.4987
21.9578	15.4987
21.9578	15.4913
21.9652	15.4913
21.9652	15.4838
21.9727	15.4838
21.9727	15.4764
21.9727	15.4689
21.9876	15.4689
21.9876	15.4614
21.9876	15.4540
21.9951	15.4540
21.9951	15.4465
21.9951	15.4391
22.0025	15.4391
22.0025	15.4316
22.0025	15.4241
22.0025	15.4167
22.0100	15.4167
22.0100	15.4092
22.0100	15.4018
22.0100	15.3943
22.0174	15.3943
22.0174	15.3868
22.0174	15.3794
22.0174	15.3719
22.0174	15.3645
22.0174	15.3570
22.0174	15.3496
22.0174	15.3421
22.0174	15.3346
22.0249	15.3346
22.0249	15.3272
22.0324	15.3272
22.0324	15.3197
22.0324	15.3123
22.0324	15.3048
22.0324	15.2973
22.0324	15.2899
22.0324	15.2824
22.0324	15.2750
22.0398	15.2750
22.0398	15.2675
22.0398	15.2601
22.0398	15.2526
22.0398	15.2451
22.0398	15.2377
22.0398	15.2302
22.0398	15.2228
22.0398	15.2153
22.0398	15.2078
22.0398	15.2004
22.0398	15.1929
22.0398	15.1855
22.0398	15.1780
22.0398	15.1706
22.0398	15.1631
22.0398	15.1556
22.0398	15.1482
22.0398	15.1407
22.0324	15.1407
22.0324	15.1333
22.0324	15.1258
22.0324	15.1183
22.0324	15.1109
22.0324	15.1034
22.0324	15.0960
22.0324	15.0885
22.0324	15.0811
22.0249	15.0811
22.0249	15.0736
22.0249	15.0661
22.0174	15.0661
22.0174	15.0587
22.0100	15.0587
22.0100	15.0512
22.0100	15.0438
22.0025	15.0438
22.0025	15.0363
22.0025	15.0288
21.9951	15.0288
21.9951	15.0214
21.9951	15.0139
21.9951	15.0065
21.9951	14.9990
21.9951	14.9915
21.9951	14.9841
22.0025	14.9841
22.0025	14.9766
22.0025	14.9692
22.0025	14.9617
22.0174	14.9617
22.0174	14.9543
22.0174	14.9468
22.0249	14.9468
22.0249	14.9393
22.0324	14.9393
22.0324	14.9319
22.0398	14.9319
22.0398	14.9244
22.0473	14.9244
22.0473	14.9170
22.1144	14.9170
22.1144	14.9244
22.1219	14.9244
22.1219	14.9319
22.1368	14.9319
22.1368	14.9393
22.1368	14.9468
22.1517	14.9468
22.1517	14.9543
22.1592	14.9617
22.1666	14.9617
22.1741	14.9692
22.1815	14.9692
22.1815	14.9766
22.1964	14.9766
22.1964	14.9841
22.2114	14.9841
22.2114	14.9915
22.2561	14.9915
22.2561	14.9990
22.2561	15.0065
22.2561	15.0139
22.2636	15.0139
22.2636	15.0214
22.2636	15.0288
22.2636	15.0363
22.2710	15.0363
22.2710	15.0438
22.2710	15.0512
22.2710	15.0587
22.2710	15.0661
22.2785	15.0661
22.2785	15.0736
22.2785	15.0811
22.2859	15.0811
22.2859	15.0885
22.2859	15.0960
22.2859	15.1034
22.2934	15.1034
22.2934	15.1109
22.3009	15.1109
22.3009	15.1183
22.3009	15.1258
22.3083	15.1258
22.3083	15.1333
22.3083	15.1407
22.3158	15.1407
22.3158	15.1482
22.3158	15.1556
22.3158	15.1631
22.3232	15.1631
22.3232	15.1706
22.3307	15.1706
22.3307	15.1780
22.3307	15.1855
22.3382	15.1855
22.3382	15.1929
22.3382	15.2004
22.3456	15.2004
22.3456	15.2078
22.3456	15.2153
22.3456	15.2228
22.3456	15.2302
22.3605	15.2302
22.3605	15.2377
22.3605	15.2451
22.3605	15.2526
22.3605	15.2601
22.3680	15.2601
22.3754	15.2675
22.3754	15.2750
22.3829	15.2750
22.3829	15.2824
22.3904	15.2899
22.4053	15.2973
22.4053	15.3048
22.4127	15.3048
22.4127	15.3123
22.4202	15.3123
22.4202	15.3197
22.4277	15.3197
22.4277	15.3272
22.4351	15.3272
22.4351	15.3346
22.4500	15.3346
22.4500	15.3421
22.4724	15.3421
22.4724	15.3496
22.4724	15.3570
22.4799	15.3570
22.4799	15.3645
22.4799	15.3719
22.4799	15.3794
22.4799	15.3943
22.4873	15.3943
22.4873	15.4018
22.4873	15.4092
22.4948	15.4092
22.4948	15.4167
22.4948	15.4241
22.4948	15.4316
22.4948	15.4391
22.5022	15.4391
22.5022	15.4465
22.5022	15.4540
22.5097	15.4540
22.5097	15.4614
22.5097	15.4689
22.5246	15.4689
22.5246	15.4764
22.5321	15.4764
22.5321	15.4838
22.5395	15.4838
22.5470	15.4913
22.5544	15.4913
22.5544	15.4987
22.5694	15.4987
22.5694	15.5062
22.5768	15.5136
22.5843	15.5136
22.5843	15.5211
22.5917	15.5211
22.5917	15.5286
22.6067	15.5286
22.6067	15.5360
22.6141	15.5360
22.6141	15.5435
22.6290	15.5435
22.6290	15.5509
22.6290	15.5584
22.6365	15.5584
22.6365	15.5659
22.6440	15.5659
22.6440	15.5733
22.6440	15.5808
22.6514	15.5882
22.6514	15.5957
22.6589	15.5957
22.6589	15.6031
22.6589	15.6106
22.6589	15.6181
22.6589	15.6255
22.6663	15.6255
22.6663	15.6330
22.6663	15.6404
22.6663	15.6479
22.6663	15.6554
22.6663	15.6628
22.6738	15.6628
22.6738	15.6703
22.6738	15.6777
22.6738	15.6852
22.6738	15.6926
22.6738	15.7001
22.6812	15.7001
22.6812	15.7076
22.6887	15.7076
22.6887	15.7150
22.6887	15.7225
22.6887	15.7299
22.6962	15.7299
22.6962	15.7374
22.7036	15.7374
22.7111	15.7449
22.7111	15.7523
22.7185	15.7523
22.7185	15.7598
22.7260	15.7598
22.7335	15.7672
22.7409	15.7672
22.7409	15.7747
22.7484	15.7747
22.7484	15.7821
22.7782	15.7821
22.7782	15.7896
22.7857	15.7896
22.7931	15.7971
22.8155	15.7971
22.8230	15.8045
22.8379	15.8045
22.8453	15.8120
22.8826	15.8120
22.8901	15.8194
22.8975	15.8194
22.9050	15.8269
22.9423	15.8269
22.9497	15.8344
22.9647	15.8344
22.9721	15.8418
23.0020	15.8418
23.0169	15.8493
23.0318	15.8493
23.0467	15.8567
23.0765	15.8567
23.0765	15.8642
23.0765	15.8716
23.0840	15.8716
23.0840	15.8791
23.0840	15.8866
23.0840	15.8940
23.0840	15.9015
23.0840	15.9089
23.0840	15.9164
23.0840	15.9239
23.0840	15.9313
23.0840	15.9388
23.0840	15.9462
23.0840	15.9537
23.0840	15.9612
23.0840	15.9686
23.0840	15.9761
23.0840	15.9835
23.0840	15.9910
23.0840	15.9984
23.0840	16.0059
23.0840	16.0134
23.0840	16.0208
23.0840	16.0283
23.0840	16.0357
23.0915	16.0357
23.0915	16.0432
23.0915	16.0507
23.0915	16.0581
23.0989	16.0581
23.0989	16.0656
23.1064	16.0656
23.1064	16.0730
23.1064	16.0805
23.1138	16.0805
23.1138	16.0879
23.1213	16.0879
23.1213	16.0954
23.1288	16.1029
23.1288	16.1103
23.1362	16.1103
23.1437	16.1178
23.1437	16.1252
23.1511	16.1252
23.1511	16.1327
23.2481	16.1327
23.2481	16.1252
23.2854	16.1252
23.2854	16.1178
23.3003	16.1178
23.3003	16.1103
23.4346	16.1103
23.4346	16.1029
23.4644	16.1029
23.4644	16.0954
23.4942	16.0954
23.5017	16.0879
23.5315	16.0879
23.5315	16.0805
23.5539	16.0805
23.5539	16.0730
23.5613	16.0730
23.5613	16.0656
23.5763	16.0656
23.5763	16.0581
23.5763	16.0507
23.5837	16.0507
23.5837	16.0432
23.5912	16.0432
23.5912	16.0357
23.5986	16.0357
23.5986	16.0283
23.5986	16.0208
23.6136	16.0208
23.6136	16.0134
23.6136	16.0059
23.6285	16.0059
23.6285	15.9984
23.6359	15.9984
23.6359	15.9910
23.6434	15.9910
23.6508	15.9835
23.6583	15.9835
23.6583	15.9761
23.6658	15.9761
23.6658	15.9686
23.6732	15.9686
23.6732	15.9612
23.6807	15.9612
23.6807	15.9537
23.6881	15.9537
23.6881	15.9462
23.6956	15.9462
23.6956	15.9388
23.7031	15.9388
23.7031	15.9313
23.7031	15.9239
23.7180	15.9239
23.7180	15.9164
23.7180	15.9089
23.7254	15.9089
23.7254	15.9015
23.7329	15.9015
23.7329	15.8940
23.7329	15.8866
23.7403	15.8866
23.7403	15.8791
23.7478	15.8791
23.7478	15.8716
23.7553	15.8716
23.7553	15.8642
23.7627	15.8642
23.7627	15.8567
23.7776	15.8567
23.7776	15.8493
23.7926	15.8493
23.7926	15.8418
23.8224	15.8418
23.8299	15.8344
23.8597	15.8344
23.8597	15.8269
23.9119	15.8269
23.9119	15.8194
23.9641	15.8194
23.9641	15.8120
24.0089	15.8120
24.0089	15.8045
24.0238	15.8045
24.0238	15.7971
24.0536	15.7971
24.0536	15.7896
24.0611	15.7896
24.0611	15.7821
24.0760	15.7821
24.0760	15.7747
24.0909	15.7747
24.0909	15.7672
24.1058	15.7672
24.1058	15.7598
24.1133	15.7598
24.1133	15.7523
24.1282	15.7523
24.1282	15.7449
24.1356	15.7374
24.1431	15.7374
24.1431	15.7299
24.1431	15.7225
24.1506	15.7225
24.1506	15.7150
24.1506	15.7076
24.1506	15.7001
24.1431	15.6926
24.1431	15.6852
24.1431	15.6777
24.1431	15.6703
24.1431	15.6628
24.1356	15.6628
24.1356	15.6554
24.1356	15.6479
24.1356	15.6404
24.1356	15.6330
24.1356	15.6255
24.1356	15.6181
24.1356	15.6106
24.1356	15.6031
24.1356	15.5957
24.1356	15.5882
24.1356	15.5808
24.1356	15.5733
24.1356	15.5659
24.1356	15.5584
24.1431	15.5584
24.1431	15.5509
24.1506	15.5509
24.1506	15.5435
24.1506	15.5360
24.1580	15.5360
24.1580	15.5286
24.1655	15.5286
24.1655	15.5211
24.1655	15.5136
24.1804	15.5136
24.1804	15.5062
24.1804	15.4987
24.1879	15.4987
24.1879	15.4913
24.1953	15.4913
24.1953	15.4838
24.2028	15.4838
24.2028	15.4764
24.2102	15.4764
24.2102	15.4689
24.2251	15.4689
24.2251	15.4614
24.2251	15.4540
24.2475	15.4540
24.2475	15.4465
24.2550	15.4465
24.2550	15.4391
24.2624	15.4391
24.2624	15.4316
24.2699	15.4316
24.2699	15.4241
24.2848	15.4241
24.2848	15.4167
24.2923	15.4167
24.2923	15.4092
24.3072	15.4092
24.3072	15.4018
24.3147	15.4018
24.3147	15.3943
24.3296	15.3943
24.3296	15.3868
24.3296	15.3794
24.3370	15.3794
24.3370	15.3719
24.3445	15.3719
24.3445	15.3645
24.3445	15.3570
24.3445	15.3496
24.3519	15.3496
24.3594	15.3421
24.3594	15.3346
24.3594	15.3272
24.3594	15.3197
24.3669	15.3197
24.3669	15.3123
24.3743	15.3123
24.3743	15.3048
24.3743	15.2973
24.3743	15.2899
24.3743	15.2824
24.3743	15.2750
24.3818	15.2750
24.3818	15.2675
24.3818	15.2601
24.3818	15.2526
24.3892	15.2526
24.3892	15.2451
24.3892	15.2377
24.3967	15.2377
24.3967	15.2302
24.4042	15.2302
24.4042	15.2228
24.4191	15.2228
24.4191	15.2153
24.4340	15.2153
24.4340	15.2078
24.4414	15.2078
24.4414	15.2004
24.4638	15.2004
24.4638	15.1929
24.4638	15.1855
24.4862	15.1855
24.4937	15.1780
24.5011	15.1780
24.5011	15.1706
24.5160	15.1706
24.5160	15.1631
24.5235	15.1631
24.5235	15.1556
24.5384	15.1556
24.5384	15.1482
24.5384	15.1407
24.5533	15.1407
24.5533	15.1333
24.5533	15.1258
24.5608	15.1258
24.5608	15.1183
24.5682	15.1183
24.5682	15.1109
24.5682	15.1034
24.5682	15.0960
24.5682	15.0885
24.5682	15.0811
24.5757	15.0811
24.5757	15.0736
24.5832	15.0736
24.5832	15.0661
24.5832	15.0587
24.5906	15.0587
24.5906	15.0512
24.5981	15.0512
24.5981	15.0438
24.5981	15.0363
24.6130	15.0363
24.6130	15.0288
24.6130	15.0214
24.6279	15.0214
24.6279	15.0139
24.6354	15.0139
24.6354	15.0065
24.6428	15.0065
24.6428	14.9990
24.6503	14.9990
24.6503	14.9915
24.6577	14.9915
24.6577	14.9841
24.6577	14.9766
24.6727	14.9766
24.6727	14.9692
24.6727	14.9617
24.6801	14.9617
24.6801	14.9543
24.6876	14.9543
24.6876	14.9468
24.6876	14.9393
24.6876	14.9319
24.7025	14.9319
24.7025	14.9244
24.7025	14.9170
24.7025	14.9095
24.7025	14.9020
24.7025	14.8946
24.7100	14.8946
24.7100	14.8871
24.7100	14.8797
24.7100	14.8722
24.7100	14.8648
24.7100	14.8573
24.7100	14.8498
24.7100	14.8424
24.7100	14.8349
24.7100	14.8275
24.7174	14.8275
24.7174	14.8200
24.7174	14.8125
24.7323	14.8125
24.7323	14.8051
24.7323	14.7976
24.7323	14.7902
24.7398	14.7902
24.7398	14.7827
24.7472	14.7827
24.7472	14.7753
24.7472	14.7678
24.7472	14.7603
24.7472	14.7529
24.7547	14.7529
24.7547	14.7454
24.7547	14.7380
24.7622	14.7380
24.7622	14.7305
24.7622	14.7230
24.7622	14.7156
24.7622	14.7081
24.7622	14.7007
24.7622	14.6932
24.7622	14.6858
24.7622	14.6783
24.7622	14.6708
24.7622	14.6634
24.7622	14.6559
24.7622	14.6485
24.7622	14.6410
24.7622	14.6335
24.7622	14.6261
24.7622	14.6186
24.7622	14.6112
24.7622	14.6037
24.7622	14.5962
24.7622	14.5888
24.7622	14.5813
24.7622	14.5739
24.7622	14.5664
24.7622	14.5590
24.7622	14.5515
24.7622	14.5440
24.7696	14.5440
24.7696	14.5366
24.7696	14.5291
24.7696	14.5217
24.7771	14.5217
24.7771	14.5142
24.7771	14.5067
24.7920	14.5067
24.7920	14.4993
24.7995	14.4993
24.7995	14.4918
24.8069	14.4918
24.8069	14.4844
24.8069	14.4769
24.8069	14.4695
24.8069	14.4620
24.8069	14.4545
24.8069	14.4471
24.8069	14.4396
24.8069	14.4322
24.8069	14.4247
24.8069	14.4172
24.8069	14.4098
24.8069	14.4023
24.8069	14.3949
24.8069	14.3874
24.8069	14.3800
24.8069	14.3725
24.8069	14.3650
24.8069	14.3576
24.8069	14.3501
24.8069	14.3427
24.8069	14.3352
24.8069	14.3277
24.8069	14.3203
24.8069	14.3128
24.8069	14.3054
24.8144	14.3054
24.8144	14.2979
24.8144	14.2905
24.8218	14.2905
24.8218	14.2830
24.8218	14.2755
24.8293	14.2755
24.8293	14.2681
24.8293	14.2606
24.8367	14.2606
24.8367	14.2532
24.8367	14.2457
24.8367	14.2382
24.8367	14.2308
24.8367	14.2233
24.8367	14.2159
24.8367	14.2084
24.8367	14.2009
24.8367	14.1935
24.8367	14.1860
24.8367	14.1786
24.8367	14.1711
24.8367	14.1637
24.8367	14.1562
24.8442	14.1562
24.8442	14.1487
24.8442	14.1413
24.8442	14.1338
24.8442	14.1264
24.8442	14.1189
24.8442	14.1114
24.8442	14.1040
24.8517	14.0965
24.8517	14.0891
24.8517	14.0816
24.8517	14.0742
24.8517	14.0667
24.8591	14.0667
24.8591	14.0592
24.8666	14.0592
24.8666	14.0518
24.8666	14.0443
24.8666	14.0369
24.8666	14.0294
24.8666	14.0219
24.8666	14.0145
24.8666	14.0070
24.8666	13.9996
24.8666	13.9921
24.8666	13.9847
24.8666	13.9772
24.8666	13.9697
24.8666	13.9623
24.8666	13.9548
24.8666	13.9474
24.8666	13.9399
24.8666	13.9324
24.8666	13.9250
24.8666	13.9175
24.8666	13.9101
24.8740	13.9101
24.8740	13.9026
24.8740	13.8952
24.8740	13.8877
24.8815	13.8877
24.8815	13.8802
24.8815	13.8728
24.8815	13.8653
24.8815	13.8579
24.8815	13.8504
24.8815	13.8429
24.8890	13.8429
24.8964	13.8355
24.9039	13.8355
24.9039	13.8280
24.9039	13.8206
24.9113	13.8206
24.9113	13.8131
24.9188	13.8131
24.9188	13.8057
24.9262	13.8057
24.9262	13.7982
24.9262	13.7907
24.9412	13.7907
24.9412	13.7833
24.9412	13.7758
24.9486	13.7758
24.9486	13.7684
24.9561	13.7609
24.9635	13.7534
24.9635	13.7460
24.9785	13.7460
24.9785	13.7385
24.9785	13.7311
24.9859	13.7311
24.9859	13.7236
24.9934	13.7236
25.0008	13.7161
25.0083	13.7161
25.0157	13.7087
25.0157	13.7012
25.0307	13.7012
25.0307	13.6938
25.0381	13.6863
25.0530	13.6863
25.0530	13.6789
25.0605	13.6789
25.0605	13.6714
25.0754	13.6714
25.0754	13.6639
25.0829	13.6639
25.0829	13.6565
25.0903	13.6565
25.0903	13.6490
25.0978	13.6416
25.1053	13.6416
25.1053	13.6341
25.1127	13.6341
25.1127	13.6266
25.1351	13.6266
25.1351	13.6192
25.1351	13.6117
25.1351	13.6043
25.1351	13.5968
25.1425	13.5968
25.1425	13.5894
25.1425	13.5819
25.1425	13.5744
25.1425	13.5670
25.1425	13.5595
25.1425	13.5521
25.1425	13.5446
25.1425	13.5371
25.1425	13.5297
25.1425	13.5222
25.1425	13.5148
25.1425	13.5073
25.1351	13.5073
25.1351	13.4999
25.1351	13.4924
25.1351	13.4849
25.1276	13.4775
25.1276	13.4700
25.1276	13.4626
25.1202	13.4626
25.1202	13.4551
25.1202	13.4476
25.1202	13.4402
25.1127	13.4402
25.1127	13.4327
25.1127	13.4253
25.1127	13.4178
25.1127	13.4104
25.1127	13.4029
25.1127	13.3954
25.1127	13.3880
25.1127	13.3805
25.1127	13.3731
25.1127	13.3656
25.1127	13.3581
25.1127	13.3507
25.1127	13.3432
25.1127	13.3358
25.1127	13.3283
25.1127	13.3208
25.1127	13.3134
25.1127	13.3059
25.1127	13.2985
25.1127	13.2910
25.1127	13.2836
25.1053	13.2836
25.1053	13.2761
25.1053	13.2686
25.1053	13.2612
25.1053	13.2537
25.1053	13.2463
25.1053	13.2388
25.1053	13.2313
25.1053	13.2239
25.0978	13.2164
25.0978	13.2090
25.0903	13.2090
25.0903	13.2015
25.0903	13.1941
25.0829	13.1941
25.0829	13.1866
25.0829	13.1791
25.0829	13.1717
25.0829	13.1642
25.0829	13.1568
25.0829	13.1493
25.0829	13.1418
25.0829	13.1344
25.0829	13.1269
25.0829	13.1195
25.0829	13.1120
25.0829	13.1046
25.0829	13.0971
25.0829	13.0896
25.0829	13.0822
25.0754	13.0822
25.0754	13.0747
25.0754	13.0673
25.0754	13.0598
25.0680	13.0598
25.0680	13.0523
25.0680	13.0449
25.0605	13.0449
25.0605	13.0374
25.0605	13.0300
25.0605	13.0225
25.0605	13.0151
25.0605	13.0076
25.0530	13.0076
25.0530	13.0001
25.0456	13.0001
25.0456	12.9927
25.0456	12.9852
25.0381	12.9852
25.0381	12.9778
25.0307	12.9778
25.0307	12.9703
25.0232	12.9703
25.0232	12.9628
25.0232	12.9554
25.0157	12.9554
25.0157	12.9479
25.0157	12.9405
25.0157	12.9330
25.0157	12.9255
25.0157	12.9181
25.0157	12.9106
25.0157	12.9032
25.0157	12.8957
25.0157	12.8883
25.0157	12.8808
25.0157	12.8733
25.0157	12.8659
25.0157	12.8584
25.0232	12.8584
25.0232	12.8510
25.0232	12.8435
25.0307	12.8435
25.0307	12.8360
25.0307	12.8286
25.0307	12.8211
25.0381	12.8137
25.0381	12.8062
25.0530	12.8062
25.0530	12.7988
25.0829	12.7988
25.0829	12.7913
25.0903	12.7913
25.0903	12.7838
25.0903	12.7764
25.0903	12.7689
25.0903	12.7615
25.0978	12.7615
25.0978	12.7540
25.0978	12.7465
25.0978	12.7391
25.0978	12.7316
25.0978	12.7242
25.0978	12.7167
25.0978	12.7093
25.0978	12.7018
25.0829	12.7018
25.0829	12.6943
25.0829	12.6869
25.0754	12.6869
25.0754	12.6794
25.0754	12.6720
25.0605	12.6720
25.0605	12.6645
25.0605	12.6570
25.0456	12.6570
25.0456	12.6496
25.0456	12.6421
25.0232	12.6421
25.0232	12.6347
25.0157	12.6347
25.0157	12.6272
25.0008	12.6272
25.0008	12.6198
24.9785	12.6198
24.9785	12.6123
24.9561	12.6123
24.9561	12.6048
24.9262	12.6048
24.9262	12.5974
24.9113	12.5974
24.9113	12.5899
24.9039	12.5825
24.8964	12.5825
24.8964	12.5750
24.8890	12.5750
24.8890	12.5675
24.8815	12.5675
24.8815	12.5601
24.8740	12.5601
24.8740	12.5526
24.8666	12.5526
24.8666	12.5377
24.8591	12.5377
24.8517	12.5302
24.8517	12.5228
24.8442	12.5228
24.8442	12.5153
24.8367	12.5153
24.8367	12.5079
24.8367	12.5004
24.8293	12.5004
24.8293	12.4930
24.8218	12.4930
24.8218	12.4855
24.8218	12.4780
24.8218	12.4706
24.8144	12.4631
24.8069	12.4557
24.8069	12.4482
24.7995	12.4482
24.7995	12.4407
24.7995	12.4333
24.7920	12.4333
24.7920	12.4258
24.7920	12.4184
24.7845	12.4184
24.7845	12.4109
24.7771	12.4109
24.7771	12.4035
24.7771	12.3960
24.7771	12.3885
24.7696	12.3885
24.7696	12.3811
24.7696	12.3736
24.7622	12.3736
24.7622	12.3662
24.7622	12.3587
24.7547	12.3587
24.7547	12.3512
24.7472	12.3512
24.7472	12.3438
24.7472	12.3363
24.7472	12.3289
24.7398	12.3289
24.7398	12.3214
24.7323	12.3140
24.7323	12.3065
24.7323	12.2990
24.7323	12.2916
24.7323	12.2841
24.7249	12.2841
24.7249	12.2767
24.7174	12.2767
24.7174	12.2692
24.7174	12.2617
24.7174	12.2543
24.7100	12.2543
24.7100	12.2468
24.7100	12.2394
24.7025	12.2319
24.7025	12.2245
24.7025	12.2170
24.7025	12.2095
24.7025	12.2021
24.6950	12.2021
24.6950	12.1946
24.6950	12.1872
24.6876	12.1872
24.6876	12.1797
24.6876	12.1722
24.6876	12.1648
24.6876	12.1573
24.6801	12.1573
24.6801	12.1499
24.6801	12.1424
24.6801	12.1350
24.6727	12.1350
24.6727	12.1275
24.6727	12.1200
24.6727	12.1126
24.6727	12.1051
24.6727	12.0977
24.6727	12.0902
24.6727	12.0827
24.6652	12.0827
24.6652	12.0753
24.6577	12.0753
24.6577	12.0678
24.6577	12.0604
24.6577	12.0529
24.6577	12.0454
24.6577	12.0380
24.6577	12.0305
24.6577	12.0231
24.6577	12.0156
24.6577	12.0082
24.6503	12.0082
24.6503	12.0007
24.6503	11.9932
24.6503	11.9858
24.6428	11.9858
24.6428	11.9783
24.6428	11.9709
24.6428	11.9634
24.6428	11.9559
24.6354	11.9559
24.6354	11.9485
24.6354	11.9410
24.6279	11.9336
24.6279	11.9261
24.6279	11.9187
24.6279	11.9112
24.6279	11.9037
24.6279	11.8963
24.6204	11.8963
24.6204	11.8888
24.6204	11.8814
24.6130	11.8814
24.6130	11.8739
24.6130	11.8664
24.6130	11.8590
24.6130	11.8515
24.6130	11.8441
24.6130	11.8366
24.6055	11.8366
24.6055	11.8292
24.6055	11.8217
24.5981	11.8142
24.5981	11.8068
24.5981	11.7993
24.5981	11.7919
24.5906	11.7919
24.5906	11.7844
24.5906	11.7769
24.5906	11.7695
24.5906	11.7620
24.5832	11.7620
24.5832	11.7546
24.5832	11.7471
24.5832	11.7397
24.5832	11.7322
24.5757	11.7247
24.5757	11.7173
24.5757	11.7098
24.5757	11.7024
24.5757	11.6949
24.5682	11.6949
24.5682	11.6874
24.5682	11.6800
24.5682	11.6725
24.5682	11.6651
24.5682	11.6576
24.5682	11.6501
24.5682	11.6427
24.5682	11.6352
24.5682	11.6278
24.5682	11.6203
24.5682	11.6129
24.5533	11.6129
24.5533	11.6054
24.5533	11.5979
24.5533	11.5905
24.5533	11.5830
24.5533	11.5756
24.5459	11.5756
24.5459	11.5681
24.5384	11.5606
24.5384	11.5532
24.5384	11.5457
24.5384	11.5383
24.5309	11.5383
24.5309	11.5308
24.5309	11.5234
24.5235	11.5234
24.5235	11.5159
24.5235	11.5084
24.5160	11.5084
24.5160	11.5010
24.5160	11.4935
24.5086	11.4935
24.5086	11.4861
24.5086	11.4786
24.5011	11.4711
24.5011	11.4637
24.4937	11.4637
24.4937	11.4562
24.4937	11.4488
24.4787	11.4488
24.4787	11.4413
24.4787	11.4339
24.4713	11.4339
24.4713	11.4264
24.4638	11.4264
24.4638	11.4189
24.4564	11.4115
24.4564	11.4040
24.4489	11.4040
24.4489	11.3966
24.4489	11.3891
24.4414	11.3891
24.4414	11.3816
24.4340	11.3816
24.4340	11.3742
24.4265	11.3742
24.4265	11.3667
24.4191	11.3667
24.4191	11.3593
24.4191	11.3518
24.4116	11.3518
24.4116	11.3444
24.4042	11.3444
24.4042	11.3369
24.4042	11.3294
24.3892	11.3294
24.3892	11.3220
24.3892	11.3145
24.3818	11.3145
24.3818	11.3071
24.3743	11.3071
24.3743	11.2996
24.3669	11.2996
24.3669	11.2921
24.3669	11.2847
24.3519	11.2847
24.3519	11.2772
24.3445	11.2698
24.3445	11.2623
24.3370	11.2623
24.3370	11.2548
24.3296	11.2548
24.3296	11.2474
24.3296	11.2399
24.3221	11.2399
24.3147	11.2325
24.3147	11.2250
24.3147	11.2176
24.3072	11.2176
24.3072	11.2101
24.2997	11.2101
24.2997	11.2026
24.2997	11.1952
24.2997	11.1877
24.2923	11.1877
24.2923	11.1803
24.2848	11.1803
24.2848	11.1728
24.2848	11.1653
24.2774	11.1653
24.2774	11.1579
24.2699	11.1579
24.2699	11.1504
24.2699	11.1430
24.2624	11.1355
24.2550	11.1355
24.2550	11.1281
24.2550	11.1206
24.2550	11.1131
24.2475	11.1131
24.2475	11.1057
24.2401	11.1057
24.2401	11.0982
24.2401	11.0908
24.2401	11.0833
24.2401	11.0758
24.2251	11.0758
24.2251	11.0684
24.2251	11.0609
24.2251	11.0535
24.2251	11.0460
24.2177	11.0460
24.2177	11.0386
24.2177	11.0311
24.2102	11.0311
24.2102	11.0236
24.2102	11.0162
24.2102	11.0087
24.2102	11.0013
24.2028	11.0013
24.2028	10.9938
24.1953	10.9938
24.1953	10.9863
24.1953	10.9789
24.1953	10.9714
24.1879	10.9714
24.1804	10.9640
24.1804	10.9565
24.1804	10.9491
24.1804	10.9416
24.1729	10.9416
24.1729	10.9341
24.1655	10.9267
24.1655	10.9192
24.1655	10.9118
24.1580	10.9118
24.1580	10.9043
24.1580	10.8968
24.1506	10.8968
24.1506	10.8894
24.1506	10.8819
24.1431	10.8819
24.1431	10.8745
24.1431	10.8670
24.1356	10.8670
24.1356	10.8595
24.1356	10.8521
24.1282	10.8446
24.1207	10.8446
24.1207	10.8372
24.1058	10.8372
24.1058	10.8297
24.0984	10.8223
24.0909	10.8223
24.0834	10.8148
24.0760	10.8073
24.0611	10.8073
24.0536	10.7924
24.0461	10.7924
24.0387	10.7850
24.0312	10.7850
24.0312	10.7775
24.0163	10.7775
24.0163	10.7700
24.0163	10.7626
23.9939	10.7626
23.9939	10.7551
23.9865	10.7551
23.9865	10.7477
23.9716	10.7477
23.9716	10.7402
23.9716	10.7328
23.9492	10.7328
23.9492	10.7253
23.9417	10.7253
23.9417	10.7178
23.9268	10.7178
23.9268	10.7104
23.9194	10.7104
23.9194	10.7029
23.9119	10.7029
23.9119	10.6955
23.9119	10.6880
23.8970	10.6880
23.8970	10.6805
23.8895	10.6805
23.8895	10.6731
23.8821	10.6731
23.8821	10.6656
23.8821	10.6582
23.8746	10.6582
23.8746	10.6507
23.8671	10.6507
23.8671	10.6433
23.8597	10.6358
23.8522	10.6358
23.8522	10.6283
23.8448	10.6283
23.8448	10.6209
23.8373	10.6209
23.8373	10.6134
23.8299	10.6134
23.8299	10.6060
23.8224	10.5985
23.8149	10.5910
23.8149	10.5836
23.8075	10.5836
23.8075	10.5761
23.8075	10.5687
23.7926	10.5687
23.7926	10.5612
23.7851	10.5612
23.7776	10.5538
23.7627	10.5538
23.7553	10.5463
23.7478	10.5463
23.7329	10.5388
23.7254	10.5388
23.7180	10.5314
23.7105	10.5314
23.7031	10.5239
23.6881	10.5239
23.6881	10.5165
23.6732	10.5165
23.6732	10.5090
23.6583	10.5090
23.6583	10.5015
23.6508	10.5015
23.6508	10.4941
23.6434	10.4941
23.6434	10.4866
23.6285	10.4866
23.6285	10.4792
23.6136	10.4792
23.6136	10.4717
23.6061	10.4643
23.5837	10.4643
23.5837	10.4568
23.5688	10.4568
23.5688	10.4493
23.5613	10.4493
23.5539	10.4419
23.5464	10.4419
23.5390	10.4344
23.5241	10.4344
23.5241	10.4270
23.5241	10.4195
23.5091	10.4195
23.5017	10.4120
23.5017	10.4046
23.4868	10.4046
23.4868	10.3971
23.4793	10.3971
23.4793	10.3897
23.4718	10.3897
23.4718	10.3822
23.4644	10.3822
23.4644	10.3747
23.4569	10.3747
23.4569	10.3673
23.4569	10.3598
23.4420	10.3598
23.4420	10.3524
23.4346	10.3524
23.4346	10.3449
23.4271	10.3449
23.4196	10.3375
23.4196	10.3300
23.4047	10.3300
23.4047	10.3225
23.4047	10.3151
23.3973	10.3151
23.3898	10.3076
23.3898	10.3002
23.3823	10.3002
23.3823	10.2927
23.3749	10.2927
23.3749	10.2852
23.3600	10.2852
23.3600	10.2778
23.3525	10.2703
23.3450	10.2703
23.3376	10.2629
23.3301	10.2629
23.3227	10.2554
23.3152	10.2554
23.3152	10.2480
23.3078	10.2405
23.3003	10.2405
23.3003	10.2330
23.2928	10.2256
23.2779	10.2256
23.2705	10.2181
23.2555	10.2181
23.2555	10.2107
23.2406	10.2107
23.2332	10.2032
23.2183	10.2032
23.2108	10.1957
23.1884	10.1957
23.1810	10.1808
23.1511	10.1808
23.1437	10.1734
23.1362	10.1734
23.1362	10.1659
23.1213	10.1659
23.1213	10.1585
23.1064	10.1585
23.1064	10.1510
23.0765	10.1510
23.0765	10.1435
23.0616	10.1435
23.0616	10.1361
23.0393	10.1361
23.0318	10.1286
23.0243	10.1286
23.0169	10.1212
23.0020	10.1212
22.9945	10.1137
22.9870	10.1062
22.9721	10.1062
22.9721	10.0988
22.9647	10.0988
22.9647	10.0913
22.9572	10.0913
22.9572	10.0839
22.9497	10.0839
22.9497	10.0764
22.9423	10.0764
22.9423	10.0690
22.9348	10.0690
22.9348	10.0615
22.9274	10.0615
22.9274	10.0540
22.9274	10.0466
22.9125	10.0466
22.9125	10.0391
22.9125	10.0317
22.8975	10.0317
22.8975	10.0242
22.8975	10.0167
22.8826	10.0167
22.8826	10.0093
22.8826	10.0018
22.8752	10.0018
22.8752	9.9944
22.8677	9.9944
22.8677	9.9869
22.8528	9.9869
22.8528	9.9794
22.8528	9.9720
22.8379	9.9720
22.8379	9.9645
22.8379	9.9571
22.8230	9.9571
22.8230	9.9496
22.8155	9.9496
22.8155	9.9422
22.8080	9.9422
22.8006	9.9347
22.7931	9.9347
22.7931	9.9272
22.7782	9.9272
22.7707	9.9123
22.7633	9.9123
22.7633	9.9049
22.7558	9.9049
22.7484	9.8974
22.7484	9.8899
22.7335	9.8899
22.7335	9.8825
22.7335	9.8750
22.7260	9.8750
22.7260	9.8676
22.6962	9.8676
22.6962	9.8601
22.6887	9.8601
22.6887	9.8527
22.6589	9.8527
22.6514	9.8452
22.6440	9.8452
22.6440	9.8377
22.6290	9.8377
22.6216	9.8303
22.6141	9.8303
22.6067	9.8228
22.5843	9.8228
22.5843	9.8154
22.5843	9.8079
22.5544	9.8079
22.5544	9.8004
22.5395	9.8004
22.5395	9.7930
22.5246	9.7930
22.5246	9.7855
22.5097	9.7855
22.5097	9.7781
22.4948	9.7781
22.4948	9.7706
22.4873	9.7706
22.4873	9.7632
22.4724	9.7632
22.4724	9.7557
22.4724	9.7482
22.4575	9.7482
22.4575	9.7408
22.4500	9.7408
22.4500	9.7333
22.4351	9.7333
22.4351	9.7259
22.4351	9.7184
22.4202	9.7184
22.4202	9.7109
22.4202	9.7035
22.3978	9.7035
22.3978	9.6960
22.3978	9.6886
22.3754	9.6886
22.3754	9.6811
22.3754	9.6737
22.3680	9.6737
22.3605	9.6662
22.3605	9.6587
22.3456	9.6587
22.3456	9.6513
22.3382	9.6513
22.3382	9.6438
22.3232	9.6438
22.3232	9.6364
22.3158	9.6364
22.3158	9.6289
22.3009	9.6289
22.3009	9.6214
22.3009	9.6140
22.2859	9.6140
22.2859	9.6065
22.2785	9.5991
22.2710	9.5991
22.2710	9.5916
22.2636	9.5916
22.2636	9.5841
22.2561	9.5841
22.2487	9.5767
22.2412	9.5767
22.2412	9.5692
22.2412	9.5618
22.2337	9.5618
22.2337	9.5543
22.2263	9.5543
22.2263	9.5469
22.2188	9.5469
22.2188	9.5394
22.2114	9.5394
22.2114	9.5319
22.2114	9.5245
22.1964	9.5245
22.1964	9.5170
22.1964	9.5096
22.1890	9.5096
22.1890	9.5021
22.1815	9.5021
22.1815	9.4946
22.1815	9.4872
22.1815	9.4797
22.1741	9.4797
22.1741	9.4723
22.1741	9.4648
22.1666	9.4648
22.1666	9.4574
22.1666	9.4499
22.1666	9.4424
22.1666	9.4350
22.1592	9.4350
22.1592	9.4275
22.1592	9.4201
22.1517	9.4201
22.1517	9.4126
22.1517	9.4051
22.1517	9.3977
22.1517	9.3902
22.1368	9.3902
22.1368	9.3828
22.1368	9.3753
22.1293	9.3753
22.1293	9.3679
22.1293	9.3604
22.1219	9.3604
22.1219	9.3529
22.1219	9.3455
22.1144	9.3455
22.1144	9.3380
22.1144	9.3306
22.1069	9.3306
22.1069	9.3231
22.0995	9.3156
22.0920	9.3082
22.0920	9.3007
22.0920	9.2933
22.0846	9.2933
22.0846	9.2858
22.0771	9.2858
22.0771	9.2784
22.0771	9.2709
22.0696	9.2709
22.0696	9.2634
22.0696	9.2560
22.0622	9.2560
22.0622	9.2485
22.0622	9.2411
22.0547	9.2411
22.0547	9.2336
22.0473	9.2336
22.0473	9.2261
22.0398	9.2261
22.0398	9.2187
22.0398	9.2112
22.0324	9.2112
22.0324	9.2038
22.0324	9.1963
22.0174	9.1963
22.0174	9.1888
22.0174	9.1814
22.0100	9.1814
22.0100	9.1739
22.0100	9.1665
22.0025	9.1665
21.9951	9.1590
21.9951	9.1516
21.9876	9.1516
21.9876	9.1441
21.9876	9.1366
21.9801	9.1292
21.9727	9.1217
21.9727	9.1143
21.9727	9.1068
21.9652	9.1068
21.9652	9.0993
21.9578	9.0919
21.9503	9.0919
21.9503	9.0844
21.9503	9.0770
21.9429	9.0770
21.9429	9.0695
21.9354	9.0621
21.9354	9.0546
21.9279	9.0546
21.9279	9.0471
21.9279	9.0397
21.9279	9.0322
21.9130	9.0322
21.9130	9.0248
21.9130	9.0173
21.9130	9.0098
21.9056	9.0098
21.9056	9.0024
21.8981	9.0024
21.8981	8.9949
21.8981	8.9875
21.8906	8.9875
21.8906	8.9800
21.8906	8.9726
21.8832	8.9726
21.8832	8.9651
21.8832	8.9576
21.8757	8.9576
21.8757	8.9502
21.8683	8.9502
21.8683	8.9427
21.8683	8.9353
21.8683	8.9278
21.8534	8.9278
21.8534	8.9203
21.8534	8.9129
21.8534	8.9054
21.8534	8.8980
21.8459	8.8980
21.8459	8.8905
21.8459	8.8831
21.8384	8.8831
21.8384	8.8756
21.8384	8.8681
21.8384	8.8607
21.8384	8.8532
21.8384	8.8458
21.8384	8.8383
21.8384	8.8308
21.8384	8.8234
21.8384	8.8159
21.8310	8.8159
21.8310	8.8085
21.8310	8.8010
21.8310	8.7936
21.8310	8.7861
21.8310	8.7786
21.8235	8.7712
21.8235	8.7637
21.8235	8.7563
21.8235	8.7488
21.8235	8.7413
21.8235	8.7339
21.8161	8.7339
21.8161	8.7264
21.8161	8.7190
21.8086	8.7190
21.8086	8.7115
21.8086	8.7040
21.8086	8.6966
21.8011	8.6966
21.8011	8.6891
21.7937	8.6891
21.7937	8.6817
21.7937	8.6742
21.7862	8.6742
21.7862	8.6668
21.7862	8.6593
21.7788	8.6593
21.7788	8.6518
21.7713	8.6518
21.7713	8.6444
21.7639	8.6369
21.7639	8.6295
21.7639	8.6220
21.7564	8.6145
21.7489	8.6145
21.7489	8.6071
21.7489	8.5996
21.7415	8.5996
21.7415	8.5922
21.7340	8.5922
21.7340	8.5847
21.7340	8.5773
21.7266	8.5773
21.7266	8.5698
21.7191	8.5698
21.7191	8.5623
21.7191	8.5549
21.7042	8.5549
21.7042	8.5474
21.7042	8.5400
21.7042	8.5325
21.6967	8.5325
21.6967	8.5250
21.6893	8.5250
21.6893	8.5176
21.6818	8.5101
21.6743	8.5101
21.6743	8.5027
21.6743	8.4952
21.6669	8.4952
21.6669	8.4878
21.6594	8.4878
21.6594	8.4803
21.6520	8.4803
21.6520	8.4728
21.6445	8.4728
21.6445	8.4654
21.6371	8.4654
21.6371	8.4579
21.6296	8.4579
21.6296	8.4505
21.6147	8.4505
21.6147	8.4430
21.6147	8.4355
21.5998	8.4355
21.5998	8.4281
21.5998	8.4206
21.5848	8.4206
21.5848	8.4132
21.5848	8.4057
21.5774	8.4057
21.5774	8.3983
21.5699	8.3908
21.5625	8.3908
21.5625	8.3833
21.5550	8.3833
21.5550	8.3759
21.5476	8.3759
21.5401	8.3684
21.5401	8.3610
21.5252	8.3610
21.5252	8.3535
21.5252	8.3460
21.5103	8.3460
21.5103	8.3386
21.5103	8.3311
21.4953	8.3311
21.4953	8.3237
21.4879	8.3237
21.4879	8.3162
21.4804	8.3162
21.4804	8.3087
21.4730	8.3087
21.4730	8.3013
21.4581	8.3013
21.4581	8.2938
21.4431	8.2938
21.4357	8.2864
21.4058	8.2864
21.3984	8.2789
21.3909	8.2789
21.3909	8.2715
21.3536	8.2715
21.3536	8.2640
21.3462	8.2640
21.3462	8.2565
21.3313	8.2565
21.3313	8.2491
21.3163	8.2491
21.3163	8.2416
