18.9073	7.5929
18.9141	7.5929
18.9209	7.5997
18.9277	7.5997
18.9277	7.6065
18.9345	7.6065
18.9413	7.6065
18.9481	7.6065
18.9481	7.6133
18.9549	7.6133
18.9549	7.6201
18.9617	7.6201
18.9617	7.6269
18.9686	7.6269
18.9754	7.6269
18.9754	7.6337
18.9822	7.6337
18.9890	7.6337
18.9890	7.6405
18.9958	7.6405
19.0026	7.6473
19.0094	7.6473
19.0094	7.6541
19.0162	7.6541
19.0230	7.6541
19.0230	7.6609
19.0298	7.6609
19.0366	7.6609
19.0366	7.6677
19.0434	7.6745
19.0502	7.6745
19.0570	7.6745
19.0570	7.6813
19.0638	7.6813
19.0706	7.6813
19.0706	7.6881
19.0774	7.6881
19.0774	7.6949
19.0842	7.6949
19.0910	7.6949
19.0910	7.7017
19.0978	7.7017
19.0978	7.7085
19.1046	7.7085
19.1114	7.7085
19.1182	7.7153
19.1250	7.7153
19.1250	7.7221
19.1318	7.7221
19.1318	7.7289
19.1386	7.7289
19.1454	7.7289
19.1454	7.7357
19.1454	7.7425
19.1522	7.7425
19.1522	7.7493
19.1591	7.7493
19.1591	7.7562
19.1659	7.7562
19.1659	7.7630
19.1727	7.7630
19.1727	7.7698
19.1795	7.7698
19.1795	7.7766
19.1863	7.7834
19.1863	7.7902
19.1931	7.7902
19.1931	7.7970
19.1999	7.7970
19.1999	7.8038
19.2067	7.8106
19.2067	7.8174
19.2135	7.8242
19.2135	7.8310
19.2203	7.8310
19.2271	7.8310
19.2271	7.8378
19.2339	7.8378
19.2339	7.8446
19.2407	7.8446
19.2407	7.8514
19.2475	7.8514
19.2543	7.8514
19.2543	7.8582
19.2611	7.8582
19.2679	7.8650
19.2679	7.8718
19.2747	7.8718
19.2815	7.8718
19.2883	7.8718
19.2883	7.8786
19.2951	7.8786
19.3019	7.8786
19.3019	7.8854
19.3087	7.8854
19.3155	7.8854
19.3155	7.8922
19.3223	7.8922
19.3223	7.8990
19.3291	7.8990
19.3359	7.8990
19.3359	7.9058
19.3428	7.9058
19.3496	7.9058
19.3496	7.9126
19.3564	7.9126
19.3564	7.9194
19.3632	7.9194
19.3700	7.9262
19.3768	7.9262
19.3768	7.9330
19.3836	7.9330
19.3904	7.9330
19.3972	7.9330
19.3972	7.9398
19.4040	7.9398
19.4040	7.9467
19.4108	7.9467
19.4176	7.9467
19.4176	7.9535
19.4244	7.9535
19.4244	7.9603
19.4312	7.9603
19.4380	7.9603
19.4380	7.9671
19.4448	7.9671
19.4516	7.9671
19.4516	7.9739
19.4584	7.9739
19.4652	7.9739
19.4652	7.9807
19.4652	7.9875
19.4720	7.9875
19.4788	7.9875
19.4788	7.9943
19.4856	7.9943
19.4924	7.9943
19.4924	8.0011
19.4992	8.0011
19.5060	8.0011
19.5128	8.0011
19.5128	8.0079
19.5128	8.0147
19.5196	8.0147
19.5196	8.0215
19.5264	8.0215
19.5333	8.0215
19.5333	8.0283
19.5401	8.0283
19.5469	8.0283
19.5469	8.0351
19.5537	8.0419
19.5605	8.0419
19.5673	8.0487
19.5741	8.0487
19.5809	8.0487
19.5809	8.0555
19.5877	8.0555
19.5945	8.0555
19.5945	8.0623
19.5945	8.0691
19.6013	8.0691
19.6013	8.0759
19.6081	8.0759
19.6149	8.0827
19.6217	8.0827
19.6217	8.0895
19.6285	8.0895
19.6285	8.0963
19.6353	8.0963
19.6353	8.1031
19.6421	8.1031
19.6489	8.1031
19.6489	8.1099
19.6557	8.1099
19.6557	8.1167
19.6625	8.1235
19.6693	8.1235
19.6761	8.1235
19.6761	8.1304
19.6829	8.1304
19.6829	8.1372
19.6897	8.1372
19.6965	8.1372
19.6965	8.1440
19.7033	8.1440
19.7033	8.1508
19.7101	8.1508
19.7170	8.1508
19.7170	8.1576
19.7238	8.1576
19.7306	8.1576
19.7306	8.1644
19.7374	8.1644
19.7442	8.1644
19.7442	8.1712
19.7510	8.1712
19.7510	8.1780
19.7578	8.1780
19.7578	8.1848
19.7646	8.1848
19.7714	8.1848
19.7714	8.1916
19.7782	8.1916
19.7850	8.1916
19.7918	8.1916
19.7918	8.1984
19.7986	8.1984
19.7986	8.2052
19.8054	8.2052
19.8054	8.2120
19.8122	8.2120
19.8190	8.2120
19.8190	8.2188
19.8258	8.2188
19.8258	8.2256
19.8326	8.2256
19.8326	8.2324
19.8326	8.2392
19.8394	8.2392
19.8462	8.2392
19.8462	8.2460
19.8530	8.2460
19.8530	8.2528
19.8598	8.2528
19.8666	8.2596
19.8734	8.2596
19.8734	8.2664
19.8802	8.2732
19.8802	8.2800
19.8870	8.2800
19.8870	8.2868
19.8938	8.2936
19.9007	8.2936
19.9007	8.3004
19.9075	8.3004
19.9075	8.3072
19.9143	8.3072
19.9143	8.3140
19.9143	8.3209
19.9143	8.3277
19.9143	8.3345
19.9211	8.3345
19.9211	8.3413
19.9211	8.3481
19.9211	8.3549
19.9279	8.3549
19.9279	8.3617
19.9279	8.3685
19.9279	8.3753
19.9347	8.3753
19.9347	8.3821
19.9347	8.3889
19.9347	8.3957
19.9415	8.3957
19.9415	8.4025
19.9415	8.4093
19.9415	8.4161
19.9483	8.4161
19.9483	8.4229
19.9483	8.4297
19.9483	8.4365
19.9483	8.4433
19.9551	8.4433
19.9551	8.4501
19.9551	8.4569
19.9551	8.4637
19.9551	8.4705
19.9619	8.4705
19.9619	8.4773
19.9619	8.4841
19.9619	8.4909
19.9619	8.4977
19.9619	8.5046
19.9619	8.5114
19.9619	8.5182
19.9687	8.5182
19.9687	8.5250
19.9687	8.5318
19.9687	8.5386
19.9687	8.5454
19.9687	8.5522
19.9687	8.5590
19.9687	8.5658
19.9687	8.5726
19.9687	8.5794
19.9755	8.5794
19.9755	8.5862
19.9755	8.5930
19.9755	8.5998
19.9755	8.6066
19.9755	8.6134
19.9755	8.6202
19.9755	8.6270
19.9823	8.6270
19.9823	8.6338
19.9823	8.6406
19.9823	8.6474
19.9823	8.6542
19.9823	8.6610
19.9823	8.6678
19.9823	8.6746
19.9891	8.6746
19.9891	8.6814
19.9891	8.6882
19.9891	8.6951
19.9891	8.7019
19.9891	8.7087
19.9891	8.7155
19.9959	8.7155
19.9959	8.7223
19.9959	8.7291
19.9959	8.7359
19.9959	8.7427
20.0027	8.7427
20.0027	8.7495
20.0027	8.7563
20.0095	8.7563
20.0095	8.7631
20.0163	8.7699
20.0163	8.7767
20.0163	8.7835
20.0163	8.7903
20.0231	8.7903
20.0231	8.7971
20.0231	8.8039
20.0231	8.8107
20.0231	8.8175
20.0299	8.8175
20.0299	8.8243
20.0299	8.8311
20.0299	8.8379
20.0299	8.8447
20.0367	8.8447
20.0367	8.8515
20.0367	8.8583
20.0435	8.8583
20.0435	8.8651
20.0435	8.8719
20.0435	8.8788
20.0435	8.8856
20.0435	8.8924
20.0435	8.8992
20.0503	8.8992
20.0503	8.9060
20.0503	8.9128
20.0503	8.9196
20.0503	8.9264
20.0503	8.9332
20.0503	8.9400
20.0503	8.9468
20.0503	8.9536
20.0503	8.9604
20.0503	8.9672
20.0503	8.9740
20.0503	8.9808
20.0503	8.9876
20.0571	8.9944
20.0571	9.0012
20.0571	9.0080
20.0571	9.0148
20.0571	9.0216
20.0639	9.0216
20.0639	9.0284
20.0707	9.0284
20.0707	9.0352
20.0775	9.0352
20.0775	9.0420
20.0775	9.0488
20.0775	9.0556
20.0775	9.0624
20.0843	9.0624
20.0843	9.0693
20.0843	9.0761
20.0843	9.0829
20.0912	9.0829
20.0912	9.0897
20.0980	9.0897
20.0980	9.0965
20.0980	9.1033
20.1048	9.1033
20.1048	9.1101
20.1116	9.1101
20.1116	9.1169
20.1116	9.1237
20.1184	9.1237
20.1252	9.1237
20.1320	9.1237
20.1320	9.1305
20.1388	9.1305
20.1388	9.1373
20.1456	9.1373
20.1524	9.1373
20.1592	9.1373
20.1592	9.1441
20.1660	9.1441
20.1728	9.1441
20.1796	9.1441
20.1864	9.1441
20.1932	9.1441
20.2000	9.1441
20.2068	9.1441
20.2136	9.1441
20.2136	9.1373
20.2204	9.1373
20.2272	9.1373
20.2340	9.1373
20.2340	9.1305
20.2408	9.1305
20.2476	9.1305
20.2544	9.1305
20.2612	9.1305
20.2680	9.1305
20.2749	9.1305
20.2817	9.1305
20.2885	9.1305
20.2885	9.1373
20.2953	9.1373
20.3021	9.1373
20.3021	9.1441
20.3089	9.1441
20.3157	9.1509
20.3225	9.1509
20.3225	9.1577
20.3225	9.1645
20.3293	9.1645
20.3293	9.1713
20.3293	9.1781
20.3361	9.1781
20.3361	9.1849
20.3361	9.1917
20.3429	9.1917
20.3497	9.1917
20.3497	9.1985
20.3497	9.2053
20.3565	9.2053
20.3565	9.2121
20.3633	9.2121
20.3633	9.2189
20.3633	9.2257
20.3701	9.2257
20.3701	9.2325
20.3769	9.2325
20.3837	9.2325
20.3905	9.2325
20.3973	9.2325
20.4041	9.2325
20.4109	9.2325
20.4177	9.2325
20.4245	9.2325
20.4313	9.2325
20.4381	9.2325
20.4449	9.2257
20.4517	9.2257
20.4585	9.2257
20.4654	9.2257
20.4654	9.2189
20.4722	9.2189
20.4722	9.2121
20.4790	9.2121
20.4858	9.2121
20.4858	9.2053
20.4926	9.2053
20.4926	9.1985
20.4994	9.1985
20.4994	9.1917
20.5062	9.1917
20.5062	9.1849
20.5130	9.1849
20.5198	9.1849
20.5266	9.1849
20.5266	9.1781
20.5334	9.1781
20.5402	9.1781
20.5402	9.1713
20.5470	9.1713
20.5470	9.1645
20.5538	9.1645
20.5538	9.1577
20.5606	9.1577
20.5606	9.1509
20.5606	9.1441
20.5674	9.1441
20.5742	9.1441
20.5742	9.1373
20.5742	9.1305
20.5810	9.1305
20.5810	9.1237
20.5878	9.1237
20.5878	9.1169
20.5878	9.1101
20.5878	9.1033
20.5946	9.0965
20.5946	9.0897
20.5946	9.0829
20.5946	9.0761
20.6014	9.0761
20.6014	9.0693
20.6014	9.0624
20.6082	9.0624
20.6082	9.0556
20.6082	9.0488
20.6082	9.0420
20.6082	9.0352
20.6082	9.0284
20.6082	9.0216
20.6150	9.0216
20.6150	9.0148
20.6150	9.0080
20.6150	9.0012
20.6150	8.9944
20.6150	8.9876
20.6150	8.9808
20.6150	8.9740
20.6150	8.9672
20.6150	8.9604
20.6150	8.9536
20.6218	8.9536
20.6218	8.9468
20.6218	8.9400
20.6218	8.9332
20.6218	8.9264
20.6218	8.9196
20.6218	8.9128
20.6286	8.9128
20.6286	8.9060
20.6286	8.8992
20.6286	8.8924
20.6354	8.8924
20.6354	8.8856
20.6354	8.8788
20.6354	8.8719
20.6354	8.8651
20.6354	8.8583
20.6354	8.8515
20.6354	8.8447
20.6422	8.8447
20.6422	8.8379
20.6422	8.8311
20.6422	8.8243
20.6422	8.8175
20.6422	8.8107
20.6491	8.8107
20.6491	8.8039
20.6559	8.8039
20.6559	8.7971
20.6627	8.7903
20.6627	8.7835
20.6695	8.7835
20.6695	8.7767
20.6695	8.7699
20.6763	8.7699
20.6763	8.7631
20.6831	8.7631
20.6831	8.7563
20.6899	8.7563
20.6899	8.7495
20.6967	8.7495
20.6967	8.7427
20.6967	8.7359
20.7035	8.7359
20.7035	8.7291
20.7103	8.7291
20.7103	8.7223
20.7171	8.7223
20.7171	8.7155
20.7239	8.7155
20.7239	8.7087
20.7307	8.7087
20.7307	8.7019
20.7375	8.7019
20.7375	8.6951
20.7443	8.6951
20.7511	8.6951
20.7511	8.6882
20.7511	8.6814
20.7579	8.6814
20.7579	8.6746
20.7647	8.6746
20.7715	8.6746
20.7715	8.6678
20.7715	8.6610
20.7783	8.6610
20.7783	8.6542
20.7851	8.6542
20.7919	8.6542
20.7919	8.6474
20.7987	8.6474
20.7987	8.6406
20.8055	8.6406
20.8055	8.6338
20.8123	8.6338
20.8123	8.6270
20.8191	8.6270
20.8191	8.6202
20.8259	8.6202
20.8259	8.6134
20.8327	8.6134
20.8327	8.6066
20.8396	8.6066
20.8396	8.5998
20.8464	8.5998
20.8464	8.5930
20.8464	8.5862
20.8532	8.5862
20.8600	8.5862
20.8600	8.5794
20.8600	8.5726
20.8600	8.5658
20.8668	8.5658
20.8668	8.5590
20.8668	8.5522
20.8736	8.5522
20.8736	8.5454
20.8736	8.5386
20.8736	8.5318
20.8804	8.5318
20.8804	8.5250
20.8804	8.5182
20.8804	8.5114
20.8872	8.5114
20.8872	8.5046
20.8872	8.4977
20.8872	8.4909
20.8872	8.4841
20.8872	8.4773
20.8872	8.4705
20.8872	8.4637
20.8872	8.4569
20.8872	8.4501
20.8872	8.4433
20.8940	8.4433
20.8940	8.4365
20.8940	8.4297
20.8940	8.4229
20.9008	8.4229
20.9008	8.4161
20.9076	8.4161
20.9076	8.4093
20.9076	8.4025
20.9144	8.4025
20.9144	8.3957
20.9212	8.3957
20.9212	8.3889
20.9212	8.3821
20.9280	8.3821
20.9280	8.3753
20.9280	8.3685
20.9348	8.3685
20.9416	8.3685
20.9416	8.3617
20.9484	8.3617
20.9484	8.3549
20.9552	8.3481
20.9552	8.3413
20.9620	8.3413
20.9620	8.3345
20.9688	8.3345
20.9688	8.3277
20.9756	8.3277
20.9756	8.3209
20.9756	8.3140
20.9824	8.3140
20.9824	8.3072
20.9892	8.3072
20.9892	8.3004
20.9960	8.3004
20.9960	8.2936
20.9960	8.2868
21.0028	8.2868
21.0028	8.2800
21.0096	8.2800
21.0096	8.2732
21.0164	8.2732
21.0164	8.2664
21.0164	8.2596
21.0233	8.2596
21.0301	8.2596
21.0301	8.2528
21.0369	8.2528
21.0369	8.2460
21.0437	8.2460
21.0437	8.2392
21.0505	8.2392
21.0505	8.2324
21.0573	8.2324
21.0573	8.2256
21.0641	8.2188
21.0641	8.2120
21.0709	8.2120
21.0709	8.2052
21.0709	8.1984
21.0777	8.1984
21.0777	8.1916
21.0845	8.1916
21.0845	8.1848
21.0845	8.1780
21.0913	8.1780
21.0913	8.1712
21.0913	8.1644
21.0913	8.1576
21.0981	8.1576
21.0981	8.1508
21.0981	8.1440
21.1049	8.1440
21.1049	8.1372
21.1117	8.1372
21.1117	8.1304
21.1185	8.1304
21.1185	8.1235
21.1185	8.1167
21.1253	8.1167
21.1321	8.1167
21.1321	8.1099
21.1389	8.1099
21.1457	8.1099
21.1457	8.1031
21.1525	8.1031
21.1525	8.0963
21.1593	8.0963
21.1661	8.0963
21.1661	8.0895
21.1729	8.0895
21.1797	8.0895
21.1797	8.0827
21.1865	8.0827
21.1933	8.0827
21.2001	8.0759
21.2069	8.0759
21.2138	8.0691
21.2206	8.0691
21.2274	8.0623
21.2342	8.0623
21.2410	8.0623
21.2478	8.0555
21.2546	8.0555
21.2614	8.0555
21.2614	8.0487
21.2682	8.0487
21.2750	8.0487
21.2750	8.0419
21.2818	8.0419
21.2818	8.0351
21.2886	8.0351
21.2954	8.0351
21.2954	8.0283
21.3022	8.0283
21.3090	8.0283
21.3158	8.0283
21.3158	8.0215
21.3226	8.0215
21.3294	8.0215
21.3362	8.0215
21.3430	8.0215
21.3498	8.0215
21.3498	8.0147
21.3566	8.0147
21.3634	8.0147
21.3634	8.0079
21.3702	8.0079
21.3770	8.0079
21.3838	8.0079
21.3838	8.0011
21.3906	8.0011
21.3975	8.0011
21.4043	8.0011
21.4043	7.9943
21.4111	7.9943
21.4179	7.9943
21.4247	7.9943
21.4247	7.9875
21.4315	7.9875
21.4383	7.9875
21.4383	7.9807
21.4451	7.9807
21.4519	7.9807
21.4587	7.9807
21.4587	7.9739
21.4655	7.9739
21.4723	7.9739
21.4791	7.9671
21.4859	7.9671
21.4927	7.9671
21.4927	7.9603
21.4995	7.9535
21.5063	7.9535
21.5131	7.9535
21.5199	7.9535
21.5199	7.9467
21.5267	7.9467
21.5335	7.9467
21.5335	7.9398
21.5403	7.9398
21.5471	7.9398
21.5539	7.9330
21.5607	7.9330
21.5675	7.9330
21.5743	7.9262
21.5811	7.9262
21.5811	7.9194
21.5880	7.9194
21.5948	7.9194
21.6016	7.9194
21.6016	7.9126
21.6084	7.9126
21.6152	7.9126
21.6220	7.9126
21.6220	7.9058
21.6288	7.9058
21.6356	7.9058
21.6424	7.9058
21.6492	7.9058
21.6560	7.9058
21.6628	7.9058
21.6696	7.9058
21.6764	7.9058
21.6832	7.9058
21.6900	7.9058
21.6968	7.9058
21.6968	7.9126
21.7036	7.9126
21.7104	7.9126
21.7104	7.9194
21.7172	7.9194
21.7172	7.9262
21.7240	7.9262
21.7308	7.9262
21.7308	7.9330
21.7376	7.9330
21.7376	7.9398
21.7444	7.9398
21.7512	7.9398
21.7580	7.9398
21.7580	7.9467
21.7648	7.9467
21.7717	7.9467
21.7717	7.9535
21.7785	7.9535
21.7785	7.9603
21.7853	7.9603
21.7921	7.9603
21.7921	7.9671
21.7989	7.9671
21.8057	7.9671
21.8125	7.9671
21.8125	7.9739
21.8193	7.9739
21.8261	7.9739
21.8329	7.9739
21.8397	7.9739
21.8465	7.9739
21.8533	7.9739
21.8601	7.9739
21.8669	7.9739
21.8737	7.9739
21.8805	7.9739
21.8805	7.9807
21.8873	7.9807
21.8941	7.9807
21.8941	7.9875
21.9009	7.9875
21.9077	7.9875
21.9145	7.9875
21.9145	7.9943
21.9213	7.9943
21.9281	7.9943
21.9349	7.9943
21.9349	8.0011
21.9417	8.0011
21.9485	8.0011
21.9553	8.0011
21.9553	8.0079
21.9622	8.0079
21.9690	8.0079
21.9690	8.0147
21.9758	8.0147
21.9826	8.0147
21.9826	8.0215
21.9894	8.0215
21.9962	8.0215
22.0030	8.0215
22.0098	8.0215
22.0166	8.0215
22.0166	8.0283
22.0234	8.0283
22.0302	8.0283
22.0370	8.0283
22.0370	8.0351
22.0438	8.0351
22.0438	8.0419
22.0506	8.0419
22.0574	8.0419
22.0642	8.0419
22.0642	8.0487
22.0710	8.0487
22.0710	8.0555
22.0778	8.0555
22.0846	8.0555
22.0846	8.0623
22.0914	8.0691
22.0982	8.0691
22.0982	8.0759
22.1050	8.0759
22.1118	8.0759
22.1118	8.0827
22.1186	8.0827
22.1186	8.0895
22.1254	8.0895
22.1254	8.0963
22.1322	8.0963
22.1322	8.1031
22.1390	8.1031
22.1459	8.1031
22.1459	8.1099
22.1527	8.1099
22.1527	8.1167
22.1595	8.1167
22.1595	8.1235
22.1663	8.1235
22.1663	8.1304
22.1731	8.1304
22.1799	8.1304
22.1799	8.1372
22.1867	8.1372
22.1867	8.1440
22.1867	8.1508
22.1935	8.1508
22.1935	8.1576
22.2003	8.1576
22.2071	8.1576
22.2071	8.1644
22.2139	8.1644
22.2139	8.1712
22.2207	8.1712
22.2207	8.1780
22.2275	8.1780
22.2275	8.1848
22.2343	8.1848
22.2343	8.1916
22.2411	8.1916
22.2411	8.1984
22.2479	8.1984
22.2547	8.1984
22.2547	8.2052
22.2547	8.2120
22.2615	8.2120
22.2683	8.2188
22.2683	8.2256
22.2751	8.2256
22.2751	8.2324
22.2819	8.2324
22.2819	8.2392
22.2887	8.2392
22.2887	8.2460
22.2955	8.2460
22.2955	8.2528
22.3023	8.2528
22.3023	8.2596
22.3091	8.2596
22.3091	8.2664
22.3091	8.2732
22.3159	8.2732
22.3227	8.2732
22.3227	8.2800
22.3296	8.2868
22.3296	8.2936
22.3364	8.3004
22.3364	8.3072
22.3432	8.3072
22.3432	8.3140
22.3500	8.3140
22.3500	8.3209
22.3500	8.3277
22.3568	8.3277
22.3568	8.3345
22.3636	8.3345
22.3636	8.3413
22.3636	8.3481
22.3704	8.3481
22.3772	8.3549
22.3772	8.3617
22.3840	8.3617
22.3840	8.3685
22.3908	8.3685
22.3908	8.3753
22.3976	8.3753
22.4044	8.3753
22.4044	8.3821
22.4112	8.3821
22.4112	8.3889
22.4180	8.3889
22.4180	8.3957
22.4248	8.3957
22.4316	8.3957
22.4316	8.4025
22.4384	8.4025
22.4384	8.4093
22.4452	8.4161
22.4520	8.4229
22.4588	8.4229
22.4588	8.4297
22.4656	8.4297
22.4656	8.4365
22.4656	8.4433
22.4724	8.4433
22.4724	8.4501
22.4792	8.4501
22.4860	8.4501
22.4860	8.4569
22.4860	8.4637
22.4928	8.4637
22.4928	8.4705
22.4996	8.4705
22.4996	8.4773
22.5064	8.4773
22.5064	8.4841
22.5132	8.4841
22.5132	8.4909
22.5201	8.4909
22.5201	8.4977
22.5269	8.5046
22.5269	8.5114
22.5337	8.5114
22.5337	8.5182
22.5405	8.5182
22.5405	8.5250
22.5473	8.5250
22.5473	8.5318
22.5473	8.5386
22.5541	8.5386
22.5541	8.5454
22.5541	8.5522
22.5609	8.5522
22.5609	8.5590
22.5677	8.5590
22.5677	8.5658
22.5677	8.5726
22.5745	8.5726
22.5745	8.5794
22.5813	8.5794
22.5813	8.5862
22.5813	8.5930
22.5881	8.5930
22.5881	8.5998
22.5949	8.6066
22.6017	8.6066
22.6017	8.6134
22.6017	8.6202
22.6085	8.6202
22.6085	8.6270
22.6085	8.6338
22.6153	8.6338
22.6153	8.6406
22.6153	8.6474
22.6221	8.6474
22.6289	8.6474
22.6289	8.6542
22.6289	8.6610
22.6357	8.6610
22.6357	8.6678
22.6425	8.6678
22.6425	8.6746
22.6493	8.6746
22.6493	8.6814
22.6561	8.6814
22.6561	8.6882
22.6561	8.6951
22.6629	8.6951
22.6629	8.7019
22.6697	8.7019
22.6697	8.7087
22.6765	8.7087
22.6765	8.7155
22.6833	8.7155
22.6833	8.7223
22.6901	8.7223
22.6901	8.7291
22.6969	8.7291
22.6969	8.7359
22.6969	8.7427
22.7038	8.7427
22.7038	8.7495
22.7106	8.7495
22.7174	8.7563
22.7174	8.7631
22.7242	8.7631
22.7242	8.7699
22.7242	8.7767
22.7310	8.7767
22.7310	8.7835
22.7378	8.7835
22.7378	8.7903
22.7446	8.7903
22.7446	8.7971
22.7514	8.7971
22.7514	8.8039
22.7582	8.8039
22.7582	8.8107
22.7650	8.8107
22.7718	8.8107
22.7718	8.8175
22.7786	8.8175
22.7786	8.8243
22.7786	8.8311
22.7854	8.8311
22.7854	8.8379
22.7922	8.8379
22.7990	8.8379
22.7990	8.8447
22.8058	8.8447
22.8058	8.8515
22.8126	8.8515
22.8126	8.8583
22.8126	8.8651
22.8194	8.8719
22.8194	8.8788
22.8262	8.8788
22.8262	8.8856
22.8262	8.8924
22.8262	8.8992
22.8330	8.9060
22.8330	8.9128
22.8330	8.9196
22.8330	8.9264
22.8330	8.9332
22.8330	8.9400
22.8330	8.9468
22.8330	8.9536
22.8330	8.9604
22.8330	8.9672
22.8330	8.9740
22.8330	8.9808
22.8262	8.9808
22.8262	8.9876
22.8194	8.9876
22.8194	8.9944
22.8194	9.0012
22.8194	9.0080
22.8194	9.0148
22.8194	9.0216
22.8194	9.0284
22.8194	9.0352
22.8194	9.0420
22.8194	9.0488
22.8194	9.0556
22.8194	9.0624
22.8262	9.0693
22.8262	9.0761
22.8262	9.0829
22.8262	9.0897
22.8262	9.0965
22.8330	9.0965
22.8330	9.1033
22.8330	9.1101
22.8398	9.1101
22.8398	9.1169
22.8398	9.1237
22.8398	9.1305
22.8466	9.1305
22.8466	9.1373
22.8534	9.1373
22.8534	9.1441
22.8534	9.1509
22.8534	9.1577
22.8602	9.1577
22.8602	9.1645
22.8602	9.1713
22.8670	9.1713
22.8670	9.1781
22.8670	9.1849
22.8670	9.1917
22.8738	9.1917
22.8738	9.1985
22.8806	9.1985
22.8806	9.2053
22.8806	9.2121
22.8806	9.2189
22.8874	9.2257
22.8874	9.2325
22.8874	9.2393
22.8874	9.2461
22.8943	9.2461
22.8943	9.2530
22.8943	9.2598
22.9011	9.2598
22.9011	9.2666
22.9079	9.2666
22.9079	9.2734
22.9079	9.2802
22.9079	9.2870
22.9147	9.2870
22.9147	9.2938
22.9147	9.3006
22.9215	9.3006
22.9215	9.3074
22.9215	9.3142
22.9215	9.3210
22.9283	9.3210
22.9351	9.3210
22.9351	9.3278
22.9351	9.3346
22.9419	9.3346
22.9419	9.3414
22.9419	9.3482
22.9419	9.3550
22.9487	9.3618
22.9487	9.3686
22.9487	9.3754
22.9487	9.3822
22.9555	9.3822
22.9555	9.3890
22.9555	9.3958
22.9555	9.4026
22.9555	9.4094
22.9555	9.4162
22.9555	9.4230
22.9555	9.4298
22.9555	9.4367
22.9555	9.4435
22.9555	9.4503
22.9555	9.4571
22.9555	9.4639
22.9555	9.4707
22.9555	9.4775
22.9555	9.4843
22.9555	9.4911
22.9555	9.4979
22.9555	9.5047
22.9555	9.5115
22.9555	9.5183
22.9555	9.5251
22.9555	9.5319
22.9555	9.5387
22.9623	9.5387
22.9623	9.5455
22.9691	9.5455
22.9691	9.5523
22.9691	9.5591
22.9759	9.5659
22.9759	9.5727
22.9759	9.5795
22.9759	9.5863
22.9827	9.5931
22.9827	9.5999
22.9895	9.5999
22.9895	9.6067
22.9895	9.6135
22.9963	9.6135
22.9963	9.6203
23.0031	9.6203
23.0031	9.6272
23.0031	9.6340
23.0031	9.6408
23.0031	9.6476
23.0099	9.6476
23.0099	9.6544
23.0099	9.6612
23.0099	9.6680
23.0099	9.6748
23.0099	9.6816
23.0099	9.6884
23.0167	9.6884
23.0167	9.6952
23.0167	9.7020
23.0167	9.7088
23.0235	9.7088
23.0235	9.7156
23.0235	9.7224
23.0235	9.7292
23.0235	9.7360
23.0235	9.7428
23.0235	9.7496
23.0235	9.7564
23.0235	9.7632
23.0235	9.7700
23.0235	9.7768
23.0235	9.7836
23.0235	9.7904
23.0235	9.7972
23.0235	9.8040
23.0235	9.8109
23.0235	9.8177
23.0235	9.8245
23.0235	9.8313
23.0235	9.8381
23.0235	9.8449
23.0303	9.8449
23.0303	9.8517
23.0371	9.8517
23.0371	9.8585
23.0371	9.8653
23.0439	9.8653
23.0507	9.8653
23.0507	9.8721
23.0575	9.8721
23.0575	9.8789
23.0575	9.8857
23.0643	9.8857
23.0643	9.8925
23.0643	9.8993
23.0643	9.9061
23.0711	9.9061
23.0711	9.9129
23.0780	9.9129
23.0780	9.9197
23.0780	9.9265
23.0780	9.9333
23.0780	9.9401
23.0780	9.9469
23.0780	9.9537
23.0848	9.9537
23.0848	9.9605
23.0848	9.9673
23.0848	9.9741
23.0848	9.9809
23.0848	9.9877
23.0848	9.9945
23.0848	10.0014
23.0916	10.0014
23.0916	10.0082
23.0916	10.0150
23.0916	10.0218
23.0916	10.0286
23.0916	10.0354
23.0916	10.0422
23.0916	10.0490
23.0984	10.0490
23.1052	10.0490
23.1052	10.0558
23.1120	10.0558
23.1120	10.0626
23.1188	10.0626
23.1188	10.0694
23.1256	10.0694
23.1324	10.0694
23.1324	10.0762
23.1324	10.0830
23.1324	10.0898
23.1324	10.0966
23.1392	10.0966
23.1392	10.1034
23.1392	10.1102
23.1392	10.1170
23.1392	10.1238
23.1392	10.1306
23.1392	10.1374
23.1392	10.1442
23.1392	10.1510
23.1392	10.1578
23.1392	10.1646
23.1392	10.1714
23.1392	10.1782
23.1392	10.1851
23.1460	10.1851
23.1460	10.1919
23.1528	10.1919
23.1528	10.1987
23.1596	10.1987
23.1596	10.2055
23.1596	10.2123
23.1664	10.2123
23.1732	10.2123
23.1800	10.2123
23.1868	10.2123
23.1936	10.2123
23.2004	10.2123
23.2072	10.2123
23.2072	10.2191
23.2140	10.2191
23.2208	10.2191
23.2276	10.2191
23.2344	10.2191
23.2412	10.2191
23.2480	10.2191
23.2548	10.2191
23.2616	10.2191
23.2685	10.2191
23.2753	10.2191
23.2821	10.2191
23.2821	10.2259
23.2889	10.2259
23.2957	10.2259
23.2957	10.2327
23.3025	10.2327
23.3025	10.2395
23.3093	10.2395
23.3093	10.2463
23.3093	10.2531
23.3093	10.2599
23.3161	10.2599
23.3161	10.2667
23.3229	10.2667
23.3229	10.2735
23.3297	10.2735
23.3297	10.2803
23.3297	10.2871
23.3297	10.2939
23.3297	10.3007
23.3365	10.3007
23.3365	10.3075
23.3365	10.3143
23.3365	10.3211
23.3365	10.3279
23.3433	10.3279
23.3433	10.3347
23.3433	10.3415
23.3433	10.3483
23.3365	10.3483
23.3297	10.3483
23.3297	10.3551
23.3229	10.3551
23.3161	10.3551
23.3093	10.3551
23.3025	10.3551
23.2957	10.3551
23.2957	10.3619
23.2889	10.3619
23.2889	10.3687
23.2889	10.3756
23.2821	10.3756
23.2821	10.3824
23.2821	10.3892
23.2821	10.3960
23.2821	10.4028
23.2821	10.4096
23.2821	10.4164
23.2821	10.4232
23.2821	10.4300
23.2821	10.4368
23.2821	10.4436
23.2889	10.4436
23.2889	10.4504
23.2889	10.4572
23.2957	10.4572
23.3025	10.4572
23.3025	10.4640
23.3025	10.4708
23.3025	10.4776
23.3025	10.4844
23.3025	10.4912
23.3093	10.4912
23.3093	10.4980
23.3093	10.5048
23.3093	10.5116
23.3093	10.5184
23.3093	10.5252
23.3093	10.5320
23.3093	10.5388
23.3093	10.5456
23.3093	10.5524
23.3093	10.5593
23.3093	10.5661
23.3093	10.5729
23.3025	10.5729
23.2957	10.5729
23.2957	10.5797
23.2889	10.5797
23.2889	10.5865
23.2821	10.5865
23.2821	10.5933
23.2821	10.6001
23.2753	10.6001
23.2753	10.6069
23.2685	10.6069
23.2616	10.6069
23.2616	10.6137
23.2548	10.6137
23.2480	10.6137
23.2412	10.6137
23.2344	10.6137
23.2276	10.6137
23.2276	10.6205
23.2208	10.6205
23.2140	10.6205
23.2140	10.6273
23.2140	10.6341
23.2208	10.6341
23.2208	10.6409
23.2208	10.6477
23.2208	10.6545
23.2208	10.6613
23.2208	10.6681
23.2208	10.6749
23.2208	10.6817
23.2208	10.6885
23.2208	10.6953
23.2208	10.7021
23.2208	10.7089
23.2208	10.7157
23.2208	10.7225
23.2208	10.7293
23.2208	10.7361
23.2208	10.7429
23.2208	10.7498
23.2208	10.7566
23.2276	10.7566
23.2276	10.7634
23.2344	10.7634
23.2412	10.7634
23.2480	10.7634
23.2548	10.7634
23.2616	10.7634
23.2616	10.7702
23.2685	10.7702
23.2753	10.7702
23.2753	10.7770
23.2753	10.7838
23.2821	10.7838
23.2821	10.7906
23.2889	10.7906
23.2889	10.7974
23.2889	10.8042
23.2957	10.8042
23.2957	10.8110
23.2957	10.8178
23.3025	10.8178
23.3025	10.8246
23.3025	10.8314
23.3025	10.8382
23.3093	10.8382
23.3093	10.8450
23.3093	10.8518
23.3093	10.8586
23.3161	10.8586
23.3161	10.8654
23.3229	10.8654
23.3229	10.8722
23.3297	10.8722
23.3297	10.8790
23.3297	10.8858
23.3297	10.8926
23.3297	10.8994
23.3297	10.9062
23.3365	10.9062
23.3365	10.9130
23.3365	10.9198
23.3365	10.9266
23.3365	10.9335
23.3365	10.9403
23.3365	10.9471
23.3365	10.9539
23.3365	10.9607
23.3365	10.9675
23.3365	10.9743
23.3297	10.9743
23.3297	10.9811
23.3229	10.9811
23.3229	10.9879
23.3229	10.9947
23.3161	10.9947
23.3161	11.0015
23.3093	11.0015
23.3025	11.0015
23.3025	11.0083
23.2957	11.0083
23.2889	11.0083
23.2889	11.0151
23.2889	11.0219
23.2821	11.0219
23.2821	11.0287
23.2753	11.0287
23.2685	11.0287
23.2685	11.0355
23.2616	11.0355
23.2616	11.0423
23.2548	11.0423
23.2480	11.0423
23.2412	11.0491
23.2344	11.0491
23.2276	11.0491
23.2208	11.0491
23.2140	11.0491
23.2072	11.0491
23.2004	11.0491
23.1936	11.0491
23.1868	11.0491
23.1868	11.0559
23.1868	11.0627
23.1868	11.0695
23.1868	11.0763
23.1868	11.0831
23.1868	11.0899
23.1868	11.0967
23.1868	11.1035
23.1868	11.1103
23.1800	11.1103
23.1800	11.1171
23.1800	11.1240
23.1800	11.1308
23.1800	11.1376
23.1800	11.1444
23.1800	11.1512
23.1800	11.1580
23.1800	11.1648
23.1800	11.1716
23.1800	11.1784
23.1868	11.1784
23.1868	11.1852
23.1868	11.1920
23.1868	11.1988
23.1868	11.2056
23.1868	11.2124
23.1868	11.2192
23.1800	11.2192
23.1732	11.2192
23.1664	11.2192
23.1664	11.2260
23.1596	11.2260
23.1528	11.2260
23.1460	11.2260
23.1460	11.2328
23.1392	11.2328
23.1392	11.2396
23.1392	11.2464
23.1324	11.2464
23.1324	11.2532
23.1256	11.2532
23.1256	11.2600
23.1188	11.2600
23.1188	11.2668
23.1188	11.2736
23.1120	11.2736
23.1120	11.2804
23.1120	11.2872
23.1052	11.2872
23.1052	11.2940
23.0984	11.2940
23.0984	11.3008
23.0984	11.3077
23.0984	11.3145
23.0916	11.3145
23.0916	11.3213
23.0916	11.3281
23.0916	11.3349
23.0848	11.3349
23.0848	11.3417
23.0780	11.3417
23.0780	11.3485
23.0780	11.3553
23.0780	11.3621
23.0780	11.3689
23.0780	11.3757
23.0780	11.3825
23.0780	11.3893
23.0780	11.3961
23.0780	11.4029
23.0780	11.4097
23.0848	11.4097
23.0916	11.4097
23.0916	11.4165
23.0984	11.4165
23.0984	11.4233
23.1052	11.4233
23.1052	11.4301
23.1052	11.4369
23.1052	11.4437
23.1052	11.4505
23.1052	11.4573
23.1120	11.4573
23.1120	11.4641
23.1120	11.4709
23.1120	11.4777
23.1120	11.4845
23.1120	11.4913
23.1120	11.4982
23.1052	11.4982
23.1052	11.5050
23.0984	11.5050
23.0984	11.5118
23.0984	11.5186
23.0916	11.5186
23.0916	11.5254
23.0916	11.5322
23.0848	11.5322
23.0848	11.5390
23.0780	11.5390
23.0780	11.5458
23.0780	11.5526
23.0780	11.5594
23.0848	11.5594
23.0848	11.5662
23.0916	11.5662
23.0916	11.5730
23.0916	11.5798
23.0916	11.5866
23.0984	11.5866
23.0984	11.5934
23.0984	11.6002
23.1052	11.6002
23.1052	11.6070
23.1052	11.6138
23.1052	11.6206
23.1052	11.6274
23.1052	11.6342
23.1052	11.6410
23.1052	11.6478
23.1052	11.6546
23.1052	11.6614
23.1052	11.6682
23.1052	11.6750
23.1052	11.6819
23.0984	11.6819
23.0984	11.6887
23.0916	11.6887
23.0916	11.6955
23.0916	11.7023
23.0848	11.7023
23.0848	11.7091
23.0780	11.7091
23.0711	11.7159
23.0643	11.7159
23.0643	11.7227
23.0575	11.7227
23.0507	11.7227
23.0439	11.7227
23.0371	11.7227
23.0303	11.7227
23.0235	11.7227
23.0167	11.7227
23.0099	11.7227
23.0099	11.7295
23.0099	11.7363
23.0031	11.7363
23.0031	11.7431
23.0031	11.7499
23.0031	11.7567
23.0031	11.7635
23.0031	11.7703
23.0031	11.7771
23.0031	11.7839
22.9963	11.7839
22.9963	11.7907
22.9963	11.7975
22.9963	11.8043
22.9963	11.8111
22.9963	11.8179
22.9963	11.8247
22.9963	11.8315
22.9963	11.8383
22.9963	11.8451
22.9895	11.8451
22.9895	11.8519
22.9827	11.8519
22.9759	11.8519
22.9759	11.8587
22.9759	11.8656
22.9691	11.8656
22.9623	11.8656
22.9623	11.8724
22.9555	11.8724
22.9555	11.8792
22.9487	11.8792
22.9487	11.8860
22.9419	11.8860
22.9419	11.8928
22.9351	11.8928
22.9351	11.8996
22.9283	11.8996
22.9283	11.9064
22.9283	11.9132
22.9283	11.9200
22.9215	11.9200
22.9215	11.9268
22.9215	11.9336
22.9215	11.9404
22.9147	11.9404
22.9147	11.9472
22.9147	11.9540
22.9147	11.9608
22.9079	11.9608
22.9079	11.9676
22.9079	11.9744
22.9079	11.9812
22.9079	11.9880
22.9079	11.9948
22.9079	12.0016
22.9079	12.0084
22.9079	12.0152
22.9079	12.0220
22.9079	12.0288
22.9079	12.0356
22.9079	12.0424
22.9079	12.0492
22.9079	12.0561
22.9147	12.0561
22.9147	12.0629
22.9147	12.0697
22.9147	12.0765
22.9147	12.0833
22.9147	12.0901
22.9147	12.0969
22.9079	12.0969
22.9079	12.1037
22.9011	12.1037
22.9011	12.1105
22.9011	12.1173
22.9011	12.1241
22.8943	12.1241
22.8943	12.1309
22.8874	12.1309
22.8874	12.1377
22.8806	12.1377
22.8806	12.1445
22.8738	12.1445
22.8738	12.1513
22.8738	12.1581
22.8738	12.1649
22.8738	12.1717
22.8738	12.1785
22.8738	12.1853
22.8738	12.1921
22.8738	12.1989
22.8738	12.2057
22.8738	12.2125
22.8738	12.2193
22.8738	12.2261
22.8670	12.2261
22.8670	12.2329
22.8602	12.2329
22.8602	12.2398
22.8534	12.2398
22.8466	12.2466
22.8466	12.2534
22.8466	12.2602
22.8398	12.2602
22.8398	12.2670
22.8398	12.2738
22.8398	12.2806
22.8330	12.2806
22.8330	12.2874
22.8330	12.2942
22.8330	12.3010
22.8330	12.3078
22.8398	12.3146
22.8398	12.3214
22.8398	12.3282
22.8398	12.3350
22.8398	12.3418
22.8398	12.3486
22.8398	12.3554
22.8398	12.3622
22.8398	12.3690
22.8398	12.3758
22.8398	12.3826
22.8330	12.3826
22.8330	12.3894
22.8330	12.3962
22.8262	12.3962
22.8262	12.4030
22.8262	12.4098
22.8194	12.4098
22.8194	12.4166
22.8194	12.4234
22.8194	12.4303
22.8126	12.4303
22.8058	12.4303
22.8058	12.4371
22.8058	12.4439
22.8058	12.4507
22.7990	12.4507
22.7990	12.4575
22.7922	12.4575
22.7922	12.4643
22.7854	12.4643
22.7854	12.4711
22.7786	12.4711
22.7786	12.4779
22.7718	12.4779
22.7718	12.4847
22.7650	12.4847
22.7582	12.4847
22.7582	12.4915
22.7514	12.4915
22.7446	12.4915
22.7446	12.4983
22.7446	12.5051
22.7378	12.5051
22.7310	12.5051
22.7310	12.5119
22.7242	12.5119
22.7242	12.5187
22.7174	12.5187
22.7106	12.5187
22.7106	12.5255
22.7038	12.5255
22.7038	12.5323
22.6969	12.5323
22.6969	12.5391
22.6901	12.5391
22.6901	12.5459
22.6833	12.5459
22.6765	12.5459
22.6765	12.5527
22.6765	12.5595
22.6765	12.5663
22.6697	12.5663
22.6697	12.5731
22.6629	12.5731
22.6629	12.5799
22.6561	12.5799
22.6561	12.5867
22.6561	12.5935
22.6493	12.5935
22.6493	12.6003
22.6493	12.6071
22.6425	12.6071
22.6425	12.6140
22.6425	12.6208
22.6425	12.6276
22.6425	12.6344
22.6425	12.6412
22.6357	12.6412
22.6357	12.6480
22.6357	12.6548
22.6289	12.6548
22.6289	12.6616
22.6221	12.6616
22.6221	12.6684
22.6221	12.6752
22.6221	12.6820
22.6153	12.6820
22.6153	12.6888
22.6153	12.6956
22.6153	12.7024
22.6085	12.7024
22.6085	12.7092
22.6085	12.7160
22.6085	12.7228
22.6017	12.7228
22.6017	12.7296
22.6017	12.7364
22.6017	12.7432
22.6085	12.7432
22.6085	12.7500
22.6085	12.7568
22.6085	12.7636
22.6085	12.7704
22.6085	12.7772
22.6085	12.7840
22.6085	12.7908
22.6017	12.7908
22.6017	12.7976
22.6017	12.8045
22.5949	12.8045
22.5949	12.8113
22.5949	12.8181
22.5881	12.8181
22.5881	12.8249
22.5813	12.8249
22.5813	12.8317
22.5745	12.8317
22.5745	12.8385
22.5677	12.8385
22.5677	12.8453
22.5609	12.8453
22.5609	12.8521
22.5541	12.8589
22.5541	12.8657
22.5473	12.8657
22.5473	12.8725
22.5405	12.8725
22.5405	12.8793
22.5337	12.8793
22.5337	12.8861
22.5269	12.8861
22.5269	12.8929
22.5201	12.8929
22.5201	12.8997
22.5201	12.9065
22.5132	12.9065
22.5064	12.9065
22.5064	12.9133
22.5064	12.9201
22.4996	12.9201
22.4996	12.9269
22.4996	12.9337
22.4928	12.9337
22.4928	12.9405
22.4860	12.9405
22.4860	12.9473
22.4792	12.9473
22.4792	12.9541
22.4792	12.9609
22.4724	12.9677
22.4724	12.9745
22.4724	12.9813
22.4724	12.9882
22.4724	12.9950
22.4724	13.0018
22.4656	13.0018
22.4656	13.0086
22.4656	13.0154
22.4656	13.0222
22.4656	13.0290
22.4656	13.0358
22.4656	13.0426
22.4588	13.0426
22.4588	13.0494
22.4588	13.0562
22.4588	13.0630
22.4588	13.0698
22.4588	13.0766
22.4520	13.0834
22.4520	13.0902
22.4520	13.0970
22.4520	13.1038
22.4520	13.1106
22.4520	13.1174
22.4520	13.1242
22.4520	13.1310
22.4520	13.1378
22.4520	13.1446
22.4520	13.1514
22.4520	13.1582
22.4520	13.1650
22.4520	13.1718
22.4520	13.1787
22.4520	13.1855
22.4520	13.1923
22.4520	13.1991
22.4520	13.2059
22.4520	13.2127
22.4520	13.2195
22.4452	13.2195
22.4452	13.2263
22.4452	13.2331
22.4452	13.2399
22.4384	13.2399
22.4384	13.2467
22.4316	13.2467
22.4316	13.2535
22.4248	13.2535
22.4248	13.2603
22.4248	13.2671
22.4180	13.2671
22.4180	13.2739
22.4180	13.2807
22.4112	13.2807
22.4112	13.2875
22.4044	13.2875
22.4044	13.2943
22.3976	13.2943
22.3976	13.3011
22.3908	13.3011
22.3908	13.3079
22.3840	13.3079
22.3840	13.3147
22.3840	13.3215
22.3772	13.3215
22.3772	13.3283
22.3704	13.3283
22.3636	13.3283
22.3636	13.3351
22.3636	13.3419
22.3568	13.3419
22.3568	13.3487
22.3500	13.3487
22.3500	13.3555
22.3432	13.3555
22.3432	13.3624
22.3364	13.3624
22.3364	13.3692
22.3296	13.3692
22.3296	13.3760
22.3296	13.3828
22.3227	13.3828
22.3227	13.3896
22.3159	13.3896
22.3159	13.3964
22.3091	13.3964
22.3091	13.4032
22.3091	13.4100
22.3023	13.4100
22.3023	13.4168
22.2955	13.4168
22.2955	13.4236
22.2887	13.4236
22.2887	13.4304
22.2819	13.4304
22.2819	13.4372
22.2751	13.4372
22.2751	13.4440
22.2683	13.4440
22.2683	13.4508
22.2615	13.4576
22.2547	13.4576
22.2547	13.4644
22.2479	13.4644
22.2479	13.4712
22.2479	13.4780
22.2411	13.4780
22.2411	13.4848
22.2343	13.4848
22.2343	13.4916
22.2275	13.4916
22.2275	13.4984
22.2207	13.4984
22.2207	13.5052
22.2139	13.5052
22.2139	13.5120
22.2071	13.5120
22.2071	13.5188
22.2003	13.5188
22.1935	13.5188
22.1935	13.5256
22.1867	13.5256
22.1867	13.5324
22.1799	13.5324
22.1731	13.5324
22.1731	13.5392
22.1663	13.5460
22.1595	13.5460
22.1595	13.5529
22.1527	13.5529
22.1459	13.5529
22.1459	13.5597
22.1390	13.5597
22.1322	13.5597
22.1322	13.5665
22.1254	13.5665
22.1254	13.5733
22.1186	13.5733
22.1118	13.5733
22.1118	13.5801
22.1050	13.5801
22.1050	13.5869
22.0982	13.5869
22.0914	13.5869
22.0914	13.5937
22.0846	13.5937
22.0778	13.5937
22.0778	13.6005
22.0710	13.6005
22.0710	13.6073
22.0642	13.6073
22.0574	13.6073
22.0574	13.6141
22.0506	13.6141
22.0506	13.6209
22.0438	13.6209
22.0438	13.6277
22.0370	13.6277
22.0302	13.6345
22.0302	13.6413
22.0234	13.6413
22.0234	13.6481
22.0166	13.6481
22.0166	13.6549
22.0166	13.6617
22.0098	13.6617
22.0098	13.6685
22.0030	13.6685
22.0030	13.6753
22.0030	13.6821
22.0030	13.6889
21.9962	13.6889
21.9962	13.6957
21.9962	13.7025
21.9894	13.7025
21.9894	13.7093
21.9894	13.7161
21.9826	13.7161
21.9758	13.7161
21.9758	13.7229
21.9690	13.7229
21.9690	13.7297
21.9622	13.7297
21.9553	13.7297
21.9485	13.7297
21.9485	13.7366
21.9417	13.7366
21.9417	13.7434
21.9349	13.7434
21.9281	13.7434
21.9213	13.7434
21.9213	13.7502
21.9145	13.7502
21.9077	13.7502
21.9077	13.7570
21.9009	13.7570
21.8941	13.7570
21.8941	13.7638
21.8873	13.7638
21.8805	13.7706
21.8737	13.7706
21.8737	13.7774
21.8669	13.7774
21.8601	13.7774
21.8601	13.7842
21.8533	13.7842
21.8465	13.7842
21.8465	13.7910
21.8397	13.7910
21.8397	13.7978
21.8329	13.7978
21.8329	13.8046
21.8261	13.8046
21.8193	13.8046
21.8193	13.8114
21.8125	13.8114
21.8125	13.8182
21.8057	13.8182
21.8057	13.8250
21.8057	13.8318
21.7989	13.8318
21.7989	13.8386
21.7989	13.8454
21.7921	13.8454
21.7921	13.8522
21.7921	13.8590
21.7853	13.8658
21.7785	13.8658
21.7785	13.8726
21.7785	13.8794
21.7785	13.8862
21.7717	13.8862
21.7717	13.8930
21.7717	13.8998
21.7717	13.9066
21.7717	13.9134
21.7648	13.9134
21.7648	13.9202
21.7648	13.9271
21.7648	13.9339
21.7648	13.9407
21.7648	13.9475
21.7648	13.9543
21.7648	13.9611
21.7648	13.9679
21.7648	13.9747
21.7648	13.9815
21.7648	13.9883
21.7648	13.9951
21.7580	13.9951
21.7580	14.0019
21.7580	14.0087
21.7580	14.0155
21.7580	14.0223
21.7512	14.0223
21.7512	14.0291
21.7512	14.0359
21.7444	14.0359
21.7444	14.0427
21.7444	14.0495
21.7376	14.0495
21.7376	14.0563
21.7308	14.0563
21.7240	14.0563
21.7240	14.0631
21.7172	14.0631
21.7104	14.0631
21.7036	14.0631
21.6968	14.0631
21.6968	14.0699
21.6900	14.0699
21.6832	14.0699
21.6764	14.0699
21.6764	14.0767
21.6696	14.0767
21.6628	14.0767
21.6560	14.0767
21.6560	14.0835
21.6492	14.0835
21.6424	14.0835
21.6356	14.0835
21.6356	14.0903
21.6288	14.0903
21.6288	14.0971
21.6220	14.0971
21.6152	14.0971
21.6152	14.1039
21.6084	14.1039
21.6084	14.1108
21.6016	14.1108
21.6016	14.1176
21.5948	14.1176
21.5880	14.1176
21.5880	14.1244
21.5811	14.1244
21.5811	14.1312
21.5743	14.1312
21.5743	14.1380
21.5675	14.1380
21.5675	14.1448
21.5607	14.1448
21.5607	14.1516
21.5539	14.1516
21.5539	14.1584
21.5471	14.1652
21.5471	14.1720
21.5403	14.1720
21.5335	14.1788
21.5267	14.1788
21.5267	14.1856
21.5199	14.1924
21.5199	14.1992
21.5131	14.1992
21.5131	14.2060
21.5063	14.2060
21.5063	14.2128
21.4995	14.2128
21.4995	14.2196
21.4927	14.2196
21.4927	14.2264
21.4859	14.2264
21.4859	14.2332
21.4791	14.2332
21.4791	14.2400
21.4723	14.2400
21.4723	14.2468
21.4655	14.2468
21.4655	14.2536
21.4587	14.2536
21.4519	14.2536
21.4519	14.2604
21.4451	14.2604
21.4451	14.2672
21.4383	14.2672
21.4383	14.2740
21.4315	14.2740
21.4315	14.2808
21.4247	14.2808
21.4247	14.2876
21.4179	14.2876
21.4111	14.2876
21.4111	14.2944
21.4043	14.2944
21.4043	14.3013
21.3975	14.3081
21.3906	14.3081
21.3838	14.3149
21.3770	14.3149
21.3770	14.3217
21.3702	14.3217
21.3634	14.3285
21.3566	14.3285
21.3566	14.3353
21.3498	14.3353
21.3498	14.3421
21.3430	14.3421
21.3430	14.3489
21.3362	14.3489
21.3294	14.3489
21.3294	14.3557
21.3226	14.3557
21.3226	14.3625
21.3158	14.3625
21.3090	14.3625
21.3022	14.3625
21.2954	14.3625
21.2886	14.3625
21.2818	14.3625
21.2750	14.3625
21.2682	14.3625
21.2614	14.3625
21.2546	14.3625
21.2478	14.3625
21.2410	14.3625
21.2342	14.3625
21.2274	14.3625
21.2206	14.3625
21.2138	14.3625
21.2069	14.3625
21.2001	14.3625
21.1933	14.3625
21.1865	14.3625
21.1797	14.3625
21.1729	14.3625
21.1661	14.3625
21.1593	14.3625
21.1593	14.3557
21.1525	14.3557
21.1457	14.3557
21.1389	14.3557
21.1321	14.3557
21.1253	14.3557
21.1185	14.3557
21.1117	14.3557
21.1049	14.3557
21.0981	14.3557
21.0913	14.3557
21.0913	14.3489
21.0845	14.3489
21.0777	14.3489
21.0709	14.3489
21.0709	14.3421
21.0641	14.3421
21.0573	14.3421
21.0505	14.3353
21.0164	14.3421
21.0164	14.3489
21.0096	14.3489
21.0096	14.3557
21.0096	14.3625
21.0096	14.3693
21.0028	14.3693
21.0028	14.3761
20.9960	14.3761
20.9892	14.3761
20.9892	14.3829
20.9892	14.3897
20.9824	14.3897
20.9756	14.3897
20.9756	14.3965
20.9688	14.3965
20.9620	14.3965
20.9552	14.3965
20.9552	14.4033
20.9484	14.4033
20.9416	14.4033
20.9348	14.4033
20.9348	14.4101
20.9280	14.4101
20.9212	14.4101
20.9212	14.4169
20.9144	14.4169
20.9076	14.4169
20.9008	14.4169
20.8940	14.4169
20.8872	14.4169
20.8804	14.4169
20.8736	14.4169
20.8668	14.4169
20.8600	14.4169
20.8532	14.4169
20.8464	14.4169
20.8396	14.4169
20.8327	14.4169
20.8259	14.4169
20.8191	14.4169
20.8123	14.4169
20.8055	14.4169
20.7987	14.4169
20.7919	14.4169
20.7851	14.4169
20.7783	14.4169
20.7715	14.4169
20.7647	14.4169
20.7579	14.4169
20.7511	14.4169
20.7443	14.4169
20.7375	14.4169
20.7307	14.4169
20.7239	14.4169
20.7239	14.4101
20.7171	14.4101
20.7103	14.4101
20.7035	14.4101
20.7035	14.4033
20.6967	14.4033
20.6899	14.4033
20.6831	14.4033
20.6763	14.4033
20.6763	14.3965
20.6695	14.3965
20.6627	14.3965
20.6559	14.3965
20.6559	14.3897
20.6491	14.3897
20.6422	14.3897
20.6354	14.3897
20.6286	14.3829
20.6218	14.3829
20.6150	14.3829
20.6150	14.3761
20.6082	14.3761
20.6014	14.3761
20.6014	14.3693
20.5946	14.3693
20.5878	14.3693
20.5878	14.3625
20.5810	14.3625
20.5810	14.3557
20.5742	14.3557
20.5674	14.3557
20.5606	14.3557
20.5538	14.3557
20.5470	14.3489
20.5402	14.3489
20.5334	14.3489
20.5266	14.3489
20.5266	14.3421
20.5198	14.3421
20.5130	14.3421
20.5062	14.3421
20.4994	14.3421
20.4926	14.3421
20.4858	14.3421
20.4858	14.3353
20.4790	14.3353
20.4722	14.3353
20.4722	14.3285
20.4654	14.3285
20.4585	14.3285
20.4517	14.3285
20.4449	14.3285
20.4381	14.3285
20.4313	14.3285
20.4245	14.3285
20.4177	14.3285
20.4109	14.3285
20.4041	14.3285
20.3973	14.3285
20.3905	14.3285
20.3837	14.3285
20.3769	14.3285
20.3701	14.3285
20.3633	14.3285
20.3565	14.3285
20.3497	14.3285
20.3429	14.3285
20.3361	14.3285
20.3361	14.3217
20.3293	14.3217
20.3225	14.3217
20.3157	14.3217
20.3089	14.3217
20.3021	14.3217
20.2953	14.3217
20.2885	14.3217
20.2817	14.3217
20.2749	14.3217
20.2680	14.3217
20.2612	14.3217
20.2544	14.3217
20.2476	14.3217
20.2408	14.3217
20.2340	14.3217
20.2272	14.3217
20.2204	14.3217
20.2136	14.3217
20.2068	14.3217
20.2000	14.3217
20.1932	14.3217
20.1864	14.3217
20.1796	14.3217
20.1728	14.3217
20.1728	14.3149
20.1660	14.3149
20.1592	14.3149
20.1524	14.3149
20.1524	14.3081
20.1456	14.3081
20.1456	14.3013
20.1388	14.3013
20.1320	14.3013
20.1320	14.2944
20.1252	14.2944
20.1252	14.2876
20.1184	14.2876
20.1184	14.2808
20.1116	14.2808
20.1116	14.2740
20.1048	14.2740
20.1048	14.2672
20.0980	14.2672
20.0912	14.2672
20.0843	14.2604
20.0775	14.2604
20.0707	14.2536
20.0639	14.2468
20.0571	14.2468
20.0503	14.2468
20.0503	14.2400
20.0435	14.2400
20.0367	14.2332
20.0299	14.2332
20.0299	14.2264
20.0231	14.2264
20.0231	14.2196
20.0163	14.2196
20.0095	14.2196
20.0095	14.2128
20.0027	14.2128
19.9959	14.2128
19.9959	14.2060
19.9891	14.2060
19.9823	14.2060
19.9823	14.1992
19.9755	14.1992
19.9687	14.1992
19.9687	14.1924
19.9619	14.1924
19.9551	14.1924
19.9551	14.1856
19.9483	14.1856
19.9415	14.1856
19.9347	14.1856
19.9279	14.1856
19.9211	14.1788
19.9143	14.1788
19.9075	14.1788
19.9007	14.1788
19.8938	14.1720
19.8870	14.1720
19.8802	14.1720
19.8802	14.1652
19.8734	14.1652
19.8734	14.1584
19.8666	14.1584
19.8598	14.1584
19.8598	14.1516
19.8530	14.1516
19.8462	14.1516
19.8394	14.1516
19.8394	14.1448
19.8326	14.1448
19.8258	14.1448
19.8190	14.1448
19.8122	14.1448
19.8054	14.1448
19.7986	14.1448
19.7986	14.1380
19.7918	14.1380
19.7850	14.1380
19.7850	14.1312
19.7782	14.1312
19.7714	14.1312
19.7646	14.1312
19.7578	14.1312
19.7510	14.1312
19.7442	14.1312
19.7374	14.1312
19.7306	14.1312
19.7238	14.1312
19.7170	14.1312
19.7101	14.1312
19.7033	14.1312
19.6965	14.1312
19.6897	14.1312
19.6829	14.1312
19.6761	14.1312
19.6693	14.1312
19.6625	14.1312
19.6557	14.1312
19.6489	14.1312
19.6421	14.1312
19.6353	14.1312
19.6285	14.1312
19.6217	14.1312
19.6149	14.1312
19.6081	14.1312
19.6013	14.1312
19.5945	14.1312
19.5877	14.1312
19.5809	14.1312
19.5741	14.1312
19.5673	14.1312
19.5605	14.1312
19.5537	14.1312
19.5469	14.1312
19.5401	14.1312
19.5333	14.1312
19.5264	14.1312
19.5196	14.1312
19.5128	14.1312
19.5060	14.1312
19.4992	14.1312
19.4924	14.1312
19.4856	14.1312
19.4788	14.1312
19.4720	14.1312
19.4652	14.1312
19.4584	14.1312
19.4516	14.1312
19.4448	14.1312
19.4380	14.1312
19.4380	14.1244
19.4312	14.1244
19.4244	14.1244
19.4176	14.1244
19.4176	14.1176
19.4108	14.1176
19.4040	14.1176
19.3972	14.1176
19.3904	14.1108
19.3836	14.1108
19.3836	14.1039
19.3768	14.1039
19.3700	14.1039
19.3632	14.1039
19.3632	14.0971
19.3564	14.0971
19.3496	14.0971
19.3428	14.0971
19.3359	14.0971
19.3359	14.0903
19.3291	14.0903
19.3223	14.0903
19.3155	14.0903
19.3155	14.0835
19.3087	14.0835
19.3019	14.0835
19.3019	14.0767
19.2951	14.0767
19.2951	14.0699
19.2883	14.0699
19.2815	14.0699
19.2815	14.0631
19.2747	14.0631
19.2679	14.0563
19.2679	14.0495
19.2611	14.0495
19.2543	14.0495
19.2475	14.0495
19.2475	14.0427
19.2407	14.0427
19.2339	14.0427
19.2339	14.0359
19.2271	14.0359
19.2203	14.0359
19.2203	14.0291
19.2135	14.0291
19.2067	14.0291
19.1999	14.0291
19.1931	14.0291
19.1931	14.0223
19.1863	14.0223
19.1795	14.0223
19.1795	14.0155
19.1727	14.0155
19.1659	14.0155
19.1591	14.0155
19.1522	14.0155
19.1454	14.0155
19.1454	14.0087
19.1386	14.0087
19.1318	14.0087
19.1250	14.0087
19.1250	14.0019
19.1182	14.0019
19.1114	14.0019
19.1046	14.0019
19.0978	14.0019
19.0978	13.9951
19.0910	13.9951
19.0842	13.9951
19.0842	13.9883
19.0774	13.9883
19.0706	13.9883
19.0706	13.9815
19.0638	13.9815
19.0638	13.9747
19.0570	13.9747
19.0502	13.9747
19.0502	13.9679
19.0434	13.9679
19.0434	13.9611
19.0366	13.9611
19.0298	13.9611
19.0298	13.9543
19.0230	13.9543
19.0230	13.9475
19.0162	13.9475
19.0162	13.9407
19.0094	13.9407
19.0094	13.9339
19.0026	13.9339
19.0026	13.9271
18.9958	13.9271
18.9958	13.9202
18.9890	13.9202
18.9822	13.9202
18.9822	13.9134
18.9754	13.9134
18.9754	13.9066
18.9686	13.9066
18.9686	13.8998
18.9617	13.8998
18.9617	13.8930
18.9549	13.8930
18.9549	13.8862
18.9481	13.8862
18.9413	13.8794
18.9345	13.8794
18.9345	13.8726
18.9277	13.8726
18.9209	13.8726
18.9141	13.8726
18.9141	13.8658
18.9073	13.8658
18.9005	13.8658
18.9005	13.8590
18.9005	13.8522
18.8937	13.8522
18.8869	13.8522
18.8869	13.8454
18.8801	13.8454
18.8733	13.8386
18.8665	13.8386
18.8665	13.8318
18.8597	13.8318
18.8597	13.8250
18.8529	13.8250
18.8461	13.8250
18.8461	13.8182
18.8393	13.8182
18.8325	13.8182
18.8257	13.8182
18.8257	13.8114
18.8189	13.8114
18.8189	13.8046
18.8121	13.8046
18.8121	13.7978
18.8053	13.7978
18.8053	13.7910
18.7985	13.7910
18.7917	13.7910
18.7917	13.7842
18.7849	13.7842
18.7849	13.7774
18.7780	13.7774
18.7712	13.7774
18.7712	13.7706
18.7644	13.7706
18.7644	13.7638
18.7576	13.7638
18.7508	13.7638
18.7440	13.7570
18.7372	13.7570
18.7372	13.7502
18.7304	13.7502
18.7304	13.7434
18.7236	13.7434
18.7168	13.7366
18.7168	13.7297
18.7100	13.7297
18.7032	13.7297
18.7032	13.7229
18.6964	13.7229
18.6896	13.7161
18.6896	13.7093
18.6828	13.7093
18.6760	13.7093
18.6760	13.7025
18.6692	13.7025
18.6692	13.6957
18.6624	13.6957
18.6556	13.6957
18.6556	13.6889
18.6488	13.6889
18.6488	13.6821
18.6420	13.6821
18.6352	13.6821
18.6284	13.6821
18.6284	13.6753
18.6216	13.6753
18.6148	13.6753
18.6148	13.6685
18.6080	13.6685
18.6012	13.6685
18.6012	13.6617
18.5944	13.6617
18.5944	13.6549
18.5875	13.6549
18.5807	13.6549
18.5807	13.6481
18.5739	13.6481
18.5671	13.6413
18.5603	13.6413
18.5535	13.6413
18.5535	13.6345
18.5467	13.6345
18.5467	13.6277
18.5399	13.6277
18.5331	13.6277
18.5331	13.6209
18.5263	13.6209
18.5195	13.6209
18.5195	13.6141
18.5127	13.6141
18.5059	13.6141
18.5059	13.6073
18.5059	13.6005
18.4991	13.6005
18.4923	13.6005
18.4855	13.6005
18.4787	13.6005
18.4719	13.6005
18.4651	13.6005
18.4583	13.6005
18.4515	13.6005
18.4447	13.6005
18.4379	13.6005
18.4311	13.6005
18.4243	13.6005
18.4175	13.6005
18.4175	13.6073
18.4107	13.6073
18.4038	13.6073
18.3970	13.6073
18.3902	13.6073
18.3834	13.6073
18.3766	13.6073
18.3698	13.6073
18.3630	13.6073
18.3562	13.6073
18.3494	13.6073
18.3494	13.6005
18.3426	13.6005
18.3358	13.6005
18.3290	13.6005
18.3222	13.6005
18.3222	13.5937
18.3154	13.5937
18.3086	13.5937
18.3018	13.5937
18.3018	13.5869
18.2950	13.5869
18.2882	13.5869
18.2814	13.5869
18.2746	13.5869
18.2746	13.5801
18.2678	13.5801
18.2610	13.5801
18.2542	13.5801
18.2474	13.5801
18.2406	13.5801
18.2338	13.5801
18.2338	13.5733
18.2270	13.5733
18.2202	13.5733
18.2133	13.5733
18.2065	13.5665
18.1997	13.5665
18.1929	13.5665
18.1861	13.5665
18.1793	13.5665
18.1725	13.5665
18.1725	13.5597
18.1657	13.5597
18.1589	13.5597
18.1521	13.5597
18.1521	13.5529
18.1453	13.5529
18.1453	13.5460
18.1453	13.5392
18.1453	13.5324
18.1453	13.5256
18.1453	13.5188
18.1453	13.5120
18.1453	13.5052
18.1453	13.4984
18.1453	13.4916
18.1453	13.4848
18.1453	13.4780
18.1385	13.4780
18.1385	13.4712
18.1317	13.4712
18.1249	13.4712
18.1181	13.4712
18.1181	13.4644
18.1113	13.4644
18.1113	13.4576
18.1045	13.4576
18.0977	13.4576
18.0909	13.4576
18.0909	13.4508
18.0841	13.4508
18.0773	13.4508
18.0705	13.4508
18.0637	13.4508
18.0637	13.4440
18.0569	13.4440
18.0569	13.4372
18.0501	13.4372
18.0501	13.4304
18.0433	13.4304
18.0433	13.4236
18.0365	13.4236
18.0365	13.4168
18.0296	13.4168
18.0296	13.4100
18.0296	13.4032
18.0228	13.4032
18.0160	13.4032
18.0160	13.3964
18.0092	13.3964
18.0092	13.3896
18.0024	13.3896
18.0024	13.3828
18.0024	13.3760
17.9956	13.3760
17.9888	13.3760
17.9888	13.3692
17.9820	13.3692
17.9820	13.3624
17.9752	13.3624
17.9752	13.3555
17.9684	13.3555
17.9684	13.3487
17.9684	13.3419
17.9616	13.3419
17.9616	13.3351
17.9548	13.3351
17.9480	13.3283
17.9412	13.3283
17.9412	13.3215
17.9412	13.3147
17.9412	13.3079
17.9344	13.3079
17.9276	13.3079
17.9276	13.3011
17.9208	13.3011
17.9208	13.2943
17.9208	13.2875
17.9140	13.2875
17.9072	13.2875
17.9072	13.2807
17.9004	13.2807
17.8936	13.2807
17.8936	13.2739
17.8868	13.2739
17.8800	13.2739
17.8800	13.2671
17.8732	13.2671
17.8732	13.2603
17.8664	13.2603
17.8596	13.2603
17.8596	13.2535
17.8528	13.2535
17.8460	13.2535
17.8391	13.2535
17.8391	13.2467
17.8323	13.2467
17.8255	13.2467
17.8187	13.2467
17.8119	13.2399
17.8051	13.2399
17.8051	13.2331
17.7983	13.2331
17.7915	13.2331
17.7847	13.2331
17.7779	13.2331
17.7711	13.2331
17.7643	13.2331
17.7643	13.2263
17.7575	13.2263
17.7507	13.2263
17.7439	13.2263
17.7371	13.2263
17.7371	13.2195
17.7303	13.2195
17.7235	13.2195
17.7167	13.2195
17.7099	13.2195
17.7031	13.2195
17.6963	13.2195
17.6963	13.2263
17.6963	13.2331
17.6963	13.2399
17.6963	13.2467
17.6963	13.2535
17.6963	13.2603
17.6963	13.2671
17.6963	13.2739
17.6963	13.2807
17.6963	13.2875
17.6895	13.2875
17.6895	13.2943
17.6895	13.3011
17.6895	13.3079
17.6827	13.3079
17.6827	13.3147
17.6759	13.3215
17.6759	13.3283
17.6759	13.3351
17.6759	13.3419
17.6691	13.3487
17.6691	13.3555
17.6691	13.3624
17.6623	13.3624
17.6623	13.3692
17.6623	13.3760
17.6554	13.3760
17.6554	13.3828
17.6486	13.3828
17.6418	13.3828
17.6418	13.3896
17.6350	13.3896
17.6350	13.3964
17.6282	13.3964
17.6214	13.3964
17.6214	13.4032
17.6146	13.4032
17.6146	13.4100
17.6078	13.4100
17.6010	13.4100
17.5942	13.4100
17.5942	13.4168
17.5874	13.4168
17.5806	13.4168
17.5806	13.4236
17.5738	13.4236
17.5670	13.4236
17.5602	13.4236
17.5534	13.4236
17.5534	13.4304
17.5466	13.4304
17.5398	13.4304
17.5398	13.4372
17.5330	13.4372
17.5262	13.4372
17.5194	13.4372
17.5126	13.4372
17.5058	13.4372
17.4990	13.4372
17.4922	13.4372
17.4922	13.4440
17.4786	13.4440
17.4718	13.4440
17.4649	13.4440
17.4581	13.4440
17.4513	13.4440
17.4445	13.4440
17.4377	13.4440
17.4309	13.4440
17.4241	13.4440
17.4173	13.4440
17.4105	13.4440
17.4037	13.4440
17.3969	13.4440
17.3901	13.4440
17.3833	13.4440
17.3765	13.4440
17.3697	13.4440
17.3629	13.4440
17.3629	13.4372
17.3561	13.4372
17.3493	13.4372
17.3425	13.4372
17.3425	13.4304
17.3357	13.4304
17.3289	13.4304
17.3221	13.4304
17.3221	13.4236
17.3153	13.4236
17.3085	13.4236
17.3017	13.4168
17.2949	13.4168
17.2881	13.4168
17.2812	13.4168
17.2812	13.4100
17.2744	13.4100
17.2744	13.4032
17.2676	13.4032
17.2608	13.4032
17.2608	13.3964
17.2540	13.3964
17.2472	13.3964
17.2472	13.3896
17.2404	13.3896
17.2336	13.3896
17.2268	13.3828
17.2268	13.3760
17.2200	13.3760
17.2132	13.3760
17.2064	13.3760
17.1996	13.3760
17.1996	13.3692
17.1928	13.3692
17.1860	13.3692
17.1792	13.3692
17.1724	13.3692
17.1656	13.3692
17.1588	13.3692
17.1520	13.3692
17.1452	13.3692
17.1384	13.3692
17.1316	13.3692
17.1248	13.3692
17.1180	13.3624
17.1112	13.3624
17.1044	13.3624
17.0976	13.3624
17.0907	13.3624
17.0839	13.3624
17.0771	13.3624
17.0703	13.3624
17.0635	13.3624
17.0567	13.3624
17.0567	13.3555
17.0499	13.3555
17.0431	13.3555
17.0363	13.3555
17.0295	13.3555
17.0227	13.3555
17.0159	13.3487
17.0091	13.3487
17.0091	13.3419
17.0023	13.3419
16.9955	13.3419
16.9887	13.3419
16.9887	13.3351
16.9819	13.3351
16.9751	13.3351
16.9751	13.3283
16.9683	13.3283
16.9615	13.3283
16.9615	13.3215
16.9615	13.3147
16.9547	13.3147
16.9479	13.3147
16.9479	13.3079
16.9411	13.3079
16.9411	13.3011
16.9411	13.2943
16.9343	13.2943
16.9343	13.2875
16.9275	13.2875
16.9275	13.2807
16.9207	13.2807
16.9139	13.2807
16.9070	13.2807
16.9070	13.2739
16.9002	13.2739
16.8934	13.2739
16.8866	13.2739
16.8866	13.2671
16.8798	13.2671
16.8798	13.2603
16.8730	13.2603
16.8662	13.2603
16.8594	13.2603
16.8594	13.2535
16.8526	13.2535
16.8458	13.2535
16.8390	13.2535
16.8390	13.2467
16.8322	13.2467
16.8254	13.2467
16.8254	13.2399
16.8186	13.2399
16.8118	13.2399
16.8050	13.2399
16.8050	13.2331
16.7982	13.2331
16.7982	13.2263
16.7914	13.2263
16.7914	13.2195
16.7846	13.2195
16.7778	13.2195
16.7778	13.2127
16.7710	13.2059
16.7642	13.2059
16.7642	13.1991
16.7574	13.1991
16.7574	13.1923
16.7506	13.1923
16.7506	13.1855
16.7438	13.1787
16.7438	13.1718
16.7370	13.1718
16.7370	13.1650
16.7302	13.1650
16.7233	13.1582
16.7233	13.1514
16.7165	13.1514
16.7165	13.1446
16.7097	13.1446
16.7097	13.1378
16.7029	13.1378
16.6961	13.1378
16.6961	13.1310
16.6893	13.1310
16.6893	13.1242
16.6825	13.1242
16.6825	13.1174
16.6757	13.1174
16.6689	13.1174
16.6689	13.1106
16.6621	13.1106
16.6621	13.1038
16.6553	13.1038
16.6485	13.1038
16.6485	13.0970
16.6417	13.0970
16.6417	13.0902
16.6349	13.0902
16.6281	13.0902
16.6281	13.0834
16.6213	13.0834
16.6145	13.0766
16.6077	13.0766
16.6009	13.0698
16.5941	13.0698
16.5941	13.0630
16.5873	13.0630
16.5805	13.0562
16.5737	13.0562
16.5737	13.0494
16.5669	13.0494
16.5601	13.0494
16.5533	13.0494
16.5533	13.0426
16.5465	13.0426
16.5465	13.0358
16.5397	13.0358
16.5397	13.0290
16.5328	13.0290
16.5260	13.0290
16.5260	13.0222
16.5192	13.0222
16.5124	13.0222
16.5124	13.0154
16.5124	13.0086
16.5056	13.0086
16.4988	13.0086
16.4988	13.0018
16.4920	13.0018
16.4852	13.0018
16.4852	12.9950
16.4784	12.9950
16.4716	12.9882
16.4716	12.9813
16.4648	12.9813
16.4648	12.9745
16.4580	12.9745
16.4580	12.9677
16.4512	12.9677
16.4444	12.9677
16.4376	12.9609
16.4376	12.9541
16.4308	12.9541
16.4240	12.9473
16.4172	12.9473
16.4172	12.9405
16.4104	12.9405
16.4104	12.9337
16.4036	12.9337
16.4036	12.9269
16.4036	12.9201
16.3968	12.9201
16.3968	12.9133
16.3900	12.9133
16.3900	12.9065
16.3900	12.8997
16.3900	12.8929
16.3832	12.8929
16.3832	12.8861
16.3764	12.8861
16.3764	12.8793
16.3696	12.8793
16.3696	12.8725
16.3696	12.8657
16.3628	12.8657
16.3628	12.8589
16.3560	12.8589
16.3560	12.8521
16.3491	12.8521
16.3491	12.8453
16.3491	12.8385
16.3423	12.8385
16.3423	12.8317
16.3287	12.8249
16.3219	12.8181
16.3219	12.8113
16.3151	12.8045
16.3083	12.7976
16.3015	12.7976
16.3015	12.7840
16.2947	12.7840
16.2879	12.7772
16.2879	12.7704
16.2811	12.7704
16.2811	12.7636
16.2743	12.7636
16.2743	12.7568
16.2743	12.7500
16.2743	12.7432
16.2675	12.7432
16.2675	12.7364
16.2675	12.7296
16.2607	12.7296
16.2607	12.7228
16.2607	12.7160
16.2539	12.7160
16.2539	12.7092
16.2471	12.7092
16.2471	12.7024
16.2471	12.6956
16.2403	12.6956
16.2403	12.6888
16.2403	12.6820
16.2335	12.6820
16.2335	12.6752
16.2267	12.6752
16.2267	12.6684
16.2199	12.6684
16.2131	12.6684
16.2131	12.6616
16.2063	12.6616
16.2063	12.6548
16.1995	12.6548
16.1927	12.6548
16.1927	12.6480
16.1859	12.6480
16.1859	12.6412
16.1791	12.6412
16.1791	12.6344
16.1723	12.6344
16.1655	12.6344
16.1655	12.6276
16.1586	12.6276
16.1518	12.6276
16.1518	12.6208
16.1518	12.6140
16.1450	12.6140
16.1382	12.6140
16.1382	12.6071
16.1314	12.6071
16.1246	12.6071
16.1246	12.6003
16.1246	12.5935
16.1178	12.5935
16.1178	12.5867
16.1110	12.5867
16.1110	12.5799
16.1042	12.5799
16.0974	12.5731
16.0974	12.5663
16.0906	12.5663
16.0906	12.5595
16.0838	12.5595
16.0838	12.5527
16.0770	12.5527
16.0770	12.5459
16.0702	12.5459
16.0702	12.5391
16.0634	12.5391
16.0634	12.5323
16.0634	12.5255
16.0566	12.5255
16.0566	12.5187
16.0498	12.5187
16.0498	12.5119
16.0430	12.5119
16.0430	12.5051
16.0362	12.5051
16.0362	12.4983
16.0362	12.4915
16.0294	12.4915
16.0294	12.4847
16.0294	12.4779
16.0226	12.4779
16.0158	12.4711
16.0158	12.4643
16.0158	12.4575
16.0090	12.4575
16.0090	12.4507
16.0090	12.4439
16.0090	12.4371
16.0090	12.4303
16.0090	12.4234
16.0090	12.4166
16.0090	12.4098
16.0090	12.4030
16.0090	12.3962
16.0090	12.3894
16.0022	12.3894
16.0022	12.3826
16.0022	12.3758
16.0022	12.3690
16.0022	12.3622
16.0022	12.3554
16.0022	12.3486
15.9954	12.3486
15.9954	12.3418
15.9954	12.3350
15.9954	12.3282
15.9886	12.3282
15.9886	12.3214
15.9886	12.3146
15.9818	12.3078
15.9818	12.3010
15.9749	12.3010
15.9749	12.2942
15.9681	12.2942
15.9681	12.2806
15.9613	12.2738
15.9613	12.2670
15.9545	12.2602
15.9477	12.2534
15.9477	12.2466
15.9477	12.2398
15.9477	12.2329
15.9409	12.2329
15.9341	12.2329
15.9341	12.2261
15.9341	12.2193
15.9273	12.2193
15.9273	12.2125
15.9273	12.2057
15.9273	12.1989
15.9205	12.1921
15.9205	12.1853
15.9137	12.1853
15.9069	12.1785
15.9069	12.1717
15.9001	12.1717
15.9001	12.1649
15.8933	12.1649
15.8933	12.1581
15.8865	12.1581
15.8865	12.1513
15.8797	12.1513
15.8797	12.1445
15.8729	12.1445
15.8729	12.1377
15.8729	12.1309
15.8661	12.1309
15.8661	12.1241
15.8593	12.1241
15.8525	12.1173
15.8525	12.1105
15.8457	12.1105
15.8457	12.1037
15.8389	12.1037
15.8389	12.0969
15.8321	12.0969
15.8321	12.0901
15.8253	12.0833
15.8253	12.0765
15.8185	12.0765
15.8185	12.0697
15.8117	12.0697
15.8117	12.0629
15.8117	12.0561
15.8049	12.0561
15.8049	12.0492
15.8049	12.0424
15.7981	12.0424
15.7981	12.0356
15.7913	12.0356
15.7913	12.0288
15.7913	12.0220
15.7844	12.0220
15.7844	12.0152
15.7844	12.0084
15.7776	12.0084
15.7776	12.0016
15.7708	11.9948
15.7640	11.9948
15.7640	11.9880
15.7640	11.9812
15.7572	11.9812
15.7572	11.9744
15.7572	11.9676
15.7504	11.9676
15.7504	11.9608
15.7504	11.9540
15.7436	11.9540
15.7436	11.9472
15.7368	11.9404
15.7368	11.9336
15.7368	11.9268
15.7300	11.9268
15.7300	11.9200
15.7300	11.9132
15.7300	11.9064
15.7232	11.9064
15.7232	11.8996
15.7232	11.8928
15.7164	11.8860
15.7096	11.8860
15.7096	11.8792
15.7096	11.8724
15.7096	11.8656
15.7096	11.8587
15.7028	11.8587
15.7028	11.8519
15.7028	11.8451
15.7028	11.8383
15.7028	11.8315
15.7028	11.8247
15.7028	11.8179
15.7028	11.8111
15.7096	11.8111
15.7096	11.8043
15.7096	11.7975
15.7164	11.7975
15.7164	11.7907
15.7232	11.7907
15.7232	11.7839
15.7232	11.7771
15.7300	11.7771
15.7300	11.7703
15.7368	11.7703
15.7368	11.7635
15.7436	11.7635
15.7436	11.7567
15.7504	11.7567
15.7504	11.7499
15.7572	11.7431
15.7572	11.7363
15.7640	11.7363
15.7708	11.7363
15.7708	11.7295
15.7776	11.7295
15.7776	11.7227
15.7844	11.7159
15.7913	11.7159
15.7981	11.7159
15.7981	11.7091
15.8049	11.7091
15.8049	11.7023
15.8117	11.7023
15.8117	11.6955
15.8185	11.6955
15.8185	11.6887
15.8253	11.6887
15.8253	11.6819
15.8321	11.6819
15.8321	11.6750
15.8389	11.6750
15.8389	11.6682
15.8457	11.6682
15.8457	11.6614
15.8525	11.6614
15.8593	11.6546
15.8593	11.6478
15.8661	11.6478
15.8661	11.6410
15.8729	11.6410
15.8729	11.6342
15.8729	11.6274
15.8797	11.6274
15.8797	11.6206
15.8865	11.6206
15.8865	11.6138
15.8865	11.6070
15.8865	11.6002
15.8865	11.5934
15.8933	11.5934
15.8933	11.5866
15.8933	11.5730
15.9001	11.5662
15.9001	11.5594
15.9001	11.5526
15.9001	11.5458
15.9069	11.5390
15.9069	11.5322
15.9137	11.5322
15.9137	11.5254
15.9137	11.5186
15.9137	11.5118
15.9137	11.5050
15.9137	11.4982
15.9137	11.4913
15.9137	11.4845
15.9205	11.4845
15.9205	11.4777
15.9205	11.4709
15.9205	11.4641
15.9205	11.4573
15.9205	11.4505
15.9205	11.4437
15.9205	11.4369
15.9205	11.4301
15.9273	11.4301
15.9273	11.4233
15.9273	11.4165
15.9273	11.4097
15.9273	11.4029
15.9273	11.3961
15.9273	11.3893
15.9273	11.3825
15.9273	11.3757
15.9273	11.3689
15.9273	11.3621
15.9273	11.3553
15.9273	11.3485
15.9273	11.3417
15.9273	11.3349
15.9273	11.3281
15.9273	11.3213
15.9273	11.3145
15.9273	11.3077
15.9273	11.3008
15.9273	11.2940
15.9273	11.2872
15.9273	11.2804
15.9273	11.2736
15.9273	11.2668
15.9273	11.2600
15.9273	11.2532
15.9273	11.2464
15.9273	11.2396
15.9273	11.2328
15.9273	11.2260
15.9273	11.2192
15.9273	11.2124
15.9273	11.2056
15.9273	11.1988
15.9273	11.1920
15.9273	11.1852
15.9273	11.1784
15.9273	11.1716
15.9273	11.1648
15.9273	11.1580
15.9273	11.1512
15.9273	11.1444
15.9273	11.1376
15.9273	11.1308
15.9273	11.1240
15.9273	11.1171
15.9273	11.1103
15.9273	11.0967
15.9273	11.0899
15.9273	11.0831
15.9273	11.0695
15.9205	11.0627
15.9205	11.0559
15.9205	11.0423
15.9205	11.0355
15.9205	11.0287
15.9137	11.0219
15.9137	11.0151
15.9137	11.0083
15.9069	11.0015
15.9069	10.9947
15.9069	10.9811
15.9069	10.9743
15.9069	10.9675
15.9069	10.9607
15.9069	10.9539
15.9001	10.9539
15.9001	10.9471
15.8933	10.9471
15.8933	10.9403
15.8865	10.9403
15.8797	10.9403
15.8797	10.9335
15.8729	10.9266
15.8661	10.9266
15.8661	10.9198
15.8593	10.9198
15.8525	10.9130
15.8457	10.9130
15.8457	10.9062
15.8389	10.9062
15.8389	10.8994
15.8321	10.8994
15.8253	10.8926
15.8185	10.8858
15.8117	10.8858
15.8117	10.8790
15.8117	10.8722
15.8049	10.8722
15.7981	10.8722
15.7913	10.8654
15.7844	10.8654
15.7844	10.8586
15.7776	10.8586
15.7776	10.8518
15.7708	10.8518
15.7708	10.8450
15.7640	10.8450
15.7572	10.8450
15.7572	10.8382
15.7504	10.8382
15.7436	10.8382
15.7368	10.8382
15.7368	10.8314
15.7300	10.8314
15.7232	10.8314
15.7232	10.8246
15.7164	10.8246
15.7096	10.8178
15.7028	10.8178
15.6960	10.8178
15.6892	10.8178
15.6824	10.8178
15.6756	10.8110
15.6688	10.8110
15.6620	10.8110
15.6552	10.8110
15.6484	10.8110
15.6416	10.8110
15.6416	10.8042
15.6348	10.8042
15.6280	10.8042
15.6212	10.8042
15.6144	10.8042
15.6144	10.7974
15.6076	10.7974
15.6007	10.7906
15.5939	10.7906
15.5871	10.7906
15.5803	10.7906
15.5735	10.7906
15.5667	10.7838
15.5599	10.7838
15.5531	10.7838
15.5463	10.7838
15.5395	10.7770
15.5327	10.7770
15.5259	10.7770
15.5191	10.7770
15.5123	10.7770
15.5055	10.7770
15.5055	10.7702
15.4987	10.7702
15.4919	10.7702
15.4851	10.7702
15.4783	10.7702
15.4715	10.7702
15.4715	10.7634
15.4647	10.7634
15.4579	10.7634
15.4511	10.7634
15.4511	10.7566
15.4443	10.7566
15.4375	10.7566
15.4307	10.7566
15.4239	10.7566
15.4171	10.7566
15.4102	10.7566
15.4034	10.7566
15.3966	10.7566
15.3898	10.7566
15.3830	10.7566
15.3830	10.7498
15.3694	10.7498
15.3626	10.7498
15.3558	10.7498
15.3490	10.7498
15.3422	10.7498
15.3354	10.7498
15.3286	10.7498
15.3286	10.7429
15.3218	10.7429
15.3150	10.7429
15.3082	10.7429
15.3014	10.7429
15.3014	10.7361
15.2946	10.7361
15.2878	10.7293
15.2810	10.7293
15.2742	10.7293
15.2742	10.7225
15.2674	10.7225
15.2606	10.7225
15.2606	10.7157
15.2538	10.7157
15.2538	10.7089
15.2470	10.7089
15.2470	10.7021
15.2402	10.7021
15.2334	10.7021
15.2334	10.6953
15.2265	10.6953
15.2265	10.6885
15.2197	10.6885
15.2197	10.6817
15.2197	10.6749
15.2129	10.6749
15.2129	10.6681
15.2061	10.6681
15.2061	10.6613
15.2061	10.6545
15.1993	10.6545
15.1993	10.6477
15.1993	10.6409
15.1925	10.6409
15.1925	10.6341
15.1857	10.6341
15.1857	10.6273
15.1789	10.6273
15.1789	10.6205
15.1789	10.6137
15.1721	10.6137
15.1721	10.6069
15.1721	10.6001
15.1653	10.6001
15.1653	10.5933
15.1653	10.5865
15.1585	10.5865
15.1585	10.5797
15.1585	10.5729
15.1517	10.5729
15.1517	10.5661
15.1517	10.5593
15.1449	10.5593
15.1449	10.5524
15.1449	10.5456
15.1381	10.5456
15.1381	10.5388
15.1381	10.5320
15.1313	10.5320
15.1313	10.5252
15.1313	10.5184
15.1313	10.5116
15.1313	10.5048
15.1313	10.4980
15.1245	10.4980
15.1245	10.4912
15.1245	10.4844
15.1177	10.4776
15.1177	10.4708
15.1177	10.4640
15.1177	10.4572
15.1177	10.4504
15.1177	10.4436
15.1177	10.4368
15.1109	10.4300
15.1109	10.4232
15.1109	10.4164
15.1109	10.4096
15.1109	10.4028
15.1109	10.3960
15.1109	10.3892
15.1109	10.3824
15.1109	10.3756
15.1109	10.3687
15.1109	10.3619
15.1109	10.3551
15.1109	10.3483
15.1109	10.3415
15.1109	10.3347
15.1109	10.3279
15.1109	10.3211
15.1109	10.3143
15.1109	10.3075
15.1109	10.3007
15.1177	10.3007
15.1177	10.2939
15.1245	10.2871
15.1245	10.2803
15.1245	10.2735
15.1313	10.2735
15.1313	10.2667
15.1381	10.2667
15.1381	10.2599
15.1381	10.2531
15.1449	10.2531
15.1449	10.2463
15.1517	10.2463
15.1517	10.2395
15.1585	10.2395
15.1585	10.2327
15.1585	10.2259
15.1653	10.2259
15.1653	10.2191
15.1721	10.2191
15.1721	10.2123
15.1721	10.2055
15.1789	10.1987
15.1857	10.1987
15.1857	10.1919
15.1925	10.1919
15.1925	10.1851
15.1925	10.1782
15.1993	10.1714
15.1993	10.1646
15.2061	10.1646
15.2129	10.1646
15.2129	10.1578
15.2129	10.1510
15.2197	10.1442
15.2265	10.1442
15.2265	10.1374
15.2265	10.1306
15.2334	10.1306
15.2402	10.1306
15.2402	10.1238
15.2402	10.1170
15.2470	10.1170
15.2470	10.1102
15.2470	10.1034
15.2538	10.1034
15.2538	10.0966
15.2606	10.0966
15.2674	10.0830
15.2674	10.0762
15.2742	10.0762
15.2742	10.0694
15.2742	10.0626
15.2810	10.0558
15.2810	10.0490
15.2878	10.0490
15.2946	10.0490
15.2946	10.0422
15.2946	10.0354
15.3014	10.0286
15.3014	10.0218
15.3082	10.0218
15.3082	10.0150
15.3150	10.0150
15.3218	10.0150
15.3218	10.0082
15.3218	10.0014
15.3286	10.0014
15.3286	9.9945
15.3354	9.9945
15.3354	9.9877
15.3354	9.9809
15.3422	9.9809
15.3490	9.9809
15.3490	9.9741
15.3558	9.9741
15.3626	9.9741
15.3694	9.9741
15.3762	9.9741
15.3830	9.9741
15.3830	9.9673
15.3898	9.9673
15.3966	9.9673
15.4034	9.9673
15.4102	9.9673
15.4102	9.9605
15.4171	9.9605
15.4239	9.9605
15.4307	9.9605
15.4375	9.9605
15.4443	9.9605
15.4511	9.9605
15.4579	9.9605
15.4647	9.9605
15.4715	9.9605
15.4783	9.9605
15.4851	9.9605
15.4919	9.9605
15.4987	9.9605
15.5055	9.9605
15.5123	9.9605
15.5191	9.9605
15.5259	9.9605
15.5327	9.9605
15.5395	9.9605
15.5463	9.9605
15.5531	9.9605
15.5599	9.9605
15.5667	9.9605
15.5735	9.9605
15.5803	9.9605
15.5871	9.9605
15.5939	9.9605
15.6007	9.9605
15.6076	9.9605
15.6144	9.9605
15.6144	9.9537
15.6212	9.9537
15.6280	9.9537
15.6348	9.9537
15.6416	9.9537
15.6484	9.9537
15.6552	9.9537
15.6620	9.9469
15.6688	9.9469
15.6756	9.9469
15.6824	9.9469
15.6892	9.9469
15.6960	9.9401
15.7028	9.9401
15.7096	9.9401
15.7164	9.9401
15.7164	9.9333
15.7232	9.9333
15.7300	9.9333
15.7368	9.9333
15.7436	9.9333
15.7504	9.9333
15.7572	9.9333
15.7640	9.9333
15.7708	9.9333
15.7776	9.9333
15.7844	9.9333
15.7913	9.9333
15.7981	9.9333
15.8049	9.9333
15.8049	9.9401
15.8117	9.9401
15.8185	9.9401
15.8185	9.9469
15.8253	9.9469
15.8321	9.9469
15.8321	9.9537
15.8389	9.9537
15.8457	9.9537
15.8457	9.9605
15.8525	9.9605
15.8593	9.9605
15.8593	9.9673
15.8661	9.9673
15.8661	9.9741
15.8661	9.9809
15.8729	9.9809
15.8797	9.9809
15.8797	9.9877
15.8865	9.9877
15.8865	9.9945
15.8933	9.9945
15.8933	10.0014
15.9001	10.0014
15.9001	10.0082
15.9069	10.0082
15.9137	10.0082
15.9137	10.0150
15.9137	10.0218
15.9205	10.0218
15.9273	10.0218
15.9273	10.0286
15.9273	10.0354
15.9341	10.0354
15.9409	10.0354
15.9409	10.0422
15.9477	10.0422
15.9545	10.0422
15.9545	10.0490
15.9613	10.0490
15.9681	10.0490
15.9681	10.0558
15.9749	10.0558
15.9749	10.0626
15.9818	10.0626
15.9886	10.0626
15.9954	10.0694
16.0022	10.0694
16.0022	10.0762
16.0090	10.0762
16.0158	10.0762
16.0226	10.0830
16.0294	10.0898
16.0362	10.0898
16.0430	10.0898
16.0498	10.0966
16.0566	10.0966
16.0634	10.0966
16.0702	10.0966
16.0702	10.1034
16.0770	10.1034
16.0838	10.1034
16.0906	10.1034
16.0974	10.1034
16.1042	10.1034
16.1110	10.1034
16.1110	10.1102
16.1178	10.1170
16.1246	10.1170
16.1314	10.1170
16.1382	10.1170
16.1382	10.1238
16.1450	10.1238
16.1518	10.1238
16.1518	10.1306
16.1586	10.1306
16.1655	10.1306
16.1723	10.1306
16.1791	10.1306
16.1859	10.1306
16.1927	10.1306
16.1927	10.1374
16.1995	10.1374
16.2063	10.1374
16.2131	10.1374
16.2199	10.1374
16.2267	10.1374
16.2335	10.1374
16.2403	10.1374
16.2471	10.1374
16.2539	10.1374
16.2607	10.1374
16.2675	10.1374
16.2743	10.1374
16.2811	10.1374
16.2879	10.1374
16.2947	10.1374
16.3083	10.1374
16.3151	10.1374
16.3219	10.1374
16.3287	10.1374
16.3355	10.1374
16.3355	10.1306
16.3423	10.1306
16.3491	10.1306
16.3560	10.1238
16.3628	10.1238
16.3696	10.1238
16.3696	10.1170
16.3696	10.1102
16.3764	10.1102
16.3764	10.1034
16.3832	10.1034
16.3900	10.1034
16.3968	10.0966
16.3968	10.0898
16.4036	10.0898
16.4036	10.0830
16.4104	10.0830
16.4172	10.0762
16.4240	10.0762
16.4240	10.0694
16.4308	10.0694
16.4376	10.0694
16.4376	10.0626
16.4444	10.0626
16.4444	10.0558
16.4512	10.0558
16.4512	10.0490
16.4580	10.0490
16.4580	10.0422
16.4648	10.0422
16.4716	10.0422
16.4784	10.0422
16.4784	10.0354
16.4784	10.0286
16.4852	10.0286
16.4920	10.0286
16.4920	10.0218
16.4988	10.0218
16.5056	10.0150
16.5124	10.0082
16.5192	10.0082
16.5192	10.0014
16.5328	9.9945
16.5397	9.9945
16.5397	9.9877
16.5465	9.9877
16.5533	9.9741
16.5601	9.9741
16.5669	9.9741
16.5669	9.9673
16.5737	9.9673
16.5737	9.9605
16.5805	9.9605
16.5873	9.9537
16.5873	9.9469
16.5941	9.9469
16.5941	9.9401
16.6009	9.9401
16.6009	9.9333
16.6145	9.9333
16.6145	9.9265
16.6213	9.9197
16.6281	9.9197
16.6281	9.9129
16.6349	9.9129
16.6349	9.9061
16.6417	9.9061
16.6417	9.8993
16.6485	9.8993
16.6485	9.8925
16.6553	9.8857
16.6553	9.8789
16.6621	9.8789
16.6621	9.8721
16.6689	9.8721
16.6689	9.8653
16.6757	9.8653
16.6757	9.8585
16.6825	9.8585
16.6825	9.8517
16.6893	9.8449
16.6893	9.8381
16.7029	9.8313
16.7097	9.8245
16.7097	9.8177
16.7165	9.8177
16.7165	9.8109
16.7233	9.8109
16.7302	9.8040
16.7302	9.7972
16.7370	9.7972
16.7370	9.7904
16.7438	9.7904
16.7438	9.7836
16.7438	9.7768
16.7506	9.7768
16.7506	9.7700
16.7574	9.7700
16.7574	9.7632
16.7642	9.7632
16.7642	9.7564
16.7642	9.7496
16.7710	9.7496
16.7778	9.7496
16.7778	9.7428
16.7846	9.7428
16.7846	9.7360
16.7914	9.7360
16.7914	9.7292
16.7982	9.7292
16.7982	9.7224
16.7982	9.7156
16.8050	9.7156
16.8118	9.7156
16.8118	9.7088
16.8186	9.7088
16.8186	9.7020
16.8186	9.6952
16.8254	9.6952
16.8254	9.6884
16.8322	9.6884
16.8390	9.6884
16.8390	9.6816
16.8390	9.6748
16.8458	9.6748
16.8458	9.6680
16.8526	9.6612
16.8594	9.6612
16.8594	9.6544
16.8662	9.6544
16.8662	9.6476
16.8730	9.6476
16.8730	9.6408
16.8730	9.6340
16.8798	9.6340
16.8798	9.6272
16.8866	9.6272
16.8866	9.6203
16.8934	9.6203
16.8934	9.6135
16.8934	9.6067
16.9002	9.6067
16.9002	9.5999
16.9002	9.5931
16.9070	9.5931
16.9070	9.5863
16.9070	9.5795
16.9139	9.5727
16.9139	9.5659
16.9139	9.5591
16.9207	9.5591
16.9207	9.5523
16.9275	9.5523
16.9275	9.5455
16.9275	9.5387
16.9343	9.5387
16.9343	9.5319
16.9343	9.5251
16.9343	9.5183
16.9411	9.5183
16.9411	9.5115
16.9411	9.5047
16.9479	9.4979
16.9547	9.4911
16.9547	9.4843
16.9615	9.4843
16.9615	9.4775
16.9615	9.4707
16.9615	9.4639
16.9683	9.4639
16.9683	9.4571
16.9751	9.4571
16.9751	9.4503
16.9819	9.4503
16.9819	9.4435
16.9819	9.4367
16.9887	9.4298
16.9887	9.4230
16.9955	9.4230
16.9955	9.4162
16.9955	9.4094
17.0023	9.4094
17.0023	9.4026
17.0091	9.4026
17.0091	9.3958
17.0159	9.3890
17.0159	9.3822
17.0227	9.3822
17.0227	9.3754
17.0295	9.3754
17.0363	9.3754
17.0363	9.3686
17.0431	9.3686
17.0431	9.3618
17.0431	9.3550
17.0499	9.3550
17.0567	9.3550
17.0567	9.3482
17.0635	9.3482
17.0635	9.3414
17.0703	9.3414
17.0703	9.3346
17.0771	9.3346
17.0771	9.3278
17.0839	9.3278
17.0839	9.3210
17.0907	9.3210
17.0907	9.3142
17.0976	9.3142
17.0976	9.3074
17.0976	9.3006
17.1044	9.3006
17.1044	9.2938
17.1112	9.2870
17.1112	9.2802
17.1180	9.2734
17.1248	9.2666
17.1248	9.2598
17.1316	9.2598
17.1316	9.2530
17.1384	9.2530
17.1384	9.2461
17.1384	9.2393
17.1452	9.2393
17.1452	9.2325
17.1520	9.2325
17.1520	9.2257
17.1588	9.2257
17.1588	9.2189
17.1588	9.2121
17.1656	9.2121
17.1656	9.2053
17.1724	9.1985
17.1792	9.1985
17.1792	9.1917
17.1792	9.1849
17.1860	9.1849
17.1860	9.1781
17.1928	9.1781
17.1928	9.1713
17.1996	9.1713
17.1996	9.1645
17.2064	9.1577
17.2064	9.1509
17.2132	9.1509
17.2132	9.1441
17.2200	9.1441
17.2200	9.1373
17.2268	9.1373
17.2268	9.1305
17.2336	9.1305
17.2336	9.1237
17.2404	9.1237
17.2404	9.1169
17.2472	9.1169
17.2472	9.1101
17.2608	9.1033
17.2676	9.1033
17.2676	9.0965
17.2744	9.0965
17.2744	9.0897
17.2812	9.0897
17.2881	9.0897
17.2881	9.0829
17.2949	9.0829
17.2949	9.0761
17.3017	9.0761
17.3085	9.0693
17.3153	9.0693
17.3221	9.0693
17.3221	9.0624
17.3289	9.0624
17.3289	9.0556
17.3357	9.0556
17.3425	9.0488
17.3493	9.0488
17.3561	9.0420
17.3629	9.0352
17.3697	9.0352
17.3765	9.0352
17.3765	9.0284
17.3833	9.0284
17.3833	9.0216
17.3901	9.0216
17.3901	9.0148
17.3969	9.0148
17.4037	9.0148
17.4105	9.0148
17.4105	9.0080
17.4173	9.0080
17.4241	9.0080
17.4241	9.0012
17.4309	9.0012
17.4377	9.0012
17.4445	9.0012
17.4445	8.9944
17.4513	8.9944
17.4581	8.9944
17.4649	8.9876
17.4718	8.9876
17.4786	8.9876
17.4854	8.9876
17.4922	8.9876
17.4922	8.9808
17.4990	8.9808
17.5058	8.9808
17.5126	8.9808
17.5194	8.9808
17.5262	8.9808
17.5330	8.9808
17.5398	8.9808
17.5466	8.9808
17.5466	8.9740
17.5534	8.9740
17.5602	8.9740
17.5670	8.9740
17.5738	8.9740
17.5806	8.9740
17.5874	8.9672
17.6010	8.9672
17.6078	8.9672
17.6146	8.9672
17.6214	8.9604
17.6282	8.9604
17.6350	8.9604
17.6418	8.9604
17.6486	8.9604
17.6554	8.9604
17.6623	8.9604
17.6691	8.9604
17.6691	8.9536
17.6827	8.9536
17.6895	8.9536
17.6963	8.9536
17.7031	8.9536
17.7099	8.9536
17.7099	8.9468
17.7167	8.9468
17.7235	8.9468
17.7371	8.9400
17.7439	8.9400
17.7439	8.9332
17.7507	8.9332
17.7575	8.9332
17.7643	8.9332
17.7711	8.9264
17.7779	8.9264
17.7847	8.9264
17.7847	8.9196
17.7915	8.9196
17.7983	8.9196
17.8051	8.9196
17.8119	8.9196
17.8119	8.9128
17.8119	8.9060
17.8119	8.8992
17.8187	8.8992
17.8187	8.8924
17.8187	8.8856
17.8255	8.8856
17.8255	8.8788
17.8255	8.8719
17.8255	8.8651
17.8255	8.8583
17.8255	8.8515
17.8255	8.8447
17.8323	8.8447
17.8323	8.8379
17.8323	8.8311
17.8323	8.8243
17.8323	8.8175
17.8323	8.8107
17.8323	8.8039
17.8323	8.7971
17.8323	8.7903
17.8323	8.7835
17.8323	8.7767
17.8323	8.7699
17.8323	8.7631
17.8323	8.7563
17.8323	8.7495
17.8323	8.7427
17.8323	8.7359
17.8391	8.7359
17.8391	8.7291
17.8391	8.7223
17.8391	8.7155
17.8391	8.7087
17.8391	8.7019
17.8391	8.6951
17.8460	8.6951
17.8460	8.6814
17.8528	8.6746
17.8528	8.6678
17.8528	8.6610
17.8528	8.6542
17.8528	8.6474
17.8596	8.6474
17.8596	8.6406
17.8596	8.6338
17.8596	8.6270
17.8596	8.6202
17.8664	8.6202
17.8664	8.6134
17.8664	8.6066
17.8732	8.6066
17.8732	8.5998
17.8732	8.5930
17.8800	8.5930
17.8800	8.5862
17.8800	8.5794
17.8868	8.5726
17.8868	8.5658
17.8868	8.5590
17.8936	8.5590
17.8936	8.5522
17.9004	8.5522
17.9004	8.5454
17.9072	8.5386
17.9072	8.5318
17.9140	8.5250
17.9140	8.5182
17.9140	8.5114
17.9208	8.5114
17.9208	8.5046
17.9208	8.4977
17.9276	8.4977
17.9276	8.4909
17.9344	8.4841
17.9344	8.4773
17.9412	8.4705
17.9480	8.4705
17.9480	8.4569
17.9548	8.4569
17.9548	8.4501
17.9616	8.4501
17.9616	8.4433
17.9616	8.4365
17.9684	8.4365
17.9684	8.4297
17.9684	8.4229
17.9752	8.4229
17.9752	8.4161
17.9752	8.4093
17.9820	8.4025
17.9820	8.3957
17.9820	8.3889
17.9888	8.3821
17.9956	8.3821
17.9956	8.3753
17.9956	8.3685
18.0024	8.3617
18.0024	8.3549
18.0024	8.3481
18.0092	8.3481
18.0092	8.3413
18.0092	8.3345
18.0092	8.3277
18.0160	8.3277
18.0228	8.3277
18.0228	8.3209
18.0228	8.3140
18.0228	8.3072
18.0296	8.3072
18.0296	8.3004
18.0296	8.2868
18.0365	8.2800
18.0365	8.2732
18.0433	8.2732
18.0433	8.2664
18.0433	8.2596
18.0501	8.2596
18.0501	8.2528
18.0501	8.2460
18.0569	8.2460
18.0569	8.2392
18.0569	8.2324
18.0637	8.2324
18.0637	8.2256
18.0705	8.2256
18.0773	8.2188
18.0773	8.2120
18.0841	8.2052
18.0909	8.1984
18.0909	8.1916
18.0977	8.1916
18.1045	8.1848
18.1045	8.1780
18.1113	8.1780
18.1113	8.1712
18.1181	8.1712
18.1181	8.1644
18.1249	8.1644
18.1317	8.1576
18.1385	8.1508
18.1385	8.1440
18.1453	8.1440
18.1453	8.1372
18.1521	8.1372
18.1521	8.1304
18.1589	8.1304
18.1589	8.1235
18.1657	8.1235
18.1657	8.1167
18.1725	8.1167
18.1725	8.1099
18.1793	8.1099
18.1793	8.1031
18.1861	8.1031
18.1861	8.0963
18.1929	8.0895
18.1929	8.0827
18.1997	8.0827
18.1997	8.0759
18.1997	8.0691
18.2065	8.0623
18.2065	8.0555
18.2065	8.0487
18.2133	8.0487
18.2133	8.0419
18.2202	8.0419
18.2202	8.0351
18.2202	8.0283
18.2270	8.0215
18.2270	8.0147
18.2270	8.0079
18.2338	8.0079
18.2338	8.0011
18.2338	7.9943
18.2338	7.9875
18.2406	7.9807
18.2406	7.9739
18.2474	7.9671
18.2474	7.9603
18.2474	7.9535
18.2542	7.9467
18.2542	7.9398
18.2542	7.9330
18.2610	7.9330
18.2610	7.9262
18.2610	7.9194
18.2610	7.9126
18.2678	7.9126
18.2678	7.9058
18.2746	7.9058
18.2746	7.8990
18.2746	7.8922
18.2746	7.8854
18.2814	7.8786
18.2814	7.8718
18.2882	7.8650
18.2882	7.8582
18.2882	7.8514
18.2950	7.8514
18.3018	7.8446
18.3018	7.8378
18.3086	7.8310
18.3086	7.8242
18.3154	7.8106
18.3154	7.8038
18.3222	7.7970
18.3290	7.7902
18.3290	7.7834
18.3358	7.7834
18.3358	7.7766
18.3358	7.7698
18.3426	7.7698
18.3426	7.7630
18.3426	7.7562
18.3494	7.7562
18.3562	7.7493
18.3562	7.7425
18.3630	7.7425
18.3630	7.7357
18.3698	7.7357
18.3698	7.7289
18.3766	7.7221
18.3834	7.7221
18.3902	7.7153
18.3902	7.7085
18.3970	7.7085
18.3970	7.7017
18.4038	7.6949
18.4107	7.6949
18.4175	7.6949
18.4175	7.6881
18.4243	7.6881
18.4243	7.6813
18.4311	7.6813
18.4379	7.6813
18.4447	7.6745
18.4515	7.6677
18.4583	7.6677
18.4651	7.6609
18.4719	7.6609
18.4787	7.6541
18.4855	7.6473
18.4991	7.6473
18.5059	7.6405
18.5127	7.6405
18.5127	7.6337
18.5263	7.6337
18.5331	7.6269
18.5399	7.6269
18.5467	7.6269
18.5535	7.6201
18.5603	7.6133
18.5671	7.6133
18.5671	7.6065
18.5739	7.6065
18.5807	7.6065
18.5875	7.6065
18.5875	7.5997
18.5944	7.5997
18.6012	7.5997
18.6080	7.5997
18.6148	7.5929
18.6216	7.5861
18.6284	7.5861
18.6352	7.5861
18.6420	7.5861
18.6488	7.5861
18.6556	7.5861
18.6624	7.5861
18.6692	7.5861
18.6760	7.5861
18.6828	7.5861
18.6828	7.5793
18.6896	7.5793
18.6964	7.5793
18.7032	7.5793
18.7100	7.5793
18.7168	7.5793
18.7236	7.5793
18.7304	7.5793
18.7372	7.5793
18.7440	7.5793
18.7508	7.5793
18.7576	7.5793
18.7644	7.5793
18.7712	7.5793
18.7780	7.5793
18.7849	7.5793
18.7917	7.5793
18.7985	7.5793
18.8053	7.5793
18.8121	7.5793
18.8189	7.5793
18.8257	7.5793
18.8325	7.5793
