20.5987	10.5918
20.6064	10.5918
20.6141	10.5918
20.6218	10.5918
20.6295	10.5918
20.6372	10.5918
20.6449	10.5918
20.6526	10.5918
20.6603	10.5918
20.6679	10.5918
20.6679	10.5841
20.6756	10.5841
20.6833	10.5841
20.6910	10.5841
20.6910	10.5764
20.6910	10.5688
20.6987	10.5688
20.6987	10.5611
20.7064	10.5611
20.7064	10.5534
20.7141	10.5534
20.7218	10.5534
20.7218	10.5457
20.7218	10.5380
20.7295	10.5380
20.7295	10.5303
20.7372	10.5303
20.7372	10.5226
20.7449	10.5226
20.7526	10.5226
20.7526	10.5149
20.7526	10.5072
20.7603	10.5072
20.7603	10.4995
20.7680	10.4995
20.7680	10.4918
20.7757	10.4918
20.7834	10.4918
20.7834	10.4841
20.7911	10.4764
20.7988	10.4764
20.7988	10.4687
20.8065	10.4687
20.8142	10.4687
20.8142	10.4610
20.8219	10.4610
20.8296	10.4610
20.8296	10.4533
20.8373	10.4456
20.8450	10.4456
20.8527	10.4456
20.8527	10.4379
20.8604	10.4379
20.8681	10.4379
20.8681	10.4302
20.8758	10.4302
20.8758	10.4225
20.8835	10.4225
20.8835	10.4148
20.8912	10.4148
20.8989	10.4148
20.9066	10.4071
20.9143	10.4071
20.9220	10.4071
20.9220	10.3994
20.9297	10.3994
20.9374	10.3994
20.9374	10.3917
20.9451	10.3917
20.9451	10.3840
20.9528	10.3840
20.9605	10.3840
20.9605	10.3763
20.9682	10.3763
20.9759	10.3763
20.9759	10.3686
20.9835	10.3686
20.9912	10.3686
20.9912	10.3609
20.9989	10.3609
21.0066	10.3609
21.0143	10.3532
21.0143	10.3455
21.0220	10.3455
21.0297	10.3455
21.0374	10.3455
21.0451	10.3455
21.0528	10.3455
21.0605	10.3455
21.0682	10.3455
21.0759	10.3455
21.0836	10.3455
21.0913	10.3455
21.0990	10.3455
21.1067	10.3455
21.1144	10.3455
21.1221	10.3455
21.1298	10.3455
21.1375	10.3455
21.1452	10.3455
21.1529	10.3455
21.1606	10.3455
21.1683	10.3455
21.1760	10.3455
21.1837	10.3455
21.1914	10.3455
21.1991	10.3455
21.2068	10.3455
21.2145	10.3455
21.2145	10.3532
21.2222	10.3532
21.2299	10.3532
21.2376	10.3532
21.2453	10.3532
21.2530	10.3532
21.2607	10.3532
21.2684	10.3532
21.2761	10.3532
21.2761	10.3609
21.2838	10.3609
21.2915	10.3609
21.2991	10.3609
21.2991	10.3686
21.3068	10.3686
21.3145	10.3686
21.3222	10.3686
21.3222	10.3763
21.3299	10.3763
21.3376	10.3763
21.3453	10.3763
21.3453	10.3840
21.3530	10.3840
21.3607	10.3840
21.3684	10.3840
21.3684	10.3917
21.3761	10.3917
21.3838	10.3917
21.3838	10.3994
21.3915	10.3994
21.3992	10.3994
21.3992	10.4071
21.4069	10.4071
21.4146	10.4071
21.4223	10.4148
21.4223	10.4225
21.4300	10.4225
21.4377	10.4302
21.4454	10.4302
21.4454	10.4379
21.4531	10.4379
21.4608	10.4379
21.4608	10.4456
21.4685	10.4533
21.4762	10.4533
21.4839	10.4610
21.4916	10.4610
21.4916	10.4687
21.4993	10.4687
21.5070	10.4687
21.5147	10.4687
21.5224	10.4764
21.5301	10.4764
21.5378	10.4841
21.5455	10.4841
21.5532	10.4841
21.5609	10.4841
21.5686	10.4841
21.5763	10.4841
21.5763	10.4918
21.5917	10.4918
21.5994	10.4918
21.6071	10.4918
21.6147	10.4918
21.6224	10.4918
21.6301	10.4918
21.6378	10.4918
21.6455	10.4918
21.6532	10.4918
21.6609	10.4918
21.6609	10.4995
21.6686	10.4995
21.6763	10.4995
21.6840	10.4995
21.6917	10.4995
21.6994	10.4995
21.7071	10.4995
21.7148	10.4995
21.7225	10.4995
21.7302	10.4995
21.7379	10.4995
21.7456	10.4995
21.7533	10.4995
21.7610	10.5072
21.7687	10.5072
21.7687	10.5149
21.7764	10.5149
21.7764	10.5226
21.7841	10.5226
21.7918	10.5226
21.7995	10.5226
21.7995	10.5303
21.8072	10.5303
21.8149	10.5303
21.8226	10.5380
21.8303	10.5457
21.8380	10.5457
21.8534	10.5534
21.8611	10.5534
21.8688	10.5534
21.8688	10.5611
21.8765	10.5611
21.8842	10.5611
21.8919	10.5611
21.8996	10.5688
21.9073	10.5764
21.9227	10.5764
21.9303	10.5764
21.9380	10.5841
21.9457	10.5841
21.9534	10.5841
21.9611	10.5918
21.9765	10.5918
21.9842	10.5918
21.9919	10.5995
21.9996	10.5995
22.0073	10.6072
22.0150	10.6072
22.0227	10.6072
22.0227	10.6149
22.0304	10.6149
22.0381	10.6149
22.0458	10.6226
22.0535	10.6226
22.0535	10.6303
22.0612	10.6303
22.0612	10.6380
22.0689	10.6380
22.0766	10.6380
22.0843	10.6380
22.0843	10.6457
22.0920	10.6457
22.0997	10.6457
22.1074	10.6457
22.1151	10.6534
22.1228	10.6534
22.1305	10.6534
22.1382	10.6611
22.1459	10.6611
22.1536	10.6688
22.1613	10.6688
22.1690	10.6688
22.1767	10.6688
22.1844	10.6765
22.1921	10.6765
22.1998	10.6765
22.2075	10.6765
22.2075	10.6842
22.2152	10.6842
22.2229	10.6842
22.2306	10.6842
22.2383	10.6842
22.2459	10.6919
22.2536	10.6919
22.2690	10.6919
22.2767	10.6996
22.2844	10.6996
22.2921	10.6996
22.2998	10.6996
22.3075	10.6996
22.3152	10.7073
22.3229	10.7073
22.3306	10.7073
22.3383	10.7073
22.3460	10.7073
22.3460	10.7150
22.3537	10.7150
22.3614	10.7150
22.3691	10.7150
22.3691	10.7227
22.3768	10.7227
22.3768	10.7304
22.3845	10.7304
22.3922	10.7304
22.3922	10.7381
22.3999	10.7381
22.3999	10.7458
22.4076	10.7458
22.4153	10.7458
22.4153	10.7535
22.4230	10.7535
22.4307	10.7535
22.4384	10.7535
22.4384	10.7612
22.4461	10.7612
22.4461	10.7689
22.4538	10.7689
22.4615	10.7689
22.4692	10.7689
22.4692	10.7766
22.4769	10.7766
22.4846	10.7766
22.4846	10.7843
22.4923	10.7843
22.5000	10.7843
22.5000	10.7920
22.5077	10.7920
22.5154	10.7997
22.5231	10.7997
22.5308	10.8074
22.5385	10.8074
22.5462	10.8074
22.5462	10.8151
22.5539	10.8151
22.5615	10.8228
22.5692	10.8305
22.5769	10.8305
22.5846	10.8305
22.5846	10.8382
22.5923	10.8382
22.6000	10.8459
22.6077	10.8459
22.6154	10.8459
22.6154	10.8536
22.6231	10.8536
22.6231	10.8613
22.6308	10.8613
22.6308	10.8690
22.6385	10.8690
22.6462	10.8690
22.6462	10.8767
22.6539	10.8767
22.6616	10.8767
22.6693	10.8844
22.6770	10.8844
22.6770	10.8920
22.6847	10.8920
22.6924	10.8920
22.7001	10.8997
22.7078	10.8997
22.7155	10.8997
22.7232	10.8997
22.7232	10.9074
22.7309	10.9074
22.7386	10.9074
22.7463	10.9074
22.7540	10.9074
22.7540	10.9151
22.7617	10.9151
22.7694	10.9151
22.7771	10.9151
22.7771	10.9228
22.7848	10.9228
22.7925	10.9228
22.8002	10.9228
22.8079	10.9228
22.8079	10.9305
22.8156	10.9305
22.8233	10.9382
22.8310	10.9382
22.8387	10.9382
22.8464	10.9382
22.8464	10.9459
22.8541	10.9459
22.8618	10.9459
22.8695	10.9459
22.8771	10.9459
22.8848	10.9459
22.8925	10.9459
22.9002	10.9459
22.9002	10.9536
22.9079	10.9536
22.9156	10.9536
22.9233	10.9536
22.9310	10.9536
22.9387	10.9613
22.9464	10.9613
22.9541	10.9613
22.9618	10.9613
22.9695	10.9690
22.9772	10.9690
22.9772	10.9767
22.9849	10.9767
22.9849	10.9844
22.9926	10.9844
22.9926	10.9921
23.0003	10.9998
23.0003	11.0075
23.0080	11.0075
23.0157	11.0152
23.0157	11.0229
23.0234	11.0229
23.0311	11.0229
23.0311	11.0306
23.0388	11.0306
23.0465	11.0306
23.0542	11.0306
23.0542	11.0383
23.0619	11.0383
23.0696	11.0383
23.0696	11.0460
23.0696	11.0537
23.0773	11.0537
23.0850	11.0537
23.0927	11.0537
23.0927	11.0614
23.1004	11.0614
23.1081	11.0614
23.1081	11.0691
23.1158	11.0691
23.1235	11.0691
23.1235	11.0768
23.1312	11.0768
23.1389	11.0768
23.1389	11.0845
23.1466	11.0845
23.1543	11.0845
23.1620	11.0845
23.1697	11.0845
23.1774	11.0845
23.1851	11.0845
23.1851	11.0922
23.1927	11.0922
23.2004	11.0922
23.2081	11.0922
23.2158	11.0922
23.2235	11.0922
23.2312	11.0922
23.2312	11.0999
23.2389	11.0999
23.2466	11.0999
23.2543	11.0999
23.2620	11.0999
23.2697	11.0999
23.2774	11.0999
23.2774	11.1076
23.2774	11.1153
23.2851	11.1153
23.2851	11.1230
23.2928	11.1230
23.2928	11.1307
23.2928	11.1384
23.3005	11.1384
23.3005	11.1461
23.3082	11.1461
23.3082	11.1538
23.3159	11.1538
23.3159	11.1615
23.3236	11.1615
23.3236	11.1692
23.3236	11.1769
23.3313	11.1769
23.3313	11.1846
23.3390	11.1846
23.3467	11.1846
23.3467	11.1923
23.3544	11.1923
23.3544	11.1999
23.3544	11.2076
23.3621	11.2076
23.3621	11.2153
23.3621	11.2230
23.3698	11.2230
23.3775	11.2307
23.3775	11.2384
23.3775	11.2461
23.3852	11.2461
23.3852	11.2538
23.3929	11.2538
23.3929	11.2615
23.4006	11.2615
23.4083	11.2615
23.4083	11.2692
23.4083	11.2769
23.4160	11.2769
23.4237	11.2769
23.4237	11.2846
23.4314	11.2846
23.4391	11.2846
23.4391	11.2923
23.4468	11.2923
23.4545	11.2923
23.4622	11.2923
23.4622	11.3000
23.4699	11.3000
23.4699	11.3077
23.4776	11.3077
23.4853	11.3077
23.4930	11.3077
23.5007	11.3154
23.5083	11.3154
23.5160	11.3154
23.5237	11.3154
23.5314	11.3154
23.5314	11.3231
23.5391	11.3231
23.5468	11.3231
23.5545	11.3231
23.5622	11.3231
23.5699	11.3308
23.5776	11.3308
23.5776	11.3385
23.5853	11.3385
23.5930	11.3385
23.6007	11.3385
23.6084	11.3385
23.6084	11.3462
23.6161	11.3462
23.6238	11.3462
23.6315	11.3462
23.6392	11.3462
23.6392	11.3539
23.6469	11.3539
23.6546	11.3539
23.6623	11.3539
23.6623	11.3616
23.6700	11.3616
23.6777	11.3616
23.6777	11.3693
23.6854	11.3693
23.6854	11.3770
23.6931	11.3770
23.6931	11.3847
23.7008	11.3924
23.7008	11.4001
23.7008	11.4078
23.7085	11.4078
23.7085	11.4155
23.7162	11.4155
23.7162	11.4232
23.7162	11.4309
23.7239	11.4309
23.7239	11.4386
23.7239	11.4463
23.7239	11.4540
23.7316	11.4540
23.7316	11.4617
23.7316	11.4694
23.7316	11.4771
23.7316	11.4848
23.7393	11.4848
23.7393	11.4925
23.7393	11.5002
23.7393	11.5079
23.7393	11.5155
23.7470	11.5155
23.7470	11.5232
23.7470	11.5309
23.7547	11.5309
23.7547	11.5386
23.7624	11.5463
23.7624	11.5540
23.7701	11.5540
23.7701	11.5617
23.7778	11.5617
23.7778	11.5694
23.7855	11.5694
23.7855	11.5771
23.7932	11.5771
23.7932	11.5848
23.7932	11.5925
23.8009	11.5925
23.8009	11.6002
23.8086	11.6002
23.8163	11.6002
23.8163	11.6079
23.8239	11.6079
23.8316	11.6156
23.8316	11.6233
23.8393	11.6233
23.8393	11.6310
23.8470	11.6310
23.8547	11.6310
23.8547	11.6387
23.8624	11.6387
23.8624	11.6464
23.8701	11.6464
23.8701	11.6541
23.8778	11.6541
23.8855	11.6541
23.8855	11.6618
23.8932	11.6618
23.8932	11.6695
23.9009	11.6695
23.9086	11.6695
23.9163	11.6772
23.9240	11.6772
23.9240	11.6849
23.9317	11.6849
23.9394	11.6926
23.9471	11.6926
23.9548	11.6926
23.9548	11.7003
23.9625	11.7003
23.9702	11.7003
23.9702	11.7080
23.9779	11.7080
23.9779	11.7157
23.9856	11.7157
23.9856	11.7234
23.9933	11.7234
23.9933	11.7311
24.0010	11.7311
24.0087	11.7311
24.0087	11.7388
24.0087	11.7465
24.0164	11.7542
24.0164	11.7619
24.0241	11.7619
24.0241	11.7696
24.0318	11.7696
24.0318	11.7773
24.0318	11.7850
24.0395	11.7850
24.0472	11.7927
24.0472	11.8004
24.0549	11.8004
24.0549	11.8081
24.0626	11.8158
24.0703	11.8158
24.0703	11.8235
24.0780	11.8235
24.0780	11.8311
24.0857	11.8311
24.0857	11.8388
24.0934	11.8388
24.0934	11.8465
24.1011	11.8465
24.1011	11.8542
24.1088	11.8542
24.1088	11.8619
24.1088	11.8696
24.1165	11.8696
24.1165	11.8773
24.1165	11.8850
24.1242	11.8850
24.1242	11.8927
24.1319	11.8927
24.1319	11.9004
24.1395	11.9004
24.1395	11.9081
24.1472	11.9158
24.1472	11.9235
24.1549	11.9235
24.1549	11.9312
24.1549	11.9389
24.1626	11.9389
24.1626	11.9466
24.1703	11.9466
24.1703	11.9543
24.1780	11.9543
24.1780	11.9620
24.1857	11.9620
24.1857	11.9697
24.1934	11.9774
24.2011	11.9774
24.2011	11.9851
24.2088	11.9851
24.2088	11.9928
24.2165	11.9928
24.2165	12.0005
24.2165	12.0082
24.2242	12.0082
24.2319	12.0082
24.2319	12.0159
24.2396	12.0159
24.2396	12.0236
24.2473	12.0236
24.2473	12.0313
24.2473	12.0390
24.2550	12.0467
24.2627	12.0467
24.2627	12.0544
24.2704	12.0621
24.2704	12.0698
24.2781	12.0698
24.2781	12.0775
24.2781	12.0852
24.2858	12.0852
24.2858	12.0929
24.2935	12.1006
24.3012	12.1006
24.3012	12.1083
24.3089	12.1083
24.3089	12.1160
24.3166	12.1160
24.3166	12.1237
24.3166	12.1314
24.3243	12.1314
24.3320	12.1314
24.3320	12.1391
24.3320	12.1467
24.3397	12.1467
24.3397	12.1544
24.3397	12.1621
24.3397	12.1698
24.3474	12.1698
24.3474	12.1775
24.3474	12.1852
24.3551	12.1852
24.3551	12.1929
24.3628	12.2006
24.3628	12.2083
24.3705	12.2160
24.3705	12.2237
24.3705	12.2314
24.3782	12.2391
24.3782	12.2468
24.3782	12.2545
24.3782	12.2622
24.3859	12.2622
24.3859	12.2699
24.3859	12.2776
24.3936	12.2776
24.3936	12.2853
24.3936	12.2930
24.3936	12.3007
24.3936	12.3084
24.3936	12.3161
24.3936	12.3238
24.4013	12.3238
24.4013	12.3315
24.4013	12.3392
24.4090	12.3392
24.4090	12.3469
24.4090	12.3546
24.4090	12.3623
24.4167	12.3623
24.4167	12.3700
24.4244	12.3700
24.4244	12.3777
24.4244	12.3854
24.4244	12.3931
24.4244	12.4008
24.4321	12.4008
24.4321	12.4085
24.4321	12.4162
24.4398	12.4162
24.4398	12.4239
24.4398	12.4316
24.4475	12.4316
24.4475	12.4393
24.4475	12.4470
24.4475	12.4547
24.4475	12.4623
24.4551	12.4623
24.4551	12.4700
24.4551	12.4777
24.4551	12.4854
24.4551	12.4931
24.4551	12.5008
24.4551	12.5085
24.4551	12.5162
24.4628	12.5162
24.4628	12.5239
24.4628	12.5316
24.4628	12.5393
24.4628	12.5470
24.4628	12.5547
24.4705	12.5547
24.4705	12.5624
24.4705	12.5701
24.4705	12.5778
24.4705	12.5855
24.4782	12.5855
24.4782	12.5932
24.4859	12.5932
24.4859	12.6009
24.4859	12.6086
24.4859	12.6163
24.4859	12.6240
24.4859	12.6317
24.4859	12.6394
24.4936	12.6394
24.4936	12.6471
24.4936	12.6548
24.5013	12.6548
24.5013	12.6625
24.5013	12.6702
24.5090	12.6702
24.5090	12.6779
24.5090	12.6856
24.5167	12.6856
24.5167	12.6933
24.5244	12.6933
24.5244	12.7010
24.5244	12.7087
24.5244	12.7164
24.5321	12.7164
24.5321	12.7241
24.5321	12.7318
24.5321	12.7395
24.5398	12.7395
24.5398	12.7472
24.5398	12.7549
24.5475	12.7549
24.5475	12.7626
24.5475	12.7703
24.5552	12.7703
24.5552	12.7779
24.5629	12.7779
24.5629	12.7856
24.5706	12.7856
24.5706	12.7933
24.5706	12.8010
24.5783	12.8010
24.5860	12.8087
24.5860	12.8164
24.5937	12.8164
24.5937	12.8241
24.5937	12.8318
24.6014	12.8318
24.6014	12.8395
24.6014	12.8472
24.6091	12.8472
24.6091	12.8549
24.6168	12.8549
24.6168	12.8626
24.6168	12.8703
24.6245	12.8703
24.6245	12.8780
24.6245	12.8857
24.6322	12.8857
24.6322	12.8934
24.6399	12.8934
24.6399	12.9011
24.6476	12.9011
24.6476	12.9088
24.6553	12.9165
24.6553	12.9242
24.6553	12.9319
24.6630	12.9319
24.6630	12.9396
24.6707	12.9396
24.6707	12.9473
24.6784	12.9473
24.6784	12.9550
24.6784	12.9627
24.6861	12.9627
24.6861	12.9704
24.6938	12.9704
24.6938	12.9781
24.7015	12.9781
24.7015	12.9858
24.7015	12.9935
24.7092	12.9935
24.7092	13.0012
24.7169	13.0089
24.7169	13.0166
24.7246	13.0166
24.7246	13.0243
24.7323	13.0243
24.7323	13.0320
24.7400	13.0320
24.7400	13.0397
24.7400	13.0474
24.7400	13.0551
24.7477	13.0551
24.7477	13.0628
24.7477	13.0705
24.7554	13.0782
24.7554	13.0859
24.7631	13.0859
24.7707	13.0859
24.7784	13.0935
24.7784	13.1012
24.7861	13.1012
24.7861	13.1089
24.7938	13.1089
24.7938	13.1166
24.8015	13.1243
24.8092	13.1243
24.8092	13.1320
24.8169	13.1320
24.8169	13.1397
24.8246	13.1397
24.8246	13.1474
24.8323	13.1474
24.8400	13.1474
24.8400	13.1551
24.8477	13.1551
24.8554	13.1551
24.8554	13.1628
24.8631	13.1628
24.8631	13.1705
24.8708	13.1705
24.8708	13.1782
24.8785	13.1782
24.8785	13.1859
24.8862	13.1859
24.8939	13.1859
24.8939	13.1936
24.9016	13.1936
24.9016	13.2013
24.9093	13.2013
24.9093	13.2090
24.9093	13.2167
24.9170	13.2167
24.9170	13.2244
24.9247	13.2244
24.9324	13.2244
24.9324	13.2321
24.9324	13.2398
24.9401	13.2398
24.9401	13.2475
24.9401	13.2552
24.9478	13.2552
24.9478	13.2629
24.9555	13.2629
24.9555	13.2706
24.9632	13.2706
24.9632	13.2783
24.9632	13.2860
24.9709	13.2860
24.9709	13.2937
24.9786	13.2937
24.9786	13.3014
24.9786	13.3091
24.9863	13.3091
24.9940	13.3168
24.9940	13.3245
25.0017	13.3245
25.0094	13.3245
25.0094	13.3322
25.0094	13.3399
25.0171	13.3399
25.0171	13.3476
25.0171	13.3553
25.0248	13.3553
25.0248	13.3630
25.0325	13.3630
25.0325	13.3707
25.0325	13.3784
25.0402	13.3784
25.0402	13.3861
25.0402	13.3938
25.0479	13.3938
25.0479	13.4015
25.0556	13.4015
25.0556	13.4091
25.0633	13.4091
25.0633	13.4168
25.0633	13.4245
25.0710	13.4245
25.0710	13.4322
25.0710	13.4399
25.0787	13.4399
25.0787	13.4476
25.0787	13.4553
25.0863	13.4553
25.0940	13.4553
25.0940	13.4630
25.0940	13.4707
25.1017	13.4707
25.1017	13.4784
25.1017	13.4861
25.1094	13.4861
25.1171	13.4938
25.1248	13.4938
25.1248	13.5015
25.1325	13.5015
25.1325	13.5092
25.1402	13.5092
25.1402	13.5169
25.1479	13.5169
25.1479	13.5246
25.1556	13.5323
25.1633	13.5323
25.1633	13.5400
25.1633	13.5477
25.1710	13.5477
25.1787	13.5477
25.1787	13.5554
25.1787	13.5631
25.1864	13.5631
25.1864	13.5708
25.1941	13.5708
25.2018	13.5785
25.2095	13.5785
25.2095	13.5862
25.2172	13.5862
25.2172	13.5939
25.2249	13.5939
25.2326	13.6016
25.2403	13.6093
25.2480	13.6093
25.2480	13.6170
25.2557	13.6170
25.2557	13.6247
25.2634	13.6247
25.2634	13.6324
25.2711	13.6324
25.2711	13.6401
25.2788	13.6401
25.2865	13.6401
25.2865	13.6478
25.2942	13.6478
25.3019	13.6478
25.3019	13.6555
25.3019	13.6632
25.3096	13.6632
25.3173	13.6709
25.3250	13.6709
25.3250	13.6786
25.3327	13.6786
25.3327	13.6863
25.3404	13.6863
25.3404	13.6940
25.3481	13.6940
25.3558	13.6940
25.3558	13.7017
25.3635	13.7017
25.3635	13.7094
25.3712	13.7094
25.3789	13.7094
25.3789	13.7171
25.3866	13.7171
25.3943	13.7171
25.3943	13.7247
25.4019	13.7247
25.4096	13.7247
25.4096	13.7324
25.4173	13.7324
25.4250	13.7324
25.4327	13.7324
25.4327	13.7401
25.4404	13.7401
25.4404	13.7478
25.4481	13.7478
25.4481	13.7555
25.4481	13.7632
25.4558	13.7632
25.4558	13.7709
25.4635	13.7709
25.4712	13.7709
25.4712	13.7786
25.4712	13.7863
25.4789	13.7863
25.4789	13.7940
25.4866	13.7940
25.4866	13.8017
25.4943	13.8017
25.4943	13.8094
25.4943	13.8171
25.5020	13.8171
25.5097	13.8171
25.5097	13.8248
25.5097	13.8325
25.5174	13.8325
25.5174	13.8402
25.5174	13.8479
25.5251	13.8479
25.5251	13.8556
25.5328	13.8633
25.5405	13.8633
25.5405	13.8710
25.5405	13.8787
25.5482	13.8787
25.5482	13.8864
25.5559	13.8864
25.5636	13.8864
25.5713	13.8864
25.5713	13.8941
25.5790	13.8941
25.5790	13.9018
25.5867	13.9018
25.5867	13.9095
25.5867	13.9172
25.5867	13.9249
25.5944	13.9249
25.5944	13.9326
25.6021	13.9326
25.6021	13.9403
25.6021	13.9480
25.6021	13.9557
25.6098	13.9557
25.6098	13.9634
25.6098	13.9711
25.6175	13.9788
25.6175	13.9865
25.6252	13.9865
25.6252	13.9942
25.6329	13.9942
25.6329	14.0019
25.6329	14.0096
25.6329	14.0173
25.6329	14.0250
25.6406	14.0250
25.6406	14.0327
25.6406	14.0403
25.6406	14.0480
25.6406	14.0557
25.6483	14.0557
25.6483	14.0634
25.6483	14.0711
25.6483	14.0788
25.6483	14.0865
25.6483	14.0942
25.6560	14.1019
25.6560	14.1096
25.6560	14.1173
25.6637	14.1173
25.6637	14.1250
25.6637	14.1327
25.6637	14.1404
25.6637	14.1481
25.6637	14.1558
25.6637	14.1635
25.6637	14.1712
25.6637	14.1789
25.6637	14.1866
25.6637	14.1943
25.6637	14.2020
25.6637	14.2097
25.6560	14.2174
25.6560	14.2251
25.6560	14.2328
25.6483	14.2328
25.6483	14.2405
25.6406	14.2405
25.6406	14.2482
25.6329	14.2482
25.6252	14.2482
25.6252	14.2559
25.6252	14.2636
25.6175	14.2636
25.6175	14.2713
25.6098	14.2713
25.6098	14.2790
25.6021	14.2790
25.5944	14.2790
25.5867	14.2790
25.5867	14.2867
25.5790	14.2867
25.5790	14.2944
25.5713	14.2944
25.5636	14.2944
25.5636	14.3021
25.5559	14.3021
25.5559	14.3098
25.5482	14.3175
25.5482	14.3252
25.5482	14.3329
25.5405	14.3329
25.5405	14.3406
25.5328	14.3406
25.5328	14.3483
25.5251	14.3559
25.5251	14.3636
25.5174	14.3636
25.5174	14.3713
25.5174	14.3790
25.5174	14.3867
25.5097	14.3867
25.5097	14.3944
25.5097	14.4021
25.5020	14.4021
25.5020	14.4098
25.5020	14.4175
25.5020	14.4252
25.4943	14.4329
25.4943	14.4406
25.4943	14.4483
25.4943	14.4560
25.4943	14.4637
25.4943	14.4714
25.4943	14.4791
25.4943	14.4868
25.4943	14.4945
25.4943	14.5022
25.4943	14.5099
25.4943	14.5176
25.4943	14.5253
25.4943	14.5330
25.4943	14.5407
25.4943	14.5484
25.4943	14.5561
25.4943	14.5638
25.4943	14.5715
25.4943	14.5792
25.4943	14.5869
25.4943	14.5946
25.4943	14.6023
25.4943	14.6100
25.4943	14.6177
25.4943	14.6254
25.4943	14.6331
25.4943	14.6408
25.4943	14.6485
25.4943	14.6562
25.4943	14.6639
25.4943	14.6715
25.4943	14.6792
25.4943	14.6869
25.4943	14.6946
25.4866	14.7023
25.4866	14.7100
25.4866	14.7177
25.4866	14.7254
25.4789	14.7254
25.4789	14.7331
25.4789	14.7408
25.4712	14.7408
25.4712	14.7485
25.4635	14.7485
25.4635	14.7562
25.4558	14.7562
25.4558	14.7639
25.4481	14.7639
25.4481	14.7716
25.4404	14.7716
25.4404	14.7793
25.4327	14.7793
25.4250	14.7870
25.4250	14.7947
25.4173	14.7947
25.4173	14.8024
25.4096	14.8024
25.4019	14.8024
25.4019	14.8101
25.3943	14.8101
25.3943	14.8178
25.3866	14.8178
25.3866	14.8255
25.3789	14.8255
25.3789	14.8332
25.3712	14.8332
25.3635	14.8409
25.3558	14.8486
25.3481	14.8486
25.3404	14.8563
25.3404	14.8640
25.3327	14.8640
25.3250	14.8640
25.3250	14.8717
25.3173	14.8717
25.3096	14.8794
25.3019	14.8794
25.3019	14.8871
25.2942	14.8871
25.2942	14.8948
25.2865	14.8948
25.2865	14.9025
25.2788	14.9025
25.2711	14.9025
25.2711	14.9102
25.2634	14.9102
25.2634	14.9179
25.2557	14.9179
25.2557	14.9256
25.2557	14.9333
25.2480	14.9333
25.2403	14.9333
25.2403	14.9410
25.2326	14.9410
25.2326	14.9487
25.2249	14.9564
25.2249	14.9641
25.2172	14.9641
25.2172	14.9718
25.2095	14.9718
25.2095	14.9795
25.2018	14.9795
25.2018	14.9871
25.1941	14.9871
25.1941	14.9948
25.1864	14.9948
25.1787	14.9948
25.1710	14.9948
25.1633	14.9948
25.1556	14.9948
25.1479	14.9948
25.1402	14.9948
25.1325	14.9948
25.1248	14.9948
25.1171	14.9948
25.1094	14.9948
25.1017	14.9948
25.0940	14.9948
25.0863	14.9948
25.0787	14.9948
25.0710	14.9948
25.0633	14.9948
25.0556	14.9948
25.0556	15.0025
25.0556	15.0102
25.0556	15.0179
25.0556	15.0256
25.0556	15.0333
25.0556	15.0410
25.0556	15.0487
25.0556	15.0564
25.0556	15.0641
25.0556	15.0718
25.0556	15.0795
25.0556	15.0872
25.0556	15.0949
25.0556	15.1026
25.0556	15.1103
25.0556	15.1180
25.0556	15.1257
25.0556	15.1334
25.0556	15.1411
25.0556	15.1488
25.0556	15.1565
25.0556	15.1642
25.0556	15.1719
25.0556	15.1796
25.0556	15.1873
25.0556	15.1950
25.0633	15.1950
25.0633	15.2027
25.0710	15.2027
25.0710	15.2104
25.0787	15.2104
25.0787	15.2181
25.0787	15.2258
25.0863	15.2258
25.0863	15.2335
25.0863	15.2412
25.0940	15.2412
25.0940	15.2489
25.0940	15.2566
25.0940	15.2643
25.0940	15.2720
25.0940	15.2797
25.0940	15.2874
25.0940	15.2951
25.1017	15.3027
25.1017	15.3104
25.1017	15.3181
25.1017	15.3258
25.1017	15.3335
25.1017	15.3412
25.1017	15.3489
25.1017	15.3566
25.1017	15.3643
25.1017	15.3720
25.1017	15.3797
25.1017	15.3874
25.0940	15.3874
25.0940	15.3951
25.0863	15.3951
25.0863	15.4028
25.0863	15.4105
25.0787	15.4105
25.0787	15.4182
25.0787	15.4259
25.0787	15.4336
25.0710	15.4336
25.0710	15.4413
25.0710	15.4490
25.0633	15.4567
25.0556	15.4567
25.0556	15.4644
25.0479	15.4644
25.0479	15.4721
25.0402	15.4721
25.0402	15.4798
25.0325	15.4875
25.0248	15.4875
25.0171	15.4875
25.0094	15.4875
25.0094	15.4952
25.0094	15.5029
25.0017	15.5029
24.9940	15.5029
24.9863	15.5106
24.9786	15.5106
24.9786	15.5183
24.9709	15.5183
24.9709	15.5260
24.9709	15.5337
24.9632	15.5337
24.9555	15.5337
24.9555	15.5414
24.9478	15.5414
24.9478	15.5491
24.9401	15.5491
24.9401	15.5568
24.9324	15.5568
24.9247	15.5645
24.9247	15.5722
24.9170	15.5722
24.9170	15.5799
24.9093	15.5799
24.9093	15.5876
24.9016	15.5953
24.8939	15.5953
24.8939	15.6030
24.8862	15.6030
24.8862	15.6107
24.8785	15.6107
24.8785	15.6183
24.8785	15.6260
24.8785	15.6337
24.8708	15.6337
24.8708	15.6414
24.8631	15.6414
24.8631	15.6491
24.8554	15.6491
24.8554	15.6568
24.8554	15.6645
24.8477	15.6645
24.8477	15.6722
24.8400	15.6722
24.8323	15.6722
24.8323	15.6799
24.8246	15.6876
24.8246	15.6953
24.8169	15.6953
24.8169	15.7030
24.8092	15.7030
24.8092	15.7107
24.8015	15.7107
24.8015	15.7184
24.8015	15.7261
24.7938	15.7261
24.7938	15.7338
24.7861	15.7415
24.7861	15.7492
24.7784	15.7492
24.7784	15.7569
24.7707	15.7569
24.7707	15.7646
24.7631	15.7646
24.7631	15.7723
24.7554	15.7723
24.7554	15.7800
24.7554	15.7877
24.7477	15.7877
24.7477	15.7954
24.7477	15.8031
24.7400	15.8031
24.7400	15.8108
24.7400	15.8185
24.7323	15.8185
24.7323	15.8262
24.7323	15.8339
24.7246	15.8339
24.7246	15.8416
24.7246	15.8493
24.7169	15.8493
24.7169	15.8570
24.7169	15.8647
24.7092	15.8647
24.7015	15.8724
24.7015	15.8801
24.7015	15.8878
24.6938	15.8878
24.6938	15.8955
24.6938	15.9032
24.6861	15.9032
24.6861	15.9109
24.6861	15.9186
24.6784	15.9186
24.6784	15.9263
24.6707	15.9263
24.6707	15.9339
24.6707	15.9416
24.6707	15.9493
24.6630	15.9493
24.6630	15.9570
24.6630	15.9647
24.6553	15.9647
24.6553	15.9724
24.6553	15.9801
24.6476	15.9878
24.6476	15.9955
24.6399	15.9955
24.6399	16.0032
24.6399	16.0109
24.6399	16.0186
24.6322	16.0186
24.6322	16.0263
24.6322	16.0340
24.6245	16.0417
24.6245	16.0494
24.6168	16.0494
24.6168	16.0571
24.6091	16.0571
24.6091	16.0648
24.6091	16.0725
24.6014	16.0802
24.6014	16.0879
24.5937	16.0879
24.5937	16.0956
24.5860	16.1033
24.5783	16.1110
24.5783	16.1187
24.5706	16.1187
24.5706	16.1264
24.5706	16.1341
24.5629	16.1341
24.5629	16.1418
24.5629	16.1495
24.5552	16.1495
24.5552	16.1572
24.5475	16.1572
24.5475	16.1649
24.5475	16.1726
24.5398	16.1726
24.5398	16.1803
24.5398	16.1880
24.5321	16.1880
24.5321	16.1957
24.5321	16.2034
24.5244	16.2034
24.5244	16.2111
24.5167	16.2111
24.5167	16.2188
24.5090	16.2188
24.5090	16.2265
24.5090	16.2342
24.5090	16.2419
24.5013	16.2419
24.5013	16.2495
24.4936	16.2495
24.4936	16.2572
24.4936	16.2649
24.4859	16.2726
24.4782	16.2803
24.4782	16.2880
24.4782	16.2957
24.4705	16.3034
24.4705	16.3111
24.4628	16.3111
24.4628	16.3188
24.4628	16.3265
24.4628	16.3342
24.4551	16.3342
24.4475	16.3419
24.4475	16.3496
24.4475	16.3573
24.4398	16.3650
24.4398	16.3727
24.4321	16.3727
24.4321	16.3804
24.4321	16.3881
24.4244	16.3881
24.4244	16.3958
24.4167	16.3958
24.4167	16.4035
24.4167	16.4112
24.4090	16.4112
24.4090	16.4189
24.4090	16.4266
24.4090	16.4343
24.4013	16.4343
24.4013	16.4420
24.4013	16.4497
24.3936	16.4574
24.3936	16.4651
24.3859	16.4651
24.3859	16.4728
24.3859	16.4805
24.3782	16.4882
24.3782	16.4959
24.3782	16.5036
24.3705	16.5036
24.3705	16.5113
24.3705	16.5190
24.3628	16.5190
24.3628	16.5267
24.3551	16.5267
24.3551	16.5344
24.3474	16.5344
24.3474	16.5421
24.3474	16.5498
24.3397	16.5575
24.3397	16.5651
24.3320	16.5728
24.3320	16.5805
24.3243	16.5805
24.3243	16.5882
24.3243	16.5959
24.3166	16.5959
24.3166	16.6036
24.3166	16.6113
24.3089	16.6190
24.3089	16.6267
24.3089	16.6344
24.3012	16.6344
24.3012	16.6421
24.2935	16.6421
24.2935	16.6498
24.2935	16.6575
24.2858	16.6575
24.2858	16.6652
24.2858	16.6729
24.2858	16.6806
24.2781	16.6806
24.2781	16.6883
24.2781	16.6960
24.2781	16.7037
24.2781	16.7114
24.2781	16.7191
24.2704	16.7191
24.2704	16.7268
24.2704	16.7345
24.2704	16.7422
24.2627	16.7422
24.2627	16.7499
24.2550	16.7576
24.2550	16.7653
24.2550	16.7730
24.2473	16.7884
24.2396	16.7961
24.2396	16.8038
24.2396	16.8115
24.2319	16.8192
24.2242	16.8346
24.2165	16.8423
24.2165	16.8500
24.2088	16.8500
24.2088	16.8577
24.2011	16.8654
24.2011	16.8731
24.1934	16.8731
24.1934	16.8807
24.1857	16.8884
24.1857	16.8961
24.1780	16.9038
24.1780	16.9115
24.1703	16.9192
24.1626	16.9269
24.1626	16.9346
24.1626	16.9423
24.1549	16.9423
24.1549	16.9500
24.1549	16.9577
24.1472	16.9654
24.1472	16.9731
24.1395	16.9731
24.1319	16.9808
24.1319	16.9885
24.1319	16.9962
24.1242	17.0039
24.1242	17.0116
24.1165	17.0116
24.1165	17.0193
24.1088	17.0270
24.1011	17.0347
24.0934	17.0347
24.0934	17.0424
24.0934	17.0501
24.0857	17.0501
24.0857	17.0578
24.0780	17.0578
24.0780	17.0655
24.0703	17.0655
24.0703	17.0732
24.0626	17.0732
24.0626	17.0809
24.0549	17.0809
24.0549	17.0886
24.0549	17.0963
24.0549	17.1040
24.0472	17.1040
24.0395	17.1040
24.0395	17.1117
24.0318	17.1117
24.0318	17.1194
24.0318	17.1271
24.0241	17.1271
24.0164	17.1348
24.0164	17.1425
24.0087	17.1425
24.0010	17.1425
24.0010	17.1502
23.9933	17.1579
23.9856	17.1579
23.9702	17.1656
23.9625	17.1656
23.9548	17.1733
23.9548	17.1810
23.9471	17.1887
23.9394	17.1963
23.9317	17.1963
23.9317	17.2040
23.9240	17.2117
23.9086	17.2194
23.9086	17.2271
23.9009	17.2271
23.8932	17.2348
23.8855	17.2348
23.8778	17.2425
23.8778	17.2502
23.8701	17.2579
23.8624	17.2656
23.8547	17.2656
23.8470	17.2733
23.8470	17.2810
23.8393	17.2810
23.8393	17.2887
23.8316	17.2887
23.8316	17.2964
23.8239	17.2964
23.8239	17.3041
23.8163	17.3041
23.8163	17.3118
23.8086	17.3118
23.8086	17.3195
23.8009	17.3195
23.8009	17.3272
23.7932	17.3272
23.7855	17.3272
23.7855	17.3349
23.7778	17.3349
23.7778	17.3426
23.7778	17.3503
23.7701	17.3503
23.7624	17.3580
23.7547	17.3657
23.7470	17.3657
23.7470	17.3734
23.7393	17.3811
23.7316	17.3811
23.7239	17.3888
23.7162	17.3888
23.7162	17.3965
23.7085	17.3965
23.7008	17.3965
23.6931	17.3965
23.6931	17.4042
23.6854	17.4042
23.6854	17.4119
23.6777	17.4119
23.6700	17.4119
23.6623	17.4119
23.6546	17.4119
23.6469	17.4119
23.6392	17.4119
23.6392	17.4196
23.6315	17.4196
23.6238	17.4196
23.6161	17.4196
23.6084	17.4196
23.6007	17.4196
23.5930	17.4196
23.5853	17.4196
23.5776	17.4196
23.5699	17.4196
23.5622	17.4196
23.5545	17.4196
23.5468	17.4196
23.5391	17.4196
23.5314	17.4196
23.5314	17.4273
23.5237	17.4273
23.5160	17.4273
23.5083	17.4273
23.5007	17.4273
23.4930	17.4273
23.4853	17.4273
23.4776	17.4273
23.4776	17.4350
23.4699	17.4350
23.4622	17.4350
23.4622	17.4427
23.4545	17.4427
23.4468	17.4427
23.4391	17.4427
23.4314	17.4427
23.4237	17.4427
23.4160	17.4427
23.4083	17.4427
23.4006	17.4427
23.3929	17.4427
23.3929	17.4504
23.3852	17.4504
23.3775	17.4504
23.3698	17.4504
23.3621	17.4504
23.3621	17.4581
23.3544	17.4581
23.3467	17.4658
23.3390	17.4658
23.3390	17.4735
23.3313	17.4735
23.3236	17.4735
23.3236	17.4812
23.3159	17.4812
23.3082	17.4889
23.3005	17.4889
23.3005	17.4966
23.2928	17.4966
23.2928	17.5043
23.2851	17.5043
23.2851	17.5119
23.2774	17.5119
23.2697	17.5119
23.2620	17.5119
23.2620	17.5196
23.2543	17.5196
23.2466	17.5196
23.2466	17.5273
23.2389	17.5273
23.2389	17.5350
23.2312	17.5350
23.2312	17.5427
23.2235	17.5427
23.2235	17.5504
23.2158	17.5581
23.2158	17.5658
23.2081	17.5658
23.2081	17.5735
23.2004	17.5735
23.2004	17.5812
23.1927	17.5812
23.1927	17.5889
23.1851	17.5889
23.1774	17.5966
23.1774	17.6043
23.1774	17.6120
23.1697	17.6120
23.1697	17.6197
23.1620	17.6197
23.1620	17.6274
23.1620	17.6351
23.1543	17.6351
23.1466	17.6428
23.1466	17.6505
23.1389	17.6505
23.1389	17.6582
23.1389	17.6659
23.1312	17.6659
23.1235	17.6659
23.1235	17.6736
23.1158	17.6736
23.1158	17.6813
23.1081	17.6813
23.1004	17.6813
23.1004	17.6890
23.1004	17.6967
23.0927	17.6967
23.0850	17.6967
23.0850	17.7044
23.0773	17.7044
23.0696	17.7044
23.0696	17.7121
23.0619	17.7121
23.0619	17.7198
23.0542	17.7198
23.0542	17.7275
23.0465	17.7275
23.0388	17.7275
23.0388	17.7352
23.0311	17.7352
23.0311	17.7429
23.0234	17.7429
23.0157	17.7429
23.0157	17.7506
23.0080	17.7506
23.0080	17.7583
23.0003	17.7583
22.9926	17.7660
22.9849	17.7660
22.9849	17.7737
22.9772	17.7737
22.9695	17.7737
22.9695	17.7814
22.9618	17.7814
22.9541	17.7891
22.9464	17.7891
22.9464	17.7968
22.9387	17.7968
22.9310	17.8045
22.9233	17.8045
22.9156	17.8122
22.9079	17.8122
22.9002	17.8122
22.8925	17.8122
22.8848	17.8122
22.8771	17.8122
22.8695	17.8122
22.8618	17.8122
22.8541	17.8122
22.8464	17.8122
22.8387	17.8122
22.8310	17.8122
22.8233	17.8122
22.8156	17.8122
22.8079	17.8122
22.8002	17.8122
22.7925	17.8122
22.7848	17.8122
22.7771	17.8122
22.7694	17.8122
22.7617	17.8122
22.7540	17.8122
22.7463	17.8122
22.7463	17.8199
22.7386	17.8199
22.7309	17.8199
22.7155	17.8275
22.7078	17.8352
22.7001	17.8352
22.6924	17.8352
22.6924	17.8429
22.6847	17.8429
22.6847	17.8506
22.6693	17.8506
22.6693	17.8583
22.6616	17.8583
22.6616	17.8660
22.6539	17.8660
22.6462	17.8660
22.6385	17.8737
22.6308	17.8737
22.6231	17.8814
22.6231	17.8891
22.6077	17.8891
22.6000	17.8891
22.6000	17.8968
22.5923	17.8968
22.5846	17.8968
22.5769	17.9045
22.5692	17.9045
22.5615	17.9045
22.5615	17.9122
22.5615	17.9199
22.5539	17.9199
22.5462	17.9199
22.5462	17.9276
22.5385	17.9276
22.5308	17.9276
22.5308	17.9353
22.5231	17.9353
22.5154	17.9353
22.5154	17.9430
22.5154	17.9507
22.5077	17.9507
22.5077	17.9584
22.5077	17.9661
22.5077	17.9738
22.5000	17.9815
22.5000	17.9892
22.5000	17.9969
22.4923	17.9969
22.4846	17.9969
22.4846	18.0046
22.4846	18.0123
22.4846	18.0200
22.4769	18.0200
22.4769	18.0277
22.4692	18.0277
22.4692	18.0354
22.4692	18.0431
22.4692	18.0508
22.4615	18.0585
22.4538	18.0585
22.4538	18.0662
22.4538	18.0739
22.4461	18.0816
22.4461	18.0893
22.4384	18.0893
22.4384	18.0970
22.4307	18.0970
22.4307	18.1047
22.4307	18.1124
22.4230	18.1124
22.4153	18.1124
22.4153	18.1201
22.4153	18.1278
22.4076	18.1278
22.3999	18.1278
22.3999	18.1355
22.3999	18.1431
22.3845	18.1431
22.3845	18.1508
22.3768	18.1508
22.3691	18.1585
22.3614	18.1662
22.3537	18.1739
22.3460	18.1739
22.3383	18.1816
22.3306	18.1816
22.3229	18.1893
22.3152	18.1893
22.3152	18.1970
22.3075	18.1970
22.2998	18.2047
22.2921	18.2047
22.2844	18.2047
22.2844	18.2124
22.2767	18.2124
22.2690	18.2124
22.2690	18.2201
22.2613	18.2201
22.2536	18.2201
22.2459	18.2201
22.2459	18.2278
22.2383	18.2278
22.2383	18.2355
22.2306	18.2355
22.2229	18.2355
22.2152	18.2355
22.2075	18.2355
22.1998	18.2355
22.1921	18.2355
22.1844	18.2355
22.1767	18.2355
22.1690	18.2355
22.1613	18.2355
22.1613	18.2278
22.1536	18.2278
22.1459	18.2278
22.1459	18.2201
22.1382	18.2124
22.1305	18.2047
22.1228	18.1970
22.1228	18.1893
22.1151	18.1816
22.1074	18.1816
22.0997	18.1739
22.0920	18.1662
22.0843	18.1662
22.0766	18.1662
22.0689	18.1662
22.0612	18.1662
22.0535	18.1662
22.0458	18.1662
22.0381	18.1662
22.0304	18.1662
22.0227	18.1662
22.0150	18.1662
22.0073	18.1662
21.9996	18.1662
21.9919	18.1662
21.9842	18.1662
21.9688	18.1662
21.9611	18.1662
21.9457	18.1662
21.9380	18.1662
21.9303	18.1662
21.9227	18.1662
21.9150	18.1662
21.9073	18.1662
21.8996	18.1662
21.8919	18.1662
21.8842	18.1662
21.8765	18.1662
21.8765	18.1739
21.8688	18.1739
21.8611	18.1739
21.8534	18.1739
21.8457	18.1739
21.8380	18.1739
21.8303	18.1739
21.8303	18.1662
21.8226	18.1662
21.8149	18.1662
21.8149	18.1585
21.8072	18.1585
21.7995	18.1585
21.7918	18.1585
21.7918	18.1508
21.7841	18.1508
21.7764	18.1508
21.7687	18.1508
21.7610	18.1508
21.7533	18.1431
21.7456	18.1431
21.7379	18.1431
21.7302	18.1431
21.7225	18.1431
21.7225	18.1508
21.7148	18.1508
21.7071	18.1508
21.7071	18.1585
21.6994	18.1585
21.6917	18.1585
21.6840	18.1585
21.6763	18.1662
21.6686	18.1662
21.6609	18.1739
21.6532	18.1739
21.6455	18.1739
21.6378	18.1739
21.6301	18.1816
21.6224	18.1816
21.6147	18.1816
21.6071	18.1816
21.5994	18.1816
21.5917	18.1816
21.5917	18.1893
21.5840	18.1893
21.5763	18.1893
21.5686	18.1893
21.5609	18.1893
21.5532	18.1893
21.5455	18.1970
21.5378	18.1970
21.5224	18.2047
21.5147	18.2124
21.4993	18.2124
21.4916	18.2124
21.4839	18.2124
21.4762	18.2124
21.4685	18.2201
21.4608	18.2201
21.4531	18.2201
21.4454	18.2201
21.4377	18.2201
21.4300	18.2201
21.4223	18.2201
21.4146	18.2201
21.4069	18.2201
21.3992	18.2201
21.3915	18.2201
21.3838	18.2201
21.3761	18.2201
21.3684	18.2201
21.3607	18.2201
21.3530	18.2201
21.3530	18.2124
21.3453	18.2124
21.3376	18.2124
21.3376	18.2047
21.3376	18.1970
21.3299	18.1970
21.3222	18.1970
21.3145	18.1970
21.3068	18.1970
21.3068	18.1893
21.2991	18.1893
21.2915	18.1893
21.2838	18.1893
21.2761	18.1893
21.2684	18.1893
21.2684	18.1816
21.2607	18.1816
21.2530	18.1816
21.2453	18.1816
21.2376	18.1816
21.2299	18.1816
21.2222	18.1816
21.2145	18.1816
21.2068	18.1816
21.1991	18.1816
21.1914	18.1816
21.1837	18.1816
21.1760	18.1816
21.1760	18.1739
21.1683	18.1739
21.1606	18.1739
21.1529	18.1739
21.1452	18.1739
21.1375	18.1739
21.1298	18.1739
21.1298	18.1662
21.1221	18.1662
21.1144	18.1662
21.1067	18.1662
21.0990	18.1662
21.0913	18.1662
21.0836	18.1662
21.0759	18.1662
21.0682	18.1662
21.0605	18.1662
21.0528	18.1662
21.0451	18.1662
21.0374	18.1662
21.0297	18.1662
21.0220	18.1662
21.0143	18.1662
21.0066	18.1662
20.9989	18.1662
20.9912	18.1739
20.9835	18.1739
20.9759	18.1739
20.9682	18.1739
20.9605	18.1816
20.9528	18.1816
20.9528	18.1893
20.9451	18.1893
20.9374	18.1893
20.9374	18.1970
20.9297	18.2047
20.9220	18.2047
20.9143	18.2047
20.9066	18.2047
20.9066	18.2124
20.8989	18.2124
20.8912	18.2124
20.8835	18.2124
20.8758	18.2124
20.8681	18.2124
20.8604	18.2124
20.8527	18.2124
20.8527	18.2201
20.8450	18.2201
20.8373	18.2201
20.8296	18.2201
20.8219	18.2201
20.8219	18.2278
20.8142	18.2278
20.8065	18.2355
20.7988	18.2355
20.7911	18.2355
20.7834	18.2355
20.7834	18.2432
20.7757	18.2432
20.7680	18.2432
20.7603	18.2432
20.7526	18.2432
20.7449	18.2509
20.7372	18.2509
20.7295	18.2509
20.7218	18.2509
20.7141	18.2509
20.7141	18.2586
20.6987	18.2586
20.6910	18.2586
20.6910	18.2663
20.6833	18.2663
20.6756	18.2663
20.6679	18.2663
20.6603	18.2663
20.6526	18.2740
20.6449	18.2740
20.6372	18.2740
20.6372	18.2817
20.6295	18.2817
20.6218	18.2817
20.6141	18.2817
20.6064	18.2817
20.6064	18.2894
20.5987	18.2894
20.5987	18.2971
20.5910	18.2971
20.5833	18.2971
20.5756	18.2971
20.5679	18.2971
20.5602	18.3048
20.5525	18.3048
20.5448	18.3048
20.5371	18.3048
20.5294	18.3048
20.5217	18.3048
20.5140	18.3048
20.5063	18.3048
20.4986	18.3048
20.4909	18.3048
20.4832	18.3048
20.4755	18.3048
20.4678	18.3048
20.4601	18.3048
20.4524	18.3048
20.4447	18.3048
20.4370	18.3048
20.4293	18.3048
20.4216	18.3048
20.4139	18.3048
20.4062	18.3048
20.3985	18.3048
20.3985	18.2971
20.3985	18.2894
20.3908	18.2894
20.3831	18.2894
20.3831	18.2817
20.3831	18.2740
20.3754	18.2740
20.3754	18.2663
20.3677	18.2663
20.3677	18.2586
20.3600	18.2509
20.3523	18.2509
20.3523	18.2432
20.3447	18.2355
20.3370	18.2278
20.3293	18.2278
20.3216	18.2201
20.3216	18.2124
20.3139	18.2124
20.3062	18.2047
20.2985	18.2047
20.2908	18.1970
20.2831	18.1970
20.2831	18.1893
20.2754	18.1893
20.2677	18.1816
20.2600	18.1816
20.2523	18.1816
20.2446	18.1816
20.2369	18.1816
20.2292	18.1816
20.2292	18.1739
20.2215	18.1739
20.2138	18.1739
20.2138	18.1662
20.2061	18.1662
20.1984	18.1662
20.1907	18.1662
20.1830	18.1662
20.1753	18.1662
20.1676	18.1662
20.1599	18.1662
20.1522	18.1662
20.1445	18.1662
20.1368	18.1662
20.1291	18.1662
20.1291	18.1585
20.1214	18.1585
20.1214	18.1508
20.1137	18.1508
20.1060	18.1508
20.1060	18.1431
20.0983	18.1431
20.0906	18.1431
20.0906	18.1355
20.0829	18.1355
20.0829	18.1278
20.0752	18.1278
20.0675	18.1201
20.0598	18.1201
20.0598	18.1124
20.0598	18.1047
20.0521	18.1047
20.0521	18.0970
20.0444	18.0970
20.0367	18.0970
20.0367	18.0893
20.0291	18.0893
20.0291	18.0816
20.0214	18.0816
20.0214	18.0739
20.0137	18.0739
20.0060	18.0739
20.0060	18.0662
19.9983	18.0662
19.9906	18.0662
19.9829	18.0662
19.9752	18.0662
19.9675	18.0662
19.9598	18.0662
19.9598	18.0585
19.9444	18.0585
19.9367	18.0585
19.9213	18.0585
19.9136	18.0585
19.8982	18.0508
19.8905	18.0508
19.8751	18.0508
19.8674	18.0508
19.8597	18.0431
19.8443	18.0431
19.8366	18.0431
19.8289	18.0431
19.8212	18.0431
19.8135	18.0354
19.8058	18.0354
19.7981	18.0354
19.7904	18.0354
19.7827	18.0277
19.7750	18.0277
19.7673	18.0277
19.7673	18.0200
19.7596	18.0200
19.7596	18.0123
19.7519	18.0123
19.7519	18.0046
19.7442	18.0046
19.7442	17.9969
19.7365	17.9969
19.7365	17.9892
19.7288	17.9892
19.7288	17.9738
19.7135	17.9661
19.7058	17.9661
19.7058	17.9584
19.6981	17.9507
19.6981	17.9430
19.6827	17.9353
19.6750	17.9353
19.6750	17.9276
19.6673	17.9276
19.6673	17.9199
19.6673	17.9122
19.6596	17.9122
19.6519	17.9122
19.6519	17.9045
19.6442	17.9045
19.6442	17.8968
19.6365	17.8968
19.6288	17.8891
19.6211	17.8814
19.6134	17.8814
19.6057	17.8737
19.5903	17.8660
19.5826	17.8660
19.5749	17.8583
19.5595	17.8506
19.5518	17.8506
19.5441	17.8506
19.5364	17.8429
19.5287	17.8429
19.5210	17.8429
19.5133	17.8352
19.4979	17.8352
19.4902	17.8352
19.4825	17.8352
19.4748	17.8352
19.4671	17.8352
19.4594	17.8352
19.4517	17.8352
19.4440	17.8352
19.4363	17.8352
19.4286	17.8352
19.4209	17.8352
19.4132	17.8352
19.4132	17.8275
19.4055	17.8275
19.3979	17.8275
19.3902	17.8275
19.3825	17.8275
19.3748	17.8275
19.3671	17.8275
19.3594	17.8275
19.3594	17.8352
19.3517	17.8352
19.3440	17.8352
19.3363	17.8352
19.3286	17.8352
19.3209	17.8352
19.3132	17.8352
19.3055	17.8352
19.3055	17.8275
19.2978	17.8199
19.2901	17.8199
19.2901	17.8122
19.2747	17.8122
19.2670	17.8045
19.2593	17.7968
19.2516	17.7968
19.2439	17.7968
19.2362	17.7891
19.2362	17.7814
19.2285	17.7814
19.2208	17.7814
19.2208	17.7737
19.2131	17.7737
19.2054	17.7737
19.2054	17.7660
19.1977	17.7660
19.1977	17.7583
19.1900	17.7583
19.1900	17.7506
19.1823	17.7506
19.1746	17.7506
19.1669	17.7506
19.1669	17.7429
19.1592	17.7429
19.1515	17.7429
19.1361	17.7352
19.1284	17.7352
19.1284	17.7275
19.1130	17.7198
19.1053	17.7198
19.1053	17.7121
19.0976	17.7121
19.0899	17.7121
19.0823	17.7044
19.0746	17.7044
19.0746	17.6967
19.0669	17.6967
19.0592	17.6967
19.0515	17.6967
19.0438	17.6967
19.0361	17.6967
19.0284	17.6967
19.0207	17.6967
19.0130	17.6967
19.0053	17.6967
18.9976	17.6967
18.9899	17.6967
18.9822	17.6967
18.9822	17.6890
18.9745	17.6890
18.9668	17.6890
18.9591	17.6890
18.9514	17.6890
18.9514	17.6813
18.9437	17.6813
18.9360	17.6813
18.9283	17.6813
18.9206	17.6813
18.9206	17.6736
18.9129	17.6736
18.9052	17.6736
18.8975	17.6736
18.8898	17.6736
18.8821	17.6736
18.8667	17.6736
18.8590	17.6736
18.8513	17.6736
18.8282	17.6659
18.8205	17.6659
18.8128	17.6582
18.7974	17.6582
18.7897	17.6582
18.7820	17.6582
18.7743	17.6582
18.7667	17.6582
18.7590	17.6582
18.7513	17.6582
18.7436	17.6582
18.7436	17.6659
18.7359	17.6659
18.7282	17.6659
18.7205	17.6659
18.7128	17.6659
18.7051	17.6736
18.6974	17.6736
18.6897	17.6736
18.6820	17.6736
18.6820	17.6659
18.6743	17.6582
18.6666	17.6582
18.6666	17.6505
18.6589	17.6505
18.6589	17.6428
18.6512	17.6428
18.6512	17.6351
18.6435	17.6274
18.6358	17.6274
18.6358	17.6197
18.6281	17.6197
18.6204	17.6120
18.6204	17.6043
18.6127	17.6043
18.6127	17.5966
18.6050	17.5966
18.6050	17.5889
18.5973	17.5889
18.5973	17.5812
18.5896	17.5812
18.5896	17.5735
18.5819	17.5735
18.5742	17.5735
18.5742	17.5658
18.5665	17.5658
18.5665	17.5581
18.5588	17.5581
18.5588	17.5504
18.5511	17.5504
18.5434	17.5504
18.5434	17.5427
18.5357	17.5427
18.5280	17.5427
18.5280	17.5350
18.5203	17.5350
18.5126	17.5350
18.5126	17.5273
18.5049	17.5273
18.4972	17.5273
18.4895	17.5273
18.4895	17.5196
18.4818	17.5196
18.4741	17.5196
18.4664	17.5196
18.4664	17.5119
18.4587	17.5119
18.4511	17.5119
18.4511	17.5043
18.4434	17.5043
18.4357	17.4966
18.4280	17.4966
18.4203	17.4966
18.4126	17.4889
18.4049	17.4889
18.3972	17.4889
18.3895	17.4812
18.3818	17.4812
18.3741	17.4812
18.3741	17.4735
18.3664	17.4735
18.3664	17.4658
18.3587	17.4658
18.3510	17.4658
18.3510	17.4581
18.3433	17.4581
18.3356	17.4581
18.3279	17.4581
18.3202	17.4581
18.3202	17.4504
18.3125	17.4504
18.3048	17.4504
18.3048	17.4427
18.2971	17.4427
18.2894	17.4427
18.2894	17.4350
18.2817	17.4350
18.2740	17.4350
18.2740	17.4273
18.2663	17.4273
18.2509	17.4273
18.2432	17.4273
18.2355	17.4196
18.2201	17.4119
18.2047	17.4042
18.1893	17.4042
18.1816	17.3965
18.1739	17.3965
18.1662	17.3965
18.1585	17.3888
18.1508	17.3888
18.1431	17.3888
18.1431	17.3811
18.1355	17.3811
18.1278	17.3734
18.1201	17.3734
18.1201	17.3657
18.1124	17.3657
18.1124	17.3580
18.1047	17.3580
18.1047	17.3503
18.0970	17.3426
18.0893	17.3426
18.0893	17.3349
18.0816	17.3349
18.0816	17.3272
18.0739	17.3272
18.0662	17.3195
18.0662	17.3118
18.0585	17.3118
18.0585	17.3041
18.0508	17.3041
18.0508	17.2964
18.0431	17.2964
18.0354	17.2887
18.0354	17.2810
18.0277	17.2733
18.0200	17.2733
18.0200	17.2656
18.0123	17.2579
18.0046	17.2579
17.9969	17.2425
17.9892	17.2425
17.9892	17.2348
17.9738	17.2348
17.9738	17.2271
17.9661	17.2271
17.9661	17.2194
17.9584	17.2117
17.9507	17.2117
17.9507	17.2040
17.9430	17.2040
17.9430	17.1963
17.9353	17.1963
17.9353	17.1887
17.9276	17.1887
17.9276	17.1810
17.9276	17.1733
17.9122	17.1733
17.9122	17.1656
17.9045	17.1656
17.9045	17.1579
17.8968	17.1502
17.8891	17.1425
17.8891	17.1348
17.8814	17.1348
17.8737	17.1348
17.8737	17.1271
17.8737	17.1194
17.8660	17.1194
17.8660	17.1117
17.8583	17.1117
17.8583	17.1040
17.8583	17.0963
17.8506	17.0963
17.8506	17.0886
17.8429	17.0886
17.8429	17.0809
17.8352	17.0809
17.8352	17.0732
17.8352	17.0655
17.8275	17.0655
17.8275	17.0578
17.8275	17.0501
17.8199	17.0501
17.8199	17.0424
17.8122	17.0424
17.8122	17.0347
17.8122	17.0270
17.8122	17.0193
17.8045	17.0193
17.8045	17.0116
17.7968	17.0116
17.7968	17.0039
17.7968	16.9962
17.7891	16.9885
17.7814	16.9885
17.7814	16.9731
17.7737	16.9654
17.7660	16.9577
17.7660	16.9500
17.7583	16.9423
17.7506	16.9269
17.7429	16.9192
17.7429	16.9115
17.7352	16.9115
17.7352	16.9038
17.7352	16.8961
17.7275	16.8961
17.7275	16.8884
17.7275	16.8807
17.7198	16.8807
17.7198	16.8731
17.7198	16.8654
17.7121	16.8654
17.7121	16.8577
17.7121	16.8500
17.7044	16.8500
17.7044	16.8423
17.7044	16.8346
17.7044	16.8269
17.6967	16.8269
17.6967	16.8192
17.6890	16.8192
17.6890	16.8115
17.6890	16.8038
17.6890	16.7961
17.6813	16.7961
17.6813	16.7884
17.6813	16.7807
17.6813	16.7730
17.6736	16.7730
17.6736	16.7653
17.6736	16.7576
17.6659	16.7576
17.6659	16.7499
17.6582	16.7422
17.6582	16.7345
17.6582	16.7268
17.6505	16.7268
17.6505	16.7191
17.6505	16.7114
17.6505	16.7037
17.6428	16.7037
17.6428	16.6960
17.6428	16.6883
17.6428	16.6806
17.6351	16.6729
17.6351	16.6652
17.6274	16.6652
17.6274	16.6575
17.6274	16.6498
17.6197	16.6498
17.6197	16.6421
17.6197	16.6344
17.6197	16.6267
17.6120	16.6267
17.6120	16.6190
17.6120	16.6113
17.6120	16.6036
17.6043	16.6036
17.6043	16.5882
17.5966	16.5882
17.5966	16.5728
17.5889	16.5651
17.5889	16.5575
17.5812	16.5498
17.5812	16.5421
17.5812	16.5344
17.5735	16.5344
17.5735	16.5267
17.5735	16.5190
17.5735	16.5113
17.5658	16.5113
17.5658	16.5036
17.5581	16.5036
17.5581	16.4959
17.5581	16.4882
17.5504	16.4805
17.5504	16.4728
17.5427	16.4728
17.5427	16.4651
17.5427	16.4574
17.5350	16.4497
17.5350	16.4420
17.5273	16.4420
17.5273	16.4343
17.5196	16.4266
17.5196	16.4189
17.5196	16.4112
17.5119	16.4112
17.5119	16.4035
17.5119	16.3958
17.5043	16.3881
17.4966	16.3804
17.4966	16.3727
17.4889	16.3727
17.4889	16.3650
17.4889	16.3573
17.4812	16.3573
17.4812	16.3496
17.4812	16.3419
17.4735	16.3342
17.4735	16.3265
17.4658	16.3265
17.4658	16.3188
17.4658	16.3111
17.4581	16.3034
17.4581	16.2957
17.4581	16.2880
17.4504	16.2803
17.4504	16.2726
17.4350	16.2572
17.4350	16.2495
17.4273	16.2342
17.4196	16.2265
17.4196	16.2188
17.4119	16.2188
17.4042	16.2111
17.4042	16.2034
17.4042	16.1957
17.4042	16.1880
17.3965	16.1880
17.3965	16.1803
17.3965	16.1726
17.3965	16.1649
17.3888	16.1649
17.3888	16.1572
17.3888	16.1495
17.3811	16.1495
17.3811	16.1418
17.3811	16.1341
17.3811	16.1264
17.3734	16.1264
17.3734	16.1187
17.3657	16.1187
17.3657	16.1110
17.3657	16.1033
17.3657	16.0956
17.3580	16.0956
17.3580	16.0879
17.3580	16.0802
17.3503	16.0725
17.3503	16.0648
17.3426	16.0648
17.3349	16.0571
17.3349	16.0494
17.3349	16.0417
17.3272	16.0417
17.3272	16.0340
17.3195	16.0263
17.3195	16.0186
17.3195	16.0109
17.3118	16.0109
17.3118	16.0032
17.3041	16.0032
17.3041	15.9955
17.3041	15.9878
17.3041	15.9801
17.2964	15.9801
17.2964	15.9724
17.2964	15.9647
17.2887	15.9647
17.2887	15.9570
17.2810	15.9570
17.2810	15.9493
17.2733	15.9416
17.2733	15.9339
17.2656	15.9263
17.2656	15.9186
17.2656	15.9109
17.2579	15.9109
17.2579	15.9032
17.2502	15.8955
17.2502	15.8878
17.2425	15.8801
17.2425	15.8724
17.2348	15.8724
17.2348	15.8647
17.2348	15.8570
17.2271	15.8570
17.2271	15.8493
17.2271	15.8416
17.2271	15.8339
17.2194	15.8339
17.2117	15.8339
17.2117	15.8262
17.2117	15.8185
17.2117	15.8108
17.2117	15.8031
17.2040	15.8031
17.2040	15.7954
17.2040	15.7877
17.2040	15.7800
17.1963	15.7800
17.1963	15.7723
17.1963	15.7646
17.1887	15.7569
17.1887	15.7492
17.1887	15.7415
17.1810	15.7338
17.1810	15.7261
17.1733	15.7184
17.1733	15.7107
17.1733	15.7030
17.1733	15.6953
17.1656	15.6953
17.1656	15.6876
17.1656	15.6799
17.1656	15.6722
17.1656	15.6645
17.1656	15.6568
17.1656	15.6491
17.1656	15.6414
17.1656	15.6337
17.1656	15.6260
17.1656	15.6183
17.1656	15.6107
17.1656	15.6030
17.1656	15.5953
17.1656	15.5876
17.1656	15.5799
17.1656	15.5722
17.1656	15.5645
17.1656	15.5568
17.1656	15.5491
17.1656	15.5414
17.1656	15.5337
17.1656	15.5260
17.1733	15.5183
17.1733	15.5106
17.1733	15.5029
17.1733	15.4952
17.1733	15.4875
17.1733	15.4798
17.1733	15.4721
17.1733	15.4644
17.1733	15.4567
17.1733	15.4490
17.1733	15.4413
17.1733	15.4336
17.1733	15.4259
17.1733	15.4182
17.1656	15.4182
17.1656	15.4105
17.1656	15.4028
17.1656	15.3951
17.1656	15.3874
17.1579	15.3874
17.1579	15.3797
17.1579	15.3720
17.1579	15.3643
17.1579	15.3566
17.1579	15.3489
17.1579	15.3412
17.1579	15.3335
17.1502	15.3258
17.1425	15.3181
17.1425	15.3104
17.1425	15.3027
17.1425	15.2951
17.1348	15.2951
17.1348	15.2797
17.1348	15.2720
17.1271	15.2643
17.1271	15.2566
17.1271	15.2489
17.1271	15.2412
17.1194	15.2412
17.1194	15.2335
17.1117	15.2335
17.1117	15.2258
17.1117	15.2181
17.1117	15.2104
17.1117	15.2027
17.1117	15.1950
17.1040	15.1950
17.1040	15.1796
17.1040	15.1719
17.1040	15.1642
17.1040	15.1488
17.0963	15.1411
17.0963	15.1257
17.0963	15.1180
17.0963	15.1103
17.0886	15.1026
17.0886	15.0949
17.0886	15.0872
17.0886	15.0795
17.0886	15.0718
17.0886	15.0641
17.0886	15.0564
17.0886	15.0487
17.0886	15.0410
17.0886	15.0333
17.0886	15.0256
17.0886	15.0179
17.0886	15.0102
17.0886	15.0025
17.0886	14.9948
17.0886	14.9871
17.0886	14.9795
17.0886	14.9718
17.0963	14.9641
17.0963	14.9564
17.0963	14.9487
17.0963	14.9410
17.1040	14.9410
17.1040	14.9333
17.1040	14.9256
17.1040	14.9179
17.1040	14.9102
17.1040	14.9025
17.1040	14.8948
17.1040	14.8871
17.1040	14.8794
17.1040	14.8717
17.1040	14.8640
17.1040	14.8563
17.1040	14.8486
17.1040	14.8409
17.1040	14.8332
17.1040	14.8255
17.1040	14.8178
17.1040	14.8101
17.1040	14.8024
17.1040	14.7947
17.1040	14.7870
17.1040	14.7793
17.1040	14.7716
17.1040	14.7639
17.1040	14.7562
17.1040	14.7485
17.0963	14.7331
17.0963	14.7254
17.0886	14.7100
17.0886	14.7023
17.0886	14.6946
17.0886	14.6869
17.0886	14.6792
17.0809	14.6715
17.0809	14.6639
17.0809	14.6562
17.0809	14.6485
17.0809	14.6408
17.0809	14.6331
17.0809	14.6254
17.0809	14.6177
17.0809	14.6100
17.0809	14.6023
17.0809	14.5946
17.0809	14.5869
17.0809	14.5792
17.0809	14.5715
17.0809	14.5638
17.0809	14.5561
17.0809	14.5484
17.0809	14.5407
17.0809	14.5330
17.0732	14.5330
17.0732	14.5176
17.0732	14.5099
17.0732	14.5022
17.0732	14.4945
17.0732	14.4868
17.0732	14.4791
17.0732	14.4714
17.0732	14.4637
17.0732	14.4560
17.0732	14.4483
17.0732	14.4406
17.0732	14.4329
17.0732	14.4252
17.0732	14.4175
17.0655	14.4175
17.0655	14.4098
17.0655	14.4021
17.0655	14.3944
17.0655	14.3867
17.0655	14.3790
17.0655	14.3713
17.0655	14.3636
17.0655	14.3559
17.0655	14.3483
17.0655	14.3406
17.0732	14.3252
17.0732	14.3175
17.0732	14.3098
17.0732	14.3021
17.0732	14.2944
17.0732	14.2867
17.0732	14.2790
17.0732	14.2713
17.0732	14.2636
17.0809	14.2636
17.0809	14.2559
17.0809	14.2482
17.0809	14.2328
17.0809	14.2251
17.0886	14.2251
17.0886	14.1943
17.0886	14.1866
17.0886	14.1789
17.0963	14.1712
17.0963	14.1635
17.0963	14.1558
17.0963	14.1481
17.0963	14.1404
17.0963	14.1327
17.0963	14.1250
17.0963	14.1173
17.0963	14.1096
17.0963	14.1019
17.0963	14.0942
17.0963	14.0865
17.0963	14.0788
17.1040	14.0634
17.1040	14.0557
17.1040	14.0480
17.1040	14.0403
17.1040	14.0327
17.1040	14.0250
17.1040	14.0173
17.1040	14.0096
17.1040	14.0019
17.1040	13.9942
17.1117	13.9865
17.1117	13.9788
17.1117	13.9711
17.1117	13.9634
17.1117	13.9557
17.1194	13.9557
17.1194	13.9480
17.1194	13.9403
17.1194	13.9326
17.1194	13.9249
17.1194	13.9172
17.1194	13.9095
17.1271	13.9095
17.1271	13.9018
17.1271	13.8941
17.1271	13.8864
17.1271	13.8787
17.1271	13.8710
17.1271	13.8633
17.1271	13.8556
17.1348	13.8556
17.1348	13.8479
17.1348	13.8402
17.1348	13.8325
17.1348	13.8248
17.1348	13.8171
17.1348	13.8094
17.1348	13.8017
17.1425	13.8017
17.1425	13.7940
17.1425	13.7863
17.1502	13.7786
17.1502	13.7709
17.1502	13.7632
17.1502	13.7555
17.1502	13.7478
17.1502	13.7401
17.1502	13.7324
17.1502	13.7247
17.1579	13.7171
17.1579	13.7094
17.1579	13.7017
17.1579	13.6940
17.1579	13.6863
17.1656	13.6863
17.1656	13.6786
17.1656	13.6709
17.1656	13.6632
17.1656	13.6555
17.1733	13.6478
17.1733	13.6401
17.1733	13.6324
17.1810	13.6247
17.1810	13.6170
17.1810	13.6093
17.1887	13.6016
17.1887	13.5939
17.1887	13.5862
17.1887	13.5785
17.1887	13.5708
17.1963	13.5554
17.1963	13.5477
17.1963	13.5400
17.1963	13.5323
17.1963	13.5169
17.2040	13.5169
17.2040	13.5015
17.2040	13.4938
17.2040	13.4861
17.2040	13.4784
17.2040	13.4707
17.2040	13.4630
17.2040	13.4553
17.2040	13.4476
17.2040	13.4399
17.2040	13.4322
17.2040	13.4245
17.2040	13.4168
17.2040	13.4091
17.2040	13.4015
17.2040	13.3938
17.2040	13.3861
17.2040	13.3784
17.2117	13.3784
17.2117	13.3707
17.2117	13.3630
17.2117	13.3553
17.2117	13.3476
17.2194	13.3476
17.2194	13.3399
17.2194	13.3322
17.2194	13.3245
17.2194	13.3168
17.2194	13.3014
17.2194	13.2937
17.2194	13.2860
17.2194	13.2783
17.2194	13.2706
17.2271	13.2629
17.2271	13.2552
17.2271	13.2475
17.2271	13.2398
17.2271	13.2321
17.2271	13.2244
17.2271	13.2167
17.2271	13.2090
17.2348	13.2090
17.2348	13.2013
17.2348	13.1936
17.2348	13.1859
17.2348	13.1782
17.2425	13.1782
17.2425	13.1705
17.2425	13.1628
17.2502	13.1628
17.2502	13.1551
17.2502	13.1474
17.2579	13.1397
17.2579	13.1320
17.2579	13.1243
17.2579	13.1166
17.2656	13.1089
17.2656	13.1012
17.2656	13.0935
17.2656	13.0859
17.2733	13.0782
17.2733	13.0705
17.2810	13.0705
17.2810	13.0628
17.2810	13.0551
17.2810	13.0474
17.2810	13.0397
17.2887	13.0397
17.2887	13.0320
17.2887	13.0243
17.2887	13.0166
17.2887	13.0089
17.2964	13.0012
17.2964	12.9935
17.2964	12.9858
17.2964	12.9781
17.3041	12.9704
17.3041	12.9627
17.3041	12.9550
17.3041	12.9473
17.3041	12.9396
17.3118	12.9396
17.3118	12.9242
17.3118	12.9165
17.3118	12.9088
17.3118	12.9011
17.3118	12.8934
17.3118	12.8857
17.3118	12.8780
17.3118	12.8703
17.3118	12.8626
17.3195	12.8549
17.3195	12.8472
17.3195	12.8395
17.3195	12.8318
17.3272	12.8241
17.3272	12.8164
17.3272	12.8087
17.3349	12.8010
17.3426	12.7933
17.3426	12.7856
17.3426	12.7779
17.3503	12.7779
17.3503	12.7703
17.3503	12.7626
17.3580	12.7626
17.3580	12.7549
17.3657	12.7549
17.3734	12.7472
17.3811	12.7472
17.3811	12.7395
17.3888	12.7395
17.3888	12.7318
17.3965	12.7318
17.4042	12.7318
17.4042	12.7241
17.4119	12.7241
17.4119	12.7164
17.4196	12.7164
17.4273	12.7164
17.4350	12.7164
17.4427	12.7087
17.4504	12.7087
17.4504	12.7010
17.4581	12.7010
17.4658	12.7010
17.4735	12.7010
17.4735	12.6933
17.4812	12.6933
17.4889	12.6933
17.4889	12.6856
17.4966	12.6856
17.5043	12.6856
17.5043	12.6779
17.5043	12.6702
17.5043	12.6625
17.5119	12.6625
17.5119	12.6548
17.5119	12.6471
17.5119	12.6394
17.5196	12.6317
17.5196	12.6240
17.5196	12.6163
17.5196	12.6086
17.5196	12.6009
17.5196	12.5932
17.5196	12.5855
17.5196	12.5778
17.5196	12.5701
17.5196	12.5624
17.5196	12.5547
17.5196	12.5470
17.5196	12.5393
17.5196	12.5316
17.5196	12.5239
17.5196	12.5162
17.5273	12.5162
17.5273	12.5085
17.5273	12.5008
17.5273	12.4931
17.5273	12.4854
17.5273	12.4777
17.5273	12.4700
17.5273	12.4623
17.5273	12.4547
17.5273	12.4470
17.5273	12.4393
17.5273	12.4316
17.5273	12.4239
17.5273	12.4162
17.5273	12.4085
17.5196	12.4085
17.5196	12.4008
17.5196	12.3931
17.5196	12.3854
17.5119	12.3854
17.5119	12.3777
17.5119	12.3700
17.5119	12.3623
17.5119	12.3546
17.5119	12.3469
17.5119	12.3392
17.5119	12.3315
17.5119	12.3238
17.5119	12.3161
17.5119	12.3084
17.5119	12.3007
17.5119	12.2930
17.5119	12.2853
17.5119	12.2776
17.5119	12.2699
17.5119	12.2622
17.5119	12.2545
17.5119	12.2468
17.5119	12.2391
17.5119	12.2314
17.5119	12.2237
17.5119	12.2160
17.5119	12.2083
17.5119	12.2006
17.5119	12.1929
17.5119	12.1852
17.5119	12.1775
17.5119	12.1698
17.5196	12.1544
17.5273	12.1467
17.5273	12.1314
17.5350	12.1237
17.5350	12.1160
17.5427	12.1006
17.5427	12.0929
17.5504	12.0852
17.5504	12.0775
17.5504	12.0698
17.5581	12.0698
17.5581	12.0621
17.5658	12.0621
17.5658	12.0544
17.5658	12.0467
17.5735	12.0467
17.5735	12.0390
17.5735	12.0313
17.5812	12.0313
17.5812	12.0236
17.5812	12.0159
17.5812	12.0082
17.5889	12.0005
17.5966	12.0005
17.5966	11.9928
17.5966	11.9851
17.6043	11.9851
17.6043	11.9774
17.6043	11.9697
17.6120	11.9697
17.6120	11.9620
17.6120	11.9543
17.6197	11.9466
17.6274	11.9389
17.6274	11.9312
17.6351	11.9235
17.6351	11.9081
17.6428	11.9004
17.6428	11.8927
17.6505	11.8773
17.6505	11.8696
17.6582	11.8619
17.6659	11.8542
17.6659	11.8465
17.6736	11.8388
17.6736	11.8311
17.6813	11.8311
17.6813	11.8158
17.6813	11.8081
17.6890	11.8081
17.6967	11.8004
17.6967	11.7927
17.7044	11.7850
17.7044	11.7773
17.7044	11.7696
17.7121	11.7619
17.7121	11.7542
17.7121	11.7465
17.7198	11.7465
17.7275	11.7388
17.7275	11.7311
17.7352	11.7311
17.7352	11.7234
17.7352	11.7157
17.7352	11.7080
17.7429	11.7080
17.7429	11.7003
17.7429	11.6926
17.7506	11.6926
17.7506	11.6849
17.7583	11.6849
17.7583	11.6772
17.7583	11.6695
17.7660	11.6695
17.7660	11.6618
17.7660	11.6541
17.7737	11.6541
17.7737	11.6464
17.7814	11.6464
17.7891	11.6387
17.7891	11.6233
17.7968	11.6233
17.7968	11.6156
17.8045	11.6079
17.8122	11.6002
17.8122	11.5925
17.8199	11.5925
17.8199	11.5848
17.8275	11.5848
17.8275	11.5771
17.8352	11.5617
17.8352	11.5540
17.8429	11.5540
17.8429	11.5463
17.8506	11.5463
17.8506	11.5386
17.8583	11.5386
17.8583	11.5309
17.8660	11.5309
17.8660	11.5232
17.8660	11.5155
17.8737	11.5155
17.8814	11.5155
17.8814	11.5079
17.8891	11.5079
17.8891	11.5002
17.8968	11.5002
17.8968	11.4925
17.9045	11.4925
17.9122	11.4925
17.9199	11.4925
17.9199	11.4848
17.9199	11.4771
17.9276	11.4771
17.9276	11.4694
17.9276	11.4617
17.9276	11.4540
17.9353	11.4540
17.9353	11.4463
17.9353	11.4386
17.9353	11.4309
17.9353	11.4232
17.9430	11.4232
17.9430	11.4155
17.9430	11.4078
17.9430	11.4001
17.9430	11.3924
17.9507	11.3847
17.9507	11.3770
17.9507	11.3693
17.9507	11.3616
17.9507	11.3539
17.9507	11.3462
17.9507	11.3385
17.9584	11.3385
17.9584	11.3308
17.9584	11.3231
17.9584	11.3154
17.9584	11.3077
17.9584	11.3000
17.9661	11.3000
17.9661	11.2923
17.9661	11.2846
17.9738	11.2846
17.9738	11.2769
17.9815	11.2692
17.9815	11.2615
17.9892	11.2615
17.9892	11.2538
17.9892	11.2461
17.9969	11.2384
17.9969	11.2307
18.0046	11.2307
18.0046	11.2230
18.0123	11.2153
18.0123	11.2076
18.0200	11.1999
18.0200	11.1923
18.0277	11.1923
18.0277	11.1846
18.0277	11.1769
18.0354	11.1769
18.0354	11.1692
18.0431	11.1615
18.0431	11.1538
18.0508	11.1538
18.0508	11.1461
18.0585	11.1384
18.0585	11.1307
18.0662	11.1307
18.0739	11.1230
18.0739	11.1153
18.0816	11.1153
18.0816	11.1076
18.0893	11.1076
18.0893	11.0999
18.0970	11.0999
18.0970	11.0922
18.1047	11.0922
18.1047	11.0845
18.1124	11.0845
18.1201	11.0845
18.1278	11.0845
18.1355	11.0845
18.1431	11.0845
18.1508	11.0845
18.1585	11.0845
18.1662	11.0845
18.1739	11.0845
18.1816	11.0845
18.1893	11.0845
18.1970	11.0845
18.2047	11.0845
18.2124	11.0845
18.2201	11.0845
18.2278	11.0845
18.2355	11.0845
18.2432	11.0845
18.2509	11.0845
18.2586	11.0845
18.2663	11.0922
18.2740	11.0922
18.2817	11.0922
18.2894	11.0922
18.2971	11.0922
18.3048	11.0922
18.3125	11.0922
18.3202	11.0922
18.3279	11.0922
18.3356	11.0922
18.3587	11.0922
18.3741	11.0922
18.3818	11.0922
18.3972	11.0922
18.4126	11.0922
18.4357	11.0922
18.4511	11.0922
18.4664	11.0845
18.4741	11.0845
18.4895	11.0845
18.4972	11.0845
18.5049	11.0845
18.5203	11.0768
18.5280	11.0768
18.5357	11.0691
18.5511	11.0691
18.5665	11.0691
18.5819	11.0614
18.5973	11.0537
18.6127	11.0537
18.6204	11.0460
18.6281	11.0460
18.6358	11.0383
18.6512	11.0383
18.6589	11.0306
18.6666	11.0306
18.6743	11.0306
18.6820	11.0306
18.6897	11.0306
18.6897	11.0229
18.6974	11.0229
18.7051	11.0229
18.7128	11.0152
18.7205	11.0152
18.7282	11.0152
18.7359	11.0152
18.7513	11.0075
18.7590	11.0075
18.7667	11.0075
18.7743	11.0075
18.7897	10.9998
18.7974	10.9998
18.8051	10.9998
18.8128	10.9998
18.8128	10.9921
18.8205	10.9921
18.8282	10.9921
18.8359	10.9844
18.8436	10.9844
18.8513	10.9844
18.8590	10.9767
18.8744	10.9767
18.8821	10.9767
18.8898	10.9767
18.8975	10.9690
18.9052	10.9690
18.9129	10.9690
18.9206	10.9690
18.9283	10.9690
18.9360	10.9690
18.9360	10.9613
18.9437	10.9613
18.9514	10.9613
18.9591	10.9613
18.9668	10.9613
18.9745	10.9613
18.9899	10.9536
19.0053	10.9536
19.0284	10.9536
19.0515	10.9536
19.0746	10.9536
19.0976	10.9536
19.1207	10.9536
19.1361	10.9536
19.1515	10.9536
19.1592	10.9536
19.1669	10.9536
19.1746	10.9536
19.1823	10.9536
19.1900	10.9536
19.1977	10.9536
19.2054	10.9536
19.2131	10.9613
19.2208	10.9613
19.2285	10.9613
19.2362	10.9613
19.2439	10.9613
19.2593	10.9613
19.2670	10.9536
19.2901	10.9536
19.3055	10.9459
19.3209	10.9459
19.3363	10.9459
19.3517	10.9382
19.3594	10.9382
19.3748	10.9305
19.3902	10.9228
19.4055	10.9228
19.4132	10.9151
19.4209	10.9151
19.4363	10.9074
19.4440	10.9074
19.4517	10.9074
19.4517	10.8997
19.4594	10.8997
19.4594	10.8920
19.4671	10.8920
19.4748	10.8920
19.4825	10.8920
19.4825	10.8844
19.4902	10.8844
19.4979	10.8844
19.5056	10.8767
19.5133	10.8767
19.5133	10.8690
19.5210	10.8613
19.5287	10.8613
19.5364	10.8613
19.5441	10.8613
19.5441	10.8536
19.5518	10.8536
19.5595	10.8536
19.5672	10.8536
19.5749	10.8459
19.5826	10.8459
19.5903	10.8459
19.5980	10.8459
19.6057	10.8459
19.6134	10.8459
19.6211	10.8459
19.6288	10.8459
19.6365	10.8459
19.6365	10.8536
19.6442	10.8536
19.6519	10.8536
19.6596	10.8613
19.6596	10.8690
19.6673	10.8690
19.6750	10.8690
19.6750	10.8767
19.6827	10.8767
19.6904	10.8767
19.6981	10.8767
19.7058	10.8767
19.7058	10.8844
19.7135	10.8844
19.7211	10.8844
19.7288	10.8844
19.7365	10.8844
19.7442	10.8844
19.7519	10.8844
19.7673	10.8844
19.7750	10.8767
19.7981	10.8767
19.8058	10.8690
19.8135	10.8690
19.8366	10.8613
19.8520	10.8536
19.8751	10.8536
19.8905	10.8459
19.9059	10.8459
19.9136	10.8382
19.9213	10.8382
19.9290	10.8305
19.9367	10.8305
19.9444	10.8305
19.9521	10.8305
19.9521	10.8228
19.9598	10.8228
19.9675	10.8228
19.9752	10.8151
19.9829	10.8151
19.9906	10.8151
19.9983	10.8074
20.0060	10.7997
20.0137	10.7997
20.0214	10.7920
20.0291	10.7920
20.0367	10.7920
20.0444	10.7843
20.0521	10.7843
20.0521	10.7766
20.0598	10.7766
20.0598	10.7689
20.0675	10.7689
20.0675	10.7612
20.0752	10.7612
20.0829	10.7612
20.0829	10.7535
20.0906	10.7535
20.0983	10.7458
20.0983	10.7381
20.1060	10.7381
20.1060	10.7304
20.1137	10.7304
20.1137	10.7227
20.1291	10.7227
20.1291	10.7150
20.1368	10.7150
20.1368	10.7073
20.1445	10.7073
20.1445	10.6996
20.1522	10.6996
20.1522	10.6919
20.1599	10.6919
20.1676	10.6842
20.1753	10.6842
20.1753	10.6765
20.1753	10.6688
20.1830	10.6688
20.1907	10.6688
20.1907	10.6611
20.1984	10.6611
20.2061	10.6534
20.2138	10.6534
20.2215	10.6457
20.2292	10.6380
20.2369	10.6380
20.2446	10.6303
20.2523	10.6303
20.2600	10.6226
20.2677	10.6226
20.2754	10.6072
20.2908	10.6072
20.2985	10.6072
20.2985	10.5995
20.3062	10.5995
20.3139	10.5995
20.3216	10.5995
20.3293	10.5995
20.3370	10.5995
20.3447	10.5995
20.3523	10.5995
20.3600	10.5995
20.3677	10.5995
20.3754	10.5995
20.3831	10.5995
20.3908	10.5995
20.3985	10.5995
20.3985	10.6072
20.4062	10.6072
20.4139	10.6072
20.4216	10.6072
20.4216	10.6149
20.4293	10.6149
20.4370	10.6149
20.4447	10.6149
20.4524	10.6149
20.4524	10.6226
20.4601	10.6226
