20.6862	14.1762
20.6929	14.1762
20.7129	14.1829
20.7196	14.1829
20.7196	14.1896
20.7330	14.2030
20.7397	14.2030
20.7464	14.2030
20.7597	14.2096
20.7664	14.2096
20.7664	14.2163
20.7731	14.2163
20.7865	14.2163
20.7865	14.2297
20.7931	14.2297
20.7998	14.2364
20.8132	14.2364
20.8199	14.2364
20.8266	14.2364
20.8399	14.2431
20.8533	14.2564
20.8667	14.2698
20.8667	14.2832
20.8733	14.2899
20.8733	14.2965
20.8800	14.3099
20.8934	14.3166
20.8934	14.3233
20.8934	14.3366
20.9001	14.3433
20.9068	14.3634
20.9201	14.3701
20.9201	14.3767
20.9201	14.3901
20.9268	14.3901
20.9335	14.3901
20.9335	14.3968
20.9469	14.3968
20.9469	14.4035
20.9469	14.4302
20.9536	14.4436
20.9536	14.4503
20.9536	14.4703
20.9602	14.4837
20.9602	14.4971
20.9736	14.4971
20.9736	14.5037
20.9803	14.5037
20.9803	14.5104
20.9803	14.5238
20.9870	14.5305
20.9870	14.5505
21.0003	14.5572
21.0003	14.5639
21.0003	14.5773
21.0070	14.5839
21.0137	14.5839
21.0271	14.5839
21.0338	14.5839
21.0404	14.5839
21.0538	14.5839
21.0605	14.5839
21.0672	14.5906
21.0672	14.6040
21.0805	14.6040
21.0805	14.6107
21.0872	14.6174
21.0939	14.6174
21.0939	14.6307
21.1073	14.6374
21.1073	14.6441
21.1140	14.6441
21.1206	14.6575
21.1340	14.6575
21.1340	14.6641
21.1407	14.6641
21.1474	14.6842
21.1674	14.6909
21.1741	14.6909
21.1875	14.6976
21.1942	14.7176
21.2009	14.7176
21.2142	14.7176
21.2276	14.7176
21.2410	14.7176
21.2410	14.7243
21.2476	14.7243
21.2543	14.7243
21.2677	14.7243
21.2744	14.7377
21.2811	14.7443
21.2811	14.7510
21.3011	14.7644
21.3078	14.7644
21.3212	14.7711
21.3278	14.7711
21.3345	14.7711
21.3479	14.7778
21.3479	14.7911
21.3546	14.7978
21.3546	14.8179
21.3546	14.8246
21.3546	14.8312
21.3613	14.8446
21.3746	14.8580
21.3746	14.8713
21.3746	14.8780
21.3813	14.8981
21.3813	14.9048
21.3813	14.9114
21.3813	14.9315
21.3813	14.9382
21.3813	14.9515
21.3813	14.9582
21.3813	14.9649
21.3813	14.9783
21.3746	14.9783
21.3613	14.9916
21.3546	14.9916
21.3479	15.0117
21.3278	15.0117
21.3212	15.0117
21.3212	15.0184
21.3078	15.0184
21.3011	15.0184
21.2944	15.0184
21.2811	15.0184
21.2744	15.0184
21.2677	15.0184
21.2543	15.0184
21.2476	15.0184
21.2476	15.0318
21.2410	15.0318
21.2410	15.0384
21.2276	15.0384
21.2209	15.0451
21.2209	15.0585
21.2142	15.0585
21.2142	15.0652
21.2142	15.0719
21.2142	15.0852
21.2209	15.0852
21.2209	15.0919
21.2276	15.0919
21.2410	15.0919
21.2476	15.0986
21.2543	15.0986
21.2543	15.1186
21.2677	15.1253
21.2677	15.1387
21.2677	15.1454
21.2677	15.1521
21.2677	15.1654
21.2677	15.1721
21.2543	15.1788
21.2476	15.1922
21.2476	15.1988
21.2276	15.1988
21.2209	15.1988
21.2142	15.2055
21.2142	15.2189
21.2142	15.2256
21.2009	15.2323
21.2009	15.2523
21.2009	15.2590
21.2009	15.2724
21.2009	15.2790
21.2009	15.2857
21.2009	15.2991
21.2009	15.3058
21.2009	15.3125
21.1942	15.3392
21.1741	15.3526
21.1741	15.3593
21.1674	15.3593
21.1674	15.3793
21.1607	15.3793
21.1407	15.3860
21.1340	15.3860
21.1206	15.3927
21.1140	15.3927
21.1073	15.3927
21.0939	15.3927
21.0872	15.3927
21.0872	15.4060
21.0672	15.4194
21.0672	15.4328
21.0672	15.4395
21.0605	15.4461
21.0605	15.4595
21.0605	15.4662
21.0538	15.4729
21.0538	15.4862
21.0538	15.4996
21.0404	15.4996
21.0338	15.5130
21.0137	15.5130
21.0070	15.5130
20.9870	15.5197
20.9870	15.5263
20.9803	15.5263
20.9736	15.5263
20.9736	15.5397
20.9602	15.5397
20.9602	15.5464
20.9536	15.5464
20.9469	15.5665
20.9469	15.5731
20.9335	15.5798
20.9268	15.5999
20.9268	15.6066
20.9201	15.6066
20.9201	15.6266
20.9201	15.6333
20.9068	15.6533
20.9068	15.6600
20.9068	15.6734
20.9068	15.6801
20.9001	15.6868
20.8800	15.7001
20.8667	15.7135
20.8533	15.7269
20.8466	15.7402
20.8399	15.7402
20.8266	15.7402
20.8266	15.7536
20.8199	15.7536
20.8132	15.7536
20.7998	15.7536
20.7931	15.7536
20.7865	15.7603
20.7731	15.7603
20.7664	15.7603
20.7597	15.7670
20.7464	15.7670
20.7597	15.7670
20.7664	15.7803
20.7865	15.7870
20.7865	15.7937
20.7865	15.8137
20.7931	15.8137
20.7931	15.8204
20.7931	15.8338
20.7998	15.8338
20.7998	15.8472
20.7998	15.8605
20.8132	15.8605
20.8199	15.8605
20.8266	15.8605
20.8399	15.8605
20.8466	15.8605
20.8533	15.8605
20.8667	15.8605
20.8667	15.8672
20.8667	15.8739
20.8733	15.9006
20.8733	15.9140
20.8800	15.9140
20.8934	15.9140
20.9001	15.9274
20.9068	15.9274
20.9201	15.9274
20.9469	15.9407
20.9536	15.9407
20.9536	15.9474
20.9602	15.9474
20.9803	15.9474
21.0070	15.9407
21.0137	15.9407
21.0271	15.9407
21.0404	15.9407
21.0672	15.9407
21.0805	15.9407
21.0872	15.9407
21.0939	15.9407
21.1073	15.9474
21.1340	15.9474
21.1474	15.9675
21.1875	15.9808
21.2009	16.0076
21.2142	16.0276
21.2276	16.0343
21.2276	16.0477
21.2410	16.0477
21.2410	16.0544
21.2476	16.0610
21.2476	16.0744
21.2677	16.0811
21.2744	16.0811
21.2811	16.0811
21.2944	16.0811
21.3078	16.0811
21.3212	16.0811
21.3278	16.0811
21.3546	16.0878
21.3813	16.0878
21.4147	16.1078
21.4348	16.1145
21.4415	16.1346
21.4548	16.1413
21.4615	16.1613
21.4816	16.1814
21.5083	16.2081
21.5350	16.2415
21.5484	16.2616
21.5484	16.2682
21.5618	16.2749
21.5685	16.2749
21.5685	16.2883
21.5751	16.2950
21.5885	16.3150
21.5952	16.3284
21.6019	16.3418
21.6152	16.3484
21.6219	16.3484
21.6286	16.3484
21.6420	16.3484
21.6487	16.3484
21.6553	16.3484
21.6687	16.3484
21.6754	16.3484
21.6821	16.3551
21.6821	16.3685
21.7088	16.3752
21.7088	16.3819
21.7222	16.3952
21.7356	16.4019
21.7356	16.4086
21.7489	16.4220
21.7556	16.4220
21.7757	16.4353
21.7890	16.4554
21.8024	16.4754
21.8024	16.4821
21.8091	16.4821
21.8158	16.4821
21.8291	16.4821
21.8425	16.4754
21.8625	16.4621
21.8893	16.4554
21.8960	16.4554
21.9093	16.4554
21.9160	16.4621
21.9227	16.4621
21.9361	16.4621
21.9361	16.4754
21.9361	16.4821
21.9361	16.4888
21.9427	16.5022
21.9427	16.5089
21.9427	16.5155
21.9427	16.5289
21.9427	16.5356
21.9494	16.5423
21.9695	16.5556
21.9762	16.5690
21.9962	16.5891
22.0163	16.5957
22.0296	16.6158
22.0430	16.6359
22.0564	16.6492
22.0697	16.6693
22.0831	16.6760
22.0831	16.6893
22.0965	16.6893
22.1032	16.6960
22.1098	16.7027
22.1098	16.7161
22.1032	16.7161
22.1032	16.7227
22.1032	16.7294
22.1098	16.7428
22.1232	16.7495
22.1499	16.7762
22.1767	16.7963
22.2168	16.8297
22.2368	16.8497
22.2435	16.8497
22.2569	16.8497
22.2636	16.8497
22.2703	16.8564
22.2836	16.8564
22.2903	16.8564
22.3104	16.8564
22.3104	16.8631
22.3170	16.8631
22.3237	16.8765
22.3237	16.8831
22.3371	16.8831
22.3371	16.8898
22.3438	16.8898
22.3505	16.9032
22.3638	16.9032
22.3705	16.9166
22.3906	16.9433
22.4307	16.9901
22.4507	16.9968
22.4574	17.0101
22.4574	17.0168
22.4574	17.0235
22.4574	17.0369
22.4708	17.0436
22.4774	17.0436
22.4774	17.0502
22.4774	17.0636
22.4774	17.0703
22.4774	17.0770
22.4774	17.0903
22.4774	17.0970
22.4708	17.1037
22.4708	17.1238
22.4574	17.1238
22.4574	17.1438
22.4307	17.1572
22.4240	17.1772
22.4173	17.1772
22.4173	17.1839
22.4039	17.1839
22.3906	17.2107
22.3772	17.2240
22.3705	17.2240
22.3638	17.2307
22.3438	17.2374
22.3170	17.2641
22.3104	17.2641
22.2970	17.2641
22.2970	17.2775
22.2903	17.2775
22.2836	17.2775
22.2703	17.2775
22.2636	17.2775
22.2435	17.2775
22.2368	17.2775
22.2301	17.2775
22.2034	17.2775
22.1834	17.2641
22.1767	17.2641
22.1767	17.2574
22.1633	17.2574
22.1566	17.2574
22.1566	17.2508
22.1366	17.2508
22.1299	17.2508
22.1232	17.2307
22.1032	17.2307
22.0965	17.2307
22.0831	17.2240
22.0764	17.2107
22.0697	17.2107
22.0564	17.2107
22.0430	17.2040
22.0230	17.1973
22.0163	17.1839
21.9962	17.1839
21.9762	17.1839
21.9494	17.1706
21.9427	17.1706
21.9361	17.1706
21.9227	17.1706
21.9160	17.1772
21.9093	17.1772
21.9093	17.1839
21.8893	17.1839
21.8826	17.1973
21.8826	17.2040
21.8625	17.2240
21.8425	17.2374
21.8358	17.2374
21.8358	17.2508
21.8291	17.2574
21.8158	17.2574
21.8091	17.2574
21.8024	17.2574
21.7890	17.2641
21.7823	17.2641
21.7623	17.2641
21.7556	17.2775
21.7356	17.2775
21.7222	17.2842
21.7088	17.2842
21.7021	17.2842
21.6821	17.2909
21.6754	17.2909
21.6687	17.2909
21.6553	17.2909
21.6487	17.2909
21.6420	17.2909
21.6152	17.2909
21.5885	17.2842
21.5685	17.2842
21.5685	17.2775
21.5484	17.2775
21.5417	17.2775
21.5350	17.2641
21.5217	17.2641
21.5083	17.2374
21.4883	17.2240
21.4883	17.2107
21.4816	17.2107
21.4682	17.2107
21.4615	17.2107
21.4548	17.2107
21.4281	17.2107
21.3813	17.2240
21.3613	17.2307
21.3613	17.2374
21.3613	17.2508
21.3613	17.2574
21.3613	17.2641
21.3746	17.2641
21.3746	17.2775
21.3813	17.2775
21.4014	17.2775
21.4147	17.2775
21.4281	17.2775
21.4281	17.2909
21.4348	17.3109
21.4415	17.3310
21.4415	17.3443
21.4548	17.3644
21.4548	17.3711
21.4615	17.3844
21.4816	17.3844
21.4816	17.3911
21.4883	17.3911
21.4883	17.3978
21.4883	17.4112
21.4883	17.4178
21.4883	17.4446
21.4682	17.4646
21.4615	17.4780
21.4615	17.4914
21.4615	17.4981
21.4615	17.5047
21.4615	17.5248
21.4615	17.5515
21.4615	17.5582
21.4816	17.5716
21.4883	17.5716
21.4949	17.5716
21.5083	17.5783
21.5150	17.5849
21.5350	17.6050
21.5350	17.6117
21.5417	17.6317
21.5618	17.6384
21.5685	17.6518
21.5685	17.6585
21.5751	17.6585
21.5751	17.6785
21.5885	17.6852
21.5885	17.6919
21.5885	17.7052
21.5885	17.7119
21.5885	17.7320
21.5952	17.7387
21.5952	17.7654
21.5952	17.8122
21.5952	17.8456
21.5885	17.8723
21.5885	17.8790
21.5885	17.8924
21.5751	17.8924
21.5751	17.8991
21.5618	17.9058
21.5484	17.9191
21.5350	17.9258
21.5217	17.9325
21.5083	17.9525
21.4949	17.9592
21.4883	17.9592
21.4883	17.9726
21.4615	17.9860
21.4548	17.9993
21.4415	17.9993
21.4281	18.0060
21.4080	18.0127
21.3813	18.0261
21.3613	18.0328
21.3479	18.0328
21.3345	18.0328
21.3278	18.0328
21.3212	18.0328
21.3078	18.0328
21.3011	18.0328
21.2944	18.0328
21.2811	18.0328
21.2811	18.0261
21.2744	18.0060
21.2543	17.9993
21.2476	17.9993
21.2476	17.9860
21.2410	17.9793
21.2276	17.9793
21.2209	17.9793
21.2142	17.9793
21.2009	17.9793
21.1741	17.9793
21.1340	17.9993
21.0939	18.0060
21.0872	18.0060
21.0872	18.0127
21.0672	18.0127
21.0672	18.0261
21.0605	18.0328
21.0338	18.0394
21.0271	18.0595
20.9870	18.0662
20.9803	18.0662
20.9736	18.0662
20.9602	18.0662
20.9536	18.0662
20.9469	18.0662
20.9268	18.0595
20.9201	18.0528
20.9001	18.0394
20.8733	18.0127
20.8667	18.0060
20.8667	17.9993
20.8533	17.9993
20.8399	17.9793
20.8266	17.9592
20.8199	17.9592
20.8132	17.9592
20.7664	17.9726
20.6795	17.9993
20.6528	17.9993
20.6394	17.9993
20.6327	17.9993
20.6260	17.9993
20.6127	17.9993
20.6060	17.9793
20.5993	17.9793
20.5859	17.9726
20.5859	17.9525
20.5859	17.9459
20.5859	17.9325
20.5859	17.9258
20.5859	17.8991
20.5859	17.8924
20.5793	17.8924
20.5726	17.8790
20.5525	17.8657
20.5458	17.8523
20.5325	17.8523
20.5325	17.8456
20.5258	17.8189
20.5258	17.8122
20.5258	17.7988
20.5258	17.7721
20.5191	17.7454
20.5191	17.7387
20.5057	17.7186
20.5057	17.7052
20.4924	17.6919
20.4924	17.6852
20.4790	17.6852
20.4723	17.6852
20.4523	17.6852
20.4456	17.6785
20.4389	17.6785
20.4255	17.6852
20.4122	17.6919
20.3988	17.7052
20.3988	17.7119
20.3988	17.7186
20.3921	17.7186
20.3921	17.7320
20.3854	17.7320
20.3721	17.7320
20.3654	17.7320
20.3587	17.7320
20.3320	17.7320
20.3186	17.7320
20.3119	17.7320
20.2919	17.7320
20.2651	17.7320
20.2584	17.7320
20.2518	17.7320
20.2317	17.7119
20.2250	17.6919
20.2117	17.6852
20.2117	17.6785
20.2050	17.6651
20.1983	17.6518
20.1782	17.6117
20.1716	17.5983
20.1716	17.5783
20.1716	17.5716
20.1582	17.5515
20.1582	17.5315
20.1582	17.5248
20.1582	17.5181
20.1582	17.4981
20.1582	17.4914
20.1582	17.4713
20.1582	17.4513
20.1582	17.4446
20.1582	17.4245
20.1515	17.3978
20.1515	17.3644
20.1448	17.3577
20.1448	17.3443
20.1448	17.3376
20.1448	17.3310
20.1448	17.3176
20.1448	17.3109
20.1448	17.3042
20.1448	17.2842
20.1448	17.2775
20.1448	17.2574
20.1448	17.2508
20.1448	17.2374
20.1448	17.2307
20.1448	17.2107
20.1448	17.2040
20.1448	17.2107
20.1448	17.2307
20.1248	17.2641
20.1181	17.2842
20.1047	17.2909
20.1047	17.3042
20.0913	17.3042
20.0780	17.3176
20.0646	17.3176
20.0646	17.3310
20.0512	17.3310
20.0446	17.3310
20.0379	17.3310
19.9978	17.3376
19.9309	17.3376
19.9109	17.3376
19.9042	17.3376
19.8908	17.3376
19.8842	17.3376
19.8775	17.3376
19.8574	17.3376
19.8507	17.3376
19.8307	17.3376
19.7772	17.3310
19.6903	17.3109
19.6903	17.3042
19.6369	17.3042
19.6369	17.2909
19.6369	17.2775
19.6369	17.2641
19.6369	17.2574
19.6369	17.2508
19.6369	17.2374
19.6235	17.2307
19.6235	17.2240
19.6235	17.2107
19.6235	17.1973
19.6235	17.1839
19.6168	17.1839
19.6168	17.1706
19.5968	17.1438
19.5968	17.1238
19.5968	17.1037
19.5968	17.0970
19.5968	17.0903
19.5901	17.0636
19.5901	17.0502
19.5901	17.0436
19.5901	17.0369
19.5901	17.0235
19.5901	17.0101
19.5901	16.9968
19.5834	16.9634
19.5700	16.9433
19.5633	16.9366
19.5566	16.9299
19.5566	16.9099
19.5566	16.9032
19.5566	16.8898
19.5566	16.8831
19.5633	16.8831
19.5700	16.8765
19.5700	16.8631
19.5700	16.8564
19.5834	16.8364
19.5834	16.8297
19.5834	16.8230
19.5901	16.8029
19.5901	16.7963
19.5901	16.7762
19.5901	16.7562
19.5901	16.7495
19.5834	16.7495
19.5700	16.7495
19.5633	16.7495
19.5566	16.7495
19.5433	16.7495
19.5433	16.7562
19.5366	16.7562
19.5299	16.7762
19.5299	16.8029
19.5299	16.8230
19.5299	16.8297
19.5165	16.8297
19.5165	16.8497
19.5165	16.8564
19.5099	16.8765
19.5099	16.8898
19.5099	16.9032
19.5099	16.9099
19.5099	16.9166
19.5099	16.9299
19.5032	16.9299
19.4898	16.9299
19.4631	16.9366
19.4564	16.9366
19.4497	16.9366
19.4363	16.9366
19.4230	16.9366
19.4096	16.9366
19.3829	16.9299
19.3495	16.9099
19.3294	16.9032
19.3227	16.9032
19.3160	16.9032
19.2960	16.8898
19.2759	16.8765
19.2692	16.8631
19.2626	16.8631
19.2492	16.8631
19.2358	16.8631
19.2225	16.8631
19.2158	16.8631
19.1957	16.8831
19.1690	16.8831
19.1356	16.8898
19.1088	16.8898
19.0821	16.8898
19.0754	16.8898
19.0621	16.8898
19.0487	16.8898
19.0353	16.8898
19.0286	16.8631
19.0086	16.8564
19.0019	16.8364
18.9818	16.8230
18.9752	16.8096
18.9551	16.8029
18.9417	16.7829
18.9284	16.7762
18.9217	16.7695
18.9016	16.7562
18.8883	16.7495
18.8615	16.7294
18.8348	16.7027
18.8148	16.6893
18.7947	16.6760
18.7880	16.6693
18.7880	16.6626
18.7813	16.6626
18.7813	16.6425
18.7680	16.6225
18.7546	16.5957
18.7345	16.5824
18.7345	16.5623
18.7279	16.5623
18.7279	16.5556
18.7145	16.5356
18.7078	16.5356
18.7078	16.5289
18.7078	16.5155
18.7011	16.5089
18.7011	16.5022
18.6811	16.4754
18.6610	16.4554
18.6543	16.4353
18.6477	16.4287
18.6343	16.4287
18.6343	16.4220
18.6276	16.4220
18.6076	16.4220
18.6076	16.4086
18.5942	16.4019
18.5942	16.3952
18.5808	16.3952
18.5741	16.3952
18.5675	16.3952
18.5541	16.3952
18.5407	16.3819
18.4405	16.3752
18.3603	16.3685
18.3536	16.3551
18.3402	16.3551
18.3335	16.3551
18.3268	16.3551
18.3135	16.3484
18.3068	16.3418
18.3068	16.3284
18.3001	16.3217
18.3001	16.3150
18.2801	16.2950
18.2734	16.2883
18.2533	16.2749
18.2466	16.2682
18.2333	16.2482
18.2333	16.2348
18.2266	16.2348
18.2266	16.2215
18.2199	16.2215
18.2199	16.2148
18.2065	16.2148
18.2065	16.2081
18.1798	16.1947
18.1397	16.1680
18.0996	16.1413
18.0996	16.1346
18.0929	16.1346
18.0862	16.1346
18.0862	16.1279
18.0729	16.1279
18.0729	16.1145
18.0729	16.1078
18.0662	16.1012
18.0662	16.0878
18.0662	16.0811
18.0662	16.0744
18.0662	16.0610
18.0662	16.0544
18.0662	16.0477
18.0662	16.0343
18.0662	16.0276
18.0595	16.0009
18.0595	15.9808
18.0595	15.9742
18.0595	15.9675
18.0595	15.9541
18.0595	15.9474
18.0595	15.9407
18.0595	15.9274
18.0595	15.9207
18.0662	15.9207
18.0662	15.9006
18.0729	15.9006
18.0729	15.8940
18.0729	15.8873
18.0862	15.8739
18.0929	15.8672
18.0996	15.8605
18.0996	15.8472
18.1130	15.8405
18.1130	15.8338
18.1196	15.8204
18.1196	15.8137
18.1196	15.8071
18.1263	15.7937
18.1397	15.7870
18.1464	15.7670
18.1531	15.7603
18.1664	15.7603
18.1731	15.7402
18.1798	15.7269
18.1932	15.7269
18.1932	15.7135
18.1932	15.7068
18.1998	15.7001
18.2199	15.6734
18.2199	15.6533
18.2199	15.6467
18.2266	15.6467
18.2266	15.6333
18.2266	15.6266
18.2266	15.6199
18.2333	15.6199
18.2333	15.6066
18.2333	15.5932
18.2466	15.5932
18.2466	15.5798
18.2533	15.5798
18.2533	15.5665
18.2600	15.5464
18.2600	15.5397
18.2600	15.5197
18.2600	15.5130
18.2600	15.4996
18.2600	15.4729
18.2600	15.4862
18.2333	15.4929
18.2266	15.4996
18.2266	15.5130
18.2199	15.5197
18.2065	15.5197
18.1998	15.5263
18.1998	15.5397
18.1932	15.5397
18.1932	15.5531
18.1798	15.5531
18.1731	15.5665
18.1731	15.5731
18.1531	15.5932
18.1397	15.6066
18.1397	15.6199
18.1397	15.6266
18.1263	15.6467
18.1263	15.6533
18.1196	15.6734
18.1196	15.6868
18.1196	15.7001
18.1196	15.7135
18.1196	15.7269
18.1130	15.7335
18.1130	15.7402
18.0996	15.7402
18.0996	15.7536
18.0929	15.7536
18.0862	15.7603
18.0862	15.7670
18.0729	15.7670
18.0729	15.7803
18.0595	15.7870
18.0461	15.7870
18.0461	15.7937
18.0394	15.8071
18.0328	15.8137
18.0194	15.8137
18.0194	15.8204
18.0127	15.8204
18.0060	15.8338
17.9927	15.8338
17.9860	15.8405
17.9659	15.8472
17.9525	15.8472
17.9525	15.8605
17.9392	15.8605
17.9325	15.8605
17.9325	15.8672
17.9325	15.8739
17.9258	15.8739
17.9124	15.8873
17.9124	15.9006
17.9124	15.9140
17.9124	15.9274
17.9058	15.9407
17.9058	15.9474
17.9058	15.9541
17.9058	15.9742
17.8991	15.9942
17.8991	16.0076
17.8857	16.0209
17.8857	16.0276
17.8857	16.0343
17.8857	16.0477
17.8857	16.0610
17.8790	16.0744
17.8790	16.0811
17.8723	16.0878
17.8590	16.1078
17.8590	16.1145
17.8456	16.1346
17.8322	16.1546
17.8256	16.1613
17.8189	16.1680
17.8055	16.1680
17.7921	16.1947
17.7721	16.2148
17.7454	16.2348
17.7253	16.2415
17.7186	16.2415
17.6919	16.2616
17.6718	16.2682
17.6651	16.2682
17.6384	16.2749
17.6317	16.2749
17.6117	16.2883
17.6050	16.2883
17.5916	16.2883
17.5783	16.2883
17.5582	16.2749
17.5382	16.2682
17.5315	16.2682
17.5114	16.2482
17.4981	16.2415
17.4847	16.2215
17.4580	16.2081
17.4446	16.1947
17.4312	16.1880
17.4245	16.1880
17.4178	16.1814
17.3777	16.1546
17.3176	16.1279
17.2975	16.1145
17.2909	16.1145
17.2842	16.1145
17.2574	16.1078
17.2441	16.1012
17.2307	16.1012
17.2173	16.0878
17.2107	16.0878
17.1839	16.0878
17.1772	16.0878
17.1639	16.0878
17.1505	16.0878
17.1238	16.0878
17.0703	16.0811
17.0436	16.0811
17.0302	16.0811
17.0302	16.0878
17.0235	16.0878
17.0235	16.1012
17.0168	16.1078
17.0168	16.1145
17.0035	16.1145
17.0035	16.1279
16.9968	16.1279
16.9968	16.1346
16.9968	16.1413
16.9767	16.1546
16.9634	16.1546
16.9634	16.1613
16.9500	16.1613
16.9500	16.1680
16.9433	16.1680
16.9366	16.1680
16.9233	16.1680
16.9166	16.1680
16.9099	16.1680
16.9099	16.1814
16.8965	16.1814
16.8898	16.1880
16.8831	16.1947
16.8698	16.1947
16.8564	16.2081
16.8297	16.2215
16.8096	16.2215
16.7762	16.2215
16.7628	16.2215
16.7562	16.2215
16.7361	16.2215
16.7294	16.2215
16.7227	16.2215
16.7094	16.2215
16.7027	16.2215
16.6960	16.2215
16.6760	16.2215
16.6425	16.2215
16.5957	16.2148
16.5757	16.2148
16.5690	16.2148
16.5623	16.2148
16.5490	16.2081
16.5423	16.2081
16.5423	16.1947
16.5356	16.1947
16.5356	16.1880
16.5155	16.1880
16.5155	16.1814
16.5089	16.1814
16.4955	16.1680
16.4420	16.1613
16.4353	16.1613
16.4019	16.1613
16.3886	16.1613
16.3819	16.1613
16.3752	16.1613
16.3551	16.1613
16.3284	16.1680
16.3217	16.1680
16.3083	16.1680
16.2950	16.1814
16.2816	16.1814
16.2682	16.1814
16.2482	16.1880
16.2415	16.1880
16.2281	16.1880
16.2148	16.1947
16.2014	16.1947
16.1947	16.2081
16.1880	16.2081
16.1680	16.2148
16.1479	16.2215
16.1413	16.2215
16.1413	16.2348
16.1212	16.2348
16.1078	16.2348
16.0878	16.2348
16.0677	16.2348
16.0610	16.2348
16.0343	16.2348
16.0143	16.2215
16.0076	16.2215
16.0009	16.2148
15.9875	16.2148
15.9808	16.2081
15.9808	16.1947
15.9742	16.1947
15.9608	16.1947
15.9608	16.1880
15.9541	16.1814
15.9474	16.1680
15.9341	16.1613
15.9274	16.1413
15.9207	16.1346
15.9073	16.1279
15.9006	16.1145
15.8940	16.1012
15.8739	16.1012
15.8739	16.0878
15.8672	16.0878
15.8539	16.0878
15.8539	16.0811
15.8472	16.0811
15.8472	16.0610
15.8405	16.0544
15.8405	16.0477
15.8405	16.0343
15.8405	16.0276
15.8405	16.0209
15.8405	16.0076
15.8405	16.0009
15.8405	15.9942
15.8405	15.9808
15.8405	15.9742
15.8405	15.9675
15.8405	15.9541
15.8271	15.9474
15.8271	15.9407
15.8271	15.9274
15.8271	15.9207
15.8204	15.9207
15.8204	15.9140
15.8204	15.8940
15.8204	15.8873
15.8204	15.8672
15.8204	15.8605
15.8204	15.8338
15.8204	15.8137
15.8271	15.8071
15.8271	15.7937
15.8271	15.7870
15.8405	15.7670
15.8472	15.7670
15.8472	15.7603
15.8739	15.7536
15.8739	15.7335
15.8806	15.7335
15.8940	15.7335
15.9006	15.7335
15.9073	15.7269
15.9207	15.7269
15.9341	15.7269
15.9541	15.7135
15.9808	15.7135
15.9808	15.7068
15.9875	15.7068
16.0009	15.7068
16.0143	15.7001
16.0143	15.6868
16.0276	15.6868
16.0343	15.6868
16.0410	15.6868
16.0544	15.6868
16.0544	15.6801
16.0677	15.6801
16.0811	15.6734
16.0878	15.6734
16.0945	15.6734
16.1078	15.6600
16.1145	15.6600
16.1212	15.6533
16.1346	15.6533
16.1413	15.6533
16.1413	15.6467
16.1479	15.6467
16.1747	15.6266
16.2014	15.6199
16.2148	15.6199
16.2215	15.6199
16.2281	15.6199
16.2415	15.6199
16.2482	15.6199
16.2549	15.6199
16.2682	15.6199
16.2682	15.6066
16.2749	15.6066
16.2749	15.5999
16.2816	15.5798
16.2816	15.5731
16.2950	15.5665
16.3017	15.5665
16.3017	15.5531
16.3083	15.5397
16.3217	15.5397
16.3284	15.5397
16.3351	15.5397
16.3484	15.5397
16.3551	15.5397
16.3752	15.5263
16.3819	15.5263
16.3886	15.5263
16.4019	15.5263
16.4086	15.5263
16.4153	15.5263
16.4287	15.5263
16.4353	15.5263
16.4420	15.5263
16.4621	15.5397
16.4688	15.5397
16.4688	15.5464
16.4821	15.5531
16.4888	15.5665
16.4955	15.5731
16.5089	15.5731
16.5089	15.5798
16.5155	15.5798
16.5222	15.5798
16.5222	15.5932
16.5356	15.5932
16.5490	15.5798
16.5690	15.5731
16.5757	15.5731
16.5957	15.5665
16.6158	15.5531
16.6225	15.5464
16.6292	15.5464
16.6425	15.5464
16.6559	15.5397
16.6693	15.5397
16.6760	15.5397
16.6826	15.5397
16.6826	15.5263
16.6960	15.5130
16.6960	15.4996
16.6960	15.4929
16.6960	15.4862
16.6960	15.4729
16.6960	15.4662
16.6960	15.4595
16.7027	15.4595
16.7094	15.4595
16.7227	15.4595
16.7495	15.4395
16.7562	15.4328
16.7628	15.4328
16.7762	15.4328
16.7829	15.4328
16.7896	15.4328
16.8029	15.4328
16.8029	15.4194
16.8096	15.4194
16.8163	15.4194
16.8163	15.4127
16.8297	15.3927
16.8364	15.3860
16.8430	15.3793
16.8564	15.3659
16.8564	15.3593
16.8631	15.3593
16.8831	15.3526
16.9233	15.3325
16.9433	15.3258
16.9500	15.3258
16.9634	15.3258
16.9700	15.3258
16.9700	15.3125
16.9901	15.3125
17.0168	15.3125
17.0436	15.3125
17.0502	15.3125
17.0703	15.3058
17.0837	15.3058
17.0970	15.3058
17.1104	15.3058
17.1371	15.3058
17.1639	15.3258
17.1772	15.3258
17.1772	15.3325
17.1906	15.3325
17.2040	15.3325
17.2107	15.3325
17.2307	15.3392
17.2374	15.3392
17.2441	15.3392
17.2708	15.3392
17.2842	15.3392
17.2909	15.3392
17.3176	15.3392
17.3376	15.3325
17.3443	15.3258
17.3510	15.3258
17.3711	15.3125
17.3711	15.3058
17.3777	15.2991
17.3777	15.2857
17.3911	15.2790
17.3978	15.2790
17.4045	15.2790
17.4178	15.2790
17.4245	15.2790
17.4312	15.2790
17.4513	15.2790
17.4713	15.2790
17.4780	15.2790
17.4847	15.2790
17.4981	15.2790
17.5047	15.2790
17.5248	15.2790
17.5248	15.2724
17.5315	15.2456
17.5315	15.2323
17.5315	15.2189
17.5315	15.2055
17.5248	15.2055
17.5114	15.1988
17.5047	15.1922
17.5047	15.1788
17.5047	15.1721
17.5047	15.1654
17.5047	15.1521
17.5047	15.1454
17.5047	15.1387
17.5047	15.1253
17.5047	15.1186
17.5047	15.0986
17.4981	15.0919
17.4981	15.0719
17.4847	15.0652
17.4780	15.0585
17.4780	15.0451
17.4713	15.0451
17.4713	15.0384
17.4580	15.0318
17.4513	15.0184
17.4312	15.0050
17.4245	14.9916
17.4245	14.9783
17.4245	14.9649
17.4178	14.9582
17.4178	14.9515
17.4045	14.9382
17.3978	14.9382
17.3978	14.9248
17.3911	14.8981
17.3911	14.8847
17.3777	14.8847
17.3777	14.8780
17.3777	14.8713
17.3777	14.8580
17.3777	14.8446
17.3777	14.8246
17.3911	14.7978
17.3911	14.7778
17.3978	14.7778
17.4045	14.7711
17.4178	14.7644
17.4245	14.7510
17.4312	14.7510
17.4446	14.7377
17.4580	14.7176
17.4780	14.7109
17.4780	14.6976
17.4847	14.6909
17.4847	14.6842
17.5114	14.6374
17.5315	14.6174
17.5315	14.6107
17.5315	14.6040
17.5315	14.5906
17.5315	14.5839
17.5248	14.5839
17.4847	14.5505
17.4847	14.5372
17.4780	14.5372
17.4713	14.5372
17.4580	14.5305
17.4513	14.5305
17.4446	14.5305
17.4312	14.5305
17.4312	14.5238
17.4312	14.5104
17.4446	14.5037
17.4580	14.4971
17.4580	14.4837
17.4713	14.4770
17.4713	14.4703
17.4780	14.4703
17.4981	14.4503
17.5047	14.4436
17.5114	14.4235
17.5248	14.4168
17.5248	14.4035
17.5315	14.3968
17.5382	14.3901
17.5382	14.3767
17.5515	14.3500
17.5515	14.3433
17.5382	14.3433
17.5315	14.3433
17.5248	14.3433
17.5114	14.3433
17.5114	14.3366
17.5047	14.3366
17.4847	14.3166
17.4780	14.3166
17.4713	14.3099
17.4713	14.2965
17.4513	14.2899
17.4513	14.2698
17.4245	14.2297
17.4178	14.2030
17.4178	14.1896
17.4178	14.1829
17.4045	14.1629
17.4045	14.1562
17.4045	14.1495
17.4045	14.1361
17.3978	14.1361
17.3978	14.1294
17.3978	14.1228
17.3777	14.1027
17.3711	14.1027
17.3711	14.0960
17.3644	14.0827
17.3510	14.0760
17.3443	14.0760
17.3376	14.0693
17.3109	14.0426
17.2975	14.0225
17.2909	14.0225
17.2641	14.0025
17.2441	13.9958
17.2374	13.9958
17.2374	13.9891
17.2107	13.9624
17.2040	13.9490
17.2040	13.9423
17.1906	13.9222
17.1839	13.9156
17.1839	13.9089
17.1839	13.8955
17.1772	13.8888
17.1772	13.8821
17.1772	13.8688
17.1772	13.8554
17.1772	13.8420
17.1772	13.8153
17.1772	13.8086
17.1772	13.8019
17.1772	13.7886
17.1772	13.7819
17.1772	13.7752
17.1772	13.7618
17.1639	13.7485
17.1639	13.7284
17.1572	13.7084
17.1572	13.7017
17.1505	13.7017
17.1505	13.6950
17.1371	13.6950
17.1304	13.6816
17.1238	13.6683
17.1104	13.6683
17.1104	13.6549
17.1037	13.6549
17.0970	13.6415
17.0770	13.6148
17.0703	13.5881
17.0502	13.5613
17.0502	13.5480
17.0502	13.5413
17.0436	13.5346
17.0436	13.5212
17.0302	13.5079
17.0168	13.4678
17.0035	13.4277
16.9968	13.4076
16.9968	13.4009
16.9968	13.3875
16.9968	13.3742
16.9968	13.3608
16.9968	13.3341
16.9968	13.3274
16.9968	13.2940
16.9968	13.2806
16.9968	13.2739
16.9767	13.2672
16.9767	13.2539
16.9700	13.2472
16.9634	13.2405
16.9634	13.2271
16.9433	13.2271
16.9433	13.2205
16.9233	13.1937
16.9099	13.1737
16.8831	13.1402
16.8364	13.1068
16.8297	13.0935
16.8163	13.0935
16.8096	13.0935
16.8029	13.0935
16.7896	13.0935
16.7829	13.0935
16.7762	13.0935
16.7762	13.0868
16.7562	13.0801
16.7361	13.0801
16.7227	13.0801
16.7094	13.0667
16.6960	13.0667
16.6826	13.0600
16.6760	13.0600
16.6559	13.0534
16.6492	13.0400
16.6425	13.0400
16.6425	13.0333
16.6292	13.0333
16.6158	13.0266
16.6024	13.0133
16.5957	13.0066
16.5891	12.9999
16.5757	12.9999
16.5757	12.9865
16.5757	12.9798
16.5757	12.9598
16.5757	12.9531
16.5891	12.9464
16.5891	12.9331
16.5891	12.9197
16.5891	12.8930
16.5891	12.8796
16.5957	12.8662
16.5957	12.8462
16.5957	12.8395
16.5957	12.8261
16.5957	12.8194
16.6024	12.8127
16.6024	12.7994
16.6158	12.7927
16.6225	12.7860
16.6225	12.7660
16.6292	12.7392
16.6425	12.7325
16.6425	12.7125
16.6492	12.6924
16.6492	12.6657
16.6492	12.6390
16.6492	12.6323
16.6492	12.6256
16.6492	12.6122
16.6292	12.5855
16.6024	12.5521
16.5957	12.5320
16.5957	12.5253
16.5690	12.4919
16.5423	12.4652
16.5423	12.4518
16.5356	12.4518
16.5222	12.4518
16.5155	12.4518
16.5089	12.4518
16.4955	12.4518
16.4955	12.4652
16.4821	12.4919
16.4621	12.4986
16.4621	12.5053
16.4554	12.5053
16.4420	12.5187
16.4153	12.5320
16.3886	12.5521
16.3819	12.5721
16.3752	12.5721
16.3484	12.5721
16.3351	12.5721
16.3217	12.5721
16.2749	12.5721
16.1947	12.5721
16.1346	12.5788
16.1212	12.5788
16.0811	12.5721
16.0276	12.5521
16.0143	12.5521
16.0076	12.5521
15.9875	12.5521
15.9808	12.5521
15.9608	12.5521
15.9541	12.5521
15.8940	12.5521
15.8271	12.5521
15.8204	12.5521
15.8137	12.5521
15.8004	12.5521
15.7937	12.5521
15.7937	12.5588
15.7937	12.5721
15.7870	12.5721
15.7670	12.5788
15.7603	12.5855
15.7402	12.6055
15.7135	12.6256
15.7068	12.6323
15.6934	12.6323
15.6801	12.6523
15.6667	12.6590
15.6533	12.6590
15.6400	12.6590
15.6132	12.6590
15.5798	12.6523
15.5598	12.6390
15.5531	12.6390
15.5330	12.6323
15.5263	12.6323
15.5197	12.6323
15.4996	12.6657
15.4929	12.6858
15.4796	12.6858
15.4662	12.6858
15.4528	12.6858
15.4395	12.6858
15.4261	12.6858
15.4194	12.6858
15.4127	12.6924
15.3860	12.7058
15.3593	12.7192
15.3392	12.7392
15.3125	12.7593
15.3058	12.7660
15.2857	12.7726
15.2790	12.7860
15.2657	12.7927
15.2590	12.7994
15.2523	12.8127
15.2523	12.8194
15.2523	12.8261
15.2389	12.8395
15.2389	12.8462
15.2389	12.8528
15.2389	12.8662
15.2323	12.8729
15.2323	12.8796
15.2122	12.9063
15.2055	12.9331
15.1788	12.9732
15.1788	12.9798
15.1721	12.9798
15.1721	12.9999
15.1721	13.0066
15.1721	13.0133
15.1721	13.0266
15.1721	13.0333
15.1721	13.0400
15.1721	13.0534
15.1721	13.0600
15.1721	13.0667
15.1721	13.0801
15.1721	13.0868
15.1587	13.1068
15.1521	13.1135
15.1454	13.1202
15.1320	13.1336
15.1253	13.1402
15.1253	13.1469
15.1186	13.1469
15.1186	13.1603
15.1186	13.1670
15.0986	13.1737
15.0919	13.1937
15.0919	13.2004
15.0919	13.2205
15.0919	13.2271
15.0919	13.2405
15.0919	13.2472
15.0919	13.2539
15.1053	13.2672
15.1186	13.2739
15.1253	13.2940
15.1320	13.2940
15.1320	13.3073
15.1320	13.3207
15.1454	13.3207
15.1454	13.3274
15.1454	13.3474
15.1454	13.3541
15.1454	13.3608
15.1454	13.3742
15.1454	13.3809
15.1320	13.3809
15.1186	13.3809
15.1053	13.3875
15.0986	13.4009
15.0986	13.4076
15.0986	13.4143
15.0919	13.4277
15.0919	13.4343
15.0919	13.4410
15.0919	13.4611
15.0785	13.4811
15.0785	13.5145
15.0785	13.5480
15.0719	13.5747
15.0652	13.5947
15.0652	13.6148
15.0518	13.6749
15.0518	13.6950
15.0451	13.6950
15.0451	13.7084
15.0451	13.7217
15.0451	13.7284
15.0451	13.7351
15.0451	13.7618
15.0451	13.7886
15.0518	13.8019
15.0652	13.8086
15.0785	13.8420
15.1053	13.8821
15.1186	13.8955
15.1253	13.9089
15.1253	13.9156
15.1320	13.9222
15.1320	13.9423
15.1454	13.9490
15.1454	13.9624
15.1521	13.9690
15.1521	13.9757
15.1521	14.0025
15.1454	14.0158
15.1454	14.0225
15.1320	14.0225
15.1253	14.0426
15.1186	14.0426
15.1053	14.0492
15.0986	14.0492
15.0919	14.0492
15.0785	14.0492
15.0652	14.0492
15.0518	14.0492
15.0451	14.0492
15.0384	14.0492
15.0184	14.0492
14.9916	14.0426
14.9850	14.0292
14.9716	14.0292
14.9582	14.0225
14.9449	14.0158
14.9382	14.0025
14.9181	13.9891
14.8914	13.9624
14.8847	13.9624
14.8847	13.9490
14.8780	13.9423
14.8647	13.9423
14.8513	13.9222
14.8312	13.9156
14.8112	13.9089
14.8045	13.8955
14.7978	13.8955
14.7845	13.8955
14.7711	13.8955
14.7577	13.8955
14.7577	13.9089
14.7510	13.9089
14.7310	13.9156
14.7243	13.9156
14.7176	13.9222
14.6976	13.9356
14.6775	13.9423
14.6641	13.9490
14.6508	13.9624
14.6374	13.9690
14.6240	13.9757
14.6107	13.9891
14.5973	13.9958
14.5906	14.0025
14.5839	14.0158
14.5706	14.0225
14.5706	14.0292
14.5572	14.0426
14.5438	14.0559
14.5372	14.0559
14.5305	14.0760
14.5104	14.0827
14.5037	14.0960
14.4904	14.1027
14.4770	14.1094
14.4503	14.1228
14.4235	14.1294
14.4035	14.1294
14.3834	14.1294
14.3567	14.1361
14.3500	14.1361
14.3433	14.1361
14.3166	14.1361
14.2899	14.1294
14.2698	14.1228
14.2364	14.0960
14.2096	14.0760
14.1963	14.0693
14.1896	14.0693
14.1829	14.0559
14.1695	14.0492
14.1562	14.0292
14.1428	14.0225
14.1428	14.0158
14.1428	14.0025
14.1294	13.9891
14.1294	13.9624
14.1294	13.9490
14.1294	13.9423
14.1294	13.9222
14.1294	13.9156
14.1161	13.9089
14.1161	13.8955
14.1161	13.8821
14.1161	13.8621
14.1161	13.8354
14.1161	13.8153
14.1161	13.8086
14.1161	13.8019
14.1161	13.7819
14.1294	13.7752
14.1361	13.7485
14.1428	13.7485
14.1562	13.7284
14.1629	13.7217
14.1695	13.7017
14.1829	13.7017
14.1896	13.6816
14.1963	13.6749
14.2096	13.6683
14.2096	13.6549
14.2163	13.6549
14.2364	13.6282
14.2431	13.6148
14.2631	13.5947
14.2631	13.5881
14.2698	13.5747
14.2698	13.5613
14.2765	13.5613
14.2765	13.5413
14.2899	13.5145
14.2899	13.4878
14.2965	13.4678
14.3032	13.4410
14.3032	13.4343
14.3032	13.4277
14.3032	13.4143
14.3032	13.4009
14.3032	13.3809
14.3032	13.3742
14.3032	13.3608
14.2965	13.3541
14.2899	13.3274
14.2765	13.3207
14.2698	13.3007
14.2631	13.2940
14.2498	13.2806
14.2431	13.2672
14.2364	13.2472
14.2096	13.2205
14.1963	13.2205
14.1963	13.2138
14.1896	13.2138
14.1896	13.2004
14.1695	13.1937
14.1629	13.1737
14.1428	13.1737
14.1428	13.1670
14.1428	13.1603
14.1361	13.1469
14.1361	13.1402
14.1294	13.1402
14.1161	13.1202
14.1094	13.1135
14.1027	13.1068
14.1027	13.0935
14.1027	13.0868
14.1027	13.0667
14.1027	13.0400
14.1027	13.0333
14.1027	13.0266
14.1027	13.0066
14.1094	12.9732
14.1161	12.9598
14.1161	12.9531
14.1294	12.9464
14.1294	12.9331
14.1361	12.9264
14.1361	12.9197
14.1562	12.9197
14.1562	12.8996
14.1629	12.8996
14.1629	12.8930
14.1695	12.8796
14.1695	12.8729
14.1829	12.8662
14.1896	12.8528
14.1896	12.8395
14.1896	12.8261
14.1896	12.8127
14.1829	12.7994
14.1695	12.7860
14.1695	12.7726
14.1629	12.7726
14.1428	12.7392
14.1361	12.7325
14.1294	12.7125
14.1294	12.7058
14.1161	12.6924
14.1094	12.6791
14.1094	12.6657
14.1094	12.6256
14.1094	12.5855
14.1094	12.5788
14.1161	12.5521
14.1361	12.4919
14.1428	12.4652
14.1562	12.4518
14.1562	12.4385
14.1629	12.4385
14.1629	12.4251
14.1896	12.4184
14.2096	12.4117
14.2364	12.3984
14.2431	12.3850
14.2498	12.3850
14.2698	12.3716
14.2765	12.3649
14.2765	12.3583
14.2899	12.3449
14.3032	12.3382
14.3032	12.3315
14.3166	12.3315
14.3166	12.3181
14.3233	12.3181
14.3233	12.3115
14.3300	12.3048
14.3433	12.3048
14.3433	12.2914
14.3433	12.2847
14.3500	12.2780
14.3500	12.2647
14.3500	12.2580
14.3567	12.2313
14.3567	12.2112
14.3567	12.1978
14.3567	12.1845
14.3567	12.1778
14.3567	12.1577
14.3500	12.1511
14.3500	12.1444
14.3433	12.1243
14.3300	12.1176
14.3233	12.1176
14.3233	12.1043
14.3166	12.1043
14.3166	12.0976
14.3032	12.0976
14.3032	12.0909
14.2965	12.0775
14.2965	12.0708
14.2899	12.0708
14.2765	12.0708
14.2698	12.0642
14.2498	12.0508
14.2431	12.0441
14.2364	12.0441
14.2230	12.0441
14.2163	12.0374
14.2096	12.0374
14.1963	12.0374
14.1829	12.0241
14.1829	12.0174
14.1695	12.0174
14.1695	12.0107
14.1629	12.0107
14.1629	11.9973
14.1562	11.9973
14.1428	11.9973
14.1361	11.9840
14.1161	11.9706
14.1094	11.9706
14.1027	11.9706
14.0893	11.9706
14.0827	11.9639
14.0760	11.9639
14.0626	11.9639
14.0492	11.9572
14.0225	11.9439
14.0025	11.9439
14.0025	11.9372
13.9958	11.9372
13.9757	11.9372
13.9690	11.9372
13.9222	11.9171
13.9222	11.9104
13.9222	11.9038
13.8755	11.8503
13.8420	11.8102
13.8354	11.7968
13.8220	11.7968
13.7886	11.7834
13.7418	11.7834
13.7351	11.7834
13.7284	11.7834
13.7084	11.7768
13.7017	11.7768
13.7017	11.7701
13.6749	11.7701
13.6749	11.7567
13.6616	11.7567
13.6348	11.7433
13.6282	11.7233
13.6081	11.7166
13.6081	11.7032
13.6014	11.6899
13.5947	11.6698
13.5947	11.6498
13.5947	11.6431
13.5814	11.6164
13.5814	11.6097
13.5814	11.5963
13.5814	11.5896
13.5814	11.5562
13.5814	11.5161
13.5814	11.5027
13.5814	11.4894
13.5814	11.4559
13.5814	11.4292
13.5814	11.4225
13.5814	11.4092
13.5814	11.4025
13.5747	11.3958
13.5680	11.3757
13.5546	11.3691
13.5413	11.3490
13.5012	11.3156
13.4744	11.2889
13.4477	11.2621
13.4410	11.2421
13.4210	11.2354
13.4210	11.2220
13.4143	11.2220
13.4076	11.2086
13.3875	11.1886
13.3875	11.1819
13.3809	11.1819
13.3675	11.1685
13.3675	11.1552
13.3675	11.1284
13.3675	11.1017
13.3675	11.0883
13.3675	11.0817
13.3675	11.0750
13.3809	11.0549
13.3875	11.0482
13.4076	11.0349
13.4143	11.0282
13.4210	11.0282
13.4343	11.0215
13.4410	11.0081
13.4611	11.0081
13.4611	11.0015
13.4678	11.0015
13.4744	11.0015
13.4945	11.0015
13.5012	10.9948
13.5212	10.9948
13.5279	10.9948
13.5413	10.9948
13.5546	10.9948
13.5680	10.9948
13.5747	10.9948
13.5814	10.9948
13.6014	10.9948
13.6215	10.9948
13.6348	10.9948
13.6482	10.9948
13.6549	10.9948
13.6749	11.0015
13.6816	11.0015
13.6883	11.0015
13.7017	11.0081
13.7084	11.0081
13.7351	11.0215
13.7552	11.0215
13.7618	11.0215
13.7685	11.0215
13.8086	11.0215
13.8153	11.0215
13.8220	11.0215
13.8220	11.0081
13.8354	11.0081
13.8354	11.0015
13.8420	10.9814
13.8487	10.9747
13.8621	10.9680
13.8621	10.9547
13.8621	10.9480
13.8688	10.9413
13.8688	10.9212
13.8755	10.9012
13.8755	10.8878
13.8888	10.8678
13.8955	10.8611
13.8955	10.8477
13.8955	10.8410
13.9022	10.8210
13.9156	10.7943
13.9289	10.7675
13.9423	10.7608
13.9490	10.7608
13.9690	10.7542
13.9757	10.7542
13.9824	10.7542
13.9958	10.7542
14.0025	10.7542
14.0091	10.7542
14.0225	10.7542
14.0292	10.7542
14.0359	10.7408
14.0559	10.7408
14.0626	10.7341
14.0760	10.7274
14.0827	10.7274
14.0893	10.7274
14.1161	10.7140
14.1361	10.7140
14.1428	10.7140
14.1562	10.7274
14.1629	10.7408
14.1695	10.7542
14.1829	10.7542
14.1896	10.7608
14.1896	10.7675
14.1963	10.7809
14.2096	10.7876
14.2163	10.7943
14.2230	10.7943
14.2230	10.8076
14.2431	10.8210
14.2631	10.8344
14.2698	10.8477
14.2765	10.8611
14.3166	10.8878
14.3500	10.8945
14.3500	10.9012
14.3567	10.9012
14.3701	10.9012
14.3834	10.9212
14.4035	10.9279
14.4102	10.9279
14.4235	10.9413
14.4369	10.9413
14.4503	10.9480
14.4636	10.9547
14.4770	10.9547
14.4904	10.9547
14.5104	10.9680
14.5171	10.9680
14.5305	10.9680
14.5438	10.9680
14.5572	10.9680
14.5839	10.9680
14.6508	10.9680
14.7042	10.9547
14.7042	10.9480
14.7243	10.9480
14.7443	10.9480
14.7510	10.9480
14.7577	10.9480
14.7711	10.9480
14.7845	10.9279
14.8112	10.9146
14.8246	10.9146
14.8379	10.9012
14.8580	10.8945
14.8647	10.8945
14.8780	10.8945
14.8847	10.8945
14.8914	10.8945
14.9048	10.8945
14.9114	10.8945
14.9181	10.8945
14.9449	10.8945
15.0117	10.8745
15.0384	10.8611
15.0451	10.8611
15.0518	10.8477
15.0785	10.8410
15.1053	10.8344
15.1253	10.8210
15.1320	10.8143
15.1521	10.8076
15.1788	10.7943
15.1855	10.7876
15.1988	10.7876
15.2055	10.7876
15.2122	10.7809
15.2256	10.7809
15.2323	10.7809
15.2389	10.7809
15.2523	10.7809
15.2590	10.7809
15.2590	10.7876
15.2657	10.7876
15.2790	10.8076
15.2924	10.8143
15.3058	10.8210
15.3192	10.8344
15.3325	10.8477
15.3392	10.8611
15.3459	10.8678
15.3659	10.8878
15.3726	10.8945
15.3994	10.9012
15.4194	10.9413
15.4461	10.9547
15.4461	10.9680
15.4461	10.9747
15.4662	10.9948
15.4662	11.0015
15.4796	11.0081
15.5063	11.0349
15.5330	11.0549
15.5531	11.0616
15.5598	11.0750
15.5731	11.0750
15.5731	11.0817
15.5865	11.0817
15.5999	11.0817
15.6266	11.0817
15.6667	11.0750
15.7068	11.0549
15.7402	11.0282
15.7736	11.0215
15.7870	11.0081
15.7937	11.0081
15.7937	11.0015
15.8004	11.0015
15.8004	10.9948
15.8137	10.9948
15.8137	10.9747
15.8137	10.9680
15.8137	10.9547
15.8137	10.9413
15.8137	10.9279
15.8137	10.9212
15.8137	10.9146
15.8137	10.8945
15.8137	10.8745
15.8137	10.8678
15.8137	10.8611
15.8137	10.8477
15.8137	10.8410
15.8137	10.8210
15.8137	10.8076
15.8137	10.7876
15.8137	10.7675
15.8137	10.7408
15.8137	10.7274
15.8137	10.7074
15.8137	10.7007
15.8204	10.6873
15.8204	10.6806
15.8204	10.6739
15.8271	10.6739
15.8271	10.6606
15.8271	10.6472
15.8204	10.6472
15.8137	10.6472
15.7870	10.6338
15.7603	10.6272
15.7469	10.6205
15.7335	10.6071
15.7202	10.6004
15.7135	10.5937
15.7068	10.5804
15.6934	10.5737
15.6868	10.5670
15.6801	10.5470
15.6667	10.5269
15.6600	10.5135
15.6533	10.4935
15.6533	10.4868
15.6333	10.4734
15.6266	10.4601
15.6066	10.4333
15.6066	10.4133
15.5999	10.3865
15.5798	10.3598
15.5598	10.3331
15.5598	10.3130
15.5464	10.3063
15.5464	10.2796
15.5330	10.2529
15.5263	10.2462
15.5263	10.2195
15.5263	10.1994
15.5197	10.1927
15.5197	10.1793
15.5063	10.1793
15.4996	10.1727
15.4929	10.1660
15.4729	10.1526
15.4662	10.1459
15.4461	10.1392
15.4261	10.1259
15.4261	10.1192
15.4194	10.1192
15.4127	10.1192
15.3994	10.1125
15.3860	10.0991
15.3726	10.0925
15.3659	10.0925
15.3459	10.0925
15.3459	10.0858
15.3192	10.0724
15.3125	10.0657
15.2790	10.0457
15.2657	10.0390
15.2657	10.0323
15.2389	10.0189
15.2323	10.0123
15.2323	10.0056
15.2323	9.9922
15.2256	9.9855
15.2122	9.9655
15.2055	9.9521
15.2055	9.9387
15.1988	9.9387
15.1855	9.9387
15.1721	9.9254
15.1721	9.9120
15.1587	9.9053
15.1521	9.9053
15.1320	9.8853
15.1053	9.8786
15.0986	9.8719
15.0919	9.8719
15.0719	9.8585
15.0652	9.8585
15.0518	9.8585
15.0451	9.8518
15.0384	9.8518
15.0251	9.8452
15.0184	9.8452
15.0184	9.8318
14.9983	9.8318
14.9916	9.8251
14.9916	9.8184
14.9716	9.8051
14.9582	9.7984
14.9449	9.7984
14.9181	9.7917
14.9114	9.7917
14.9048	9.7783
14.8847	9.7716
14.8780	9.7716
14.8513	9.7650
14.8379	9.7650
14.8112	9.7516
14.7711	9.7449
14.7176	9.7382
14.6976	9.7382
14.6976	9.7249
14.6909	9.7249
14.6708	9.7249
14.6441	9.7182
14.6374	9.7182
14.6240	9.7182
14.6240	9.7115
14.6107	9.7115
14.5839	9.6981
14.5639	9.6914
14.5438	9.6914
14.5372	9.6914
14.5372	9.6848
14.5305	9.6848
14.5305	9.6647
14.5104	9.6446
14.5037	9.6313
14.5037	9.6179
14.4904	9.6179
14.4904	9.6112
14.4770	9.6045
14.4636	9.5845
14.4569	9.5778
14.4369	9.5511
14.4302	9.5511
14.4302	9.5377
14.4235	9.5377
14.3968	9.5043
14.3767	9.4709
14.3567	9.4441
14.3500	9.4241
14.3500	9.4040
14.3500	9.3974
14.3500	9.3706
14.3433	9.3439
14.3433	9.3171
14.3433	9.3105
14.3433	9.2971
14.3433	9.2837
14.3433	9.2704
14.3433	9.2637
14.3433	9.2436
14.3567	9.2369
14.3767	9.2102
14.3968	9.2035
14.4102	9.2035
14.4102	9.1902
14.4302	9.1835
14.4369	9.1835
14.4503	9.1835
14.4503	9.1768
14.4569	9.1768
14.4636	9.1768
14.4770	9.1768
14.4904	9.1768
14.5037	9.1768
14.5104	9.1768
14.5305	9.1768
14.5438	9.1768
14.5572	9.1768
14.5639	9.1768
14.5706	9.1768
14.5906	9.1768
14.6107	9.1768
14.6174	9.1768
14.6374	9.1768
14.6508	9.1768
14.6508	9.1835
14.6708	9.1835
14.6909	9.1902
14.7042	9.1902
14.7243	9.2035
14.7443	9.2035
14.7510	9.2102
14.7577	9.2102
14.7778	9.2102
14.7978	9.2102
14.8045	9.2169
14.8112	9.2169
14.8246	9.2169
14.8379	9.2169
14.8580	9.2169
14.8647	9.2169
14.8847	9.2169
14.9048	9.2169
14.9114	9.2169
14.9181	9.2169
14.9315	9.2169
14.9382	9.2169
14.9449	9.2169
14.9582	9.2169
14.9850	9.2169
15.0117	9.2169
15.0184	9.2169
15.0518	9.2169
15.0919	9.2303
15.1186	9.2303
15.1186	9.2369
15.1320	9.2369
15.1454	9.2436
15.1521	9.2570
15.1721	9.2637
15.1721	9.2570
15.1788	9.2570
15.1788	9.2436
15.1855	9.2369
15.1855	9.2169
15.1855	9.2102
15.1855	9.2035
15.1855	9.1902
15.1855	9.1835
15.1788	9.1768
15.1587	9.1634
15.1454	9.1634
15.1320	9.1567
15.1186	9.1501
15.0785	9.1367
15.0785	9.1300
15.0719	9.1300
15.0719	9.1099
15.0719	9.1033
15.0719	9.0966
15.0719	9.0765
15.0785	9.0698
15.0785	9.0565
15.1053	9.0231
15.1253	8.9963
15.1253	8.9896
15.1454	8.9763
15.1521	8.9696
15.1521	8.9629
15.1521	8.9495
15.1587	8.9429
15.1721	8.9161
15.1855	8.8894
15.1988	8.8827
15.2055	8.8827
15.2122	8.8827
15.2256	8.8693
15.2323	8.8627
15.2389	8.8627
15.2523	8.8560
15.2590	8.8560
15.2657	8.8426
15.2790	8.8426
15.2857	8.8426
15.3058	8.8359
15.3125	8.8359
15.3192	8.8359
15.3392	8.8359
15.3459	8.8359
15.3593	8.8359
15.3726	8.8426
15.3860	8.8426
15.3927	8.8560
15.3927	8.8627
15.3994	8.8627
15.4127	8.8693
15.4194	8.8827
15.4461	8.8894
15.4528	8.8894
15.4528	8.8961
15.4796	8.8961
15.4796	8.9094
15.4929	8.9094
15.4996	8.9094
15.5263	8.9161
15.5330	8.9161
15.5330	8.9228
15.5330	8.9362
15.5330	8.9429
15.5464	8.9696
15.5464	8.9763
15.5464	8.9896
15.5531	9.0030
15.5531	9.0297
15.5531	9.0431
15.5531	9.0498
15.5598	9.0565
15.5731	9.0698
15.5798	9.0698
15.5798	9.0765
15.5865	9.0765
15.5999	9.0765
15.6066	9.0698
15.6266	9.0498
15.6400	9.0297
15.6667	9.0164
15.6801	8.9963
15.6801	8.9896
15.6868	8.9696
15.6868	8.9629
15.6934	8.9629
15.7068	8.9495
15.7135	8.9429
15.7135	8.9362
15.7135	8.9228
15.7202	8.9161
15.7335	8.9161
15.7469	8.9161
15.7603	8.9161
15.7736	8.9161
15.7870	8.9161
15.7870	8.9094
15.8137	8.8961
15.8204	8.8894
15.8204	8.8827
15.8405	8.8827
15.8405	8.8693
15.8472	8.8693
15.8672	8.8693
15.8739	8.8693
15.9073	8.8560
15.9341	8.8426
15.9541	8.8359
15.9608	8.8359
15.9742	8.8359
15.9808	8.8359
16.0009	8.8359
16.0143	8.8359
16.0343	8.8359
16.0410	8.8359
16.0544	8.8426
16.0610	8.8426
16.0811	8.8560
16.0878	8.8627
16.1078	8.8627
16.1145	8.8693
16.1212	8.8693
16.1212	8.8827
16.1346	8.8827
16.1346	8.8894
16.1479	8.9161
16.1613	8.9362
16.1613	8.9429
16.1613	8.9495
16.1613	8.9629
16.1613	8.9763
16.1613	8.9896
16.1613	9.0030
16.1613	9.0164
16.1613	9.0231
16.1613	9.0297
16.1479	9.0498
16.1479	9.0565
16.1479	9.0698
16.1346	9.0832
16.1346	9.0966
16.1212	9.0966
16.1212	9.1033
16.1145	9.1033
16.1145	9.1233
16.1145	9.1300
16.1145	9.1367
16.1145	9.1501
16.1212	9.1567
16.1346	9.1567
16.1413	9.1634
16.1413	9.1768
16.1479	9.1768
16.1479	9.1835
16.1613	9.2035
16.1613	9.2102
16.1613	9.2303
16.1613	9.2369
16.1613	9.2436
16.1613	9.2637
16.1479	9.2704
16.1479	9.2837
16.1413	9.2904
16.1346	9.2971
16.1346	9.3105
16.1145	9.3171
16.1078	9.3171
16.0945	9.3238
16.0878	9.3238
16.0878	9.3372
16.0811	9.3372
16.0677	9.3439
16.0610	9.3506
16.0544	9.3639
16.0343	9.3773
16.0276	9.3907
16.0143	9.3907
16.0143	9.3974
15.9875	9.4174
15.9808	9.4174
15.9808	9.4241
15.9608	9.4308
15.9608	9.4441
15.9541	9.4441
15.9341	9.4709
15.9207	9.4842
15.9073	9.4842
15.9073	9.4976
15.9207	9.4976
15.9207	9.5043
15.9274	9.5043
15.9341	9.5043
15.9474	9.5043
15.9541	9.5043
15.9608	9.5043
15.9742	9.5043
15.9808	9.5043
15.9875	9.5043
16.0009	9.5043
16.0076	9.5043
16.0143	9.5043
16.0343	9.5043
16.0410	9.4976
16.0544	9.4976
16.0610	9.4976
16.0811	9.4842
16.0811	9.4776
16.0878	9.4776
16.0945	9.4776
16.1078	9.4709
16.1145	9.4709
16.1346	9.4575
16.1479	9.4575
16.1747	9.4575
16.1747	9.4508
16.1880	9.4508
16.1947	9.4508
16.2215	9.4508
16.2482	9.4508
16.2549	9.4508
16.2816	9.4508
16.3217	9.4575
16.3351	9.4776
16.3484	9.4842
16.3551	9.4842
16.3752	9.4976
16.3752	9.5043
16.4019	9.5243
16.4019	9.5310
16.4086	9.5377
16.4086	9.5644
16.4153	9.5845
16.4153	9.5912
16.4153	9.6045
16.4353	9.6179
16.4353	9.6380
16.4353	9.6446
16.4353	9.6580
16.4353	9.6647
16.4353	9.6714
16.4353	9.6914
16.4420	9.7182
16.4554	9.7449
16.4554	9.7516
16.4554	9.7650
16.4621	9.7783
16.4688	9.7917
16.4821	9.7917
16.4821	9.7984
16.5089	9.8251
16.5356	9.8719
16.5623	9.8986
16.5623	9.9053
16.5623	9.9120
16.5623	9.9254
16.5623	9.9387
16.5623	9.9521
16.5623	9.9588
16.5690	9.9788
16.5757	9.9855
16.5957	9.9922
16.6024	9.9922
16.6024	10.0056
16.6225	10.0123
16.6292	10.0123
16.6425	10.0123
16.6492	10.0123
16.6559	10.0123
16.6693	10.0123
16.6760	10.0123
16.6960	10.0189
16.7094	10.0189
16.7294	10.0189
16.7361	10.0189
16.7495	10.0189
16.7562	10.0189
16.7628	10.0189
16.7762	10.0189
16.7829	10.0189
16.7896	10.0189
16.8096	10.0189
16.8163	10.0189
16.8364	10.0189
16.8698	10.0189
16.9099	10.0189
16.9166	10.0189
16.9233	10.0189
16.9366	10.0189
16.9433	10.0189
16.9700	10.0390
16.9968	10.0590
17.0302	10.0724
17.0436	10.0724
17.0502	10.0858
17.0703	10.0991
17.0970	10.1192
17.1104	10.1259
17.1238	10.1392
17.1371	10.1392
17.1505	10.1459
17.1772	10.1459
17.2040	10.1459
17.2107	10.1459
17.2173	10.1459
17.2307	10.1459
17.2441	10.1459
17.2641	10.1459
17.2975	10.1526
17.3243	10.1526
17.3376	10.1660
17.3510	10.1660
17.3711	10.1727
17.3978	10.1927
17.4245	10.2061
17.4312	10.2261
17.4446	10.2261
17.4513	10.2261
17.4780	10.2261
17.4981	10.2261
17.5047	10.2261
17.5248	10.2195
17.5248	10.2061
17.5315	10.2061
17.5382	10.1927
17.5515	10.1793
17.5515	10.1727
17.5582	10.1526
17.5783	10.1459
17.5783	10.1392
17.5783	10.1259
17.5783	10.1192
17.5783	10.0991
17.5783	10.0925
17.5783	10.0657
17.5649	10.0590
17.5649	10.0390
17.5582	10.0123
17.5582	9.9922
17.5515	9.9855
17.5515	9.9588
17.5515	9.9387
17.5515	9.9254
17.5515	9.9053
17.5515	9.8853
17.5515	9.8719
17.5582	9.8452
17.5582	9.8251
17.5649	9.8184
17.5783	9.7984
17.5849	9.7917
17.5849	9.7783
17.5916	9.7650
17.6117	9.7382
17.6117	9.7249
17.6184	9.7182
17.6317	9.6981
17.6317	9.6848
17.6317	9.6647
17.6317	9.6580
17.6184	9.6313
17.6050	9.6112
17.5916	9.5912
17.5783	9.5845
17.5582	9.5644
17.5382	9.5511
17.5248	9.5310
17.5114	9.5110
17.5114	9.5043
17.5114	9.4976
17.5114	9.4776
17.5047	9.4508
17.5047	9.4308
17.5047	9.4241
17.5047	9.4174
17.5047	9.3974
17.5047	9.3907
17.5114	9.3639
17.5248	9.3372
17.5315	9.3171
17.5382	9.3171
17.5382	9.3105
17.5515	9.3105
17.5582	9.2904
17.5783	9.2704
17.5849	9.2637
17.5916	9.2436
17.6184	9.2169
17.6317	9.2102
17.6384	9.2035
17.6451	9.2035
17.6585	9.1835
17.6718	9.1768
17.6919	9.1634
17.7119	9.1634
17.7119	9.1567
17.7387	9.1367
17.7520	9.1300
17.7654	9.1099
17.7721	9.1099
17.7788	9.1033
17.7788	9.0966
17.7921	9.0966
17.7988	9.0966
17.7988	9.0832
17.7988	9.0765
17.8055	9.0765
17.8189	9.0565
17.8523	9.0431
17.8523	9.0297
17.8590	9.0297
17.8790	9.0297
17.8857	9.0297
17.8991	9.0297
17.9058	9.0297
17.9258	9.0297
17.9392	9.0231
17.9525	9.0231
17.9592	9.0231
17.9793	9.0164
18.0060	9.0164
18.0127	8.9963
18.0328	8.9963
18.0595	8.9896
18.0662	8.9896
18.0929	8.9763
18.1130	8.9629
18.1397	8.9495
18.1664	8.9228
18.1798	8.9228
18.1798	8.9161
18.1932	8.9094
18.1998	8.9094
18.1998	8.8961
18.1998	8.8827
18.2065	8.8827
18.2065	8.8693
18.2065	8.8627
18.2065	8.8560
18.2065	8.8426
18.2065	8.8359
18.2065	8.8292
18.2065	8.8159
18.2199	8.8092
18.2266	8.8025
18.2266	8.7891
18.2333	8.7824
18.2333	8.7758
18.2466	8.7758
18.2466	8.7624
18.2600	8.7557
18.2801	8.7290
18.2867	8.7223
18.3001	8.7223
18.3068	8.7223
18.3135	8.7223
18.3268	8.7223
18.3335	8.7223
18.3536	8.7022
18.3603	8.6956
18.3669	8.6822
18.3870	8.6688
18.3937	8.6488
18.4070	8.6287
18.4070	8.6220
18.4070	8.6154
18.4070	8.5953
18.3937	8.5886
18.3803	8.5752
18.3669	8.5619
18.3603	8.5485
18.3603	8.5418
18.3536	8.5218
18.3536	8.5084
18.3402	8.4884
18.3402	8.4817
18.3402	8.4683
18.3402	8.4616
18.3402	8.4549
18.3536	8.4416
18.3603	8.4282
18.3603	8.4082
18.3669	8.3881
18.3803	8.3881
18.3937	8.3814
18.3937	8.3747
18.4070	8.3747
18.4137	8.3614
18.4338	8.3614
18.4405	8.3480
18.4471	8.3346
18.4605	8.3346
18.4672	8.3280
18.4739	8.3213
18.4872	8.3213
18.5006	8.2945
18.5140	8.2745
18.5207	8.2678
18.5274	8.2678
18.5407	8.2544
18.5407	8.2477
18.5474	8.2411
18.5541	8.2277
18.5675	8.2277
18.5741	8.2210
18.5808	8.2210
18.6009	8.2010
18.6076	8.2010
18.6209	8.2010
18.6276	8.1943
18.6477	8.1943
18.6543	8.1876
18.6610	8.1876
18.6744	8.1876
18.6811	8.1876
18.6878	8.1876
18.7011	8.1876
18.7078	8.1876
18.7145	8.1876
18.7412	8.2010
18.7546	8.2143
18.7613	8.2143
18.7613	8.2210
18.7680	8.2210
18.7880	8.2477
18.7947	8.2544
18.7947	8.2678
18.8148	8.2812
18.8348	8.3012
18.8348	8.3079
18.8482	8.3280
18.8482	8.3480
18.8615	8.3547
18.8615	8.3614
18.8615	8.3747
18.8682	8.3881
18.8682	8.4082
18.8682	8.4148
18.8749	8.4282
18.8749	8.4349
18.8883	8.4349
18.8950	8.4416
18.9016	8.4549
18.9150	8.4549
18.9284	8.4549
18.9417	8.4549
18.9484	8.4549
18.9551	8.4549
18.9685	8.4549
18.9752	8.4549
18.9818	8.4549
18.9952	8.4616
19.0086	8.4616
19.0219	8.4616
19.0286	8.4616
19.0353	8.4616
19.0554	8.4683
19.0754	8.4683
19.0821	8.4683
19.0821	8.4817
19.0888	8.4817
19.1022	8.4950
19.1088	8.4950
19.1088	8.5084
19.1289	8.5351
19.1356	8.5418
19.1356	8.5485
19.1423	8.5619
19.1423	8.5752
19.1556	8.5752
19.1556	8.5886
19.1623	8.6020
19.1623	8.6154
19.1623	8.6220
19.1623	8.6421
19.1623	8.6488
19.1623	8.6555
19.1556	8.6755
19.1423	8.6956
19.1423	8.7022
19.1356	8.7089
19.1289	8.7223
19.1155	8.7357
19.1088	8.7490
19.1022	8.7557
19.1022	8.7624
19.0888	8.7624
19.0888	8.7758
19.0888	8.7824
19.0888	8.7891
19.0821	8.7891
19.0821	8.8025
19.0821	8.8092
19.0754	8.8092
19.0754	8.8159
19.0754	8.8292
19.0754	8.8359
19.0754	8.8426
19.0754	8.8560
19.0754	8.8627
19.0754	8.8693
19.0821	8.8693
19.0821	8.8827
19.0821	8.9094
19.0821	8.9161
19.0888	8.9362
19.0888	8.9429
19.0888	8.9495
19.0888	8.9629
19.0888	8.9696
19.0754	8.9696
19.0621	8.9696
19.0621	8.9763
19.0554	8.9763
19.0487	8.9763
19.0353	8.9896
19.0286	9.0030
19.0219	9.0030
19.0219	9.0164
19.0086	9.0231
19.0019	9.0431
18.9952	9.0565
18.9952	9.0698
18.9952	9.0765
18.9952	9.0832
18.9952	9.0966
18.9952	9.1033
18.9952	9.1233
19.0019	9.1300
19.0086	9.1367
19.0219	9.1567
19.0219	9.1634
19.0286	9.1768
19.0487	9.1835
19.0554	9.1902
19.0621	9.2169
19.0621	9.2369
19.0621	9.2436
19.0621	9.2570
19.0754	9.2704
19.0754	9.2904
19.0821	9.2971
19.0821	9.3105
19.1022	9.3171
19.1155	9.3372
19.1356	9.3506
19.1356	9.3639
19.1423	9.3639
19.1556	9.3639
19.1623	9.3639
19.1824	9.3706
19.1890	9.3706
19.2091	9.3773
19.2158	9.3907
19.2225	9.3907
19.2425	9.3974
19.2626	9.4040
19.2692	9.4174
19.2692	9.4241
19.2893	9.4308
19.3027	9.4308
19.3027	9.4508
19.3227	9.4575
19.3428	9.4776
19.3428	9.4842
19.3495	9.4976
19.3561	9.5043
19.3561	9.5110
19.3762	9.5310
19.3829	9.5578
19.3962	9.5644
19.4029	9.5845
19.4230	9.5912
19.4297	9.6045
19.4564	9.6313
19.4764	9.6446
19.4831	9.6446
19.4898	9.6580
19.4898	9.6647
19.5099	9.6714
19.5165	9.6848
19.5366	9.6914
19.5366	9.6981
19.5433	9.7115
19.5566	9.7182
19.5633	9.7249
19.5633	9.7382
19.5633	9.7516
19.5633	9.7650
19.5633	9.7783
19.5566	9.7917
19.5433	9.7917
19.5366	9.7984
19.5366	9.8051
19.5299	9.8184
19.5165	9.8251
19.5165	9.8452
19.5165	9.8585
19.5165	9.8719
19.5165	9.8786
19.5165	9.8853
19.5165	9.8986
19.5165	9.9120
19.5165	9.9321
19.5099	9.9321
19.5099	9.9387
19.5032	9.9521
19.4831	9.9655
19.4764	9.9788
19.4764	9.9855
19.4631	9.9855
19.4497	10.0056
19.4363	10.0123
19.4363	10.0323
19.4297	10.0390
19.4297	10.0457
19.4297	10.0590
19.4230	10.0657
19.4230	10.0724
19.4230	10.0858
19.4096	10.0858
19.4096	10.0925
19.3962	10.1192
19.3829	10.1459
19.3762	10.1660
19.3695	10.1660
19.3695	10.1727
19.3561	10.1727
19.3495	10.1793
19.3294	10.1994
19.3160	10.2061
19.3160	10.2195
19.3160	10.2261
19.2960	10.2261
19.2893	10.2328
19.2759	10.2462
19.2759	10.2529
19.2626	10.2729
19.2492	10.2796
19.2492	10.2863
19.2492	10.2997
19.2425	10.2997
19.2425	10.3063
19.2225	10.3130
19.2158	10.3130
19.2158	10.3264
19.2091	10.3331
19.1890	10.3398
19.1824	10.3531
19.1623	10.3665
19.1423	10.3865
19.1356	10.3932
19.1289	10.4133
19.1088	10.4333
19.1022	10.4333
19.0888	10.4400
19.0821	10.4467
19.0754	10.4668
19.0621	10.4668
19.0554	10.4868
19.0487	10.4868
19.0353	10.4935
19.0086	10.5002
18.9818	10.5269
18.9685	10.5403
18.9551	10.5403
18.9484	10.5536
18.9417	10.5536
18.9284	10.5536
18.9217	10.5670
18.9150	10.5737
18.9016	10.5804
18.8749	10.6071
18.8615	10.6272
18.8482	10.6272
18.8415	10.6338
18.8348	10.6338
18.8214	10.6472
18.7947	10.6739
18.7880	10.6806
18.7880	10.6873
18.7947	10.7007
18.7947	10.7074
18.7947	10.7140
18.7947	10.7274
18.7947	10.7341
18.8081	10.7408
18.8081	10.7542
18.8148	10.7608
18.8214	10.7876
18.8348	10.8076
18.8415	10.8143
18.8482	10.8143
18.8482	10.8210
18.8682	10.8344
18.8682	10.8410
18.8749	10.8477
18.8883	10.8878
18.9016	10.9012
18.9016	10.9212
18.9150	10.9480
18.9150	10.9680
18.9150	10.9747
18.9217	10.9747
18.9217	10.9948
18.9217	11.0081
18.9217	11.0215
18.9284	11.0215
18.9484	11.0349
18.9551	11.0482
18.9752	11.0549
18.9818	11.0750
18.9952	11.0750
18.9952	11.0817
19.0019	11.0817
19.0086	11.1017
19.0219	11.1084
19.0219	11.1151
19.0286	11.1284
19.0353	11.1619
19.0554	11.2086
19.0554	11.2153
19.0621	11.2153
19.0754	11.2153
19.0821	11.2153
19.0888	11.2153
19.1022	11.2153
19.1088	11.2153
19.1155	11.2153
19.1356	11.2220
19.1423	11.2220
19.1556	11.2220
19.1623	11.2354
19.1690	11.2354
19.1824	11.2354
19.1890	11.2354
19.2158	11.2487
19.2626	11.2889
19.2960	11.2955
19.3027	11.3022
19.3160	11.3022
19.3294	11.3223
19.3294	11.3290
19.3428	11.3290
19.3495	11.3290
19.3762	11.3423
19.3829	11.3490
19.3962	11.3557
19.4297	11.3691
19.4898	11.3757
19.5032	11.3757
19.5099	11.3757
19.5165	11.3757
19.5299	11.3824
19.6168	11.4359
19.6903	11.4760
19.6903	11.4827
19.6970	11.4827
19.7037	11.5027
19.7171	11.5161
19.7304	11.5362
19.7304	11.5428
19.7505	11.5562
19.7505	11.5629
19.7705	11.5896
19.7839	11.6230
19.8039	11.6631
19.8039	11.6698
19.8106	11.6698
19.8106	11.6899
19.8106	11.6966
19.8106	11.7300
19.8240	11.7701
19.8307	11.7834
19.8307	11.7968
19.8307	11.8035
19.8507	11.8035
19.8507	11.8102
19.8641	11.8369
19.8842	11.8770
19.8908	11.9038
19.9042	11.9171
19.9109	11.9171
19.9176	11.9372
19.9309	11.9439
19.9376	11.9439
19.9443	11.9572
19.9577	11.9706
19.9644	11.9906
19.9710	11.9973
19.9911	12.0174
19.9978	12.0374
19.9978	12.0441
20.0111	12.0508
20.0178	12.0508
20.0379	12.0708
20.0646	12.1043
20.0713	12.1243
20.0713	12.1444
20.0913	12.1511
20.0980	12.1711
20.0980	12.1778
20.1047	12.2045
20.1181	12.2112
20.1248	12.2379
20.1515	12.2847
20.1782	12.3315
20.1983	12.3583
20.2050	12.3583
20.2117	12.3649
20.2117	12.3583
20.2117	12.3181
20.2317	12.2780
20.2518	12.2513
20.2584	12.2246
20.2651	12.2246
20.2785	12.2246
20.2852	12.2246
20.3052	12.2246
20.3186	12.2246
20.3320	12.2246
20.3386	12.2246
20.3453	12.2246
20.3587	12.2246
20.3654	12.2246
20.3721	12.2379
20.4189	12.2580
20.4523	12.2847
20.4723	12.2914
20.4790	12.2914
20.4924	12.2914
20.5057	12.3115
20.5191	12.3115
20.5592	12.3315
20.6795	12.3649
20.6862	12.3649
20.7865	12.3917
20.7998	12.3917
20.8132	12.3917
20.8199	12.3917
20.8266	12.3917
20.8733	12.3917
20.8800	12.3984
20.8934	12.3984
20.8934	12.4117
20.8934	12.4184
20.9001	12.4251
20.9068	12.4251
20.9068	12.4451
20.9068	12.4652
20.9068	12.4719
20.9068	12.4786
20.9068	12.4986
20.9068	12.5053
20.9068	12.5187
20.9068	12.5253
20.8934	12.5320
20.8733	12.5521
20.8667	12.5721
20.8533	12.5788
20.8466	12.5855
20.8466	12.5989
20.8266	12.6122
20.8199	12.6323
20.8132	12.6523
20.7998	12.6523
20.7998	12.6590
20.7931	12.6657
20.7865	12.6791
20.7731	12.6924
20.7597	12.7192
20.7464	12.7325
20.7196	12.7459
20.7063	12.7593
20.6862	12.7726
20.6662	12.7726
20.6595	12.7726
20.6394	12.7860
20.6260	12.7860
20.6060	12.7860
20.5993	12.7860
20.5859	12.7927
20.5726	12.7927
20.5525	12.7927
20.5258	12.7927
20.5191	12.7994
20.5057	12.7994
20.4991	12.7994
20.4924	12.8127
20.4790	12.8194
20.4523	12.8462
20.4389	12.8729
20.4189	12.8796
20.4189	12.8996
20.4122	12.9197
20.4122	12.9264
20.4122	12.9331
20.3988	12.9464
20.3921	12.9464
20.3654	12.9464
20.3587	12.9531
20.3587	12.9598
20.3654	12.9798
20.3721	12.9999
20.3854	12.9999
20.3921	13.0066
20.4122	13.0066
20.4189	13.0066
20.4389	13.0066
20.4456	13.0066
20.4523	13.0066
20.4723	13.0066
20.4790	13.0133
20.4924	13.0133
20.5057	13.0266
20.5191	13.0333
20.5191	13.0400
20.5258	13.0600
20.5458	13.0801
20.5458	13.0935
20.5458	13.1068
20.5458	13.1202
20.5458	13.1402
20.5525	13.1603
20.5525	13.1670
20.5592	13.1737
20.5726	13.1737
20.5793	13.1737
20.5859	13.1870
20.5859	13.1937
20.5993	13.2405
20.6127	13.2806
20.6127	13.3073
20.6260	13.3073
20.6260	13.3207
20.6260	13.3274
20.6260	13.3341
20.6127	13.3541
20.6060	13.3809
20.6060	13.3875
20.6060	13.4009
20.6127	13.4009
20.6260	13.4009
20.6327	13.4009
20.6394	13.4009
20.6327	13.4009
20.6260	13.4143
20.6060	13.4343
20.6060	13.4410
20.5993	13.4410
20.5993	13.4544
20.5859	13.4544
20.5726	13.4544
20.5592	13.4544
20.5325	13.4611
20.4991	13.4611
20.4790	13.4611
20.4656	13.4611
20.4523	13.4611
20.4456	13.4611
20.4456	13.4678
20.4456	13.4945
20.4456	13.5212
20.4456	13.5613
20.4456	13.5680
20.4456	13.5747
20.4523	13.5747
20.4656	13.5747
20.4924	13.6014
20.5057	13.6148
20.5057	13.6215
20.5191	13.6282
20.5191	13.6415
20.5258	13.6482
20.5258	13.6816
20.5458	13.7217
20.5525	13.7351
20.5525	13.7485
20.5525	13.7552
20.5525	13.7618
20.5525	13.7819
20.5525	13.8019
20.5525	13.8420
20.5525	13.8888
20.5525	13.8955
20.5525	13.9089
20.5525	13.9156
20.5592	13.9156
20.5592	13.9222
20.5592	13.9423
20.5592	13.9690
20.5726	13.9757
20.5793	13.9757
20.5793	14.0025
20.5793	14.0158
20.5859	14.0158
20.5859	14.0225
20.5993	14.0225
20.5993	14.0292
20.5993	14.0426
20.5993	14.0492
20.6060	14.0492
20.6060	14.0559
20.6127	14.0559
20.6260	14.0559
20.6327	14.0693
20.6260	14.0693
20.6127	14.0559
