23.5444	12.4432
23.5444	12.4357
23.5370	12.4357
23.5370	12.4283
23.5370	12.4208
23.5295	12.4208
23.5221	12.4134
23.5221	12.4059
23.5146	12.4059
23.5071	12.4059
23.4997	12.4059
23.4997	12.3985
23.4922	12.3985
23.4922	12.3910
23.4848	12.3910
23.4773	12.3910
23.4699	12.3910
23.4624	12.3910
23.4624	12.3985
23.4550	12.3985
23.4475	12.3985
23.4400	12.3985
23.4400	12.4059
23.4326	12.4059
23.4251	12.4059
23.4251	12.4134
23.4177	12.4134
23.4102	12.4134
23.4102	12.4208
23.4028	12.4208
23.4028	12.4283
23.3953	12.4283
23.3879	12.4283
23.3804	12.4283
23.3804	12.4357
23.3729	12.4357
23.3655	12.4432
23.3580	12.4432
23.3580	12.4507
23.3506	12.4507
23.3506	12.4581
23.3431	12.4581
23.3431	12.4656
23.3357	12.4656
23.3282	12.4656
23.3282	12.4730
23.3208	12.4730
23.3208	12.4805
23.3133	12.4805
23.3058	12.4805
23.3058	12.4879
23.2984	12.4879
23.2984	12.4954
23.2909	12.4954
23.2909	12.5028
23.2835	12.5028
23.2835	12.5103
23.2760	12.5103
23.2760	12.5178
23.2686	12.5178
23.2686	12.5252
23.2611	12.5252
23.2611	12.5327
23.2537	12.5327
23.2537	12.5401
23.2462	12.5401
23.2462	12.5476
23.2462	12.5550
23.2387	12.5550
23.2387	12.5625
23.2313	12.5625
23.2313	12.5699
23.2238	12.5699
23.2238	12.5774
23.2238	12.5849
23.2164	12.5849
23.2164	12.5923
23.2089	12.5923
23.2015	12.5998
23.1940	12.5998
23.1940	12.6072
23.1940	12.6147
23.1866	12.6147
23.1866	12.6221
23.1791	12.6221
23.1791	12.6296
23.1716	12.6296
23.1716	12.6370
23.1642	12.6445
23.1567	12.6520
23.1567	12.6594
23.1493	12.6594
23.1493	12.6669
23.1418	12.6669
23.1418	12.6743
23.1418	12.6818
23.1344	12.6818
23.1344	12.6892
23.1344	12.6967
23.1344	12.7041
23.1269	12.7041
23.1269	12.7116
23.1269	12.7191
23.1195	12.7191
23.1195	12.7265
23.1195	12.7340
23.1195	12.7414
23.1195	12.7489
23.1195	12.7563
23.1195	12.7638
23.1195	12.7712
23.1195	12.7787
23.1195	12.7862
23.1195	12.7936
23.1195	12.8011
23.1195	12.8085
23.1195	12.8160
23.1195	12.8234
23.1195	12.8309
23.1195	12.8383
23.1195	12.8458
23.1120	12.8458
23.1120	12.8533
23.1120	12.8607
23.1045	12.8682
23.1045	12.8756
23.0971	12.8756
23.0971	12.8831
23.0971	12.8905
23.0896	12.8905
23.0896	12.8980
23.0896	12.9054
23.0822	12.9054
23.0822	12.9129
23.0747	12.9129
23.0747	12.9204
23.0673	12.9204
23.0673	12.9278
23.0673	12.9353
23.0598	12.9353
23.0598	12.9427
23.0524	12.9427
23.0524	12.9502
23.0449	12.9502
23.0449	12.9576
23.0375	12.9576
23.0375	12.9651
23.0300	12.9651
23.0300	12.9725
23.0300	12.9800
23.0225	12.9800
23.0151	12.9800
23.0151	12.9875
23.0076	12.9875
23.0002	12.9949
22.9927	12.9949
22.9927	13.0024
22.9853	13.0024
22.9778	13.0024
22.9778	13.0098
22.9704	13.0098
22.9704	13.0173
22.9629	13.0173
22.9554	13.0173
22.9554	13.0247
22.9480	13.0247
22.9405	13.0247
22.9331	13.0247
22.9331	13.0322
22.9256	13.0322
22.9182	13.0322
22.9107	13.0322
22.9107	13.0396
22.9033	13.0396
22.8958	13.0396
22.8883	13.0396
22.8809	13.0396
22.8809	13.0471
22.8734	13.0471
22.8660	13.0471
22.8585	13.0471
22.8511	13.0471
22.8436	13.0471
22.8436	13.0546
22.8362	13.0546
22.8287	13.0546
22.8212	13.0546
22.8138	13.0546
22.8063	13.0546
22.7989	13.0546
22.7914	13.0546
22.7840	13.0546
22.7840	13.0620
22.7765	13.0620
22.7691	13.0620
22.7616	13.0620
22.7541	13.0620
22.7467	13.0620
22.7467	13.0695
22.7392	13.0695
22.7392	13.0769
22.7318	13.0769
22.7318	13.0844
22.7243	13.0844
22.7169	13.0918
22.7094	13.0918
22.7020	13.0993
22.7020	13.1067
22.6945	13.1067
22.6870	13.1142
22.6796	13.1142
22.6721	13.1142
22.6721	13.1217
22.6647	13.1217
22.6647	13.1291
22.6572	13.1291
22.6498	13.1291
22.6498	13.1366
22.6423	13.1366
22.6423	13.1440
22.6349	13.1440
22.6274	13.1515
22.6199	13.1515
22.6125	13.1515
22.6125	13.1589
22.6125	13.1664
22.6050	13.1664
22.5976	13.1664
22.5976	13.1738
22.5901	13.1738
22.5827	13.1738
22.5827	13.1813
22.5752	13.1813
22.5752	13.1888
22.5678	13.1888
22.5678	13.1962
22.5603	13.1962
22.5528	13.1962
22.5528	13.2037
22.5454	13.2037
22.5454	13.2111
22.5379	13.2111
22.5379	13.2186
22.5305	13.2260
22.5230	13.2260
22.5156	13.2260
22.5156	13.2335
22.5081	13.2335
22.5081	13.2409
22.5007	13.2409
22.4932	13.2409
22.4932	13.2484
22.4857	13.2484
22.4857	13.2559
22.4857	13.2633
22.4783	13.2633
22.4708	13.2633
22.4708	13.2708
22.4634	13.2708
22.4634	13.2782
22.4559	13.2782
22.4559	13.2857
22.4485	13.2857
22.4485	13.2931
22.4410	13.2931
22.4410	13.3006
22.4336	13.3006
22.4261	13.3006
22.4261	13.3080
22.4186	13.3080
22.4186	13.3155
22.4186	13.3230
22.4112	13.3230
22.4037	13.3230
22.4037	13.3304
22.3963	13.3304
22.3963	13.3379
22.3888	13.3379
22.3814	13.3453
22.3814	13.3528
22.3739	13.3528
22.3665	13.3528
22.3665	13.3602
22.3590	13.3602
22.3590	13.3677
22.3515	13.3677
22.3441	13.3677
22.3441	13.3751
22.3366	13.3751
22.3366	13.3826
22.3292	13.3826
22.3292	13.3901
22.3217	13.3901
22.3217	13.3975
22.3143	13.3975
22.3068	13.3975
22.3068	13.4050
22.2994	13.4124
22.2919	13.4124
22.2919	13.4199
22.2844	13.4199
22.2770	13.4199
22.2770	13.4273
22.2695	13.4273
22.2695	13.4348
22.2621	13.4348
22.2621	13.4422
22.2546	13.4422
22.2472	13.4422
22.2472	13.4497
22.2397	13.4497
22.2323	13.4497
22.2323	13.4572
22.2248	13.4572
22.2173	13.4572
22.2173	13.4646
22.2099	13.4646
22.2099	13.4721
22.2024	13.4721
22.1950	13.4721
22.1875	13.4721
22.1801	13.4721
22.1801	13.4795
22.1726	13.4795
22.1652	13.4795
22.1577	13.4795
22.1502	13.4795
22.1428	13.4795
22.1353	13.4795
22.1279	13.4795
22.1204	13.4795
22.1204	13.4870
22.1130	13.4870
22.1055	13.4870
22.0981	13.4870
22.0906	13.4870
22.0831	13.4870
22.0757	13.4870
22.0757	13.4795
22.0682	13.4795
22.0608	13.4795
22.0608	13.4721
22.0533	13.4721
22.0533	13.4646
22.0459	13.4646
22.0459	13.4572
22.0384	13.4572
22.0384	13.4497
22.0310	13.4497
22.0310	13.4422
22.0235	13.4422
22.0235	13.4348
22.0235	13.4273
22.0160	13.4273
22.0086	13.4273
22.0011	13.4273
22.0011	13.4199
21.9937	13.4199
21.9862	13.4199
21.9788	13.4199
21.9713	13.4199
21.9639	13.4199
21.9564	13.4199
21.9489	13.4199
21.9415	13.4199
21.9340	13.4199
21.9266	13.4199
21.9191	13.4199
21.9117	13.4199
21.9042	13.4199
21.8968	13.4199
21.8893	13.4199
21.8819	13.4199
21.8744	13.4199
21.8669	13.4199
21.8595	13.4199
21.8520	13.4199
21.8446	13.4199
21.8371	13.4199
21.8371	13.4273
21.8297	13.4273
21.8222	13.4273
21.8222	13.4348
21.8148	13.4348
21.8148	13.4422
21.8073	13.4422
21.8073	13.4497
21.7998	13.4497
21.7998	13.4572
21.7924	13.4572
21.7849	13.4572
21.7775	13.4646
21.7775	13.4721
21.7700	13.4721
21.7700	13.4795
21.7626	13.4795
21.7551	13.4795
21.7551	13.4870
21.7477	13.4870
21.7402	13.4870
21.7402	13.4944
21.7327	13.4944
21.7253	13.4944
21.7253	13.5019
21.7253	13.5093
21.7178	13.5093
21.7178	13.5168
21.7104	13.5168
21.7029	13.5168
21.6955	13.5243
21.6880	13.5243
21.6806	13.5317
21.6806	13.5392
21.6731	13.5392
21.6656	13.5392
21.6582	13.5466
21.6507	13.5466
21.6507	13.5541
21.6433	13.5541
21.6358	13.5541
21.6284	13.5541
21.6284	13.5615
21.6284	13.5690
21.6209	13.5690
21.6209	13.5764
21.6135	13.5764
21.6135	13.5839
21.6060	13.5839
21.5985	13.5839
21.5985	13.5914
21.5911	13.5914
21.5911	13.5988
21.5836	13.5988
21.5762	13.5988
21.5762	13.6063
21.5687	13.6063
21.5613	13.6063
21.5613	13.6137
21.5538	13.6137
21.5464	13.6137
21.5464	13.6212
21.5389	13.6212
21.5389	13.6286
21.5314	13.6286
21.5314	13.6361
21.5240	13.6361
21.5165	13.6361
21.5091	13.6361
21.5091	13.6435
21.5016	13.6435
21.4942	13.6435
21.4942	13.6510
21.4942	13.6584
21.4867	13.6584
21.4793	13.6584
21.4793	13.6659
21.4718	13.6659
21.4643	13.6734
21.4569	13.6734
21.4569	13.6808
21.4494	13.6808
21.4494	13.6883
21.4420	13.6883
21.4420	13.6957
21.4345	13.6957
21.4271	13.6957
21.4271	13.7032
21.4196	13.7032
21.4122	13.7032
21.4122	13.7106
21.4047	13.7106
21.4047	13.7181
21.3972	13.7181
21.3972	13.7255
21.3898	13.7255
21.3823	13.7255
21.3823	13.7330
21.3749	13.7330
21.3674	13.7330
21.3674	13.7405
21.3600	13.7405
21.3600	13.7479
21.3525	13.7479
21.3525	13.7554
21.3451	13.7554
21.3451	13.7628
21.3376	13.7628
21.3301	13.7628
21.3227	13.7703
21.3152	13.7703
21.3152	13.7777
21.3078	13.7777
21.3003	13.7852
21.2929	13.7852
21.2854	13.7852
21.2780	13.7926
21.2705	13.7926
21.2630	13.7926
21.2556	13.7926
21.2556	13.8001
21.2481	13.8001
21.2407	13.8001
21.2332	13.8001
21.2258	13.8001
21.2183	13.8001
21.2109	13.8001
21.2034	13.8001
21.1959	13.8001
21.1885	13.8001
21.1810	13.8001
21.1736	13.8001
21.1661	13.8001
21.1587	13.8001
21.1512	13.8001
21.1438	13.8001
21.1363	13.8001
21.1288	13.8001
21.1214	13.8001
21.1214	13.7926
21.1139	13.7926
21.1065	13.7926
21.1065	13.7852
21.1065	13.7777
21.0990	13.7777
21.0916	13.7703
21.0841	13.7628
21.0767	13.7628
21.0767	13.7554
21.0692	13.7554
21.0692	13.7479
21.0617	13.7479
21.0617	13.7405
21.0543	13.7405
21.0468	13.7405
21.0468	13.7330
21.0468	13.7255
21.0394	13.7255
21.0394	13.7181
21.0394	13.7106
21.0319	13.7106
21.0319	13.7032
21.0245	13.6957
21.0170	13.6957
21.0170	13.6883
21.0170	13.6808
21.0096	13.6808
21.0096	13.6734
21.0021	13.6734
21.0021	13.6659
20.9946	13.6659
20.9946	13.6584
20.9872	13.6584
20.9872	13.6510
20.9797	13.6510
20.9797	13.6435
20.9723	13.6435
20.9723	13.6361
20.9648	13.6361
20.9648	13.6286
20.9574	13.6286
20.9574	13.6212
20.9574	13.6137
20.9499	13.6137
20.9499	13.6063
20.9425	13.6063
20.9425	13.5988
20.9425	13.5914
20.9350	13.5914
20.9350	13.5839
20.9275	13.5839
20.9275	13.5764
20.9201	13.5764
20.9201	13.5690
20.9126	13.5690
20.9126	13.5615
20.9052	13.5615
20.9052	13.5541
20.8977	13.5541
20.8903	13.5541
20.8903	13.5466
20.8903	13.5392
20.8828	13.5392
20.8828	13.5317
20.8754	13.5317
20.8679	13.5317
20.8679	13.5243
20.8604	13.5243
20.8530	13.5243
20.8530	13.5168
20.8455	13.5168
20.8381	13.5168
20.8306	13.5168
20.8232	13.5168
20.8232	13.5243
20.8157	13.5243
20.8083	13.5243
20.8083	13.5317
20.8008	13.5317
20.8008	13.5392
20.7933	13.5392
20.7859	13.5392
20.7859	13.5466
20.7784	13.5466
20.7710	13.5466
20.7635	13.5466
20.7635	13.5541
20.7561	13.5541
20.7486	13.5541
20.7412	13.5541
20.7412	13.5615
20.7337	13.5615
20.7337	13.5690
20.7262	13.5690
20.7188	13.5764
20.7113	13.5764
20.7113	13.5839
20.7039	13.5839
20.6964	13.5839
20.6964	13.5914
20.6890	13.5988
20.6815	13.5988
20.6815	13.6063
20.6741	13.6063
20.6666	13.6063
20.6666	13.6137
20.6592	13.6137
20.6517	13.6137
20.6442	13.6137
20.6368	13.6212
20.6293	13.6212
20.6219	13.6212
20.6144	13.6212
20.6070	13.6212
20.5995	13.6212
20.5921	13.6212
20.5846	13.6212
20.5771	13.6212
20.5697	13.6212
20.5622	13.6212
20.5548	13.6212
20.5473	13.6212
20.5399	13.6212
20.5324	13.6212
20.5250	13.6212
20.5175	13.6212
20.5100	13.6286
20.5026	13.6286
20.4951	13.6286
20.4951	13.6361
20.4877	13.6361
20.4802	13.6361
20.4802	13.6435
20.4728	13.6435
20.4653	13.6435
20.4579	13.6435
20.4579	13.6510
20.4504	13.6510
20.4504	13.6584
20.4429	13.6584
20.4355	13.6584
20.4280	13.6584
20.4206	13.6584
20.4131	13.6584
20.4057	13.6659
20.3982	13.6659
20.3908	13.6659
20.3833	13.6659
20.3758	13.6659
20.3684	13.6659
20.3609	13.6659
20.3535	13.6659
20.3460	13.6659
20.3386	13.6659
20.3311	13.6659
20.3237	13.6659
20.3162	13.6659
20.3087	13.6659
20.3013	13.6659
20.2938	13.6659
20.2864	13.6659
20.2789	13.6659
20.2715	13.6659
20.2640	13.6659
20.2566	13.6659
20.2491	13.6659
20.2416	13.6659
20.2342	13.6659
20.2267	13.6659
20.2193	13.6659
20.2118	13.6659
20.2044	13.6659
20.1969	13.6659
20.1895	13.6659
20.1820	13.6659
20.1745	13.6659
20.1671	13.6659
20.1596	13.6659
20.1522	13.6659
20.1522	13.6584
20.1447	13.6584
20.1373	13.6584
20.1298	13.6584
20.1224	13.6584
20.1149	13.6584
20.1074	13.6584
20.1000	13.6584
20.0925	13.6584
20.0851	13.6584
20.0776	13.6584
20.0702	13.6584
20.0627	13.6659
20.0553	13.6659
20.0478	13.6659
20.0478	13.6734
20.0403	13.6734
20.0329	13.6734
20.0329	13.6808
20.0254	13.6808
20.0180	13.6883
20.0105	13.6883
20.0031	13.6883
19.9956	13.6883
19.9956	13.6957
19.9882	13.6957
19.9807	13.6957
19.9732	13.6957
19.9732	13.7032
19.9658	13.7032
19.9583	13.7032
19.9583	13.7106
19.9583	13.7181
19.9509	13.7181
19.9509	13.7255
19.9434	13.7255
19.9434	13.7330
19.9360	13.7330
19.9360	13.7405
19.9360	13.7479
19.9285	13.7479
19.9285	13.7554
19.9211	13.7554
19.9211	13.7628
19.9136	13.7628
19.9061	13.7703
19.8987	13.7777
19.8987	13.7852
19.8987	13.7926
19.8912	13.7926
19.8912	13.8001
19.8912	13.8076
19.8838	13.8076
19.8838	13.8150
19.8763	13.8150
19.8763	13.8225
19.8689	13.8225
19.8689	13.8299
19.8614	13.8299
19.8614	13.8374
19.8614	13.8448
19.8540	13.8448
19.8465	13.8448
19.8465	13.8523
19.8390	13.8523
19.8316	13.8523
19.8316	13.8597
19.8241	13.8597
19.8167	13.8597
19.8167	13.8672
19.8167	13.8747
19.8092	13.8747
19.8018	13.8821
19.7943	13.8821
19.7943	13.8896
19.7869	13.8896
19.7869	13.8970
19.7794	13.8970
19.7794	13.9045
19.7719	13.9045
19.7719	13.9119
19.7645	13.9119
19.7645	13.9194
19.7570	13.9194
19.7570	13.9268
19.7496	13.9268
19.7496	13.9343
19.7421	13.9343
19.7421	13.9418
19.7347	13.9418
19.7272	13.9492
19.7198	13.9492
19.7123	13.9492
19.7123	13.9567
19.7123	13.9641
19.7048	13.9641
19.7048	13.9716
19.7048	13.9790
19.6974	13.9790
19.6974	13.9865
19.6899	13.9865
19.6899	13.9939
19.6899	14.0014
19.6825	14.0014
19.6825	14.0089
19.6750	14.0089
19.6750	14.0163
19.6676	14.0163
19.6601	14.0163
19.6601	14.0238
19.6527	14.0238
19.6527	14.0312
19.6452	14.0312
19.6377	14.0312
19.6303	14.0312
19.6303	14.0387
19.6228	14.0387
19.6228	14.0461
19.6154	14.0461
19.6079	14.0461
19.6005	14.0461
19.6005	14.0536
19.6005	14.0610
19.5930	14.0610
19.5930	14.0685
19.5856	14.0685
19.5856	14.0760
19.5781	14.0760
19.5706	14.0760
19.5706	14.0834
19.5632	14.0834
19.5632	14.0909
19.5557	14.0909
19.5483	14.0909
19.5408	14.0983
19.5334	14.0983
19.5259	14.0983
19.5185	14.0983
19.5185	14.1058
19.5110	14.1058
19.5036	14.1058
19.4961	14.1058
19.4961	14.1132
19.4886	14.1132
19.4886	14.1207
19.4812	14.1207
19.4737	14.1207
19.4663	14.1207
19.4663	14.1281
19.4588	14.1281
19.4514	14.1281
19.4439	14.1281
19.4365	14.1281
19.4290	14.1281
19.4215	14.1281
19.4215	14.1356
19.4141	14.1356
19.4066	14.1356
19.3992	14.1356
19.3917	14.1356
19.3843	14.1356
19.3768	14.1356
19.3694	14.1356
19.3619	14.1356
19.3544	14.1356
19.3470	14.1356
19.3470	14.1281
19.3395	14.1281
19.3321	14.1281
19.3246	14.1281
19.3172	14.1281
19.3172	14.1207
19.3097	14.1207
19.3097	14.1132
19.3023	14.1132
19.2948	14.1132
19.2873	14.1132
19.2873	14.1058
19.2799	14.1058
19.2724	14.1058
19.2650	14.1058
19.2650	14.0983
19.2575	14.0983
19.2501	14.0983
19.2501	14.0909
19.2426	14.0909
19.2352	14.0834
19.2277	14.0834
19.2202	14.0834
19.2202	14.0760
19.2128	14.0760
19.2053	14.0760
19.1979	14.0760
19.1979	14.0685
19.1904	14.0685
19.1904	14.0610
19.1830	14.0610
19.1830	14.0536
19.1755	14.0536
19.1755	14.0461
19.1681	14.0461
19.1681	14.0387
19.1606	14.0387
19.1606	14.0312
19.1531	14.0238
19.1457	14.0238
19.1457	14.0163
19.1382	14.0163
19.1382	14.0089
19.1308	14.0089
19.1308	14.0014
19.1308	13.9939
19.1233	13.9939
19.1233	13.9865
19.1159	13.9865
19.1159	13.9790
19.1084	13.9790
19.1084	13.9716
19.1010	13.9716
19.1010	13.9641
19.0935	13.9641
19.0935	13.9567
19.0935	13.9492
19.0860	13.9492
19.0786	13.9492
19.0786	13.9418
19.0711	13.9343
19.0711	13.9268
19.0637	13.9268
19.0637	13.9194
19.0637	13.9119
19.0562	13.9119
19.0562	13.9045
19.0562	13.8970
19.0562	13.8896
19.0488	13.8896
19.0488	13.8821
19.0413	13.8821
19.0413	13.8747
19.0413	13.8672
19.0413	13.8597
19.0413	13.8523
19.0339	13.8523
19.0339	13.8448
19.0339	13.8374
19.0339	13.8299
19.0339	13.8225
19.0339	13.8150
19.0339	13.8076
19.0339	13.8001
19.0339	13.7926
19.0339	13.7852
19.0339	13.7777
19.0339	13.7703
19.0413	13.7703
19.0413	13.7628
19.0413	13.7554
19.0488	13.7554
19.0488	13.7479
19.0488	13.7405
19.0562	13.7405
19.0562	13.7330
19.0562	13.7255
19.0637	13.7255
19.0637	13.7181
19.0637	13.7106
19.0637	13.7032
19.0711	13.7032
19.0711	13.6957
19.0786	13.6883
19.0786	13.6808
19.0860	13.6808
19.0860	13.6734
19.0860	13.6659
19.0935	13.6659
19.0935	13.6584
19.1010	13.6510
19.1010	13.6435
19.1084	13.6435
19.1084	13.6361
19.1159	13.6361
19.1159	13.6286
19.1159	13.6212
19.1233	13.6212
19.1233	13.6137
19.1308	13.6063
19.1308	13.5988
19.1308	13.5914
19.1382	13.5914
19.1382	13.5839
19.1457	13.5839
19.1457	13.5764
19.1457	13.5690
19.1531	13.5615
19.1531	13.5541
19.1531	13.5466
19.1606	13.5466
19.1606	13.5392
19.1606	13.5317
19.1606	13.5243
19.1681	13.5243
19.1755	13.5243
19.1755	13.5168
19.1755	13.5093
19.1755	13.5019
19.1755	13.4944
19.1830	13.4944
19.1830	13.4870
19.1830	13.4795
19.1904	13.4795
19.1904	13.4721
19.1904	13.4646
19.1904	13.4572
19.1904	13.4497
19.1904	13.4422
19.1904	13.4348
19.1904	13.4273
19.1979	13.4273
19.1979	13.4199
19.1979	13.4124
19.1979	13.4050
19.1979	13.3975
19.1979	13.3901
19.1979	13.3826
19.1979	13.3751
19.1979	13.3677
19.1979	13.3602
19.1979	13.3528
19.1979	13.3453
19.1979	13.3379
19.1979	13.3304
19.1979	13.3230
19.1979	13.3155
19.1979	13.3080
19.1979	13.3006
19.1979	13.2931
19.1979	13.2857
19.1979	13.2782
19.1979	13.2708
19.1979	13.2633
19.1979	13.2559
19.1979	13.2484
19.1979	13.2409
19.1979	13.2335
19.1979	13.2260
19.1979	13.2186
19.1979	13.2111
19.2053	13.2111
19.2053	13.2037
19.2053	13.1962
19.2053	13.1888
19.2053	13.1813
19.2053	13.1738
19.2053	13.1664
19.2053	13.1589
19.2053	13.1515
19.2053	13.1440
19.2053	13.1366
19.2053	13.1291
19.1979	13.1291
19.1979	13.1217
19.1979	13.1142
19.1904	13.1142
19.1904	13.1067
19.1904	13.0993
19.1830	13.0993
19.1830	13.0918
19.1755	13.0918
19.1755	13.0844
19.1681	13.0844
19.1681	13.0769
19.1606	13.0769
19.1606	13.0695
19.1531	13.0695
19.1531	13.0620
19.1457	13.0546
19.1382	13.0546
19.1382	13.0471
19.1308	13.0471
19.1308	13.0396
19.1308	13.0322
19.1233	13.0322
19.1159	13.0322
19.1159	13.0247
19.1084	13.0247
19.1010	13.0247
19.1010	13.0098
19.0935	13.0098
19.0935	13.0024
19.0860	13.0024
19.0786	13.0024
19.0786	12.9949
19.0711	12.9949
19.0637	12.9949
19.0637	12.9875
19.0562	12.9875
19.0562	12.9800
19.0488	12.9800
19.0413	12.9800
19.0413	12.9725
19.0339	12.9651
19.0339	12.9576
19.0264	12.9576
19.0264	12.9502
19.0264	12.9427
19.0189	12.9427
19.0189	12.9353
19.0189	12.9278
19.0115	12.9278
19.0115	12.9204
19.0115	12.9129
19.0040	12.9129
19.0040	12.9054
19.0040	12.8980
19.0040	12.8905
19.0040	12.8831
19.0040	12.8756
18.9966	12.8756
18.9966	12.8682
18.9966	12.8607
18.9966	12.8533
18.9891	12.8533
18.9891	12.8458
18.9817	12.8458
18.9817	12.8383
18.9817	12.8309
18.9817	12.8234
18.9742	12.8160
18.9742	12.8085
18.9742	12.8011
18.9742	12.7936
18.9668	12.7936
18.9668	12.7862
18.9668	12.7787
18.9668	12.7712
18.9593	12.7712
18.9593	12.7638
18.9593	12.7563
18.9518	12.7563
18.9518	12.7489
18.9518	12.7414
18.9518	12.7340
18.9518	12.7265
18.9444	12.7265
18.9444	12.7191
18.9444	12.7116
18.9444	12.7041
18.9444	12.6967
18.9369	12.6967
18.9369	12.6892
18.9369	12.6818
18.9295	12.6818
18.9295	12.6743
18.9295	12.6669
18.9220	12.6669
18.9220	12.6594
18.9146	12.6594
18.9146	12.6520
18.9146	12.6445
18.9146	12.6370
18.9071	12.6370
18.9071	12.6296
18.8997	12.6296
18.8922	12.6221
18.8922	12.6147
18.8922	12.6072
18.8847	12.6072
18.8847	12.5998
18.8773	12.5998
18.8773	12.5923
18.8773	12.5849
18.8698	12.5849
18.8698	12.5774
18.8624	12.5774
18.8624	12.5699
18.8624	12.5625
18.8549	12.5625
18.8549	12.5550
18.8549	12.5476
18.8475	12.5476
18.8475	12.5401
18.8400	12.5327
18.8400	12.5252
18.8326	12.5252
18.8326	12.5178
18.8326	12.5103
18.8251	12.5103
18.8251	12.5028
18.8176	12.5028
18.8176	12.4954
18.8176	12.4879
18.8176	12.4805
18.8102	12.4805
18.8102	12.4730
18.8102	12.4656
18.8102	12.4581
18.8102	12.4507
18.8027	12.4507
18.8027	12.4432
18.7953	12.4357
18.7953	12.4283
18.7953	12.4208
18.7953	12.4134
18.7878	12.4134
18.7878	12.4059
18.7878	12.3985
18.7878	12.3910
18.7878	12.3836
18.7878	12.3761
18.7878	12.3687
18.7804	12.3612
18.7804	12.3537
18.7804	12.3463
18.7804	12.3388
18.7804	12.3314
18.7729	12.3314
18.7729	12.3239
18.7729	12.3165
18.7729	12.3090
18.7729	12.3016
18.7729	12.2941
18.7655	12.2941
18.7655	12.2866
18.7655	12.2792
18.7655	12.2717
18.7655	12.2643
18.7655	12.2568
18.7655	12.2494
18.7655	12.2419
18.7655	12.2345
18.7580	12.2345
18.7580	12.2270
18.7580	12.2195
18.7580	12.2121
18.7580	12.2046
18.7580	12.1972
18.7580	12.1897
18.7580	12.1823
18.7580	12.1748
18.7580	12.1674
18.7505	12.1674
18.7505	12.1599
18.7505	12.1524
18.7505	12.1450
18.7505	12.1375
18.7505	12.1301
18.7505	12.1226
18.7505	12.1152
18.7505	12.1077
18.7505	12.1003
18.7505	12.0928
18.7505	12.0853
18.7505	12.0779
18.7505	12.0704
18.7505	12.0630
18.7505	12.0555
18.7505	12.0481
18.7505	12.0406
18.7505	12.0332
18.7505	12.0257
18.7505	12.0182
18.7505	12.0108
18.7505	12.0033
18.7505	11.9959
18.7505	11.9884
18.7505	11.9810
18.7505	11.9735
18.7505	11.9661
18.7505	11.9586
18.7505	11.9511
18.7505	11.9437
18.7505	11.9362
18.7505	11.9288
18.7505	11.9213
18.7505	11.9139
18.7505	11.9064
18.7505	11.8990
18.7505	11.8915
18.7505	11.8840
18.7505	11.8766
18.7505	11.8691
18.7505	11.8617
18.7505	11.8542
18.7505	11.8468
18.7505	11.8393
18.7505	11.8319
18.7505	11.8244
18.7505	11.8169
18.7580	11.8169
18.7580	11.8095
18.7580	11.8020
18.7580	11.7946
18.7580	11.7871
18.7580	11.7797
18.7580	11.7722
18.7580	11.7648
18.7580	11.7573
18.7580	11.7498
18.7580	11.7424
18.7580	11.7349
18.7655	11.7349
18.7655	11.7275
18.7729	11.7275
18.7729	11.7200
18.7729	11.7126
18.7804	11.7126
18.7804	11.7051
18.7878	11.7051
18.7878	11.6977
18.7878	11.6902
18.7953	11.6827
18.8027	11.6827
18.8027	11.6753
18.8027	11.6678
18.8102	11.6678
18.8102	11.6604
18.8102	11.6529
18.8176	11.6529
18.8176	11.6455
18.8251	11.6455
18.8251	11.6380
18.8251	11.6306
18.8251	11.6231
18.8326	11.6156
18.8326	11.6082
18.8400	11.6082
18.8400	11.6007
18.8400	11.5933
18.8475	11.5933
18.8475	11.5858
18.8475	11.5784
18.8475	11.5709
18.8549	11.5709
18.8549	11.5635
18.8549	11.5560
18.8624	11.5485
18.8624	11.5411
18.8698	11.5411
18.8698	11.5336
18.8698	11.5262
18.8698	11.5187
18.8698	11.5113
18.8773	11.5113
18.8773	11.5038
18.8773	11.4964
18.8773	11.4889
18.8773	11.4814
18.8847	11.4814
18.8847	11.4740
18.8847	11.4665
18.8847	11.4591
18.8847	11.4516
18.8847	11.4442
18.8847	11.4367
18.8847	11.4293
18.8847	11.4218
18.8847	11.4143
18.8847	11.4069
18.8847	11.3994
18.8847	11.3920
18.8847	11.3845
18.8847	11.3771
18.8847	11.3696
18.8847	11.3622
18.8847	11.3547
18.8847	11.3472
18.8773	11.3472
18.8773	11.3398
18.8773	11.3323
18.8698	11.3323
18.8698	11.3249
18.8624	11.3249
18.8624	11.3174
18.8624	11.3100
18.8549	11.3025
18.8549	11.2951
18.8549	11.2876
18.8549	11.2801
18.8475	11.2801
18.8475	11.2727
18.8475	11.2652
18.8475	11.2578
18.8475	11.2503
18.8400	11.2503
18.8400	11.2429
18.8400	11.2354
18.8400	11.2280
18.8400	11.2205
18.8326	11.2205
18.8326	11.2131
18.8326	11.2056
18.8326	11.1981
18.8326	11.1907
18.8326	11.1832
18.8326	11.1758
18.8326	11.1683
18.8326	11.1609
18.8326	11.1534
18.8326	11.1460
18.8326	11.1385
18.8326	11.1310
18.8326	11.1236
18.8326	11.1161
18.8251	11.1087
18.8251	11.1012
18.8251	11.0938
18.8251	11.0863
18.8251	11.0789
18.8176	11.0714
18.8176	11.0639
18.8102	11.0565
18.8102	11.0490
18.8102	11.0416
18.8027	11.0416
18.7953	11.0416
18.7878	11.0416
18.7804	11.0416
18.7729	11.0416
18.7655	11.0416
18.7580	11.0416
18.7505	11.0416
18.7431	11.0416
18.7356	11.0416
18.7282	11.0416
18.7207	11.0416
18.7133	11.0416
18.7058	11.0416
18.6984	11.0416
18.6909	11.0416
18.6834	11.0416
18.6760	11.0416
18.6685	11.0416
18.6611	11.0416
18.6536	11.0416
18.6462	11.0416
18.6387	11.0416
18.6313	11.0416
18.6238	11.0416
18.6238	11.0341
18.6163	11.0341
18.6089	11.0341
18.6014	11.0341
18.5940	11.0341
18.5865	11.0341
18.5791	11.0341
18.5716	11.0341
18.5642	11.0341
18.5567	11.0267
18.5492	11.0267
18.5418	11.0267
18.5343	11.0267
18.5269	11.0267
18.5194	11.0267
18.5120	11.0192
18.5045	11.0192
18.4971	11.0192
18.4896	11.0192
18.4896	11.0118
18.4821	11.0043
18.4747	11.0043
18.4672	11.0043
18.4672	10.9968
18.4598	10.9968
18.4523	10.9968
18.4449	10.9968
18.4449	10.9894
18.4374	10.9894
18.4300	10.9894
18.4225	10.9819
18.4150	10.9819
18.4150	10.9745
18.4076	10.9745
18.4001	10.9745
18.4001	10.9670
18.3927	10.9670
18.3852	10.9670
18.3778	10.9670
18.3778	10.9596
18.3703	10.9596
18.3629	10.9596
18.3629	10.9521
18.3554	10.9521
18.3554	10.9447
18.3479	10.9447
18.3405	10.9447
18.3330	10.9447
18.3330	10.9372
18.3330	10.9297
18.3330	10.9223
18.3330	10.9148
18.3256	10.9074
18.3256	10.8999
18.3256	10.8925
18.3256	10.8850
18.3256	10.8776
18.3256	10.8701
18.3181	10.8701
18.3181	10.8626
18.3107	10.8626
18.3107	10.8552
18.3107	10.8477
18.3107	10.8403
18.3032	10.8403
18.3032	10.8328
18.2958	10.8328
18.2958	10.8254
18.2883	10.8254
18.2883	10.8179
18.2809	10.8179
18.2809	10.8105
18.2734	10.8105
18.2734	10.8030
18.2659	10.8030
18.2659	10.7955
18.2585	10.7955
18.2585	10.7881
18.2510	10.7881
18.2510	10.7806
18.2436	10.7806
18.2436	10.7732
18.2361	10.7732
18.2361	10.7657
18.2361	10.7583
18.2287	10.7583
18.2287	10.7508
18.2212	10.7508
18.2212	10.7434
18.2212	10.7359
18.2138	10.7284
18.2138	10.7210
18.2138	10.7135
18.2138	10.7061
18.2063	10.6986
18.2063	10.6912
18.2063	10.6837
18.2063	10.6763
18.2063	10.6688
18.2063	10.6613
18.2063	10.6539
18.2063	10.6464
18.2063	10.6390
18.2138	10.6390
18.2138	10.6315
18.2212	10.6315
18.2212	10.6241
18.2287	10.6241
18.2287	10.6166
18.2361	10.6166
18.2361	10.6092
18.2436	10.6017
18.2510	10.6017
18.2510	10.5942
18.2585	10.5942
18.2585	10.5868
18.2659	10.5868
18.2659	10.5793
18.2734	10.5793
18.2734	10.5719
18.2809	10.5719
18.2883	10.5719
18.2883	10.5644
18.2958	10.5644
18.2958	10.5570
18.3032	10.5570
18.3032	10.5495
18.3032	10.5421
18.3107	10.5421
18.3181	10.5421
18.3181	10.5346
18.3256	10.5346
18.3256	10.5271
18.3330	10.5271
18.3405	10.5271
18.3405	10.5197
18.3479	10.5197
18.3479	10.5122
18.3554	10.5122
18.3629	10.5122
18.3703	10.5122
18.3778	10.5122
18.3778	10.5048
18.3852	10.5048
18.3927	10.5048
18.4001	10.5048
18.4001	10.4973
18.4076	10.4973
18.4150	10.4973
18.4225	10.4973
18.4225	10.4899
18.4300	10.4899
18.4374	10.4824
18.4449	10.4824
18.4449	10.4750
18.4523	10.4750
18.4598	10.4750
18.4598	10.4675
18.4672	10.4675
18.4747	10.4600
18.4747	10.4526
18.4821	10.4526
18.4896	10.4451
18.4971	10.4451
18.4971	10.4377
18.5045	10.4377
18.5045	10.4302
18.5120	10.4302
18.5120	10.4228
18.5194	10.4228
18.5194	10.4153
18.5269	10.4153
18.5343	10.4153
18.5343	10.4079
18.5418	10.4079
18.5492	10.4004
18.5567	10.4004
18.5567	10.3929
18.5642	10.3929
18.5642	10.3855
18.5716	10.3855
18.5716	10.3780
18.5791	10.3780
18.5791	10.3706
18.5865	10.3706
18.5940	10.3706
18.5940	10.3631
18.5940	10.3557
18.6014	10.3557
18.6014	10.3482
18.6089	10.3482
18.6163	10.3408
18.6238	10.3408
18.6238	10.3333
18.6313	10.3333
18.6313	10.3258
18.6387	10.3258
18.6387	10.3184
18.6462	10.3184
18.6536	10.3109
18.6611	10.3109
18.6685	10.3109
18.6760	10.3109
18.6760	10.3035
18.6834	10.3035
18.6909	10.3035
18.6909	10.2960
18.6984	10.2960
18.7058	10.2960
18.7133	10.2960
18.7207	10.2960
18.7282	10.2960
18.7356	10.2960
18.7356	10.2886
18.7431	10.2886
18.7505	10.2886
18.7580	10.2886
18.7580	10.2811
18.7655	10.2811
18.7729	10.2811
18.7804	10.2737
18.7804	10.2662
18.7878	10.2662
18.7953	10.2587
18.8027	10.2513
18.8102	10.2513
18.8102	10.2438
18.8176	10.2438
18.8176	10.2364
18.8251	10.2364
18.8251	10.2289
18.8326	10.2289
18.8400	10.2289
18.8400	10.2215
18.8475	10.2140
18.8475	10.2066
18.8549	10.2066
18.8549	10.1991
18.8624	10.1991
18.8698	10.1991
18.8698	10.1916
18.8773	10.1916
18.8773	10.1842
18.8773	10.1767
18.8847	10.1693
18.8847	10.1618
18.8922	10.1544
18.8997	10.1469
18.8997	10.1395
18.9071	10.1320
18.9071	10.1245
18.9146	10.1245
18.9146	10.1171
18.9146	10.1096
18.9220	10.1096
18.9220	10.1022
18.9295	10.1022
18.9295	10.0947
18.9369	10.0947
18.9369	10.0873
18.9369	10.0798
18.9444	10.0798
18.9444	10.0724
18.9444	10.0649
18.9518	10.0649
18.9518	10.0574
18.9593	10.0500
18.9593	10.0425
18.9668	10.0425
18.9668	10.0351
18.9742	10.0351
18.9742	10.0276
18.9742	10.0202
18.9817	10.0202
18.9817	10.0127
18.9817	10.0053
18.9891	10.0053
18.9966	10.0053
18.9966	9.9978
18.9966	9.9904
19.0040	9.9904
19.0040	9.9829
19.0040	9.9754
19.0115	9.9754
19.0115	9.9680
19.0115	9.9605
19.0189	9.9605
19.0264	9.9605
19.0264	9.9531
19.0264	9.9456
19.0339	9.9456
19.0339	9.9382
19.0339	9.9307
19.0413	9.9307
19.0413	9.9233
19.0488	9.9233
19.0488	9.9158
19.0562	9.9158
19.0562	9.9083
19.0562	9.9009
19.0637	9.9009
19.0637	9.8934
19.0637	9.8860
19.0711	9.8860
19.0711	9.8785
19.0786	9.8785
19.0786	9.8711
19.0786	9.8636
19.0860	9.8636
19.0860	9.8562
19.0935	9.8562
19.0935	9.8487
19.1010	9.8487
19.1010	9.8412
19.1010	9.8338
19.1084	9.8338
19.1159	9.8338
19.1159	9.8263
19.1159	9.8189
19.1233	9.8189
19.1308	9.8114
19.1308	9.8040
19.1382	9.8040
19.1382	9.7965
19.1457	9.7965
19.1457	9.7891
19.1531	9.7891
19.1531	9.7816
19.1531	9.7741
19.1606	9.7741
19.1606	9.7667
19.1681	9.7667
19.1681	9.7592
19.1755	9.7592
19.1755	9.7518
19.1830	9.7518
19.1830	9.7443
19.1904	9.7443
19.1904	9.7369
19.1979	9.7369
19.1979	9.7294
19.1979	9.7220
19.2053	9.7220
19.2053	9.7145
19.2128	9.7145
19.2128	9.7070
19.2202	9.7070
19.2202	9.6996
19.2277	9.6996
19.2277	9.6921
19.2277	9.6847
19.2352	9.6847
19.2426	9.6847
19.2426	9.6772
19.2426	9.6698
19.2501	9.6698
19.2575	9.6698
19.2575	9.6623
19.2575	9.6549
19.2650	9.6549
19.2650	9.6474
19.2724	9.6474
19.2724	9.6399
19.2799	9.6399
19.2799	9.6325
19.2873	9.6325
19.2873	9.6250
19.2873	9.6176
19.2948	9.6176
19.2948	9.6101
19.3023	9.6101
19.3023	9.6027
19.3097	9.6027
19.3097	9.5952
19.3097	9.5878
19.3172	9.5878
19.3172	9.5803
19.3246	9.5803
19.3321	9.5803
19.3321	9.5728
19.3321	9.5654
19.3395	9.5654
19.3395	9.5579
19.3470	9.5579
19.3470	9.5505
19.3544	9.5505
19.3619	9.5505
19.3619	9.5430
19.3694	9.5430
19.3694	9.5356
19.3694	9.5281
19.3768	9.5281
19.3843	9.5281
19.3917	9.5281
19.3992	9.5281
19.4066	9.5281
19.4141	9.5281
19.4215	9.5281
19.4290	9.5281
19.4365	9.5281
19.4439	9.5281
19.4514	9.5281
19.4588	9.5281
19.4663	9.5281
19.4737	9.5281
19.4812	9.5281
19.4886	9.5281
19.4961	9.5281
19.4961	9.5207
19.5110	9.5132
19.5185	9.5132
19.5259	9.5057
19.5334	9.4983
19.5408	9.4908
19.5483	9.4908
19.5557	9.4834
19.5557	9.4759
19.5632	9.4685
19.5706	9.4685
19.5781	9.4610
19.5856	9.4536
19.5930	9.4536
19.5930	9.4461
19.6005	9.4461
19.6079	9.4461
19.6079	9.4386
19.6154	9.4312
19.6228	9.4312
19.6228	9.4237
19.6303	9.4237
19.6303	9.4163
19.6377	9.4163
19.6377	9.4088
19.6452	9.4014
19.6452	9.3939
19.6527	9.3939
19.6601	9.3939
19.6601	9.3865
19.6601	9.3790
19.6676	9.3790
19.6750	9.3715
19.6750	9.3641
19.6825	9.3641
19.6825	9.3566
19.6899	9.3566
19.6899	9.3492
19.6899	9.3417
19.6899	9.3343
19.6899	9.3268
19.6899	9.3194
19.6899	9.3119
19.6899	9.3044
19.6899	9.2970
19.6899	9.2895
19.6899	9.2821
19.6899	9.2746
19.6899	9.2672
19.6899	9.2597
19.6899	9.2523
19.6899	9.2448
19.6825	9.2448
19.6825	9.2373
19.6825	9.2299
19.6825	9.2224
19.6750	9.2224
19.6750	9.2150
19.6676	9.2150
19.6676	9.2075
19.6676	9.2001
19.6676	9.1926
19.6676	9.1852
19.6601	9.1852
19.6601	9.1777
19.6601	9.1702
19.6527	9.1702
19.6527	9.1628
19.6527	9.1553
19.6452	9.1553
19.6452	9.1479
19.6377	9.1479
19.6303	9.1479
19.6303	9.1404
19.6228	9.1404
19.6154	9.1404
19.6154	9.1330
19.6079	9.1330
19.6005	9.1255
19.5930	9.1255
19.5856	9.1255
19.5856	9.1181
19.5781	9.1181
19.5706	9.1181
19.5632	9.1181
19.5632	9.1106
19.5557	9.1106
19.5557	9.1031
19.5483	9.1031
19.5483	9.0957
19.5408	9.0957
19.5408	9.0882
19.5334	9.0882
19.5334	9.0808
19.5334	9.0733
19.5259	9.0659
19.5259	9.0584
19.5185	9.0584
19.5185	9.0510
19.5185	9.0435
19.5110	9.0435
19.5110	9.0360
19.5110	9.0286
19.5110	9.0211
19.5036	9.0211
19.5036	9.0137
19.5036	9.0062
19.5036	8.9988
19.5036	8.9913
19.5036	8.9839
19.4961	8.9764
19.4961	8.9689
19.4961	8.9615
19.4961	8.9540
19.4886	8.9540
19.4886	8.9466
19.4886	8.9391
19.4886	8.9317
19.4886	8.9242
19.4812	8.9242
19.4812	8.9168
19.4812	8.9093
19.4812	8.9018
19.4812	8.8944
19.4812	8.8869
19.4812	8.8795
19.4812	8.8720
19.4812	8.8646
19.4812	8.8571
19.4812	8.8497
19.4812	8.8422
19.4737	8.8422
19.4737	8.8348
19.4663	8.8273
19.4663	8.8198
19.4663	8.8124
19.4663	8.8049
19.4663	8.7975
19.4663	8.7900
19.4663	8.7826
19.4663	8.7751
19.4663	8.7677
19.4663	8.7602
19.4663	8.7527
19.4663	8.7453
19.4588	8.7453
19.4588	8.7378
19.4514	8.7378
19.4514	8.7304
19.4514	8.7229
19.4439	8.7229
19.4439	8.7155
19.4439	8.7080
19.4365	8.7080
19.4365	8.7006
19.4290	8.7006
19.4290	8.6931
19.4215	8.6931
19.4141	8.6931
19.4066	8.6931
19.4066	8.6856
19.3992	8.6856
19.3917	8.6856
19.3843	8.6782
19.3768	8.6782
19.3694	8.6707
19.3619	8.6707
19.3544	8.6633
19.3470	8.6633
19.3470	8.6558
19.3395	8.6558
19.3321	8.6558
19.3246	8.6558
19.3246	8.6484
19.3172	8.6484
19.3097	8.6484
19.3097	8.6409
19.3023	8.6335
19.2948	8.6335
19.2873	8.6335
19.2873	8.6260
19.2799	8.6260
19.2724	8.6260
19.2650	8.6260
19.2650	8.6185
19.2575	8.6185
19.2575	8.6111
19.2501	8.6111
19.2501	8.6036
19.2426	8.6036
19.2352	8.6036
19.2277	8.6036
19.2277	8.5962
19.2202	8.5962
19.2128	8.5962
19.2053	8.5962
19.1979	8.5962
19.1904	8.5962
19.1830	8.5962
19.1755	8.5962
19.1681	8.5962
19.1606	8.5962
19.1531	8.5962
19.1457	8.5962
19.1382	8.5962
19.1308	8.5962
19.1233	8.5962
19.1159	8.5962
19.1084	8.5962
19.1010	8.5962
19.0935	8.5962
19.0935	8.5887
19.0860	8.5887
19.0786	8.5887
19.0786	8.5813
19.0711	8.5813
19.0711	8.5738
19.0637	8.5738
19.0562	8.5738
19.0488	8.5738
19.0488	8.5664
19.0413	8.5664
19.0339	8.5664
19.0339	8.5589
19.0189	8.5589
19.0115	8.5514
19.0115	8.5440
19.0040	8.5440
18.9966	8.5440
18.9891	8.5365
18.9817	8.5365
18.9817	8.5291
18.9742	8.5291
18.9668	8.5291
18.9593	8.5291
18.9593	8.5216
18.9593	8.5142
18.9518	8.5142
18.9518	8.5067
18.9444	8.4993
18.9444	8.4918
18.9369	8.4918
18.9369	8.4843
18.9295	8.4843
18.9295	8.4769
18.9220	8.4769
18.9220	8.4694
18.9146	8.4694
18.9146	8.4620
18.9071	8.4620
18.9071	8.4545
18.8997	8.4471
18.8922	8.4471
18.8922	8.4396
18.8847	8.4396
18.8847	8.4322
18.8773	8.4247
18.8773	8.4172
18.8698	8.4172
18.8698	8.4098
18.8624	8.4098
18.8624	8.4023
18.8549	8.4023
18.8549	8.3949
18.8475	8.3949
18.8475	8.3874
18.8475	8.3800
18.8400	8.3800
18.8326	8.3800
18.8326	8.3725
18.8251	8.3725
18.8251	8.3651
18.8251	8.3576
18.8176	8.3576
18.8176	8.3501
18.8027	8.3501
18.8027	8.3427
18.7953	8.3427
18.7953	8.3352
18.7953	8.3278
18.7878	8.3278
18.7878	8.3203
18.7804	8.3203
18.7804	8.3129
18.7729	8.3129
18.7729	8.3054
18.7655	8.3054
18.7655	8.2980
18.7580	8.2980
18.7580	8.2905
18.7505	8.2830
18.7431	8.2830
18.7431	8.2756
18.7431	8.2681
18.7356	8.2681
18.7356	8.2607
18.7282	8.2607
18.7207	8.2607
18.7133	8.2607
18.7058	8.2532
18.6984	8.2532
18.6909	8.2532
18.6834	8.2532
18.6760	8.2532
18.6685	8.2532
18.6611	8.2532
18.6536	8.2532
18.6462	8.2458
18.6387	8.2458
18.6313	8.2458
18.6238	8.2458
18.6089	8.2458
18.6014	8.2458
18.5940	8.2458
18.5865	8.2458
18.5865	8.2383
18.5791	8.2383
18.5716	8.2383
18.5642	8.2383
18.5567	8.2383
18.5492	8.2383
18.5418	8.2383
18.5343	8.2383
18.5269	8.2383
18.5194	8.2383
18.5045	8.2383
18.4971	8.2383
18.4821	8.2383
18.4747	8.2383
18.4672	8.2383
18.4598	8.2383
18.4523	8.2383
18.4449	8.2383
18.4374	8.2383
18.4300	8.2383
18.4300	8.2458
18.4225	8.2458
18.4150	8.2458
18.4076	8.2458
18.4001	8.2458
18.4001	8.2532
18.3927	8.2532
18.3852	8.2532
18.3778	8.2532
18.3703	8.2607
18.3629	8.2607
18.3554	8.2607
18.3405	8.2681
18.3330	8.2756
18.3256	8.2756
18.3107	8.2830
18.3032	8.2830
18.2958	8.2830
18.2958	8.2905
18.2809	8.2905
18.2734	8.2905
18.2659	8.2905
18.2659	8.2980
18.2585	8.2980
18.2510	8.2980
18.2510	8.3054
18.2436	8.3054
18.2361	8.3054
18.2287	8.3054
18.2212	8.3054
18.2212	8.3129
18.2138	8.3129
18.2063	8.3129
18.1988	8.3129
18.1988	8.3203
18.1914	8.3203
18.1839	8.3203
18.1765	8.3203
18.1765	8.3278
18.1690	8.3278
18.1690	8.3352
18.1616	8.3352
18.1541	8.3352
18.1467	8.3352
18.1467	8.3427
18.1392	8.3427
18.1392	8.3501
18.1317	8.3501
18.1243	8.3501
18.1243	8.3576
18.1168	8.3576
18.1168	8.3651
18.1094	8.3651
18.1094	8.3725
18.1019	8.3725
18.0945	8.3725
18.0945	8.3800
18.0870	8.3800
18.0870	8.3874
18.0796	8.3874
18.0796	8.3949
18.0721	8.4023
18.0646	8.4023
18.0646	8.4098
18.0572	8.4098
18.0572	8.4172
18.0572	8.4247
18.0497	8.4247
18.0497	8.4322
18.0497	8.4396
18.0423	8.4396
18.0348	8.4396
18.0348	8.4471
18.0348	8.4545
18.0348	8.4620
18.0274	8.4620
18.0274	8.4694
18.0199	8.4694
18.0199	8.4769
18.0199	8.4843
18.0125	8.4843
18.0050	8.4918
17.9975	8.4993
17.9975	8.5067
17.9901	8.5067
17.9901	8.5142
17.9901	8.5216
17.9826	8.5216
17.9826	8.5291
17.9752	8.5291
17.9677	8.5291
17.9677	8.5365
17.9603	8.5365
17.9603	8.5440
17.9603	8.5514
17.9528	8.5514
17.9528	8.5589
17.9454	8.5589
17.9379	8.5589
17.9379	8.5664
17.9304	8.5664
17.9230	8.5664
17.9230	8.5738
17.9155	8.5738
17.9081	8.5813
17.9006	8.5813
17.9006	8.5887
17.8932	8.5887
17.8857	8.5887
17.8783	8.5887
17.8783	8.5962
17.8708	8.5962
17.8633	8.5962
17.8633	8.6036
17.8559	8.6111
17.8484	8.6111
17.8410	8.6111
17.8410	8.6185
17.8335	8.6185
17.8261	8.6185
17.8186	8.6185
17.8186	8.6260
17.8112	8.6260
17.8112	8.6335
17.8037	8.6335
17.8037	8.6409
17.7962	8.6409
17.7888	8.6409
17.7888	8.6484
17.7813	8.6484
17.7813	8.6558
17.7739	8.6558
17.7739	8.6633
17.7739	8.6707
17.7664	8.6707
17.7590	8.6707
17.7590	8.6782
17.7515	8.6782
17.7515	8.6856
17.7441	8.6856
17.7441	8.6931
17.7441	8.7006
17.7366	8.7006
17.7366	8.7080
17.7291	8.7080
17.7291	8.7155
17.7217	8.7155
17.7217	8.7229
17.7142	8.7229
17.7142	8.7304
17.7068	8.7304
17.7068	8.7378
17.6993	8.7378
17.6993	8.7453
17.6919	8.7453
17.6919	8.7527
17.6844	8.7527
17.6770	8.7602
17.6770	8.7677
17.6695	8.7677
17.6620	8.7677
17.6620	8.7751
17.6546	8.7751
17.6546	8.7826
17.6471	8.7826
17.6471	8.7900
17.6397	8.7900
17.6397	8.7975
17.6322	8.7975
17.6248	8.7975
17.6248	8.8049
17.6173	8.8049
17.6099	8.8049
17.6099	8.8124
17.6024	8.8124
17.5949	8.8124
17.5875	8.8124
17.5800	8.8124
17.5726	8.8124
17.5651	8.8124
17.5577	8.8124
17.5502	8.8124
17.5428	8.8124
17.5353	8.8124
17.5278	8.8124
17.5204	8.8124
17.5129	8.8124
17.5055	8.8124
17.4980	8.8124
17.4980	8.8049
17.4906	8.8049
17.4831	8.8049
17.4757	8.8049
17.4757	8.7975
17.4682	8.7975
17.4682	8.7900
17.4607	8.7900
17.4533	8.7900
17.4458	8.7900
17.4458	8.7826
17.4384	8.7826
17.4384	8.7751
17.4309	8.7751
17.4309	8.7677
17.4309	8.7602
17.4235	8.7602
17.4235	8.7527
17.4160	8.7527
17.4160	8.7453
17.4160	8.7378
17.4086	8.7378
17.4086	8.7304
17.4086	8.7229
17.4086	8.7155
17.4011	8.7155
17.4011	8.7080
17.4011	8.7006
17.4011	8.6931
17.4011	8.6856
17.4011	8.6782
17.4011	8.6707
17.3936	8.6707
17.3936	8.6633
17.3936	8.6558
17.3936	8.6484
17.3936	8.6409
17.3936	8.6335
17.3936	8.6260
17.3936	8.6185
17.3936	8.6111
17.3862	8.6111
17.3862	8.6036
17.3862	8.5962
17.3787	8.5962
17.3787	8.5887
17.3713	8.5887
17.3713	8.5813
17.3713	8.5738
17.3638	8.5738
17.3564	8.5664
17.3489	8.5664
17.3489	8.5589
17.3415	8.5589
17.3340	8.5589
17.3340	8.5514
17.3265	8.5440
17.3191	8.5440
17.3116	8.5365
17.3042	8.5365
17.2967	8.5291
17.2893	8.5291
17.2893	8.5216
17.2893	8.5142
17.2818	8.5142
17.2818	8.5067
17.2744	8.5067
17.2744	8.4993
17.2669	8.4993
17.2594	8.4993
17.2594	8.4918
17.2520	8.4918
17.2520	8.4843
17.2445	8.4769
17.2445	8.4694
17.2371	8.4694
17.2296	8.4694
17.2296	8.4620
17.2296	8.4545
17.2222	8.4545
17.2222	8.4471
17.2222	8.4396
17.2147	8.4396
17.2147	8.4322
17.2073	8.4322
17.2073	8.4172
17.1998	8.4172
17.1998	8.4098
17.1923	8.4023
17.1923	8.3949
17.1923	8.3874
17.1849	8.3874
17.1849	8.3800
17.1849	8.3725
17.1774	8.3725
17.1774	8.3651
17.1774	8.3576
17.1774	8.3501
17.1774	8.3427
17.1774	8.3352
17.1774	8.3278
17.1774	8.3203
17.1774	8.3129
17.1774	8.3054
17.1774	8.2980
17.1774	8.2905
17.1849	8.2905
17.1849	8.2830
17.1849	8.2756
17.1923	8.2756
17.1923	8.2681
17.1923	8.2607
17.1998	8.2607
17.2073	8.2607
17.2073	8.2532
17.2147	8.2532
17.2147	8.2458
17.2222	8.2458
17.2222	8.2383
17.2296	8.2383
17.2296	8.2309
17.2371	8.2309
17.2445	8.2234
17.2445	8.2159
17.2520	8.2159
17.2594	8.2159
17.2594	8.2085
17.2669	8.2085
17.2669	8.2010
17.2744	8.2010
17.2744	8.1936
17.2818	8.1936
17.2818	8.1861
17.2893	8.1861
17.2893	8.1787
17.2967	8.1787
17.2967	8.1712
17.3042	8.1712
17.3116	8.1638
17.3191	8.1638
17.3191	8.1563
17.3265	8.1563
17.3265	8.1488
17.3340	8.1414
17.3415	8.1414
17.3415	8.1339
17.3489	8.1339
17.3489	8.1265
17.3564	8.1265
17.3638	8.1265
17.3638	8.1190
17.3638	8.1116
17.3713	8.1116
17.3713	8.1041
17.3787	8.1041
17.3787	8.0967
17.3862	8.0967
17.3936	8.0967
17.3936	8.0892
17.3936	8.0817
17.4011	8.0817
17.4011	8.0743
17.4086	8.0668
17.4086	8.0594
17.4160	8.0594
17.4160	8.0519
17.4235	8.0519
17.4235	8.0445
17.4309	8.0445
17.4309	8.0370
17.4309	8.0296
17.4309	8.0221
17.4384	8.0221
17.4384	8.0146
17.4384	8.0072
17.4384	7.9997
17.4458	7.9997
17.4458	7.9923
17.4533	7.9923
17.4533	7.9848
17.4533	7.9774
17.4533	7.9699
17.4607	7.9699
17.4607	7.9625
17.4607	7.9550
17.4607	7.9475
17.4682	7.9475
17.4682	7.9401
17.4682	7.9326
17.4682	7.9252
17.4757	7.9252
17.4757	7.9177
17.4831	7.9177
17.4831	7.9103
17.4906	7.9103
17.4906	7.9028
17.4906	7.8954
17.4980	7.8954
17.4980	7.8879
17.5055	7.8879
17.5055	7.8804
17.5129	7.8730
17.5129	7.8655
17.5204	7.8655
17.5278	7.8581
17.5353	7.8506
17.5428	7.8506
17.5428	7.8432
17.5502	7.8432
17.5502	7.8357
17.5577	7.8357
17.5577	7.8283
17.5651	7.8283
17.5651	7.8208
17.5726	7.8208
17.5800	7.8133
17.5800	7.8059
17.5875	7.8059
17.5875	7.7984
17.5949	7.7984
17.6024	7.7984
17.6024	7.7910
17.6099	7.7910
17.6173	7.7910
17.6173	7.7835
17.6248	7.7835
17.6322	7.7835
17.6322	7.7761
17.6397	7.7761
17.6471	7.7761
17.6546	7.7686
17.6620	7.7686
17.6695	7.7686
17.6770	7.7686
17.6844	7.7612
17.6919	7.7612
17.6993	7.7612
17.7068	7.7612
17.7142	7.7612
17.7217	7.7612
17.7291	7.7537
17.7366	7.7537
17.7441	7.7537
17.7515	7.7462
17.7590	7.7462
17.7664	7.7462
17.7664	7.7388
17.7739	7.7388
17.7813	7.7388
17.7888	7.7388
17.7962	7.7313
17.8037	7.7313
17.8112	7.7313
17.8112	7.7239
17.8186	7.7239
17.8261	7.7239
17.8335	7.7239
17.8410	7.7239
17.8410	7.7164
17.8484	7.7164
17.8559	7.7164
17.8559	7.7090
17.8633	7.7090
17.8708	7.7090
17.8783	7.7090
17.8857	7.7090
17.8857	7.7015
17.8932	7.7015
17.9006	7.7015
17.9081	7.7015
17.9081	7.6941
17.9155	7.6941
17.9155	7.6866
17.9155	7.6792
17.9230	7.6717
17.9230	7.6642
17.9230	7.6568
17.9304	7.6493
17.9304	7.6419
17.9304	7.6344
17.9379	7.6344
17.9379	7.6270
17.9379	7.6195
17.9454	7.6195
17.9454	7.6121
17.9454	7.6046
17.9454	7.5971
17.9454	7.5897
17.9454	7.5822
17.9454	7.5748
17.9454	7.5673
17.9454	7.5599
17.9379	7.5599
17.9379	7.5524
17.9304	7.5524
17.9230	7.5450
17.9155	7.5450
17.9081	7.5375
17.9006	7.5375
17.9006	7.5300
17.9006	7.5226
17.8932	7.5226
17.8932	7.5151
17.8857	7.5151
17.8783	7.5077
17.8783	7.5002
17.8783	7.4928
17.8708	7.4928
17.8708	7.4853
17.8633	7.4853
17.8633	7.4779
17.8559	7.4779
17.8559	7.4704
17.8559	7.4629
17.8484	7.4629
17.8410	7.4629
17.8410	7.4555
17.8335	7.4555
17.8335	7.4480
17.8261	7.4480
17.8261	7.4406
17.8186	7.4331
17.8186	7.4257
17.8112	7.4257
17.8112	7.4182
17.8037	7.4182
17.8037	7.4108
17.7962	7.4033
17.7888	7.3958
17.7888	7.3884
17.7813	7.3884
17.7813	7.3809
17.7813	7.3735
17.7739	7.3735
17.7739	7.3660
17.7739	7.3586
17.7664	7.3586
17.7590	7.3586
17.7590	7.3511
17.7590	7.3437
17.7515	7.3437
17.7515	7.3362
17.7441	7.3362
17.7441	7.3287
17.7366	7.3287
17.7366	7.3213
17.7366	7.3138
17.7291	7.3138
17.7217	7.3064
17.7217	7.2989
17.7142	7.2989
17.7142	7.2915
17.7068	7.2915
17.7068	7.2840
17.6993	7.2840
17.6919	7.2840
17.6919	7.2766
17.6919	7.2691
17.6844	7.2691
17.6844	7.2616
17.6770	7.2616
17.6770	7.2542
17.6695	7.2542
17.6695	7.2467
17.6620	7.2467
17.6620	7.2393
17.6546	7.2393
17.6546	7.2318
17.6471	7.2318
17.6471	7.2244
17.6471	7.2169
17.6397	7.2169
17.6397	7.2095
17.6322	7.2095
17.6322	7.2020
17.6248	7.2020
17.6248	7.1945
17.6248	7.1871
17.6173	7.1871
17.6173	7.1796
17.6173	7.1722
17.6099	7.1722
17.6099	7.1647
17.6099	7.1573
17.6024	7.1573
17.6024	7.1498
17.6024	7.1424
17.6024	7.1349
17.5949	7.1349
17.5949	7.1274
17.5949	7.1200
17.5949	7.1125
17.5949	7.1051
17.5949	7.0976
17.5949	7.0902
17.5949	7.0827
17.5949	7.0753
17.5949	7.0678
17.5949	7.0603
17.5949	7.0529
17.5949	7.0454
17.5949	7.0380
17.5949	7.0305
17.5949	7.0231
17.5949	7.0156
17.5949	7.0082
17.5949	7.0007
17.5949	6.9932
17.5949	6.9858
17.6024	6.9858
17.6024	6.9783
17.6024	6.9709
17.6099	6.9709
17.6099	6.9634
17.6099	6.9560
17.6173	6.9560
17.6173	6.9485
17.6173	6.9411
17.6173	6.9336
17.6248	6.9336
17.6248	6.9261
17.6248	6.9187
17.6322	6.9112
17.6397	6.9112
17.6397	6.9038
17.6397	6.8963
17.6471	6.8963
17.6471	6.8889
17.6471	6.8814
17.6546	6.8814
17.6546	6.8740
17.6620	6.8740
17.6695	6.8740
17.6695	6.8665
17.6770	6.8665
17.6844	6.8590
17.6844	6.8516
17.6919	6.8516
17.6993	6.8441
17.7068	6.8367
17.7068	6.8292
17.7142	6.8292
17.7291	6.8143
17.7366	6.8143
17.7441	6.8069
17.7441	6.7994
17.7590	6.7919
17.7664	6.7845
17.7739	6.7845
17.7739	6.7770
17.7813	6.7770
17.7888	6.7770
17.7888	6.7696
17.7962	6.7696
17.8037	6.7696
17.8112	6.7696
17.8186	6.7696
17.8261	6.7696
17.8335	6.7696
17.8410	6.7696
17.8484	6.7696
17.8559	6.7696
17.8633	6.7696
17.8633	6.7770
17.8708	6.7770
17.8783	6.7770
17.8857	6.7770
17.8857	6.7845
17.8932	6.7845
17.9006	6.7845
17.9006	6.7919
17.9081	6.7919
17.9155	6.7919
17.9230	6.7919
17.9230	6.7994
17.9304	6.7994
17.9379	6.7994
17.9379	6.8069
17.9454	6.8069
17.9528	6.8069
17.9528	6.8143
17.9603	6.8143
17.9603	6.8218
17.9677	6.8218
17.9752	6.8218
17.9752	6.8292
17.9826	6.8292
17.9901	6.8292
17.9901	6.8367
17.9975	6.8367
18.0050	6.8367
18.0125	6.8441
18.0199	6.8441
18.0199	6.8516
18.0274	6.8516
18.0274	6.8590
18.0348	6.8590
18.0423	6.8590
18.0497	6.8665
18.0572	6.8665
18.0646	6.8740
18.0721	6.8740
18.0796	6.8740
18.0796	6.8814
18.0870	6.8814
18.0945	6.8889
18.1019	6.8889
18.1094	6.8963
18.1168	6.8963
18.1243	6.8963
18.1243	6.9038
18.1317	6.9038
18.1392	6.9038
18.1392	6.9112
18.1467	6.9112
18.1541	6.9112
18.1616	6.9112
18.1616	6.9187
18.1690	6.9187
18.1765	6.9187
18.1839	6.9187
18.1914	6.9187
18.1988	6.9187
18.2063	6.9187
18.2138	6.9261
18.2287	6.9261
18.2361	6.9261
18.2436	6.9261
18.2585	6.9261
18.2659	6.9261
18.2734	6.9261
18.2883	6.9261
18.2958	6.9261
18.3032	6.9261
18.3107	6.9261
18.3181	6.9336
18.3256	6.9336
18.3330	6.9336
18.3405	6.9336
18.3479	6.9336
18.3554	6.9336
18.3629	6.9336
18.3703	6.9411
18.3778	6.9411
18.3852	6.9411
18.3927	6.9411
18.4001	6.9411
18.4001	6.9485
18.4076	6.9485
18.4150	6.9485
18.4225	6.9485
18.4300	6.9560
18.4374	6.9560
18.4449	6.9560
18.4449	6.9634
18.4523	6.9634
18.4598	6.9634
18.4598	6.9709
18.4747	6.9783
18.4747	6.9858
18.4821	6.9858
18.4896	6.9858
18.4896	6.9932
18.4971	6.9932
18.5045	6.9932
18.5045	7.0007
18.5045	7.0082
18.5120	7.0082
18.5194	7.0082
18.5194	7.0156
18.5269	7.0156
18.5343	7.0156
18.5343	7.0231
18.5418	7.0231
18.5418	7.0305
18.5418	7.0380
18.5492	7.0380
18.5567	7.0380
18.5642	7.0454
18.5716	7.0454
18.5716	7.0529
18.5791	7.0529
18.5865	7.0529
18.5940	7.0603
18.6014	7.0678
18.6089	7.0678
18.6163	7.0678
18.6238	7.0753
18.6313	7.0753
18.6387	7.0753
18.6387	7.0827
18.6462	7.0827
18.6536	7.0827
18.6611	7.0827
18.6685	7.0827
18.6685	7.0902
18.6760	7.0902
18.6834	7.0902
18.6909	7.0902
18.6984	7.0902
18.7058	7.0902
18.7133	7.0976
18.7207	7.0976
18.7282	7.0976
18.7356	7.0976
18.7431	7.0976
18.7505	7.0976
18.7505	7.1051
18.7580	7.1051
18.7655	7.1051
18.7729	7.1051
18.7804	7.1051
18.7878	7.1051
18.7953	7.1051
18.8027	7.1051
18.8102	7.1051
18.8102	7.1125
18.8176	7.1125
18.8251	7.1125
18.8326	7.1125
18.8400	7.1125
18.8400	7.1200
18.8475	7.1200
18.8549	7.1200
18.8549	7.1274
18.8624	7.1274
18.8624	7.1349
18.8698	7.1349
18.8773	7.1349
18.8773	7.1424
18.8847	7.1424
18.8847	7.1498
18.8922	7.1498
18.8997	7.1498
18.8997	7.1573
18.8997	7.1647
18.9071	7.1647
18.9146	7.1647
18.9146	7.1722
18.9220	7.1722
18.9295	7.1796
18.9369	7.1796
18.9369	7.1871
18.9369	7.1945
18.9444	7.1945
18.9518	7.1945
18.9518	7.2020
18.9593	7.2020
18.9668	7.2020
18.9668	7.2095
18.9742	7.2095
18.9742	7.2169
18.9742	7.2244
18.9817	7.2244
18.9891	7.2244
18.9966	7.2318
19.0040	7.2318
19.0040	7.2393
19.0115	7.2393
19.0189	7.2393
19.0264	7.2467
19.0264	7.2542
19.0339	7.2542
19.0413	7.2616
19.0488	7.2616
19.0562	7.2691
19.0637	7.2691
19.0711	7.2691
19.0711	7.2766
19.0786	7.2840
19.0860	7.2840
19.0935	7.2840
19.0935	7.2915
19.1010	7.2915
19.1084	7.2915
19.1159	7.2915
19.1159	7.2989
19.1233	7.2989
19.1233	7.3064
19.1308	7.3064
19.1382	7.3138
19.1457	7.3213
19.1531	7.3213
19.1606	7.3287
19.1681	7.3287
19.1681	7.3362
19.1755	7.3362
19.1830	7.3362
19.1830	7.3437
19.1904	7.3437
19.1904	7.3511
19.1979	7.3511
19.2053	7.3511
19.2053	7.3586
19.2128	7.3586
19.2202	7.3586
19.2202	7.3660
19.2277	7.3660
19.2277	7.3735
19.2352	7.3735
19.2426	7.3735
19.2501	7.3660
19.2650	7.3586
19.2799	7.3511
19.2948	7.3437
19.3023	7.3362
19.3172	7.3287
19.3246	7.3213
19.3395	7.3138
19.3470	7.3138
19.3544	7.3064
19.3619	7.3064
19.3619	7.2989
19.3694	7.2989
19.3694	7.2915
19.3768	7.2915
19.3768	7.2840
19.3843	7.2840
19.3917	7.2840
19.3917	7.2766
19.3992	7.2766
19.3992	7.2691
19.4066	7.2691
19.4066	7.2616
19.4141	7.2616
19.4141	7.2542
19.4215	7.2542
19.4215	7.2467
19.4290	7.2467
19.4290	7.2393
19.4365	7.2393
19.4365	7.2318
19.4365	7.2244
19.4365	7.2169
19.4439	7.2169
19.4514	7.2169
19.4514	7.2095
19.4514	7.2020
19.4514	7.1945
19.4588	7.1945
19.4588	7.1871
19.4588	7.1796
19.4588	7.1722
19.4588	7.1647
19.4663	7.1647
19.4663	7.1573
19.4663	7.1498
19.4663	7.1424
19.4663	7.1349
19.4663	7.1274
19.4663	7.1200
19.4663	7.1125
19.4663	7.1051
19.4663	7.0976
19.4663	7.0902
19.4663	7.0827
19.4588	7.0827
19.4588	7.0753
19.4588	7.0678
19.4514	7.0678
19.4514	7.0603
19.4514	7.0529
19.4514	7.0454
19.4514	7.0380
19.4514	7.0305
19.4514	7.0231
19.4514	7.0156
19.4514	7.0082
19.4514	7.0007
19.4514	6.9932
19.4588	6.9932
19.4588	6.9858
19.4588	6.9783
19.4663	6.9709
19.4663	6.9634
19.4737	6.9634
19.4737	6.9560
19.4812	6.9560
19.4812	6.9485
19.4812	6.9411
19.4812	6.9336
19.4886	6.9336
19.4886	6.9261
19.4961	6.9261
19.4961	6.9187
19.4961	6.9112
19.5036	6.9112
19.5110	6.9112
19.5110	6.9038
19.5110	6.8963
19.5185	6.8963
19.5185	6.8889
19.5259	6.8889
19.5259	6.8814
19.5334	6.8814
19.5334	6.8740
19.5408	6.8740
19.5408	6.8665
19.5483	6.8665
19.5483	6.8590
19.5557	6.8516
19.5557	6.8441
19.5632	6.8441
19.5632	6.8367
19.5706	6.8367
19.5706	6.8292
19.5706	6.8218
19.5706	6.8143
19.5781	6.8143
19.5781	6.8069
19.5781	6.7994
19.5781	6.7919
19.5781	6.7845
19.5781	6.7770
19.5781	6.7696
19.5781	6.7621
19.5781	6.7547
19.5856	6.7547
19.5856	6.7472
19.5856	6.7398
19.5856	6.7323
19.5856	6.7248
19.5856	6.7174
19.5856	6.7099
19.5856	6.7025
19.5856	6.6950
19.5781	6.6950
19.5781	6.6876
19.5781	6.6801
19.5781	6.6727
19.5781	6.6652
19.5781	6.6577
19.5781	6.6503
19.5781	6.6428
19.5781	6.6354
19.5781	6.6279
19.5781	6.6205
19.5781	6.6130
19.5781	6.6056
19.5781	6.5981
19.5781	6.5906
19.5856	6.5906
19.5856	6.5832
19.5856	6.5757
19.5930	6.5757
19.5930	6.5683
19.6005	6.5608
19.6079	6.5608
19.6154	6.5608
19.6154	6.5534
19.6228	6.5534
19.6303	6.5534
19.6377	6.5459
19.6452	6.5459
19.6527	6.5459
19.6527	6.5385
19.6676	6.5385
19.6676	6.5310
19.6750	6.5310
19.6825	6.5310
19.6825	6.5235
19.6899	6.5235
19.6974	6.5235
19.6974	6.5161
19.7048	6.5086
19.7123	6.5086
19.7198	6.5012
19.7272	6.5012
19.7347	6.4937
19.7421	6.4937
19.7421	6.4863
19.7496	6.4788
19.7570	6.4788
19.7570	6.4714
19.7645	6.4714
19.7719	6.4639
19.7794	6.4639
19.7794	6.4565
19.7869	6.4565
19.7869	6.4490
19.7943	6.4490
19.7943	6.4415
19.8018	6.4415
19.8018	6.4341
19.8092	6.4341
19.8167	6.4341
19.8167	6.4266
19.8241	6.4266
19.8241	6.4192
19.8316	6.4117
19.8390	6.4117
19.8390	6.4043
19.8465	6.4043
19.8540	6.4043
19.8540	6.3968
19.8540	6.3894
19.8614	6.3894
19.8614	6.3819
19.8689	6.3819
19.8763	6.3819
19.8763	6.3744
19.8838	6.3744
19.8838	6.3670
19.8912	6.3595
19.8987	6.3595
19.8987	6.3521
19.8987	6.3446
19.9061	6.3446
19.9061	6.3372
19.9136	6.3372
19.9136	6.3297
19.9136	6.3223
19.9211	6.3223
19.9211	6.3148
19.9285	6.3073
19.9285	6.2999
19.9360	6.2999
19.9360	6.2924
19.9434	6.2924
19.9434	6.2850
19.9509	6.2850
19.9509	6.2775
19.9509	6.2701
19.9509	6.2626
19.9583	6.2626
19.9583	6.2552
19.9658	6.2552
19.9658	6.2477
19.9732	6.2477
19.9732	6.2402
19.9732	6.2328
19.9732	6.2253
19.9807	6.2253
19.9807	6.2179
19.9882	6.2179
19.9882	6.2104
19.9882	6.2030
19.9956	6.1955
20.0031	6.1881
20.0031	6.1806
20.0031	6.1731
20.0105	6.1657
20.0105	6.1582
20.0180	6.1582
20.0180	6.1508
20.0180	6.1433
20.0180	6.1359
20.0254	6.1359
20.0254	6.1284
20.0329	6.1284
20.0329	6.1210
20.0329	6.1135
20.0403	6.1135
20.0403	6.1060
20.0403	6.0986
20.0478	6.0986
20.0478	6.0911
20.0478	6.0837
20.0478	6.0762
20.0553	6.0762
20.0627	6.0762
20.0627	6.0688
20.0702	6.0688
20.0702	6.0613
20.0702	6.0539
20.0776	6.0539
20.0851	6.0464
20.0925	6.0464
20.1000	6.0464
20.1000	6.0389
20.1074	6.0389
20.1149	6.0389
20.1224	6.0389
20.1298	6.0389
20.1298	6.0315
20.1373	6.0315
20.1447	6.0315
20.1522	6.0315
20.1596	6.0315
20.1671	6.0315
20.1745	6.0315
20.1820	6.0315
20.1895	6.0315
20.1969	6.0315
20.2044	6.0315
20.2118	6.0315
20.2193	6.0315
20.2267	6.0315
20.2267	6.0389
20.2342	6.0389
20.2416	6.0389
20.2491	6.0464
20.2566	6.0464
20.2640	6.0464
20.2640	6.0539
20.2715	6.0539
20.2715	6.0613
20.2789	6.0613
20.2864	6.0613
20.2864	6.0688
20.2938	6.0688
20.2938	6.0762
20.3013	6.0762
20.3087	6.0762
20.3087	6.0837
20.3087	6.0911
20.3162	6.0911
20.3162	6.0986
20.3237	6.0986
20.3237	6.1060
20.3311	6.1060
20.3311	6.1135
20.3386	6.1135
20.3386	6.1210
20.3460	6.1210
20.3460	6.1284
20.3535	6.1284
20.3535	6.1359
20.3535	6.1433
20.3535	6.1508
20.3535	6.1582
20.3609	6.1582
20.3609	6.1657
20.3609	6.1731
20.3609	6.1806
20.3609	6.1881
20.3684	6.1881
20.3684	6.1955
20.3684	6.2030
20.3758	6.2030
20.3758	6.2104
20.3758	6.2179
20.3758	6.2253
20.3758	6.2328
20.3758	6.2402
20.3758	6.2477
20.3758	6.2552
20.3758	6.2626
20.3758	6.2701
20.3758	6.2775
20.3758	6.2850
20.3758	6.2924
20.3758	6.2999
20.3758	6.3073
20.3758	6.3148
20.3758	6.3223
20.3758	6.3297
20.3758	6.3372
20.3758	6.3446
20.3758	6.3521
20.3758	6.3595
20.3758	6.3670
20.3758	6.3744
20.3758	6.3819
20.3758	6.3894
20.3758	6.3968
20.3758	6.4043
20.3758	6.4117
20.3758	6.4192
20.3758	6.4266
20.3758	6.4341
20.3758	6.4415
20.3758	6.4490
20.3758	6.4565
20.3758	6.4639
20.3758	6.4714
20.3758	6.4788
20.3758	6.4863
20.3758	6.4937
20.3758	6.5012
20.3758	6.5086
20.3833	6.5086
20.3833	6.5161
20.3833	6.5235
20.3833	6.5310
20.3833	6.5385
20.3833	6.5459
20.3908	6.5534
20.3908	6.5608
20.3908	6.5683
20.3982	6.5683
20.3982	6.5757
20.4057	6.5832
20.4057	6.5906
20.4057	6.5981
20.4131	6.5981
20.4131	6.6056
20.4131	6.6130
20.4206	6.6130
20.4206	6.6205
20.4280	6.6205
20.4280	6.6279
20.4355	6.6279
20.4429	6.6428
20.4504	6.6428
20.4504	6.6503
20.4579	6.6577
20.4653	6.6577
20.4653	6.6652
20.4653	6.6727
20.4728	6.6727
20.4728	6.6801
20.4802	6.6801
20.4802	6.6876
20.4877	6.6876
20.4877	6.6950
20.4951	6.6950
20.4951	6.7025
20.5026	6.7025
20.5026	6.7099
20.5100	6.7099
20.5175	6.7099
20.5250	6.7174
20.5324	6.7174
20.5324	6.7248
20.5399	6.7323
20.5473	6.7323
20.5473	6.7398
20.5548	6.7398
20.5622	6.7472
20.5622	6.7547
20.5697	6.7547
20.5697	6.7621
20.5697	6.7696
20.5771	6.7770
20.5846	6.7845
20.5921	6.7919
20.5921	6.7994
20.5921	6.8069
20.5995	6.8069
20.5995	6.8143
20.5995	6.8218
20.6070	6.8218
20.6070	6.8292
20.6070	6.8367
20.6070	6.8441
20.6144	6.8441
20.6144	6.8516
20.6219	6.8516
20.6219	6.8590
20.6219	6.8665
20.6219	6.8740
20.6219	6.8814
20.6293	6.8814
20.6293	6.8889
20.6293	6.8963
20.6293	6.9038
20.6293	6.9112
20.6368	6.9112
20.6368	6.9187
20.6368	6.9261
20.6368	6.9336
20.6368	6.9411
20.6368	6.9485
20.6368	6.9560
20.6368	6.9634
20.6442	6.9634
20.6442	6.9709
20.6442	6.9783
20.6517	6.9858
20.6517	6.9932
20.6517	7.0007
20.6517	7.0082
20.6517	7.0156
20.6517	7.0231
20.6592	7.0231
20.6592	7.0305
20.6592	7.0380
20.6592	7.0454
20.6592	7.0529
20.6666	7.0603
20.6666	7.0753
20.6666	7.0827
20.6741	7.0902
20.6741	7.0976
20.6741	7.1051
20.6815	7.1051
20.6815	7.1125
20.6815	7.1200
20.6890	7.1200
20.6890	7.1274
20.6890	7.1349
20.6964	7.1349
20.6964	7.1424
20.7039	7.1424
20.7039	7.1498
20.7113	7.1573
20.7113	7.1647
20.7188	7.1647
20.7188	7.1722
20.7262	7.1722
20.7262	7.1796
20.7262	7.1871
20.7337	7.1871
20.7412	7.1945
20.7412	7.2020
20.7486	7.2020
20.7486	7.2095
20.7561	7.2095
20.7561	7.2169
20.7635	7.2318
20.7710	7.2393
20.7710	7.2467
20.7784	7.2467
20.7784	7.2542
20.7859	7.2616
20.7859	7.2691
20.7933	7.2691
20.7933	7.2766
20.7933	7.2840
20.8008	7.2915
20.8083	7.2915
20.8083	7.2989
20.8157	7.3064
20.8157	7.3138
20.8232	7.3138
20.8232	7.3213
20.8232	7.3287
20.8306	7.3287
20.8306	7.3362
20.8381	7.3362
20.8381	7.3437
20.8381	7.3511
20.8381	7.3586
20.8455	7.3586
20.8455	7.3660
20.8455	7.3735
20.8530	7.3809
20.8530	7.3884
20.8530	7.3958
20.8604	7.3958
20.8604	7.4033
20.8679	7.4108
20.8679	7.4182
20.8679	7.4257
20.8754	7.4257
20.8754	7.4331
20.8754	7.4406
20.8754	7.4480
20.8828	7.4480
20.8828	7.4555
20.8828	7.4629
20.8828	7.4704
20.8903	7.4704
20.8903	7.4779
20.8977	7.4853
20.8977	7.4928
20.8977	7.5002
20.9052	7.5077
20.9052	7.5151
20.9126	7.5151
20.9126	7.5226
20.9201	7.5226
20.9201	7.5300
20.9275	7.5300
20.9275	7.5375
20.9275	7.5450
20.9350	7.5450
20.9350	7.5524
20.9425	7.5524
20.9425	7.5599
20.9425	7.5673
20.9499	7.5673
20.9499	7.5748
20.9574	7.5748
20.9574	7.5822
20.9574	7.5897
20.9648	7.5897
20.9648	7.5971
20.9723	7.6046
20.9723	7.6121
20.9797	7.6121
20.9797	7.6195
20.9797	7.6270
20.9872	7.6270
20.9872	7.6344
20.9872	7.6419
20.9946	7.6419
20.9946	7.6493
20.9946	7.6568
20.9946	7.6642
20.9946	7.6717
20.9946	7.6792
20.9946	7.6866
20.9946	7.6941
20.9946	7.7015
20.9946	7.7090
20.9946	7.7164
20.9946	7.7239
20.9946	7.7313
20.9946	7.7388
20.9946	7.7462
20.9946	7.7537
20.9946	7.7612
20.9946	7.7686
20.9946	7.7761
20.9946	7.7835
20.9946	7.7910
20.9946	7.7984
20.9946	7.8059
20.9946	7.8133
20.9946	7.8208
20.9946	7.8283
20.9946	7.8357
20.9946	7.8432
20.9946	7.8506
20.9946	7.8581
20.9946	7.8655
20.9946	7.8730
20.9946	7.8804
20.9946	7.8879
20.9946	7.8954
20.9946	7.9028
20.9946	7.9103
20.9946	7.9177
21.0021	7.9177
21.0021	7.9252
21.0021	7.9326
21.0021	7.9401
21.0096	7.9401
21.0096	7.9475
21.0170	7.9475
21.0170	7.9550
21.0245	7.9550
21.0245	7.9625
21.0245	7.9699
21.0319	7.9699
21.0319	7.9774
21.0394	7.9774
21.0394	7.9848
21.0394	7.9923
21.0468	7.9923
21.0468	7.9997
21.0543	7.9997
21.0543	8.0072
21.0543	8.0146
21.0543	8.0221
21.0543	8.0296
21.0543	8.0370
21.0543	8.0445
21.0543	8.0519
21.0543	8.0594
21.0543	8.0668
21.0543	8.0743
21.0543	8.0817
21.0617	8.0892
21.0617	8.0967
21.0617	8.1041
21.0692	8.1041
21.0692	8.1190
21.0692	8.1265
21.0767	8.1265
21.0841	8.1265
21.0841	8.1339
21.0916	8.1339
21.0916	8.1414
21.0990	8.1414
21.0990	8.1488
21.1065	8.1488
21.1139	8.1488
21.1139	8.1563
21.1214	8.1563
21.1288	8.1563
21.1288	8.1638
21.1363	8.1638
21.1438	8.1638
21.1438	8.1712
21.1512	8.1712
21.1512	8.1787
21.1587	8.1787
21.1587	8.1861
21.1661	8.1861
21.1661	8.1936
21.1736	8.1936
21.1736	8.2010
21.1736	8.2085
21.1810	8.2085
21.1810	8.2159
21.1885	8.2159
21.1885	8.2234
21.1885	8.2309
21.1959	8.2309
21.2034	8.2383
21.2034	8.2458
21.2034	8.2532
21.2109	8.2532
21.2109	8.2607
21.2183	8.2607
21.2183	8.2681
21.2183	8.2756
21.2183	8.2830
21.2258	8.2830
21.2332	8.2830
21.2332	8.2905
21.2407	8.2905
21.2407	8.2980
21.2481	8.2980
21.2556	8.2980
21.2630	8.2980
21.2705	8.2980
21.2705	8.2905
21.2780	8.2905
21.2780	8.2830
21.2780	8.2756
21.2854	8.2756
21.2854	8.2681
21.2854	8.2607
21.2929	8.2607
21.2929	8.2532
21.3003	8.2532
21.3003	8.2458
21.3078	8.2458
21.3078	8.2383
21.3152	8.2309
21.3152	8.2234
21.3227	8.2234
21.3301	8.2159
21.3301	8.2085
21.3376	8.2085
21.3376	8.2010
21.3376	8.1936
21.3451	8.1936
21.3451	8.1861
21.3451	8.1787
21.3525	8.1787
21.3525	8.1712
21.3600	8.1712
21.3600	8.1638
21.3600	8.1563
21.3600	8.1488
21.3600	8.1414
21.3600	8.1339
21.3600	8.1265
21.3600	8.1190
21.3600	8.1116
21.3600	8.1041
21.3600	8.0967
21.3600	8.0892
21.3525	8.0817
21.3525	8.0743
21.3451	8.0743
21.3451	8.0668
21.3451	8.0594
21.3451	8.0519
21.3451	8.0445
21.3451	8.0370
21.3451	8.0296
21.3451	8.0221
21.3451	8.0146
21.3525	8.0146
21.3525	8.0072
21.3600	7.9997
21.3600	7.9923
21.3674	7.9923
21.3674	7.9848
21.3749	7.9848
21.3749	7.9774
21.3749	7.9699
21.3823	7.9699
21.3823	7.9625
21.3898	7.9625
21.3898	7.9550
21.3972	7.9550
21.3972	7.9475
21.3972	7.9401
21.4047	7.9401
21.4047	7.9326
21.4122	7.9252
21.4196	7.9252
21.4196	7.9177
21.4271	7.9177
21.4271	7.9103
21.4345	7.9103
21.4345	7.9028
21.4345	7.8954
21.4420	7.8954
21.4420	7.8879
21.4494	7.8879
21.4494	7.8804
21.4569	7.8804
21.4569	7.8730
21.4569	7.8655
21.4643	7.8655
21.4643	7.8581
21.4643	7.8506
21.4718	7.8432
21.4793	7.8357
21.4793	7.8283
21.4793	7.8208
21.4867	7.8208
21.4867	7.8133
21.4867	7.8059
21.4867	7.7984
21.4942	7.7984
21.4942	7.7910
21.4942	7.7835
21.4942	7.7761
21.4942	7.7686
21.5016	7.7686
21.5016	7.7612
21.5016	7.7537
21.5016	7.7462
21.5016	7.7388
21.5091	7.7388
21.5091	7.7313
21.5091	7.7239
21.5091	7.7164
21.5091	7.7090
21.5091	7.7015
21.5165	7.7015
21.5165	7.6941
21.5165	7.6866
21.5165	7.6792
21.5165	7.6717
21.5165	7.6642
21.5165	7.6568
21.5165	7.6493
21.5240	7.6493
21.5240	7.6419
21.5240	7.6344
21.5240	7.6270
21.5240	7.6195
21.5314	7.6195
21.5314	7.6121
21.5314	7.6046
21.5389	7.6046
21.5464	7.5971
21.5464	7.5897
21.5464	7.5822
21.5538	7.5822
21.5538	7.5748
21.5613	7.5748
21.5613	7.5673
21.5613	7.5599
21.5687	7.5599
21.5687	7.5524
21.5762	7.5524
21.5762	7.5450
21.5836	7.5450
21.5911	7.5450
21.5911	7.5375
21.5985	7.5300
21.6060	7.5300
21.6060	7.5226
21.6135	7.5226
21.6209	7.5226
21.6209	7.5151
21.6284	7.5151
21.6358	7.5151
21.6433	7.5151
21.6433	7.5077
21.6507	7.5077
21.6582	7.5077
21.6656	7.5077
21.6731	7.5002
21.6806	7.5002
21.6880	7.5002
21.6955	7.5002
21.7029	7.5002
21.7104	7.5002
21.7178	7.5002
21.7253	7.5002
21.7327	7.5002
21.7402	7.5002
21.7477	7.5002
21.7551	7.5002
21.7626	7.5002
21.7700	7.5002
21.7700	7.4928
21.7775	7.4928
21.7849	7.4928
21.7924	7.4928
21.7998	7.4928
21.8073	7.4928
21.8148	7.4928
21.8222	7.4928
21.8297	7.4928
21.8371	7.4928
21.8446	7.4928
21.8520	7.4928
21.8595	7.4928
21.8669	7.4853
21.8744	7.4853
21.8819	7.4853
21.8968	7.4779
21.9117	7.4779
21.9191	7.4704
21.9266	7.4704
21.9340	7.4704
21.9415	7.4704
21.9489	7.4629
21.9564	7.4629
21.9639	7.4629
21.9713	7.4629
21.9713	7.4555
21.9788	7.4555
21.9862	7.4555
21.9862	7.4480
21.9937	7.4480
22.0011	7.4480
22.0011	7.4406
22.0086	7.4406
22.0160	7.4331
22.0235	7.4331
22.0235	7.4257
22.0310	7.4257
22.0384	7.4257
22.0459	7.4257
22.0459	7.4182
22.0533	7.4182
22.0533	7.4108
22.0608	7.4108
22.0682	7.4033
22.0757	7.4033
22.0831	7.4033
22.0831	7.3958
22.0906	7.3958
22.0981	7.3958
22.0981	7.3884
22.1055	7.3884
22.1055	7.3809
22.1055	7.3735
22.1130	7.3735
22.1130	7.3660
22.1130	7.3586
22.1130	7.3511
22.1130	7.3437
22.1130	7.3362
22.1130	7.3287
22.1130	7.3213
22.1130	7.3138
22.1130	7.3064
22.1130	7.2989
22.1130	7.2840
22.1130	7.2766
22.1130	7.2691
22.1130	7.2616
22.1130	7.2542
22.1130	7.2467
22.1130	7.2393
22.1130	7.2318
22.1130	7.2244
22.1130	7.2169
22.1130	7.2095
22.1130	7.2020
22.1130	7.1945
22.1130	7.1871
22.1130	7.1796
22.1130	7.1722
22.1130	7.1647
22.1055	7.1573
22.1055	7.1498
22.1055	7.1424
22.0981	7.1424
22.0981	7.1274
22.0981	7.1200
22.0906	7.1125
22.0906	7.1051
22.0906	7.0976
22.0906	7.0902
22.0906	7.0827
22.0906	7.0753
22.0906	7.0678
22.0831	7.0678
22.0831	7.0603
22.0831	7.0529
22.0831	7.0454
22.0831	7.0380
22.0831	7.0305
22.0831	7.0231
22.0831	7.0156
22.0831	7.0082
22.0831	7.0007
22.0831	6.9932
22.0831	6.9858
22.0831	6.9783
22.0831	6.9709
22.0831	6.9634
22.0906	6.9634
22.0906	6.9560
22.0981	6.9560
22.0981	6.9485
22.1055	6.9411
22.1055	6.9336
22.1130	6.9336
22.1130	6.9261
22.1204	6.9261
22.1279	6.9261
22.1279	6.9187
22.1279	6.9112
22.1353	6.9112
22.1353	6.9038
22.1428	6.9038
22.1428	6.8963
22.1428	6.8889
22.1502	6.8814
22.1577	6.8740
22.1577	6.8665
22.1652	6.8665
22.1652	6.8590
22.1652	6.8516
22.1726	6.8516
22.1726	6.8441
22.1801	6.8367
22.1875	6.8292
22.1875	6.8218
22.1950	6.8143
22.1950	6.8069
22.1950	6.7994
22.2024	6.7919
22.2024	6.7845
22.2099	6.7845
22.2099	6.7770
22.2099	6.7696
22.2099	6.7621
22.2173	6.7621
22.2173	6.7547
22.2248	6.7547
22.2248	6.7472
22.2248	6.7398
22.2323	6.7398
22.2323	6.7323
22.2323	6.7248
22.2323	6.7174
22.2397	6.7174
22.2397	6.7099
22.2397	6.7025
22.2472	6.7025
22.2472	6.6950
22.2546	6.6876
22.2546	6.6801
22.2621	6.6801
22.2621	6.6727
22.2621	6.6652
22.2621	6.6577
22.2621	6.6503
22.2695	6.6503
22.2695	6.6428
22.2695	6.6354
22.2695	6.6279
22.2695	6.6205
22.2695	6.6130
22.2695	6.6056
22.2695	6.5981
22.2695	6.5906
22.2695	6.5832
22.2695	6.5757
22.2695	6.5683
22.2695	6.5608
22.2695	6.5534
22.2621	6.5385
22.2621	6.5310
22.2546	6.5235
22.2546	6.5161
22.2472	6.5086
22.2397	6.5012
22.2397	6.4937
22.2323	6.4937
22.2323	6.4863
22.2323	6.4788
22.2248	6.4788
22.2173	6.4788
22.2099	6.4788
22.2024	6.4714
22.1950	6.4714
22.1875	6.4639
22.1801	6.4639
22.1801	6.4565
22.1726	6.4490
22.1726	6.4341
22.1652	6.4341
22.1652	6.4192
22.1652	6.4117
22.1577	6.4117
22.1577	6.4043
22.1502	6.3968
22.1502	6.3894
22.1502	6.3819
22.1502	6.3744
22.1502	6.3670
22.1428	6.3670
22.1428	6.3595
22.1428	6.3521
22.1428	6.3446
22.1428	6.3372
22.1428	6.3297
22.1353	6.3297
22.1353	6.3223
22.1353	6.3148
22.1353	6.3073
22.1353	6.2999
22.1353	6.2924
22.1353	6.2850
22.1353	6.2775
22.1353	6.2701
22.1353	6.2626
22.1353	6.2552
22.1353	6.2477
22.1353	6.2402
22.1353	6.2328
22.1353	6.2253
22.1353	6.2179
22.1353	6.2104
22.1353	6.2030
22.1353	6.1955
22.1353	6.1881
22.1353	6.1806
22.1428	6.1731
22.1428	6.1657
22.1428	6.1582
22.1502	6.1582
22.1502	6.1508
22.1577	6.1433
22.1577	6.1359
22.1577	6.1284
22.1652	6.1284
22.1652	6.1210
22.1652	6.1135
22.1726	6.1135
22.1726	6.1060
22.1801	6.0986
22.1875	6.0986
22.1875	6.0911
22.1875	6.0837
22.1950	6.0837
22.1950	6.0762
22.2024	6.0762
22.2024	6.0688
22.2099	6.0688
22.2099	6.0613
22.2099	6.0539
22.2173	6.0539
22.2248	6.0464
22.2248	6.0389
22.2323	6.0389
22.2323	6.0315
22.2397	6.0315
22.2397	6.0240
22.2472	6.0240
22.2472	6.0166
22.2546	6.0166
22.2546	6.0091
22.2621	6.0091
22.2621	6.0017
22.2695	6.0017
22.2695	5.9942
22.2770	5.9942
22.2844	5.9868
22.2844	5.9793
22.2919	5.9793
22.2919	5.9718
22.2994	5.9718
22.2994	5.9644
22.3068	5.9644
22.3143	5.9569
22.3143	5.9495
22.3217	5.9495
22.3292	5.9495
22.3292	5.9420
22.3441	5.9346
22.3441	5.9271
22.3515	5.9271
22.3590	5.9271
22.3590	5.9197
22.3665	5.9197
22.3739	5.9197
22.3739	5.9122
22.3814	5.9122
22.3888	5.9122
22.3963	5.9122
22.4037	5.9122
22.4037	5.9047
22.4112	5.9047
22.4186	5.9047
22.4261	5.9047
22.4336	5.9047
22.4410	5.9047
22.4485	5.9047
22.4559	5.9047
22.4634	5.9047
22.4708	5.9047
22.4708	5.9122
22.4783	5.9122
22.4857	5.9122
22.4857	5.9197
22.4932	5.9197
22.5007	5.9197
22.5081	5.9197
22.5081	5.9271
22.5156	5.9271
22.5156	5.9346
22.5230	5.9346
22.5305	5.9346
22.5305	5.9420
22.5379	5.9420
22.5379	5.9495
22.5454	5.9495
22.5454	5.9569
22.5454	5.9644
22.5528	5.9644
22.5603	5.9644
22.5603	5.9718
22.5678	5.9718
22.5678	5.9793
22.5752	5.9793
22.5752	5.9868
22.5827	5.9868
22.5827	5.9942
22.5901	5.9942
22.5976	5.9942
22.5976	6.0017
22.6050	6.0017
22.6125	6.0017
22.6199	6.0017
22.6199	6.0091
22.6274	6.0091
22.6274	6.0166
22.6349	6.0166
22.6423	6.0240
22.6498	6.0315
22.6572	6.0315
22.6647	6.0315
22.6647	6.0389
22.6721	6.0389
22.6796	6.0389
22.6796	6.0464
22.6870	6.0464
22.6945	6.0464
22.7020	6.0464
22.7094	6.0464
22.7169	6.0464
22.7243	6.0464
22.7243	6.0389
22.7318	6.0389
22.7392	6.0389
22.7467	6.0389
22.7467	6.0315
22.7541	6.0315
22.7616	6.0315
22.7691	6.0315
22.7765	6.0240
22.7840	6.0240
22.7914	6.0240
22.7914	6.0166
22.7989	6.0166
22.8063	6.0166
22.8138	6.0166
22.8138	6.0091
22.8212	6.0091
22.8362	6.0017
22.8436	6.0017
22.8511	6.0017
22.8511	5.9942
22.8585	5.9942
22.8660	5.9942
22.8734	5.9942
22.8734	6.0017
22.8809	6.0017
22.8809	6.0091
22.8809	6.0166
22.8809	6.0240
22.8883	6.0240
22.8883	6.0315
22.8958	6.0315
22.8958	6.0389
22.8958	6.0464
22.8958	6.0539
22.9033	6.0539
22.9033	6.0613
22.9033	6.0688
22.9033	6.0762
22.9107	6.0762
22.9107	6.0911
22.9107	6.0986
22.9107	6.1060
22.9182	6.1060
22.9182	6.1135
22.9182	6.1210
22.9182	6.1284
22.9182	6.1359
22.9182	6.1433
22.9182	6.1508
22.9182	6.1582
22.9182	6.1657
22.9182	6.1731
22.9182	6.1806
22.9182	6.1881
22.9182	6.1955
22.9182	6.2030
22.9107	6.2104
22.9107	6.2179
22.9107	6.2253
22.9107	6.2328
22.9107	6.2402
22.9107	6.2477
22.9107	6.2552
22.9107	6.2626
22.9182	6.2626
22.9182	6.2701
22.9182	6.2775
22.9182	6.2850
22.9256	6.2850
22.9256	6.2924
22.9331	6.2924
22.9331	6.2999
22.9331	6.3073
22.9331	6.3148
22.9405	6.3148
22.9405	6.3223
22.9405	6.3297
22.9405	6.3372
22.9405	6.3446
22.9405	6.3521
22.9405	6.3595
22.9405	6.3670
22.9405	6.3744
22.9405	6.3819
22.9405	6.3894
22.9405	6.3968
22.9405	6.4043
22.9405	6.4117
22.9405	6.4192
22.9405	6.4266
22.9331	6.4266
22.9331	6.4341
22.9256	6.4341
22.9256	6.4415
22.9256	6.4490
22.9256	6.4565
22.9182	6.4565
22.9182	6.4639
22.9182	6.4714
22.9107	6.4714
22.9107	6.4788
22.9107	6.4863
22.9107	6.4937
22.9033	6.5012
22.9033	6.5086
22.9033	6.5161
22.8958	6.5235
22.8883	6.5235
22.8883	6.5310
22.8883	6.5385
22.8883	6.5459
22.8809	6.5459
22.8809	6.5534
22.8809	6.5608
22.8809	6.5683
22.8809	6.5757
22.8809	6.5832
22.8734	6.5832
22.8734	6.5906
22.8734	6.5981
22.8734	6.6056
22.8734	6.6130
22.8734	6.6205
22.8734	6.6279
22.8734	6.6354
22.8734	6.6428
22.8734	6.6503
22.8734	6.6577
22.8734	6.6652
22.8809	6.6652
22.8809	6.6727
22.8809	6.6801
22.8883	6.6801
22.8958	6.6801
22.8958	6.6876
22.8958	6.6950
22.8958	6.7025
22.9033	6.7025
22.9033	6.7099
22.9033	6.7174
22.9107	6.7174
22.9107	6.7248
22.9182	6.7248
22.9182	6.7323
22.9182	6.7398
22.9256	6.7398
22.9331	6.7398
22.9331	6.7472
22.9405	6.7472
22.9405	6.7547
22.9480	6.7547
22.9480	6.7621
22.9554	6.7621
22.9554	6.7696
22.9629	6.7696
22.9704	6.7696
22.9778	6.7696
22.9778	6.7621
22.9853	6.7547
22.9927	6.7472
23.0002	6.7323
23.0002	6.7248
23.0002	6.7174
23.0076	6.7099
23.0076	6.7025
23.0076	6.6950
23.0076	6.6876
23.0151	6.6876
23.0151	6.6801
23.0151	6.6727
23.0151	6.6652
23.0151	6.6577
23.0225	6.6577
23.0225	6.6503
23.0225	6.6428
23.0225	6.6354
23.0225	6.6279
23.0225	6.6205
23.0300	6.6130
23.0300	6.6056
23.0300	6.5981
23.0375	6.5981
23.0375	6.5906
23.0375	6.5832
23.0449	6.5757
23.0524	6.5683
23.0524	6.5608
23.0598	6.5608
23.0598	6.5534
23.0673	6.5459
23.0673	6.5385
23.0747	6.5385
23.0822	6.5310
23.0822	6.5235
23.0822	6.5161
23.0896	6.5086
23.0896	6.5012
23.0971	6.4937
23.0971	6.4863
23.0971	6.4788
23.0971	6.4714
23.0971	6.4639
23.0971	6.4565
23.1045	6.4565
23.1045	6.4490
23.1045	6.4415
23.1045	6.4341
23.1045	6.4266
23.1045	6.4192
23.1045	6.4117
23.1045	6.4043
23.1045	6.3968
23.1045	6.3894
23.1045	6.3819
23.1120	6.3819
23.1120	6.3744
23.1195	6.3744
23.1195	6.3670
23.1195	6.3595
23.1269	6.3595
23.1269	6.3521
23.1344	6.3521
23.1418	6.3446
23.1418	6.3372
23.1493	6.3297
23.1567	6.3297
23.1567	6.3223
23.1642	6.3223
23.1642	6.3148
23.1716	6.3148
23.1791	6.3148
23.1791	6.3073
23.1791	6.2999
23.1866	6.2999
23.1940	6.2924
23.1940	6.2850
23.2015	6.2850
23.2089	6.2850
23.2164	6.2701
23.2238	6.2701
23.2313	6.2626
23.2387	6.2626
23.2462	6.2552
23.2537	6.2477
23.2611	6.2402
23.2686	6.2328
23.2760	6.2253
23.2835	6.2253
23.2984	6.2179
23.2984	6.2104
23.3058	6.2104
23.3133	6.2030
23.3133	6.1955
23.3282	6.1955
23.3357	6.1881
23.3431	6.1806
23.3431	6.1731
23.3506	6.1731
23.3580	6.1731
23.3580	6.1657
23.3655	6.1657
23.3655	6.1582
23.3729	6.1582
23.3729	6.1508
23.3804	6.1508
23.3879	6.1433
23.3953	6.1433
23.3953	6.1359
23.4028	6.1359
23.4028	6.1284
23.4102	6.1284
23.4102	6.1210
23.4177	6.1210
23.4177	6.1135
23.4251	6.1135
23.4326	6.1135
23.4326	6.1060
23.4400	6.1060
23.4475	6.1060
23.4550	6.0986
23.4624	6.0986
23.4699	6.0986
23.4848	6.0986
23.4922	6.0986
23.4997	6.0911
23.5071	6.0911
23.5146	6.0911
23.5221	6.0911
23.5295	6.0911
23.5370	6.0911
23.5444	6.0911
23.5519	6.0911
23.5593	6.0911
23.5668	6.0911
23.5742	6.0911
23.5817	6.0911
23.5892	6.0911
23.5966	6.0911
23.6041	6.0911
23.6115	6.0911
23.6190	6.0911
23.6264	6.0911
23.6339	6.0911
23.6413	6.0911
23.6413	6.0986
23.6488	6.0986
23.6563	6.0986
23.6563	6.1060
23.6637	6.1060
23.6712	6.1060
23.6786	6.1060
23.6786	6.1135
23.6861	6.1135
23.6861	6.1210
23.6935	6.1210
23.6935	6.1284
23.7010	6.1284
23.7084	6.1284
23.7084	6.1359
23.7159	6.1359
23.7159	6.1433
23.7159	6.1508
23.7234	6.1508
23.7308	6.1582
23.7308	6.1657
23.7383	6.1657
23.7383	6.1731
23.7457	6.1806
23.7532	6.1806
23.7532	6.1881
23.7606	6.1881
23.7606	6.1955
23.7681	6.1955
23.7681	6.2030
23.7681	6.2104
23.7755	6.2104
23.7755	6.2179
23.7830	6.2179
23.7830	6.2253
23.7905	6.2253
23.7905	6.2328
23.7979	6.2328
23.7979	6.2402
23.7979	6.2477
23.8054	6.2477
23.8054	6.2552
23.8128	6.2552
23.8128	6.2626
23.8203	6.2626
23.8203	6.2701
23.8203	6.2775
23.8277	6.2775
23.8277	6.2850
23.8277	6.2924
23.8277	6.2999
23.8277	6.3073
23.8277	6.3148
23.8352	6.3148
23.8352	6.3223
23.8352	6.3297
23.8352	6.3372
23.8352	6.3446
23.8352	6.3521
23.8352	6.3595
23.8352	6.3670
23.8352	6.3744
23.8352	6.3819
23.8352	6.3894
23.8352	6.3968
23.8352	6.4043
23.8352	6.4117
23.8352	6.4192
23.8352	6.4266
23.8352	6.4341
23.8352	6.4415
23.8352	6.4490
23.8352	6.4565
23.8352	6.4639
23.8352	6.4714
23.8352	6.4788
23.8352	6.4863
23.8352	6.4937
23.8277	6.4937
23.8277	6.5012
23.8277	6.5086
23.8277	6.5161
23.8203	6.5235
23.8203	6.5310
23.8128	6.5310
23.8128	6.5385
23.8128	6.5459
23.8054	6.5534
23.8054	6.5608
23.7979	6.5608
23.7979	6.5683
23.7979	6.5757
23.7979	6.5832
23.7905	6.5832
23.7905	6.5906
23.7830	6.5906
23.7830	6.5981
23.7830	6.6056
23.7755	6.6130
23.7755	6.6205
23.7681	6.6205
23.7681	6.6279
23.7606	6.6279
23.7606	6.6354
23.7532	6.6428
23.7532	6.6503
23.7457	6.6503
23.7457	6.6577
23.7457	6.6652
23.7383	6.6652
23.7383	6.6727
23.7383	6.6801
23.7308	6.6801
23.7308	6.6876
23.7234	6.6876
23.7234	6.6950
23.7234	6.7025
23.7159	6.7025
23.7159	6.7099
23.7159	6.7174
23.7084	6.7174
23.7084	6.7248
23.7084	6.7323
23.7010	6.7323
23.6935	6.7398
23.6935	6.7472
23.6861	6.7472
23.6861	6.7547
23.6861	6.7696
23.6786	6.7696
23.6786	6.7770
23.6786	6.7845
23.6712	6.7845
23.6637	6.7919
23.6637	6.7994
23.6637	6.8069
23.6563	6.8069
23.6563	6.8143
23.6563	6.8218
23.6488	6.8292
23.6488	6.8367
23.6488	6.8441
23.6488	6.8516
23.6413	6.8516
23.6413	6.8590
23.6413	6.8665
23.6413	6.8740
23.6413	6.8814
23.6339	6.8889
23.6339	6.8963
23.6339	6.9038
23.6264	6.9038
23.6264	6.9112
23.6264	6.9187
23.6264	6.9261
23.6264	6.9336
23.6190	6.9336
23.6190	6.9411
23.6190	6.9485
23.6190	6.9560
23.6190	6.9634
23.6115	6.9634
23.6115	6.9709
23.6115	6.9783
23.6041	6.9858
23.6041	6.9932
23.5966	6.9932
23.5892	7.0007
23.5892	7.0156
23.5817	7.0231
23.5817	7.0305
23.5742	7.0305
23.5668	7.0380
23.5668	7.0454
23.5593	7.0454
23.5593	7.0529
23.5519	7.0529
23.5519	7.0603
23.5444	7.0603
23.5370	7.0603
23.5370	7.0678
23.5295	7.0678
23.5295	7.0753
23.5221	7.0753
23.5221	7.0827
23.5146	7.0827
23.5146	7.0902
23.5071	7.0902
23.4997	7.0902
23.4997	7.0976
23.4997	7.1051
23.4922	7.1051
23.4922	7.1125
23.4848	7.1125
23.4773	7.1125
23.4773	7.1200
23.4699	7.1200
23.4699	7.1274
23.4624	7.1274
23.4624	7.1349
23.4550	7.1349
23.4475	7.1424
23.4400	7.1424
23.4400	7.1498
23.4326	7.1498
23.4326	7.1573
23.4251	7.1573
23.4251	7.1647
23.4177	7.1647
23.4102	7.1647
23.4028	7.1722
23.3953	7.1796
23.3879	7.1796
23.3804	7.1796
23.3729	7.1871
23.3655	7.1945
23.3580	7.1945
23.3506	7.1945
23.3506	7.2020
23.3431	7.2020
23.3431	7.2095
23.3357	7.2095
23.3282	7.2095
23.3208	7.2169
23.3133	7.2169
23.3058	7.2244
23.3058	7.2318
23.2984	7.2318
23.2984	7.2393
23.2909	7.2393
23.2909	7.2467
23.2835	7.2467
23.2835	7.2542
23.2835	7.2616
23.2760	7.2616
23.2760	7.2691
23.2760	7.2766
23.2760	7.2840
23.2686	7.2840
23.2686	7.2915
23.2686	7.2989
23.2686	7.3064
23.2686	7.3138
23.2760	7.3138
23.2760	7.3213
23.2835	7.3213
23.2909	7.3213
23.2984	7.3287
23.3058	7.3287
23.3133	7.3287
23.3208	7.3287
23.3282	7.3287
23.3357	7.3287
23.3431	7.3287
23.3506	7.3287
23.3580	7.3287
23.3655	7.3287
23.3729	7.3287
23.3729	7.3213
23.3879	7.3138
23.3879	7.3064
23.3953	7.2989
23.4028	7.2989
23.4102	7.2840
23.4177	7.2840
23.4177	7.2766
23.4251	7.2766
23.4326	7.2766
23.4326	7.2691
23.4400	7.2691
23.4475	7.2691
23.4475	7.2616
23.4550	7.2616
23.4624	7.2616
23.4699	7.2542
23.4773	7.2542
23.4848	7.2542
23.4922	7.2467
23.4997	7.2467
23.5146	7.2467
23.5295	7.2393
23.5370	7.2393
23.5444	7.2393
23.5519	7.2393
23.5593	7.2318
23.5742	7.2318
23.5742	7.2244
23.5817	7.2244
23.5892	7.2244
23.5966	7.2244
23.6041	7.2244
23.6190	7.2169
23.6339	7.2169
23.6413	7.2095
23.6563	7.2095
23.6637	7.2095
23.6712	7.2095
23.6786	7.2095
23.6786	7.2020
23.6861	7.2020
23.7010	7.2020
23.7159	7.2020
23.7308	7.2020
23.7457	7.1945
23.7606	7.1945
23.7755	7.1871
23.7905	7.1871
23.7979	7.1871
23.8054	7.1871
23.8128	7.1796
23.8203	7.1796
23.8277	7.1796
23.8352	7.1796
23.8352	7.1722
23.8426	7.1722
23.8501	7.1722
23.8501	7.1647
23.8576	7.1573
23.8650	7.1573
23.8725	7.1573
23.8725	7.1498
23.8799	7.1498
23.8874	7.1498
23.8874	7.1424
23.8948	7.1424
23.8948	7.1349
23.9023	7.1274
23.9023	7.1200
23.9097	7.1200
23.9172	7.1200
23.9172	7.1125
23.9247	7.1125
23.9247	7.1051
23.9247	7.0976
23.9321	7.0976
23.9321	7.0902
23.9396	7.0902
23.9470	7.0902
23.9470	7.0827
23.9545	7.0827
23.9619	7.0827
23.9619	7.0753
23.9694	7.0753
23.9768	7.0753
23.9843	7.0753
23.9918	7.0753
23.9992	7.0753
24.0141	7.0753
24.0216	7.0753
24.0365	7.0753
24.0514	7.0753
24.0663	7.0753
24.0738	7.0753
24.0812	7.0753
24.0887	7.0753
24.0961	7.0753
24.1036	7.0753
24.1110	7.0753
24.1185	7.0753
24.1260	7.0753
24.1334	7.0753
24.1409	7.0753
24.1483	7.0753
24.1632	7.0753
24.1707	7.0753
24.1781	7.0753
24.1856	7.0753
24.1931	7.0753
24.2005	7.0678
24.2080	7.0678
24.2229	7.0678
24.2229	7.0603
24.2303	7.0603
24.2378	7.0603
24.2452	7.0603
24.2527	7.0529
24.2601	7.0529
24.2601	7.0454
24.2676	7.0454
24.2751	7.0454
24.2825	7.0380
24.2900	7.0380
24.2974	7.0380
24.2974	7.0305
24.3049	7.0305
24.3123	7.0305
24.3198	7.0305
24.3198	7.0231
24.3272	7.0231
24.3347	7.0231
24.3422	7.0231
24.3422	7.0156
24.3496	7.0082
24.3571	7.0082
24.3645	7.0082
24.3645	7.0007
24.3794	7.0007
24.3869	7.0007
24.3869	6.9932
24.3943	6.9932
24.4018	6.9932
24.4018	6.9858
24.4093	6.9858
24.4167	6.9858
24.4167	6.9783
24.4242	6.9783
24.4316	6.9783
24.4391	6.9783
24.4391	6.9709
24.4465	6.9709
24.4540	6.9709
24.4614	6.9709
24.4689	6.9634
24.4764	6.9634
24.4838	6.9634
24.4913	6.9634
24.4987	6.9560
24.5062	6.9560
24.5136	6.9560
24.5211	6.9560
24.5285	6.9560
24.5360	6.9560
24.5360	6.9485
24.5435	6.9485
24.5509	6.9485
24.5584	6.9485
24.5658	6.9411
24.5733	6.9411
24.5807	6.9411
24.5882	6.9411
24.6031	6.9411
24.6106	6.9411
24.6255	6.9411
24.6329	6.9336
24.6404	6.9336
24.6553	6.9336
24.6627	6.9336
24.6702	6.9336
24.6851	6.9336
24.6926	6.9336
24.7075	6.9336
24.7224	6.9336
24.7373	6.9336
24.7522	6.9261
24.7597	6.9261
24.7746	6.9261
24.7820	6.9261
24.7895	6.9261
24.7969	6.9261
24.8044	6.9261
24.8119	6.9261
24.8193	6.9261
24.8193	6.9336
24.8268	6.9336
24.8342	6.9336
24.8417	6.9336
24.8417	6.9411
24.8417	6.9485
24.8491	6.9485
24.8491	6.9560
24.8566	6.9560
24.8566	6.9634
24.8640	6.9634
24.8715	6.9709
24.8715	6.9783
24.8715	6.9858
24.8790	6.9932
24.8790	7.0007
24.8790	7.0082
24.8790	7.0156
24.8864	7.0156
24.8864	7.0231
24.8864	7.0305
24.8864	7.0380
24.8864	7.0454
24.8939	7.0454
24.8939	7.0529
24.8939	7.0603
24.8939	7.0678
24.8939	7.0753
24.8939	7.0827
24.8939	7.0902
24.8939	7.0976
24.8939	7.1051
24.8939	7.1125
24.8939	7.1200
24.8939	7.1274
24.8939	7.1349
24.8939	7.1424
24.8939	7.1498
24.8939	7.1573
24.8864	7.1647
24.8864	7.1722
24.8864	7.1796
24.8790	7.1796
24.8790	7.1871
24.8790	7.1945
24.8715	7.1945
24.8715	7.2020
24.8640	7.2020
24.8640	7.2095
24.8566	7.2095
24.8566	7.2169
24.8566	7.2244
24.8491	7.2318
24.8417	7.2393
24.8342	7.2393
24.8342	7.2467
24.8268	7.2616
24.8268	7.2691
24.8193	7.2691
24.8193	7.2766
24.8119	7.2766
24.8044	7.2840
24.7969	7.2915
24.7895	7.2915
24.7895	7.2989
24.7820	7.2989
24.7820	7.3064
24.7746	7.3064
24.7746	7.3138
24.7671	7.3138
24.7597	7.3213
24.7522	7.3213
24.7522	7.3287
24.7373	7.3362
24.7298	7.3362
24.7224	7.3511
24.7149	7.3511
24.7075	7.3586
24.7075	7.3660
24.7000	7.3660
24.6926	7.3735
24.6926	7.3809
24.6851	7.3809
24.6777	7.3809
24.6777	7.3884
24.6702	7.3884
24.6627	7.3958
24.6478	7.4033
24.6404	7.4108
24.6329	7.4108
24.6329	7.4182
24.6255	7.4182
24.6180	7.4257
24.6106	7.4331
24.6106	7.4406
24.6031	7.4406
24.6031	7.4480
24.5956	7.4480
24.5956	7.4555
24.5882	7.4555
24.5882	7.4629
24.5807	7.4629
24.5807	7.4704
24.5733	7.4779
24.5733	7.4853
24.5658	7.4853
24.5658	7.4928
24.5584	7.5002
24.5584	7.5077
24.5509	7.5077
24.5509	7.5151
24.5509	7.5226
24.5435	7.5226
24.5435	7.5300
24.5435	7.5375
24.5435	7.5450
24.5435	7.5524
24.5360	7.5524
24.5360	7.5599
24.5360	7.5673
24.5360	7.5748
24.5285	7.5748
24.5285	7.5822
24.5211	7.5822
24.5211	7.5897
24.5211	7.5971
24.5136	7.5971
24.5136	7.6046
24.5062	7.6121
24.5062	7.6270
24.4913	7.6270
24.4913	7.6344
24.4913	7.6419
24.4838	7.6419
24.4838	7.6493
24.4764	7.6493
24.4764	7.6568
24.4689	7.6568
24.4689	7.6642
24.4614	7.6642
24.4540	7.6717
24.4540	7.6792
24.4465	7.6792
24.4391	7.6792
24.4316	7.6866
24.4316	7.6941
24.4242	7.6941
24.4167	7.7015
24.4093	7.7015
24.4018	7.7015
24.4018	7.7090
24.3943	7.7090
24.3943	7.7164
24.3869	7.7164
24.3794	7.7239
24.3720	7.7239
24.3645	7.7313
24.3571	7.7313
24.3571	7.7388
24.3496	7.7388
24.3422	7.7388
24.3347	7.7462
24.3272	7.7462
24.3272	7.7537
24.3198	7.7537
24.3123	7.7612
24.3049	7.7612
24.2974	7.7612
24.2900	7.7612
24.2900	7.7686
24.2825	7.7686
24.2751	7.7686
24.2676	7.7761
24.2601	7.7835
24.2452	7.7835
24.2378	7.7910
24.2229	7.7910
24.2154	7.7910
24.2080	7.7984
24.2005	7.7984
24.1931	7.7984
24.1856	7.7984
24.1781	7.8059
24.1707	7.8059
24.1632	7.8133
24.1483	7.8133
24.1409	7.8208
24.1334	7.8208
24.1185	7.8283
24.1110	7.8283
24.1036	7.8357
24.0887	7.8432
24.0812	7.8432
24.0738	7.8432
24.0738	7.8506
24.0663	7.8506
24.0589	7.8506
24.0514	7.8506
24.0514	7.8581
24.0439	7.8581
24.0365	7.8581
24.0365	7.8655
24.0290	7.8655
24.0216	7.8655
24.0216	7.8730
24.0141	7.8730
24.0067	7.8804
23.9992	7.8804
23.9918	7.8879
23.9843	7.8879
23.9843	7.8954
23.9768	7.9028
23.9694	7.9028
23.9619	7.9103
23.9545	7.9103
23.9545	7.9177
23.9470	7.9177
23.9396	7.9252
23.9321	7.9326
23.9321	7.9401
23.9247	7.9401
23.9172	7.9475
23.9097	7.9550
23.9023	7.9550
23.9023	7.9625
23.9023	7.9699
23.8948	7.9699
23.8948	7.9774
23.8874	7.9774
23.8874	7.9848
23.8799	7.9848
23.8799	7.9923
23.8799	7.9997
23.8725	7.9997
23.8725	8.0072
23.8725	8.0146
23.8650	8.0146
23.8650	8.0221
23.8650	8.0296
23.8576	8.0370
23.8576	8.0445
23.8501	8.0445
23.8426	8.0594
23.8426	8.0668
23.8352	8.0668
23.8352	8.0743
23.8352	8.0817
23.8277	8.0892
23.8277	8.0967
23.8203	8.0967
23.8128	8.1041
23.8054	8.1041
23.8054	8.1190
23.7979	8.1190
23.7905	8.1265
23.7830	8.1339
23.7755	8.1414
23.7681	8.1488
23.7681	8.1563
23.7606	8.1563
23.7532	8.1563
23.7532	8.1638
23.7457	8.1638
23.7383	8.1712
23.7308	8.1712
23.7234	8.1787
23.7159	8.1861
23.7084	8.1861
23.7084	8.1936
23.7010	8.1936
23.6935	8.1936
23.6935	8.2010
23.6861	8.2010
23.6786	8.2010
23.6786	8.2085
23.6712	8.2159
23.6637	8.2159
23.6563	8.2234
23.6488	8.2234
23.6488	8.2309
23.6413	8.2309
23.6339	8.2458
23.6264	8.2458
23.6190	8.2532
23.6115	8.2607
23.6041	8.2607
23.5966	8.2756
23.5892	8.2756
23.5817	8.2830
23.5742	8.2905
23.5668	8.2905
23.5668	8.2980
23.5593	8.2980
23.5593	8.3054
23.5519	8.3054
23.5519	8.3129
23.5444	8.3129
23.5370	8.3203
23.5295	8.3278
23.5295	8.3352
23.5221	8.3352
23.5146	8.3427
23.5071	8.3427
23.5071	8.3501
23.4997	8.3576
23.4922	8.3651
23.4922	8.3725
23.4848	8.3725
23.4773	8.3800
23.4773	8.3874
23.4773	8.3949
23.4699	8.3949
23.4699	8.4023
23.4699	8.4098
23.4699	8.4172
23.4699	8.4247
23.4699	8.4322
23.4773	8.4322
23.4848	8.4322
23.4848	8.4396
23.4922	8.4396
23.4922	8.4471
23.4922	8.4545
23.4922	8.4620
23.4922	8.4694
23.4922	8.4769
23.4922	8.4843
23.4922	8.4918
23.4922	8.4993
23.4922	8.5067
23.4922	8.5142
23.4922	8.5216
23.4922	8.5291
23.4848	8.5365
23.4848	8.5440
23.4773	8.5514
23.4773	8.5589
23.4773	8.5664
23.4699	8.5664
23.4699	8.5738
23.4699	8.5813
23.4699	8.5887
23.4624	8.5887
23.4624	8.5962
23.4624	8.6036
23.4550	8.6111
23.4550	8.6185
23.4475	8.6260
23.4475	8.6335
23.4475	8.6484
23.4400	8.6558
23.4400	8.6633
23.4400	8.6707
23.4400	8.6782
23.4400	8.6856
23.4400	8.6931
23.4400	8.7006
23.4400	8.7080
23.4400	8.7155
23.4400	8.7229
23.4400	8.7304
23.4326	8.7378
23.4326	8.7453
23.4326	8.7527
23.4326	8.7602
23.4326	8.7751
23.4326	8.7826
23.4326	8.7900
23.4326	8.7975
23.4326	8.8049
23.4400	8.8049
23.4475	8.8049
23.4550	8.8124
23.4624	8.8124
23.4624	8.8198
23.4699	8.8198
23.4699	8.8273
23.4773	8.8273
23.4773	8.8348
23.4848	8.8348
23.4848	8.8422
23.4922	8.8422
23.4922	8.8571
23.4997	8.8571
23.4997	8.8646
23.4997	8.8720
23.5071	8.8720
23.5071	8.8795
23.5146	8.8795
23.5146	8.8869
23.5146	8.8944
23.5221	8.8944
23.5221	8.9018
23.5221	8.9093
23.5295	8.9093
23.5295	8.9168
23.5295	8.9242
23.5370	8.9242
23.5370	8.9317
23.5444	8.9391
23.5444	8.9466
23.5444	8.9540
23.5444	8.9615
23.5444	8.9689
23.5519	8.9764
23.5519	8.9839
23.5519	8.9913
23.5519	8.9988
23.5519	9.0062
23.5519	9.0137
23.5593	9.0211
23.5593	9.0286
23.5593	9.0360
23.5593	9.0435
23.5593	9.0510
23.5593	9.0584
23.5593	9.0659
23.5668	9.0659
23.5742	9.0733
23.5742	9.0808
23.5817	9.0808
23.5817	9.0882
23.5892	9.0882
23.5892	9.0957
23.5892	9.1031
23.5966	9.1106
23.6041	9.1106
23.6041	9.1181
23.6041	9.1255
23.6115	9.1255
23.6115	9.1330
23.6115	9.1404
23.6115	9.1479
23.6115	9.1553
23.6115	9.1628
23.6115	9.1702
23.6115	9.1777
23.6115	9.1852
23.6115	9.1926
23.6115	9.2001
23.6115	9.2075
23.6115	9.2150
23.6115	9.2224
23.6115	9.2299
23.6115	9.2373
23.6115	9.2448
23.6041	9.2523
23.5966	9.2597
23.5966	9.2672
23.5966	9.2746
23.5892	9.2746
23.5892	9.2821
23.5892	9.2895
23.5817	9.2895
23.5817	9.2970
23.5817	9.3044
23.5742	9.3044
23.5742	9.3119
23.5668	9.3194
23.5668	9.3268
23.5593	9.3268
23.5593	9.3343
23.5593	9.3417
23.5519	9.3417
23.5519	9.3492
23.5519	9.3566
23.5444	9.3566
23.5444	9.3641
23.5370	9.3715
23.5370	9.3790
23.5295	9.3790
23.5295	9.3865
23.5295	9.3939
23.5221	9.3939
23.5221	9.4014
23.5221	9.4088
23.5146	9.4163
23.5146	9.4237
23.5146	9.4312
23.5071	9.4312
23.5071	9.4386
23.5071	9.4461
23.5071	9.4536
23.5071	9.4610
23.5071	9.4685
23.4997	9.4759
23.4997	9.4834
23.4997	9.4908
23.4997	9.5057
23.4922	9.5132
23.4922	9.5207
23.4922	9.5356
23.4922	9.5505
23.4922	9.5654
23.4848	9.5803
23.4773	9.5952
23.4773	9.6176
23.4699	9.6474
23.4624	9.6772
23.4550	9.6996
23.4475	9.7220
23.4400	9.7369
23.4400	9.7592
23.4326	9.7741
23.4326	9.7891
23.4251	9.7965
23.4251	9.8040
23.4251	9.8114
23.4177	9.8114
23.4177	9.8189
23.4177	9.8263
23.4177	9.8338
23.4177	9.8412
23.4102	9.8487
23.4102	9.8562
23.4102	9.8636
23.4028	9.8711
23.4028	9.8785
23.4028	9.8860
23.3953	9.8934
23.3953	9.9009
23.3953	9.9083
23.3953	9.9158
23.3879	9.9158
23.3879	9.9233
23.3804	9.9233
23.3804	9.9382
23.3804	9.9456
23.3804	9.9531
23.3804	9.9605
23.3804	9.9680
23.3729	9.9680
23.3729	9.9754
23.3729	9.9829
23.3729	9.9904
23.3729	9.9978
23.3729	10.0053
23.3729	10.0127
23.3729	10.0202
23.3729	10.0276
23.3729	10.0351
23.3729	10.0425
23.3729	10.0574
23.3729	10.0649
23.3729	10.0724
23.3729	10.0798
23.3729	10.0873
23.3729	10.0947
23.3729	10.1022
23.3729	10.1096
23.3804	10.1096
23.3804	10.1171
23.3879	10.1245
23.3879	10.1320
23.3879	10.1395
23.3953	10.1395
23.3953	10.1469
23.3953	10.1544
23.4028	10.1544
23.4028	10.1618
23.4102	10.1618
23.4102	10.1693
23.4102	10.1767
23.4177	10.1842
23.4251	10.1916
23.4251	10.1991
23.4251	10.2066
23.4251	10.2140
23.4326	10.2140
23.4326	10.2215
23.4326	10.2289
23.4400	10.2289
23.4400	10.2364
23.4400	10.2438
23.4475	10.2438
23.4475	10.2513
23.4550	10.2513
23.4550	10.2587
23.4550	10.2662
23.4550	10.2737
23.4624	10.2737
23.4624	10.2811
23.4699	10.2811
23.4699	10.2886
23.4699	10.2960
23.4773	10.2960
23.4773	10.3035
23.4848	10.3109
23.4848	10.3184
23.4922	10.3258
23.4922	10.3333
23.4997	10.3408
23.4997	10.3482
23.5071	10.3557
23.5146	10.3631
23.5146	10.3706
23.5221	10.3706
23.5221	10.3780
23.5221	10.3855
23.5295	10.3855
23.5295	10.3929
23.5370	10.4004
23.5444	10.4004
23.5444	10.4079
23.5519	10.4079
23.5519	10.4153
23.5593	10.4153
23.5593	10.4228
23.5668	10.4228
23.5668	10.4302
23.5742	10.4302
23.5742	10.4377
23.5817	10.4377
23.5817	10.4451
23.5892	10.4451
23.5892	10.4526
23.5966	10.4600
23.6041	10.4675
23.6115	10.4675
23.6115	10.4750
23.6190	10.4750
23.6190	10.4824
23.6264	10.4824
23.6339	10.4899
23.6413	10.4973
23.6488	10.5048
23.6563	10.5048
23.6563	10.5122
23.6563	10.5197
23.6637	10.5197
23.6712	10.5271
23.6786	10.5271
23.6786	10.5346
23.6786	10.5421
23.6861	10.5421
23.6861	10.5495
23.7010	10.5570
23.7084	10.5644
23.7084	10.5719
23.7159	10.5719
23.7234	10.5868
23.7308	10.5868
23.7383	10.5942
23.7383	10.6017
23.7457	10.6092
23.7457	10.6166
23.7532	10.6166
23.7606	10.6241
23.7606	10.6315
23.7681	10.6315
23.7755	10.6390
23.7755	10.6464
23.7830	10.6539
23.7905	10.6539
23.7905	10.6613
23.7979	10.6613
23.7979	10.6688
23.8054	10.6763
23.8054	10.6837
23.8128	10.6912
23.8203	10.6912
23.8203	10.6986
23.8203	10.7061
23.8277	10.7061
23.8277	10.7135
23.8352	10.7135
23.8352	10.7210
23.8426	10.7210
23.8501	10.7359
23.8576	10.7359
23.8576	10.7434
23.8650	10.7508
23.8650	10.7583
23.8650	10.7657
23.8725	10.7732
23.8799	10.7806
23.8874	10.7806
23.8948	10.7881
23.8948	10.7955
23.9023	10.8030
23.9023	10.8105
23.9172	10.8179
23.9172	10.8254
23.9247	10.8328
23.9247	10.8403
23.9321	10.8552
23.9470	10.8701
23.9545	10.8776
23.9619	10.8925
23.9619	10.9074
23.9694	10.9148
23.9768	10.9223
23.9768	10.9297
23.9768	10.9372
23.9843	10.9372
23.9843	10.9447
23.9918	10.9521
23.9918	10.9596
23.9992	10.9670
24.0067	10.9745
24.0067	10.9819
24.0067	10.9894
24.0141	10.9894
24.0141	10.9968
24.0141	11.0043
24.0141	11.0118
24.0216	11.0192
24.0216	11.0267
24.0290	11.0341
24.0365	11.0416
24.0365	11.0565
24.0439	11.0639
24.0439	11.0714
24.0514	11.0789
24.0514	11.0863
24.0514	11.0938
24.0589	11.0938
24.0589	11.1012
24.0663	11.1087
24.0663	11.1161
24.0663	11.1236
24.0738	11.1236
24.0738	11.1310
24.0812	11.1385
24.0812	11.1460
24.0812	11.1534
24.0887	11.1534
24.0887	11.1609
24.0961	11.1683
24.0961	11.1758
24.0961	11.1832
24.1036	11.1832
24.1036	11.1907
24.1036	11.1981
24.1036	11.2056
24.1110	11.2056
24.1110	11.2131
24.1110	11.2205
24.1185	11.2280
24.1185	11.2354
24.1260	11.2354
24.1334	11.2429
24.1334	11.2503
24.1334	11.2652
24.1409	11.2727
24.1409	11.2801
24.1409	11.2876
24.1483	11.2876
24.1483	11.2951
24.1558	11.2951
24.1558	11.3025
24.1632	11.3025
24.1707	11.3100
24.1707	11.3174
24.1781	11.3174
24.1781	11.3249
24.1856	11.3249
24.1931	11.3249
24.1931	11.3323
24.2005	11.3323
24.2005	11.3398
24.2080	11.3547
24.2154	11.3622
24.2229	11.3622
24.2229	11.3696
24.2303	11.3771
24.2303	11.3845
24.2378	11.3845
24.2378	11.3920
24.2452	11.3920
24.2527	11.3920
24.2527	11.3994
24.2601	11.3994
24.2601	11.4069
24.2676	11.4143
24.2676	11.4218
24.2751	11.4218
24.2825	11.4293
24.2825	11.4367
24.2825	11.4442
24.2900	11.4442
24.2900	11.4516
24.2900	11.4591
24.2974	11.4591
24.2974	11.4740
24.2974	11.4814
24.3049	11.4814
24.3049	11.4889
24.3123	11.4889
24.3123	11.4964
24.3198	11.5038
24.3198	11.5113
24.3198	11.5187
24.3198	11.5262
24.3272	11.5262
24.3272	11.5411
24.3272	11.5485
24.3347	11.5560
24.3347	11.5635
24.3347	11.5709
24.3422	11.5858
24.3422	11.5933
24.3422	11.6007
24.3496	11.6082
24.3496	11.6156
24.3571	11.6306
24.3571	11.6380
24.3571	11.6455
24.3571	11.6529
24.3571	11.6604
24.3571	11.6678
24.3571	11.6753
24.3645	11.6827
24.3645	11.6902
24.3645	11.6977
24.3645	11.7051
24.3645	11.7200
24.3720	11.7275
24.3720	11.7349
24.3720	11.7424
24.3794	11.7498
24.3794	11.7573
24.3794	11.7648
24.3794	11.7722
24.3794	11.7797
24.3794	11.7871
24.3794	11.7946
24.3794	11.8020
24.3794	11.8095
24.3794	11.8169
24.3794	11.8244
24.3794	11.8319
24.3869	11.8319
24.3869	11.8393
24.3869	11.8468
24.3869	11.8542
24.3869	11.8617
24.3869	11.8691
24.3943	11.8766
24.3943	11.8840
24.4018	11.8840
24.4018	11.8915
24.4093	11.8915
24.4093	11.8990
24.4093	11.9064
24.4167	11.9064
24.4167	11.9139
24.4167	11.9213
24.4167	11.9288
24.4167	11.9362
24.4242	11.9362
24.4242	11.9437
24.4242	11.9511
24.4242	11.9586
24.4242	11.9661
24.4242	11.9735
24.4242	11.9810
24.4316	11.9884
24.4316	11.9959
24.4391	12.0033
24.4391	12.0108
24.4391	12.0182
24.4391	12.0257
24.4391	12.0332
24.4391	12.0406
24.4465	12.0406
24.4465	12.0481
24.4465	12.0555
24.4465	12.0630
24.4465	12.0704
24.4465	12.0779
24.4465	12.0853
24.4465	12.0928
24.4465	12.1003
24.4465	12.1077
24.4465	12.1152
24.4465	12.1226
24.4465	12.1301
24.4465	12.1375
24.4465	12.1450
24.4465	12.1524
24.4465	12.1599
24.4465	12.1674
24.4465	12.1748
24.4465	12.1823
24.4465	12.1897
24.4391	12.1897
24.4391	12.1972
24.4391	12.2046
24.4316	12.2046
24.4316	12.2121
24.4316	12.2195
24.4316	12.2270
24.4316	12.2345
24.4242	12.2345
24.4242	12.2419
24.4242	12.2494
24.4242	12.2568
24.4242	12.2643
24.4242	12.2717
24.4167	12.2792
24.4167	12.2866
24.4093	12.2866
24.4093	12.2941
24.4018	12.2941
24.4018	12.3016
24.4018	12.3090
24.4018	12.3165
24.3943	12.3165
24.3943	12.3239
24.3943	12.3314
24.3943	12.3388
24.3869	12.3388
24.3869	12.3463
24.3869	12.3537
24.3794	12.3537
24.3794	12.3612
24.3720	12.3687
24.3720	12.3761
24.3645	12.3836
24.3645	12.3910
24.3645	12.3985
24.3571	12.3985
24.3571	12.4059
24.3571	12.4134
24.3496	12.4134
24.3496	12.4208
24.3422	12.4208
24.3422	12.4283
24.3347	12.4283
24.3272	12.4283
24.3198	12.4357
24.3123	12.4357
24.3049	12.4432
24.2974	12.4432
24.2900	12.4432
24.2900	12.4507
24.2751	12.4581
24.2676	12.4656
24.2601	12.4656
24.2527	12.4730
24.2452	12.4730
24.2378	12.4730
24.2378	12.4805
24.2303	12.4805
24.2229	12.4805
24.2154	12.4879
24.2154	12.4954
24.2080	12.4954
24.2005	12.5028
24.1931	12.5028
24.1856	12.5028
24.1856	12.5103
24.1781	12.5103
24.1707	12.5103
24.1707	12.5178
24.1632	12.5178
24.1558	12.5252
24.1483	12.5252
24.1409	12.5327
24.1334	12.5327
24.1260	12.5327
24.1260	12.5401
24.1185	12.5401
24.1110	12.5401
24.1036	12.5476
24.1036	12.5550
24.0961	12.5550
24.0887	12.5550
24.0812	12.5550
24.0812	12.5625
24.0738	12.5625
24.0663	12.5699
24.0589	12.5699
24.0514	12.5699
24.0514	12.5774
24.0439	12.5774
24.0439	12.5849
24.0365	12.5849
24.0290	12.5849
24.0216	12.5923
24.0141	12.5923
24.0141	12.5998
24.0067	12.5998
23.9992	12.5998
23.9992	12.6072
23.9918	12.6072
23.9918	12.6147
23.9843	12.6147
23.9843	12.6221
23.9694	12.6221
23.9694	12.6296
23.9619	12.6296
23.9545	12.6296
23.9470	12.6296
23.9470	12.6370
23.9396	12.6370
23.9396	12.6445
23.9321	12.6445
23.9247	12.6445
23.9172	12.6445
23.9097	12.6445
23.9023	12.6445
23.9023	12.6520
23.8948	12.6520
23.8874	12.6520
23.8799	12.6520
23.8725	12.6520
23.8650	12.6520
23.8576	12.6520
23.8501	12.6520
23.8426	12.6520
23.8352	12.6520
23.8277	12.6520
23.8203	12.6520
23.8128	12.6520
23.8054	12.6520
23.7979	12.6520
23.7905	12.6520
23.7830	12.6520
23.7755	12.6520
23.7681	12.6520
23.7606	12.6520
23.7532	12.6520
23.7457	12.6520
23.7383	12.6520
23.7308	12.6520
23.7234	12.6520
23.7159	12.6520
23.7084	12.6520
23.7010	12.6520
23.6935	12.6520
23.6861	12.6520
23.6786	12.6520
23.6712	12.6520
23.6637	12.6520
23.6563	12.6520
23.6488	12.6520
23.6413	12.6520
23.6339	12.6520
23.6264	12.6520
23.6190	12.6520
23.6115	12.6520
23.6041	12.6520
23.5966	12.6520
23.5892	12.6445
23.5817	12.6445
23.5817	12.6370
23.5742	12.6370
23.5668	12.6296
23.5593	12.6221
23.5519	12.6072
23.5444	12.6072
23.5370	12.6072
23.5370	12.5998
23.5295	12.5923
23.5221	12.5849
23.5221	12.5774
23.5146	12.5774
23.5071	12.5699
23.5071	12.5625
23.5071	12.5550
23.5071	12.5476
23.5071	12.5401
23.5071	12.5327
23.5071	12.5252
23.5071	12.5178
23.5071	12.5103
23.5071	12.5028
23.5071	12.4954
23.5071	12.4879
23.5071	12.4805
23.5146	12.4805
23.5221	12.4805
23.5295	12.4805
23.5370	12.4805
23.5295	12.4805
23.5221	12.4730
23.4997	12.4581
23.4922	12.4507
