16.5196	10.1055
16.5266	10.1055
16.5337	10.1055
16.5408	10.1055
16.5479	10.1055
16.5549	10.1055
16.5620	10.1055
16.5691	10.1055
16.5761	10.1055
16.5832	10.1055
16.5903	10.1055
16.5974	10.1055
16.6044	10.1055
16.6115	10.1055
16.6186	10.1055
16.6256	10.1055
16.6327	10.1055
16.6398	10.1055
16.6469	10.1055
16.6469	10.0984
16.6539	10.0984
16.6610	10.0984
16.6610	10.0914
16.6681	10.0914
16.6751	10.0914
16.6822	10.0914
16.6822	10.0843
16.6893	10.0843
16.6893	10.0772
16.6964	10.0772
16.7034	10.0772
16.7105	10.0772
16.7105	10.0701
16.7176	10.0701
16.7246	10.0701
16.7246	10.0631
16.7317	10.0631
16.7388	10.0631
16.7459	10.0631
16.7459	10.0560
16.7529	10.0560
16.7529	10.0489
16.7600	10.0489
16.7671	10.0489
16.7741	10.0489
16.7741	10.0419
16.7812	10.0419
16.7883	10.0419
16.7954	10.0419
16.7954	10.0348
16.8024	10.0348
16.8095	10.0348
16.8166	10.0348
16.8236	10.0348
16.8236	10.0277
16.8307	10.0277
16.8378	10.0277
16.8449	10.0277
16.8449	10.0206
16.8519	10.0206
16.8590	10.0206
16.8661	10.0206
16.8731	10.0206
16.8802	10.0206
16.8873	10.0206
16.8944	10.0206
16.9014	10.0206
16.9085	10.0206
16.9156	10.0206
16.9227	10.0206
16.9297	10.0206
16.9368	10.0206
16.9439	10.0206
16.9509	10.0206
16.9580	10.0206
16.9651	10.0206
16.9722	10.0206
16.9792	10.0206
16.9863	10.0206
16.9934	10.0206
17.0004	10.0206
17.0075	10.0206
17.0146	10.0206
17.0217	10.0206
17.0287	10.0206
17.0358	10.0206
17.0429	10.0206
17.0429	10.0136
17.0499	10.0136
17.0570	10.0136
17.0641	10.0136
17.0712	10.0136
17.0712	10.0065
17.0782	10.0065
17.0853	10.0065
17.0924	10.0065
17.0924	9.9994
17.0994	9.9994
17.0994	9.9924
17.1065	9.9924
17.1136	9.9924
17.1136	9.9853
17.1207	9.9853
17.1277	9.9853
17.1277	9.9782
17.1348	9.9782
17.1419	9.9711
17.1419	9.9641
17.1489	9.9641
17.1489	9.9570
17.1560	9.9570
17.1560	9.9499
17.1631	9.9499
17.1702	9.9499
17.1772	9.9429
17.1843	9.9429
17.1843	9.9358
17.1843	9.9287
17.1914	9.9287
17.1914	9.9216
17.1984	9.9216
17.2055	9.9216
17.2055	9.9146
17.2126	9.9146
17.2126	9.9075
17.2126	9.9004
17.2197	9.9004
17.2267	9.9004
17.2267	9.8934
17.2338	9.8934
17.2409	9.8934
17.2409	9.8863
17.2480	9.8863
17.2480	9.8792
17.2480	9.8721
17.2550	9.8721
17.2621	9.8721
17.2621	9.8651
17.2692	9.8651
17.2692	9.8580
17.2762	9.8580
17.2762	9.8509
17.2833	9.8509
17.2833	9.8438
17.2904	9.8438
17.2904	9.8368
17.2975	9.8368
17.2975	9.8297
17.3045	9.8297
17.3045	9.8226
17.3116	9.8226
17.3116	9.8156
17.3187	9.8156
17.3187	9.8085
17.3257	9.8085
17.3257	9.8014
17.3328	9.8014
17.3328	9.7943
17.3399	9.7943
17.3399	9.7873
17.3470	9.7873
17.3470	9.7802
17.3540	9.7802
17.3611	9.7802
17.3611	9.7731
17.3682	9.7731
17.3682	9.7661
17.3752	9.7661
17.3823	9.7661
17.3823	9.7590
17.3894	9.7519
17.3965	9.7519
17.3965	9.7448
17.4035	9.7448
17.4106	9.7448
17.4106	9.7378
17.4177	9.7378
17.4177	9.7307
17.4247	9.7307
17.4247	9.7236
17.4318	9.7236
17.4389	9.7236
17.4389	9.7166
17.4460	9.7166
17.4530	9.7166
17.4530	9.7095
17.4530	9.7024
17.4601	9.7024
17.4672	9.7024
17.4672	9.6953
17.4672	9.6883
17.4742	9.6883
17.4813	9.6883
17.4813	9.6812
17.4884	9.6812
17.4884	9.6741
17.4955	9.6741
17.4955	9.6671
17.5025	9.6671
17.5025	9.6600
17.5096	9.6529
17.5167	9.6529
17.5167	9.6458
17.5167	9.6388
17.5237	9.6388
17.5308	9.6388
17.5308	9.6317
17.5379	9.6317
17.5379	9.6246
17.5450	9.6246
17.5450	9.6176
17.5520	9.6176
17.5520	9.6105
17.5591	9.6105
17.5591	9.6034
17.5662	9.6034
17.5733	9.6034
17.5803	9.5963
17.5874	9.5963
17.5945	9.5963
17.5945	9.5893
17.6015	9.5893
17.6015	9.5822
17.6086	9.5822
17.6157	9.5822
17.6228	9.5822
17.6228	9.5751
17.6298	9.5751
17.6369	9.5751
17.6440	9.5751
17.6510	9.5751
17.6581	9.5681
17.6652	9.5681
17.6723	9.5681
17.6723	9.5610
17.6793	9.5610
17.6864	9.5610
17.6864	9.5539
17.6935	9.5539
17.7005	9.5539
17.7005	9.5468
17.7076	9.5468
17.7147	9.5468
17.7218	9.5468
17.7218	9.5398
17.7288	9.5398
17.7359	9.5398
17.7430	9.5398
17.7430	9.5327
17.7500	9.5327
17.7571	9.5327
17.7642	9.5327
17.7642	9.5256
17.7713	9.5256
17.7783	9.5256
17.7783	9.5185
17.7854	9.5185
17.7925	9.5185
17.7995	9.5185
17.7995	9.5115
17.8066	9.5115
17.8137	9.5115
17.8137	9.5044
17.8208	9.5044
17.8208	9.4973
17.8278	9.4973
17.8278	9.4903
17.8349	9.4903
17.8349	9.4832
17.8420	9.4832
17.8490	9.4832
17.8490	9.4761
17.8561	9.4761
17.8632	9.4761
17.8632	9.4690
17.8703	9.4620
17.8773	9.4620
17.8844	9.4620
17.8844	9.4549
17.8915	9.4549
17.8986	9.4549
17.8986	9.4478
17.9056	9.4478
17.9127	9.4478
17.9127	9.4408
17.9198	9.4408
17.9198	9.4337
17.9268	9.4337
17.9339	9.4337
17.9410	9.4337
17.9481	9.4337
17.9481	9.4266
17.9551	9.4266
17.9622	9.4266
17.9693	9.4266
17.9693	9.4195
17.9763	9.4195
17.9834	9.4195
17.9905	9.4195
17.9976	9.4195
17.9976	9.4125
18.0046	9.4125
18.0046	9.4054
18.0117	9.4054
18.0188	9.4054
18.0258	9.4054
18.0258	9.3983
18.0329	9.3983
18.0400	9.3983
18.0471	9.3983
18.0541	9.3983
18.0541	9.3913
18.0612	9.3913
18.0683	9.3913
18.0753	9.3842
18.0824	9.3842
18.0895	9.3771
18.0966	9.3771
18.1036	9.3771
18.1107	9.3771
18.1107	9.3700
18.1178	9.3700
18.1248	9.3700
18.1319	9.3700
18.1319	9.3630
18.1390	9.3630
18.1461	9.3630
18.1461	9.3559
18.1531	9.3559
18.1531	9.3488
18.1602	9.3488
18.1673	9.3488
18.1743	9.3488
18.1743	9.3418
18.1814	9.3418
18.1885	9.3418
18.1885	9.3347
18.1956	9.3347
18.2026	9.3347
18.2097	9.3276
18.2168	9.3276
18.2239	9.3205
18.2309	9.3205
18.2380	9.3205
18.2380	9.3135
18.2451	9.3135
18.2521	9.3135
18.2592	9.3135
18.2663	9.3135
18.2734	9.3135
18.2804	9.3135
18.2875	9.3135
18.2946	9.3135
18.3016	9.3135
18.3087	9.3135
18.3158	9.3135
18.3229	9.3135
18.3299	9.3135
18.3370	9.3135
18.3441	9.3135
18.3511	9.3135
18.3582	9.3135
18.3653	9.3135
18.3724	9.3135
18.3794	9.3135
18.3865	9.3135
18.3936	9.3135
18.4006	9.3135
18.4077	9.3135
18.4148	9.3135
18.4219	9.3135
18.4289	9.3135
18.4360	9.3135
18.4431	9.3135
18.4501	9.3135
18.4572	9.3135
18.4643	9.3135
18.4714	9.3135
18.4784	9.3135
18.4855	9.3135
18.4926	9.3135
18.4996	9.3135
18.5067	9.3135
18.5138	9.3135
18.5209	9.3135
18.5279	9.3135
18.5350	9.3135
18.5421	9.3135
18.5491	9.3135
18.5491	9.3205
18.5562	9.3205
18.5633	9.3205
18.5704	9.3205
18.5774	9.3205
18.5845	9.3205
18.5916	9.3205
18.5916	9.3276
18.5987	9.3276
18.6057	9.3276
18.6128	9.3276
18.6199	9.3276
18.6269	9.3276
18.6340	9.3276
18.6411	9.3276
18.6482	9.3276
18.6552	9.3276
18.6623	9.3276
18.6694	9.3276
18.6764	9.3276
18.6835	9.3276
18.6835	9.3347
18.6906	9.3347
18.6977	9.3347
18.7047	9.3347
18.7118	9.3347
18.7189	9.3347
18.7259	9.3347
18.7330	9.3347
18.7401	9.3347
18.7472	9.3347
18.7542	9.3347
18.7542	9.3418
18.7613	9.3418
18.7684	9.3418
18.7754	9.3418
18.7825	9.3418
18.7896	9.3418
18.7896	9.3488
18.7967	9.3488
18.8037	9.3488
18.8037	9.3559
18.8108	9.3559
18.8179	9.3559
18.8249	9.3559
18.8249	9.3630
18.8320	9.3630
18.8391	9.3630
18.8462	9.3630
18.8462	9.3700
18.8532	9.3700
18.8603	9.3700
18.8674	9.3700
18.8744	9.3700
18.8815	9.3700
18.8886	9.3700
18.8886	9.3771
18.8957	9.3771
18.9027	9.3771
18.9027	9.3842
18.9098	9.3842
18.9169	9.3842
18.9240	9.3842
18.9310	9.3842
18.9310	9.3913
18.9381	9.3913
18.9452	9.3913
18.9522	9.3913
18.9593	9.3983
18.9664	9.3983
18.9735	9.3983
18.9735	9.4054
18.9805	9.4054
18.9876	9.4054
18.9876	9.4125
18.9947	9.4125
19.0017	9.4125
19.0017	9.4195
19.0088	9.4195
19.0159	9.4195
19.0230	9.4195
19.0300	9.4195
19.0300	9.4266
19.0371	9.4266
19.0442	9.4266
19.0512	9.4266
19.0583	9.4266
19.0583	9.4337
19.0654	9.4337
19.0725	9.4337
19.0725	9.4408
19.0795	9.4408
19.0866	9.4408
19.0937	9.4408
19.0937	9.4478
19.1007	9.4478
19.1078	9.4478
19.1078	9.4549
19.1149	9.4549
19.1220	9.4549
19.1290	9.4549
19.1361	9.4549
19.1432	9.4549
19.1432	9.4620
19.1502	9.4620
19.1573	9.4620
19.1573	9.4690
19.1644	9.4690
19.1715	9.4690
19.1785	9.4690
19.1856	9.4690
19.1927	9.4690
19.1927	9.4761
19.1997	9.4761
19.2068	9.4761
19.2139	9.4832
19.2210	9.4832
19.2280	9.4832
19.2280	9.4903
19.2351	9.4903
19.2351	9.4973
19.2422	9.4973
19.2493	9.4973
19.2493	9.5044
19.2563	9.5044
19.2634	9.5044
19.2634	9.5115
19.2705	9.5115
19.2775	9.5115
19.2775	9.5185
19.2775	9.5256
19.2846	9.5256
19.2917	9.5256
19.2917	9.5327
19.2988	9.5327
19.3058	9.5327
19.3058	9.5398
19.3129	9.5398
19.3200	9.5398
19.3200	9.5468
19.3270	9.5468
19.3270	9.5539
19.3341	9.5539
19.3341	9.5610
19.3412	9.5610
19.3412	9.5681
19.3483	9.5681
19.3553	9.5681
19.3553	9.5751
19.3624	9.5751
19.3695	9.5822
19.3695	9.5893
19.3765	9.5893
19.3836	9.5893
19.3836	9.5963
19.3907	9.5963
19.3907	9.6034
19.3978	9.6034
19.4048	9.6034
19.4048	9.6105
19.4119	9.6105
19.4119	9.6176
19.4190	9.6176
19.4260	9.6176
19.4260	9.6246
19.4331	9.6246
19.4402	9.6246
19.4402	9.6317
19.4473	9.6317
19.4543	9.6388
19.4543	9.6458
19.4614	9.6458
19.4685	9.6458
19.4685	9.6529
19.4755	9.6529
19.4826	9.6529
19.4826	9.6600
19.4897	9.6600
19.4968	9.6600
19.4968	9.6671
19.5038	9.6671
19.5038	9.6741
19.5109	9.6741
19.5180	9.6741
19.5180	9.6812
19.5250	9.6812
19.5250	9.6883
19.5321	9.6883
19.5392	9.6883
19.5392	9.6953
19.5392	9.7024
19.5463	9.7024
19.5533	9.7024
19.5533	9.7095
19.5604	9.7095
19.5675	9.7095
19.5675	9.7166
19.5746	9.7166
19.5746	9.7236
19.5816	9.7236
19.5816	9.7307
19.5887	9.7307
19.5958	9.7307
19.5958	9.7378
19.6028	9.7378
19.6028	9.7448
19.6099	9.7448
19.6170	9.7448
19.6170	9.7519
19.6241	9.7590
19.6311	9.7590
19.6311	9.7661
19.6382	9.7661
19.6382	9.7731
19.6453	9.7802
19.6523	9.7802
19.6523	9.7873
19.6594	9.7873
19.6594	9.7943
19.6665	9.7943
19.6665	9.8014
19.6736	9.8085
19.6806	9.8085
19.6806	9.8156
19.6806	9.8226
19.6877	9.8226
19.6948	9.8226
19.6948	9.8297
19.7018	9.8368
19.7089	9.8438
19.7089	9.8509
19.7160	9.8509
19.7160	9.8580
19.7231	9.8580
19.7301	9.8651
19.7301	9.8721
19.7372	9.8721
19.7372	9.8792
19.7443	9.8792
19.7513	9.8863
19.7584	9.8863
19.7584	9.8934
19.7655	9.8934
19.7655	9.9004
19.7726	9.9004
19.7726	9.9075
19.7796	9.9075
19.7796	9.9146
19.7867	9.9146
19.7867	9.9216
19.7938	9.9216
19.8008	9.9216
19.8008	9.9287
19.8008	9.9358
19.8079	9.9358
19.8079	9.9429
19.8150	9.9429
19.8150	9.9499
19.8221	9.9499
19.8221	9.9570
19.8291	9.9641
19.8362	9.9711
19.8362	9.9782
19.8433	9.9782
19.8433	9.9853
19.8433	9.9924
19.8503	9.9924
19.8503	9.9994
19.8574	9.9994
19.8574	10.0065
19.8645	10.0065
19.8645	10.0136
19.8716	10.0136
19.8716	10.0206
19.8716	10.0277
19.8786	10.0277
19.8786	10.0348
19.8857	10.0348
19.8857	10.0419
19.8928	10.0419
19.8928	10.0489
19.8928	10.0560
19.8999	10.0560
19.8999	10.0631
19.9069	10.0631
19.9069	10.0701
19.9069	10.0772
19.9140	10.0772
19.9140	10.0843
19.9211	10.0843
19.9211	10.0914
19.9281	10.0984
19.9281	10.1055
19.9281	10.1126
19.9352	10.1126
19.9352	10.1196
19.9423	10.1267
19.9494	10.1338
19.9494	10.1409
19.9564	10.1409
19.9564	10.1479
19.9564	10.1550
19.9635	10.1550
19.9635	10.1621
19.9635	10.1691
19.9635	10.1762
19.9706	10.1762
19.9776	10.1762
19.9776	10.1833
19.9776	10.1904
19.9847	10.1904
19.9847	10.1974
19.9847	10.2045
19.9918	10.2045
19.9918	10.2116
19.9918	10.2187
19.9989	10.2187
19.9989	10.2257
20.0059	10.2257
20.0059	10.2328
20.0130	10.2328
20.0130	10.2399
20.0130	10.2469
20.0201	10.2469
20.0201	10.2540
20.0201	10.2611
20.0271	10.2611
20.0342	10.2611
20.0342	10.2682
20.0342	10.2752
20.0413	10.2752
20.0413	10.2823
20.0413	10.2894
20.0413	10.2964
20.0484	10.2964
20.0484	10.3035
20.0484	10.3106
20.0484	10.3177
20.0554	10.3177
20.0554	10.3247
20.0625	10.3247
20.0625	10.3318
20.0625	10.3389
20.0625	10.3459
20.0696	10.3459
20.0696	10.3530
20.0696	10.3601
20.0696	10.3672
20.0696	10.3742
20.0696	10.3813
20.0696	10.3884
20.0766	10.3884
20.0766	10.3954
20.0766	10.4025
20.0766	10.4096
20.0766	10.4167
20.0837	10.4167
20.0837	10.4237
20.0837	10.4308
20.0837	10.4379
20.0908	10.4379
20.0908	10.4449
20.0908	10.4520
20.0979	10.4520
20.0979	10.4591
20.0979	10.4662
20.0979	10.4732
20.1049	10.4732
20.1049	10.4803
20.1049	10.4874
20.1120	10.4874
20.1120	10.4944
20.1120	10.5015
20.1191	10.5015
20.1191	10.5086
20.1261	10.5086
20.1261	10.5157
20.1332	10.5157
20.1332	10.5227
20.1332	10.5298
20.1403	10.5298
20.1403	10.5369
20.1474	10.5369
20.1474	10.5440
20.1544	10.5510
20.1544	10.5581
20.1615	10.5581
20.1615	10.5652
20.1686	10.5652
20.1686	10.5722
20.1756	10.5722
20.1756	10.5793
20.1827	10.5793
20.1898	10.5793
20.1898	10.5864
20.1969	10.5864
20.1969	10.5935
20.2039	10.5935
20.2110	10.5935
20.2181	10.5935
20.2181	10.6005
20.2181	10.6076
20.2252	10.6076
20.2322	10.6076
20.2322	10.6147
20.2393	10.6147
20.2464	10.6217
20.2534	10.6217
20.2534	10.6288
20.2605	10.6288
20.2676	10.6288
20.2676	10.6359
20.2747	10.6359
20.2817	10.6359
20.2817	10.6430
20.2888	10.6430
20.2959	10.6430
20.3029	10.6500
20.3100	10.6500
20.3171	10.6500
20.3171	10.6571
20.3242	10.6571
20.3312	10.6571
20.3312	10.6642
20.3383	10.6642
20.3454	10.6642
20.3454	10.6712
20.3524	10.6712
20.3595	10.6712
20.3666	10.6712
20.3666	10.6783
20.3737	10.6783
20.3807	10.6783
20.3807	10.6854
20.3878	10.6854
20.3949	10.6854
20.3949	10.6925
20.4019	10.6925
20.4019	10.6995
20.4090	10.6995
20.4161	10.6995
20.4232	10.6995
20.4232	10.7066
20.4302	10.7066
20.4302	10.7137
20.4373	10.7137
20.4444	10.7137
20.4444	10.7207
20.4514	10.7207
20.4514	10.7278
20.4585	10.7278
20.4585	10.7349
20.4656	10.7349
20.4656	10.7420
20.4727	10.7420
20.4727	10.7490
20.4797	10.7490
20.4797	10.7561
20.4868	10.7561
20.4868	10.7632
20.4939	10.7632
20.4939	10.7702
20.5009	10.7702
20.5080	10.7702
20.5080	10.7773
20.5151	10.7773
20.5151	10.7844
20.5222	10.7844
20.5222	10.7915
20.5292	10.7915
20.5363	10.7915
20.5434	10.7915
20.5504	10.7985
20.5575	10.7985
20.5646	10.7985
20.5717	10.7985
20.5787	10.8056
20.5858	10.8056
20.5929	10.8127
20.6000	10.8127
20.6070	10.8127
20.6141	10.8127
20.6141	10.8197
20.6212	10.8197
20.6282	10.8197
20.6353	10.8197
20.6353	10.8268
20.6424	10.8268
20.6495	10.8268
20.6565	10.8268
20.6636	10.8268
20.6636	10.8339
20.6707	10.8410
20.6777	10.8410
20.6848	10.8480
20.6919	10.8480
20.6919	10.8551
20.6990	10.8551
20.7060	10.8551
20.7060	10.8622
20.7131	10.8622
20.7131	10.8693
20.7202	10.8693
20.7202	10.8763
20.7272	10.8763
20.7343	10.8763
20.7343	10.8834
20.7343	10.8905
20.7414	10.8905
20.7414	10.8975
20.7414	10.9046
20.7485	10.9117
20.7485	10.9188
20.7485	10.9258
20.7555	10.9258
20.7555	10.9329
20.7555	10.9400
20.7626	10.9400
20.7626	10.9470
20.7626	10.9541
20.7697	10.9541
20.7697	10.9612
20.7697	10.9683
20.7767	10.9753
20.7767	10.9824
20.7767	10.9895
20.7767	10.9965
20.7838	10.9965
20.7838	11.0036
20.7838	11.0107
20.7838	11.0178
20.7909	11.0178
20.7909	11.0248
20.7980	11.0248
20.7980	11.0319
20.7980	11.0390
20.8050	11.0390
20.8050	11.0460
20.8050	11.0531
20.8121	11.0531
20.8121	11.0602
20.8121	11.0673
20.8192	11.0673
20.8192	11.0743
20.8262	11.0743
20.8262	11.0814
20.8262	11.0885
20.8333	11.0885
20.8333	11.0955
20.8333	11.1026
20.8404	11.1026
20.8404	11.1097
20.8404	11.1168
20.8404	11.1238
20.8475	11.1238
20.8475	11.1309
20.8545	11.1309
20.8545	11.1380
20.8545	11.1450
20.8545	11.1521
20.8616	11.1521
20.8616	11.1592
20.8616	11.1663
20.8616	11.1733
20.8616	11.1804
20.8687	11.1804
20.8687	11.1875
20.8687	11.1945
20.8687	11.2016
20.8687	11.2087
20.8687	11.2158
20.8687	11.2228
20.8687	11.2299
20.8687	11.2370
20.8687	11.2441
20.8687	11.2511
20.8687	11.2582
20.8687	11.2653
20.8687	11.2723
20.8687	11.2794
20.8687	11.2865
20.8757	11.2865
20.8757	11.2936
20.8757	11.3006
20.8757	11.3077
20.8757	11.3148
20.8757	11.3218
20.8757	11.3289
20.8757	11.3360
20.8757	11.3431
20.8757	11.3501
20.8757	11.3572
20.8757	11.3643
20.8757	11.3713
20.8757	11.3784
20.8757	11.3855
20.8757	11.3926
20.8757	11.3996
20.8757	11.4067
20.8757	11.4138
20.8757	11.4208
20.8757	11.4279
20.8757	11.4350
20.8757	11.4421
20.8687	11.4421
20.8687	11.4491
20.8687	11.4562
20.8687	11.4633
20.8687	11.4703
20.8616	11.4703
20.8616	11.4774
20.8616	11.4845
20.8616	11.4916
20.8545	11.4916
20.8545	11.4986
20.8475	11.4986
20.8475	11.5057
20.8475	11.5128
20.8475	11.5198
20.8404	11.5198
20.8404	11.5269
20.8404	11.5340
20.8404	11.5411
20.8333	11.5411
20.8333	11.5481
20.8333	11.5552
20.8333	11.5623
20.8262	11.5623
20.8262	11.5694
20.8262	11.5764
20.8192	11.5764
20.8192	11.5835
20.8192	11.5906
20.8192	11.5976
20.8121	11.5976
20.8121	11.6047
20.8121	11.6118
20.8121	11.6189
20.8121	11.6259
20.8121	11.6330
20.8121	11.6401
20.8121	11.6471
20.8121	11.6542
20.8121	11.6613
20.8121	11.6684
20.8121	11.6754
20.8121	11.6825
20.8121	11.6896
20.8121	11.6966
20.8121	11.7037
20.8121	11.7108
20.8121	11.7179
20.8121	11.7249
20.8121	11.7320
20.8121	11.7391
20.8121	11.7461
20.8121	11.7532
20.8121	11.7603
20.8121	11.7674
20.8121	11.7744
20.8121	11.7815
20.8192	11.7815
20.8262	11.7815
20.8262	11.7886
20.8262	11.7956
20.8333	11.7956
20.8333	11.8027
20.8333	11.8098
20.8333	11.8169
20.8404	11.8169
20.8404	11.8239
20.8404	11.8310
20.8475	11.8310
20.8475	11.8381
20.8545	11.8381
20.8545	11.8451
20.8545	11.8522
20.8616	11.8522
20.8616	11.8593
20.8616	11.8664
20.8687	11.8664
20.8687	11.8734
20.8687	11.8805
20.8757	11.8805
20.8757	11.8876
20.8828	11.8947
20.8828	11.9017
20.8899	11.9017
20.8899	11.9088
20.8899	11.9159
20.8970	11.9159
20.8970	11.9229
20.8970	11.9300
20.9040	11.9300
20.9040	11.9371
20.9040	11.9442
20.9111	11.9442
20.9111	11.9512
20.9111	11.9583
20.9111	11.9654
20.9182	11.9654
20.9182	11.9724
20.9182	11.9795
20.9182	11.9866
20.9253	11.9866
20.9253	11.9937
20.9253	12.0007
20.9253	12.0078
20.9323	12.0078
20.9323	12.0149
20.9394	12.0149
20.9394	12.0219
20.9394	12.0290
20.9394	12.0361
20.9394	12.0432
20.9465	12.0432
20.9465	12.0502
20.9465	12.0573
20.9465	12.0644
20.9535	12.0644
20.9535	12.0714
20.9535	12.0785
20.9535	12.0856
20.9606	12.0856
20.9606	12.0927
20.9606	12.0997
20.9606	12.1068
20.9606	12.1139
20.9677	12.1139
20.9677	12.1209
20.9677	12.1280
20.9677	12.1351
20.9677	12.1422
20.9677	12.1492
20.9677	12.1563
20.9677	12.1634
20.9677	12.1704
20.9677	12.1775
20.9677	12.1846
20.9677	12.1917
20.9677	12.1987
20.9677	12.2058
20.9677	12.2129
20.9677	12.2200
20.9677	12.2270
20.9677	12.2341
20.9677	12.2412
20.9677	12.2482
20.9677	12.2553
20.9677	12.2624
20.9677	12.2695
20.9677	12.2765
20.9677	12.2836
20.9748	12.2836
20.9748	12.2907
20.9748	12.2977
20.9748	12.3048
20.9748	12.3119
20.9748	12.3190
20.9748	12.3260
20.9748	12.3331
20.9748	12.3402
20.9748	12.3472
20.9748	12.3543
20.9748	12.3614
20.9818	12.3614
20.9818	12.3685
20.9818	12.3755
20.9818	12.3826
20.9818	12.3897
20.9818	12.3967
20.9889	12.3967
20.9889	12.4038
20.9889	12.4109
20.9889	12.4180
20.9889	12.4250
20.9889	12.4321
20.9960	12.4321
20.9960	12.4392
20.9960	12.4462
20.9960	12.4533
20.9960	12.4604
21.0030	12.4604
21.0030	12.4675
21.0030	12.4745
21.0030	12.4816
21.0030	12.4887
21.0030	12.4957
21.0030	12.5028
21.0030	12.5099
21.0030	12.5170
21.0030	12.5240
21.0030	12.5311
21.0030	12.5382
21.0030	12.5453
21.0030	12.5523
21.0030	12.5594
21.0101	12.5594
21.0101	12.5665
21.0101	12.5735
21.0101	12.5806
21.0101	12.5877
21.0101	12.5948
21.0101	12.6018
21.0101	12.6089
21.0101	12.6160
21.0101	12.6230
21.0101	12.6301
21.0101	12.6372
21.0101	12.6443
21.0101	12.6513
21.0101	12.6584
21.0101	12.6655
21.0101	12.6725
21.0101	12.6796
21.0101	12.6867
21.0101	12.6938
21.0101	12.7008
21.0101	12.7079
21.0101	12.7150
21.0101	12.7220
21.0101	12.7291
21.0101	12.7362
21.0101	12.7433
21.0101	12.7503
21.0172	12.7503
21.0172	12.7574
21.0172	12.7645
21.0172	12.7715
21.0172	12.7786
21.0172	12.7857
21.0172	12.7928
21.0172	12.7998
21.0172	12.8069
21.0172	12.8140
21.0172	12.8210
21.0172	12.8281
21.0172	12.8352
21.0172	12.8423
21.0172	12.8493
21.0172	12.8564
21.0172	12.8635
21.0172	12.8706
21.0172	12.8776
21.0172	12.8847
21.0172	12.8918
21.0172	12.8988
21.0172	12.9059
21.0172	12.9130
21.0172	12.9201
21.0172	12.9271
21.0172	12.9342
21.0172	12.9413
21.0172	12.9483
21.0172	12.9554
21.0172	12.9625
21.0172	12.9696
21.0172	12.9766
21.0172	12.9837
21.0172	12.9908
21.0172	12.9978
21.0172	13.0049
21.0172	13.0120
21.0172	13.0191
21.0172	13.0261
21.0172	13.0332
21.0172	13.0403
21.0172	13.0473
21.0172	13.0544
21.0172	13.0615
21.0172	13.0686
21.0172	13.0756
21.0172	13.0827
21.0172	13.0898
21.0172	13.0968
21.0172	13.1039
21.0172	13.1110
21.0172	13.1181
21.0172	13.1251
21.0172	13.1322
21.0172	13.1393
21.0172	13.1463
21.0172	13.1534
21.0172	13.1605
21.0172	13.1676
21.0172	13.1746
21.0172	13.1817
21.0172	13.1888
21.0172	13.1958
21.0172	13.2029
21.0172	13.2100
21.0172	13.2171
21.0172	13.2241
21.0172	13.2312
21.0172	13.2383
21.0172	13.2454
21.0172	13.2524
21.0172	13.2595
21.0172	13.2666
21.0172	13.2736
21.0101	13.2736
21.0101	13.2807
21.0101	13.2878
21.0030	13.2878
21.0030	13.2949
20.9960	13.2949
20.9960	13.3019
20.9960	13.3090
20.9889	13.3090
20.9889	13.3161
20.9889	13.3231
20.9889	13.3302
20.9818	13.3302
20.9818	13.3373
20.9818	13.3444
20.9818	13.3514
20.9818	13.3585
20.9748	13.3656
20.9748	13.3726
20.9748	13.3797
20.9748	13.3868
20.9748	13.3939
20.9748	13.4009
20.9677	13.4009
20.9677	13.4080
20.9677	13.4151
20.9677	13.4221
20.9677	13.4292
20.9606	13.4292
20.9606	13.4363
20.9606	13.4434
20.9606	13.4504
20.9606	13.4575
20.9606	13.4646
20.9606	13.4716
20.9606	13.4787
20.9606	13.4858
20.9606	13.4929
20.9606	13.4999
20.9606	13.5070
20.9606	13.5141
20.9606	13.5211
20.9606	13.5282
20.9606	13.5353
20.9606	13.5424
20.9606	13.5494
20.9606	13.5565
20.9606	13.5636
20.9606	13.5707
20.9606	13.5777
20.9606	13.5848
20.9606	13.5919
20.9606	13.5989
20.9606	13.6060
20.9606	13.6131
20.9606	13.6202
20.9606	13.6272
20.9606	13.6343
20.9606	13.6414
20.9606	13.6484
20.9606	13.6555
20.9606	13.6626
20.9606	13.6697
20.9606	13.6767
20.9606	13.6838
20.9606	13.6909
20.9606	13.6979
20.9606	13.7050
20.9606	13.7121
20.9606	13.7192
20.9606	13.7262
20.9606	13.7333
20.9606	13.7404
20.9606	13.7474
20.9606	13.7545
20.9606	13.7616
20.9606	13.7687
20.9606	13.7757
20.9606	13.7828
20.9606	13.7899
20.9606	13.7969
20.9606	13.8040
20.9606	13.8111
20.9606	13.8182
20.9606	13.8252
20.9606	13.8323
20.9606	13.8394
20.9606	13.8464
20.9606	13.8535
20.9606	13.8606
20.9606	13.8677
20.9606	13.8747
20.9606	13.8818
20.9606	13.8889
20.9606	13.8960
20.9606	13.9030
20.9606	13.9101
20.9606	13.9172
20.9606	13.9242
20.9606	13.9313
20.9606	13.9384
20.9606	13.9455
20.9606	13.9525
20.9606	13.9596
20.9606	13.9667
20.9606	13.9737
20.9606	13.9808
20.9606	13.9879
20.9606	13.9950
20.9606	14.0020
20.9606	14.0091
20.9606	14.0162
20.9606	14.0232
20.9606	14.0303
20.9606	14.0374
20.9606	14.0445
20.9606	14.0515
20.9606	14.0586
20.9606	14.0657
20.9606	14.0727
20.9606	14.0798
20.9606	14.0869
20.9606	14.0940
20.9606	14.1010
20.9606	14.1081
20.9606	14.1152
20.9606	14.1222
20.9606	14.1293
20.9606	14.1364
20.9606	14.1435
20.9606	14.1505
20.9606	14.1576
20.9606	14.1647
20.9606	14.1717
20.9606	14.1788
20.9606	14.1859
20.9606	14.1930
20.9606	14.2000
20.9606	14.2071
20.9606	14.2142
20.9606	14.2213
20.9606	14.2283
20.9606	14.2354
20.9606	14.2425
20.9606	14.2495
20.9606	14.2566
20.9606	14.2637
20.9606	14.2708
20.9606	14.2778
20.9606	14.2849
20.9606	14.2920
20.9606	14.2990
20.9606	14.3061
20.9606	14.3132
20.9606	14.3203
20.9606	14.3273
20.9606	14.3344
20.9606	14.3415
20.9606	14.3485
20.9606	14.3556
20.9606	14.3627
20.9606	14.3698
20.9606	14.3768
20.9606	14.3839
20.9606	14.3910
20.9535	14.3910
20.9535	14.3980
20.9535	14.4051
20.9535	14.4122
20.9535	14.4193
20.9535	14.4263
20.9535	14.4334
20.9535	14.4405
20.9465	14.4405
20.9465	14.4475
20.9465	14.4546
20.9465	14.4617
20.9465	14.4688
20.9465	14.4758
20.9465	14.4829
20.9465	14.4900
20.9394	14.4970
20.9394	14.5041
20.9394	14.5112
20.9323	14.5112
20.9323	14.5253
20.9323	14.5324
20.9323	14.5395
20.9323	14.5466
20.9323	14.5536
20.9253	14.5536
20.9253	14.5607
20.9253	14.5678
20.9253	14.5748
20.9253	14.5819
20.9253	14.5890
20.9182	14.5961
20.9182	14.6031
20.9182	14.6102
20.9182	14.6173
20.9182	14.6243
20.9182	14.6314
20.9182	14.6385
20.9182	14.6456
20.9182	14.6526
20.9182	14.6597
20.9182	14.6668
20.9182	14.6738
20.9182	14.6809
20.9182	14.6880
20.9182	14.6951
20.9182	14.7021
20.9182	14.7092
20.9182	14.7163
20.9111	14.7163
20.9111	14.7233
20.9111	14.7304
20.9111	14.7375
20.9111	14.7446
20.9111	14.7516
20.9111	14.7587
20.9111	14.7658
20.9111	14.7728
20.9040	14.7728
20.9040	14.7799
20.9040	14.7870
20.9040	14.7941
20.9040	14.8011
20.9040	14.8082
20.9040	14.8153
20.9040	14.8223
20.9040	14.8294
20.9040	14.8365
20.9040	14.8436
20.9040	14.8506
20.9040	14.8577
20.9040	14.8648
20.9040	14.8718
20.9040	14.8789
20.9040	14.8860
20.9040	14.8931
20.9040	14.9001
20.9040	14.9072
20.9040	14.9143
20.9040	14.9214
20.9040	14.9284
20.8970	14.9284
20.8970	14.9355
20.8970	14.9426
20.8970	14.9496
20.8970	14.9567
20.8970	14.9638
20.8970	14.9709
20.8899	14.9709
20.8899	14.9779
20.8899	14.9850
20.8899	14.9921
20.8828	14.9921
20.8828	14.9991
20.8828	15.0062
20.8828	15.0133
20.8828	15.0204
20.8757	15.0204
20.8757	15.0274
20.8757	15.0345
20.8757	15.0416
20.8757	15.0486
20.8757	15.0557
20.8687	15.0557
20.8687	15.0628
20.8687	15.0699
20.8616	15.0769
20.8616	15.0840
20.8545	15.0840
20.8545	15.0911
20.8475	15.0911
20.8475	15.0981
20.8475	15.1052
20.8404	15.1052
20.8404	15.1123
20.8404	15.1194
20.8333	15.1194
20.8333	15.1264
20.8333	15.1335
20.8262	15.1335
20.8262	15.1406
20.8262	15.1476
20.8262	15.1547
20.8192	15.1547
20.8192	15.1618
20.8192	15.1689
20.8192	15.1759
20.8121	15.1759
20.8121	15.1830
20.8121	15.1901
20.8121	15.1971
20.8050	15.1971
20.8050	15.2042
20.8050	15.2113
20.8050	15.2184
20.7980	15.2184
20.7980	15.2254
20.7909	15.2325
20.7909	15.2396
20.7909	15.2467
20.7838	15.2467
20.7838	15.2537
20.7838	15.2608
20.7838	15.2679
20.7767	15.2679
20.7767	15.2749
20.7767	15.2820
20.7767	15.2891
20.7697	15.2962
20.7626	15.3032
20.7626	15.3103
20.7626	15.3174
20.7555	15.3174
20.7555	15.3244
20.7485	15.3244
20.7485	15.3315
20.7485	15.3386
20.7414	15.3386
20.7414	15.3457
20.7343	15.3457
20.7343	15.3527
20.7272	15.3527
20.7272	15.3598
20.7272	15.3669
20.7202	15.3669
20.7202	15.3739
20.7131	15.3739
20.7131	15.3810
20.7060	15.3881
20.6990	15.3881
20.6990	15.3952
20.6919	15.3952
20.6919	15.4022
20.6848	15.4093
20.6848	15.4164
20.6777	15.4164
20.6707	15.4164
20.6707	15.4234
20.6707	15.4305
20.6636	15.4305
20.6636	15.4376
20.6565	15.4376
20.6565	15.4447
20.6495	15.4447
20.6424	15.4447
20.6424	15.4517
20.6424	15.4588
20.6353	15.4588
20.6353	15.4659
20.6282	15.4659
20.6282	15.4729
20.6212	15.4729
20.6212	15.4800
20.6141	15.4800
20.6141	15.4871
20.6070	15.4871
20.6070	15.4942
20.6000	15.4942
20.6000	15.5012
20.5929	15.5012
20.5858	15.5012
20.5858	15.5083
20.5787	15.5083
20.5787	15.5154
20.5717	15.5154
20.5646	15.5154
20.5646	15.5224
20.5575	15.5224
20.5504	15.5224
20.5504	15.5295
20.5434	15.5295
20.5434	15.5366
20.5363	15.5366
20.5363	15.5437
20.5292	15.5437
20.5222	15.5437
20.5222	15.5507
20.5151	15.5507
20.5151	15.5578
20.5080	15.5578
20.5080	15.5649
20.5009	15.5649
20.4939	15.5720
20.4868	15.5720
20.4868	15.5790
20.4797	15.5790
20.4797	15.5861
20.4727	15.5861
20.4656	15.5861
20.4656	15.5932
20.4585	15.5932
20.4514	15.6002
20.4444	15.6073
20.4373	15.6073
20.4302	15.6073
20.4302	15.6144
20.4232	15.6144
20.4232	15.6215
20.4161	15.6215
20.4090	15.6215
20.4019	15.6215
20.4019	15.6285
20.3949	15.6285
20.3949	15.6356
20.3878	15.6356
20.3807	15.6356
20.3807	15.6427
20.3737	15.6427
20.3666	15.6497
20.3595	15.6497
20.3524	15.6568
20.3524	15.6639
20.3454	15.6639
20.3383	15.6639
20.3383	15.6710
20.3312	15.6710
20.3242	15.6710
20.3171	15.6710
20.3171	15.6780
20.3100	15.6780
20.3029	15.6780
20.3029	15.6851
20.2959	15.6851
20.2888	15.6922
20.2817	15.6922
20.2747	15.6922
20.2747	15.6992
20.2676	15.6992
20.2605	15.6992
20.2534	15.7063
20.2464	15.7063
20.2464	15.7134
20.2393	15.7134
20.2393	15.7205
20.2322	15.7205
20.2252	15.7205
20.2252	15.7275
20.2181	15.7275
20.2110	15.7275
20.2039	15.7346
20.1969	15.7346
20.1898	15.7417
20.1827	15.7487
20.1756	15.7487
20.1686	15.7487
20.1686	15.7558
20.1615	15.7558
20.1544	15.7558
20.1474	15.7558
20.1474	15.7629
20.1403	15.7629
20.1332	15.7629
20.1332	15.7700
20.1261	15.7700
20.1191	15.7770
20.1120	15.7770
20.1049	15.7770
20.1049	15.7841
20.0979	15.7841
20.0908	15.7841
20.0837	15.7841
20.0837	15.7912
20.0766	15.7912
20.0696	15.7912
20.0625	15.7912
20.0625	15.7982
20.0554	15.7982
20.0484	15.7982
20.0484	15.8053
20.0413	15.8053
20.0413	15.8124
20.0342	15.8124
20.0271	15.8124
20.0201	15.8124
20.0130	15.8124
20.0130	15.8195
20.0059	15.8195
19.9989	15.8195
19.9918	15.8195
19.9918	15.8265
19.9847	15.8265
19.9847	15.8336
19.9776	15.8336
19.9706	15.8336
19.9635	15.8336
19.9635	15.8407
19.9564	15.8407
19.9494	15.8407
19.9423	15.8407
19.9423	15.8477
19.9352	15.8477
19.9281	15.8477
19.9211	15.8548
19.9140	15.8548
19.9069	15.8548
19.8999	15.8548
19.8999	15.8619
19.8928	15.8619
19.8857	15.8690
19.8786	15.8690
19.8716	15.8690
19.8645	15.8690
19.8574	15.8690
19.8503	15.8760
19.8433	15.8760
19.8362	15.8760
19.8291	15.8760
19.8221	15.8831
19.8150	15.8831
19.8079	15.8831
19.8008	15.8831
19.7938	15.8831
19.7867	15.8831
19.7867	15.8902
19.7796	15.8902
19.7726	15.8902
19.7655	15.8902
19.7584	15.8902
19.7513	15.8902
19.7513	15.8973
19.7443	15.8973
19.7372	15.8973
19.7301	15.8973
19.7231	15.8973
19.7160	15.8973
19.7089	15.8973
19.7018	15.8973
19.6948	15.8973
19.6948	15.9043
19.6877	15.9043
19.6806	15.9043
19.6736	15.9043
19.6665	15.9043
19.6665	15.9114
19.6523	15.9114
19.6453	15.9114
19.6382	15.9114
19.6382	15.9185
19.6311	15.9185
19.6311	15.9255
19.6170	15.9255
19.6099	15.9255
19.6028	15.9255
19.5958	15.9255
19.5887	15.9255
19.5816	15.9255
19.5816	15.9326
19.5746	15.9326
19.5675	15.9326
19.5604	15.9326
19.5533	15.9326
19.5533	15.9397
19.5463	15.9397
19.5392	15.9397
19.5321	15.9397
19.5250	15.9397
19.5250	15.9468
19.5180	15.9468
19.5109	15.9468
19.5038	15.9468
19.5038	15.9538
19.4968	15.9538
19.4897	15.9538
19.4826	15.9538
19.4755	15.9538
19.4755	15.9609
19.4685	15.9609
19.4614	15.9609
19.4543	15.9609
19.4473	15.9609
19.4402	15.9680
19.4331	15.9680
19.4260	15.9680
19.4190	15.9680
19.4119	15.9680
19.4048	15.9680
19.4048	15.9750
19.3978	15.9750
19.3907	15.9750
19.3836	15.9750
19.3765	15.9821
19.3695	15.9821
19.3624	15.9821
19.3553	15.9821
19.3483	15.9821
19.3412	15.9821
19.3412	15.9892
19.3341	15.9892
19.3270	15.9892
19.3200	15.9892
19.3129	15.9892
19.3058	15.9892
19.2988	15.9892
19.2917	15.9892
19.2846	15.9892
19.2846	15.9963
19.2775	15.9963
19.2705	15.9963
19.2634	15.9963
19.2563	15.9963
19.2493	15.9963
19.2422	15.9963
19.2351	15.9963
19.2280	15.9963
19.2280	16.0033
19.2210	16.0033
19.2139	16.0033
19.2068	16.0033
19.1997	16.0033
19.1997	16.0104
19.1927	16.0104
19.1856	16.0104
19.1785	16.0104
19.1715	16.0104
19.1644	16.0104
19.1573	16.0104
19.1502	16.0104
19.1432	16.0104
19.1361	16.0104
19.1290	16.0104
19.1220	16.0104
19.1220	16.0175
19.1149	16.0175
19.1078	16.0175
19.1007	16.0175
19.0937	16.0175
19.0866	16.0175
19.0795	16.0175
19.0725	16.0175
19.0654	16.0175
19.0583	16.0175
19.0512	16.0175
19.0442	16.0175
19.0371	16.0175
19.0300	16.0245
19.0230	16.0245
19.0159	16.0245
19.0088	16.0245
19.0017	16.0245
18.9947	16.0245
18.9947	16.0316
18.9876	16.0316
18.9805	16.0316
18.9805	16.0387
18.9735	16.0387
18.9664	16.0387
18.9593	16.0387
18.9522	16.0387
18.9452	16.0387
18.9452	16.0458
18.9381	16.0458
18.9310	16.0458
18.9240	16.0458
18.9240	16.0528
18.9169	16.0528
18.9098	16.0528
18.9027	16.0528
18.8957	16.0528
18.8886	16.0528
18.8815	16.0528
18.8744	16.0528
18.8744	16.0599
18.8674	16.0599
18.8603	16.0599
18.8532	16.0599
18.8532	16.0670
18.8462	16.0670
18.8391	16.0670
18.8320	16.0670
18.8249	16.0670
18.8179	16.0670
18.8108	16.0670
18.8037	16.0670
18.7967	16.0670
18.7896	16.0670
18.7825	16.0670
18.7754	16.0670
18.7684	16.0670
18.7613	16.0670
18.7542	16.0670
18.7472	16.0670
18.7401	16.0670
18.7330	16.0670
18.7259	16.0670
18.7189	16.0670
18.7118	16.0670
18.7118	16.0740
18.7047	16.0740
18.6977	16.0740
18.6906	16.0740
18.6835	16.0740
18.6764	16.0740
18.6694	16.0740
18.6623	16.0740
18.6552	16.0740
18.6482	16.0740
18.6482	16.0811
18.6411	16.0811
18.6340	16.0811
18.6269	16.0811
18.6199	16.0811
18.6128	16.0811
18.6057	16.0811
18.5987	16.0882
18.5916	16.0882
18.5845	16.0882
18.5774	16.0882
18.5704	16.0882
18.5633	16.0882
18.5562	16.0882
18.5562	16.0953
18.5491	16.0953
18.5421	16.0953
18.5350	16.0953
18.5279	16.0953
18.5279	16.1023
18.5209	16.1023
18.5138	16.1023
18.5067	16.1023
18.5067	16.1094
18.4996	16.1094
18.4926	16.1094
18.4855	16.1094
18.4784	16.1094
18.4714	16.1094
18.4643	16.1094
18.4643	16.1165
18.4572	16.1165
18.4501	16.1165
18.4431	16.1165
18.4360	16.1165
18.4289	16.1235
18.4219	16.1235
18.4148	16.1235
18.4077	16.1235
18.4077	16.1306
18.4006	16.1306
18.3936	16.1306
18.3865	16.1306
18.3794	16.1306
18.3794	16.1377
18.3724	16.1377
18.3653	16.1377
18.3582	16.1377
18.3511	16.1377
18.3511	16.1448
18.3441	16.1448
18.3370	16.1448
18.3299	16.1448
18.3229	16.1448
18.3229	16.1518
18.3229	16.1589
18.3158	16.1589
18.3087	16.1589
18.3016	16.1589
18.3016	16.1660
18.2946	16.1660
18.2946	16.1730
18.2875	16.1730
18.2804	16.1801
18.2804	16.1872
18.2734	16.1943
18.2663	16.1943
18.2663	16.2013
18.2592	16.2013
18.2521	16.2013
18.2451	16.2084
18.2451	16.2155
18.2380	16.2155
18.2380	16.2226
18.2309	16.2226
18.2239	16.2226
18.2239	16.2296
18.2168	16.2296
18.2168	16.2367
18.2097	16.2367
18.2097	16.2438
18.2026	16.2438
18.2026	16.2508
18.1956	16.2508
18.1956	16.2579
18.1885	16.2579
18.1885	16.2650
18.1814	16.2650
18.1814	16.2721
18.1743	16.2721
18.1743	16.2791
18.1673	16.2791
18.1602	16.2862
18.1531	16.2862
18.1531	16.2933
18.1461	16.2933
18.1461	16.3003
18.1390	16.3003
18.1319	16.3003
18.1319	16.3074
18.1248	16.3074
18.1248	16.3145
18.1178	16.3145
18.1107	16.3145
18.1107	16.3216
18.1036	16.3216
18.0966	16.3216
18.0895	16.3216
18.0895	16.3286
18.0824	16.3286
18.0753	16.3286
18.0753	16.3357
18.0683	16.3357
18.0612	16.3357
18.0541	16.3428
18.0471	16.3428
18.0400	16.3428
18.0329	16.3428
18.0329	16.3498
18.0258	16.3498
18.0188	16.3498
18.0117	16.3498
18.0046	16.3498
18.0046	16.3569
17.9976	16.3569
17.9905	16.3569
17.9834	16.3569
17.9834	16.3640
17.9763	16.3640
17.9693	16.3640
17.9622	16.3640
17.9551	16.3640
17.9481	16.3640
17.9410	16.3640
17.9410	16.3711
17.9339	16.3711
17.9268	16.3711
17.9198	16.3711
17.9127	16.3711
17.9056	16.3711
17.8986	16.3711
17.8915	16.3711
17.8844	16.3711
17.8773	16.3711
17.8703	16.3711
17.8632	16.3711
17.8561	16.3711
17.8490	16.3711
17.8420	16.3711
17.8349	16.3711
17.8278	16.3711
17.8208	16.3711
17.8137	16.3711
17.8066	16.3711
17.7995	16.3711
17.7925	16.3711
17.7854	16.3711
17.7783	16.3711
17.7713	16.3711
17.7642	16.3711
17.7642	16.3640
17.7642	16.3569
17.7571	16.3569
17.7500	16.3569
17.7500	16.3498
17.7430	16.3498
17.7359	16.3498
17.7359	16.3428
17.7288	16.3428
17.7218	16.3428
17.7218	16.3357
17.7147	16.3357
17.7147	16.3286
17.7076	16.3286
17.7005	16.3286
17.7005	16.3216
17.6935	16.3216
17.6935	16.3145
17.6864	16.3145
17.6793	16.3145
17.6793	16.3074
17.6723	16.3003
17.6652	16.3003
17.6652	16.2933
17.6581	16.2933
17.6510	16.2933
17.6510	16.2862
17.6440	16.2862
17.6369	16.2862
17.6298	16.2862
17.6298	16.2791
17.6228	16.2791
17.6157	16.2791
17.6157	16.2721
17.6086	16.2721
17.6015	16.2650
17.5945	16.2650
17.5945	16.2579
17.5874	16.2579
17.5803	16.2579
17.5733	16.2579
17.5733	16.2508
17.5662	16.2508
17.5591	16.2508
17.5591	16.2438
17.5520	16.2438
17.5520	16.2367
17.5450	16.2367
17.5379	16.2367
17.5379	16.2296
17.5308	16.2296
17.5237	16.2296
17.5167	16.2296
17.5167	16.2226
17.5096	16.2226
17.5025	16.2226
17.4955	16.2226
17.4955	16.2155
17.4884	16.2155
17.4884	16.2084
17.4813	16.2084
17.4813	16.2013
17.4742	16.2013
17.4742	16.1943
17.4672	16.1943
17.4672	16.1872
17.4601	16.1872
17.4601	16.1801
17.4530	16.1801
17.4530	16.1730
17.4460	16.1730
17.4389	16.1730
17.4389	16.1660
17.4318	16.1660
17.4318	16.1589
17.4247	16.1589
17.4247	16.1518
17.4177	16.1518
17.4177	16.1448
17.4106	16.1448
17.4106	16.1377
17.4035	16.1377
17.4035	16.1306
17.3965	16.1306
17.3965	16.1235
17.3894	16.1235
17.3894	16.1165
17.3823	16.1165
17.3752	16.1165
17.3752	16.1094
17.3682	16.1094
17.3682	16.1023
17.3682	16.0953
17.3611	16.0953
17.3611	16.0882
17.3540	16.0882
17.3540	16.0811
17.3470	16.0811
17.3399	16.0811
17.3399	16.0740
17.3328	16.0740
17.3328	16.0670
17.3257	16.0670
17.3257	16.0599
17.3187	16.0599
17.3116	16.0599
17.3116	16.0528
17.3045	16.0528
17.2975	16.0528
17.2975	16.0458
17.2904	16.0458
17.2833	16.0458
17.2762	16.0458
17.2692	16.0458
17.2621	16.0458
17.2550	16.0458
17.2480	16.0458
17.2409	16.0458
17.2338	16.0458
17.2267	16.0458
17.2197	16.0458
17.2126	16.0458
17.2126	16.0387
17.2055	16.0387
17.1984	16.0387
17.1914	16.0387
17.1843	16.0387
17.1772	16.0387
17.1772	16.0316
17.1702	16.0316
17.1631	16.0316
17.1560	16.0316
17.1489	16.0316
17.1419	16.0316
17.1348	16.0316
17.1277	16.0316
17.1207	16.0316
17.1136	16.0316
17.1065	16.0316
17.0994	16.0316
17.0924	16.0316
17.0853	16.0316
17.0782	16.0316
17.0712	16.0316
17.0641	16.0316
17.0570	16.0316
17.0499	16.0316
17.0429	16.0316
17.0358	16.0316
17.0287	16.0316
17.0217	16.0316
17.0146	16.0316
17.0075	16.0316
17.0004	16.0316
16.9934	16.0316
16.9863	16.0316
16.9792	16.0316
16.9722	16.0316
16.9651	16.0316
16.9580	16.0316
16.9509	16.0316
16.9439	16.0316
16.9368	16.0316
16.9297	16.0316
16.9227	16.0316
16.9156	16.0316
16.9085	16.0316
16.9014	16.0316
16.8944	16.0316
16.8873	16.0316
16.8802	16.0316
16.8731	16.0316
16.8731	16.0245
16.8661	16.0245
16.8590	16.0245
16.8519	16.0245
16.8449	16.0245
16.8378	16.0245
16.8378	16.0175
16.8307	16.0175
16.8236	16.0175
16.8166	16.0175
16.8166	16.0104
16.8095	16.0104
16.8095	16.0033
16.8024	16.0033
16.7954	16.0033
16.7954	15.9963
16.7883	15.9963
16.7812	15.9963
16.7812	15.9892
16.7741	15.9892
16.7741	15.9821
16.7671	15.9821
16.7671	15.9750
16.7600	15.9750
16.7600	15.9680
16.7529	15.9680
16.7529	15.9609
16.7459	15.9609
16.7459	15.9538
16.7388	15.9538
16.7317	15.9468
16.7246	15.9397
16.7176	15.9397
16.7176	15.9326
16.7105	15.9326
16.7034	15.9255
16.7034	15.9185
16.6964	15.9185
16.6964	15.9114
16.6893	15.9114
16.6822	15.9114
16.6822	15.9043
16.6751	15.9043
16.6681	15.8973
16.6681	15.8902
16.6610	15.8902
16.6610	15.8831
16.6539	15.8831
16.6539	15.8760
16.6469	15.8760
16.6469	15.8690
16.6398	15.8690
16.6398	15.8619
16.6327	15.8619
16.6327	15.8548
16.6327	15.8477
16.6256	15.8477
16.6256	15.8407
16.6256	15.8336
16.6186	15.8336
16.6186	15.8265
16.6115	15.8265
16.6115	15.8195
16.6115	15.8124
16.6044	15.8124
16.6044	15.8053
16.6044	15.7982
16.6044	15.7912
16.6044	15.7841
16.6044	15.7770
16.6044	15.7700
16.6044	15.7629
16.6044	15.7558
16.6044	15.7487
16.6044	15.7417
16.6044	15.7346
16.6044	15.7275
16.6044	15.7205
16.6044	15.7134
16.6044	15.7063
16.6044	15.6992
16.6044	15.6922
16.6044	15.6851
16.6044	15.6780
16.6044	15.6710
16.6044	15.6639
16.6044	15.6568
16.6044	15.6497
16.5974	15.6497
16.5974	15.6427
16.5974	15.6356
16.5974	15.6285
16.5974	15.6215
16.5974	15.6144
16.5974	15.6073
16.5974	15.6002
16.5974	15.5932
16.5974	15.5861
16.5974	15.5790
16.5974	15.5720
16.5974	15.5649
16.5974	15.5578
16.5974	15.5507
16.5903	15.5507
16.5903	15.5437
16.5903	15.5366
16.5903	15.5295
16.5903	15.5224
16.5832	15.5224
16.5832	15.5154
16.5832	15.5083
16.5832	15.5012
16.5832	15.4942
16.5832	15.4871
16.5832	15.4800
16.5832	15.4729
16.5832	15.4659
16.5832	15.4588
16.5832	15.4517
16.5832	15.4447
16.5832	15.4376
16.5832	15.4305
16.5832	15.4234
16.5903	15.4234
16.5903	15.4164
16.5903	15.4093
16.5903	15.4022
16.5974	15.4022
16.5974	15.3952
16.5974	15.3881
16.5974	15.3810
16.6044	15.3810
16.6044	15.3739
16.6044	15.3669
16.6044	15.3598
16.5974	15.3598
16.5903	15.3598
16.5832	15.3598
16.5832	15.3527
16.5761	15.3527
16.5761	15.3457
16.5691	15.3457
16.5691	15.3386
16.5691	15.3315
16.5620	15.3315
16.5549	15.3315
16.5549	15.3244
16.5479	15.3174
16.5479	15.3103
16.5479	15.3032
16.5408	15.3032
16.5337	15.2962
16.5266	15.2891
16.5266	15.2820
16.5266	15.2749
16.5196	15.2749
16.5196	15.2679
16.5196	15.2608
16.5196	15.2537
16.5125	15.2537
16.5125	15.2467
16.5125	15.2396
16.5125	15.2325
16.5054	15.2325
16.4983	15.2325
16.4983	15.2254
16.4983	15.2184
16.4983	15.2113
16.4913	15.2113
16.4913	15.2042
16.4842	15.2042
16.4842	15.1971
16.4842	15.1901
16.4771	15.1901
16.4771	15.1830
16.4701	15.1830
16.4701	15.1759
16.4701	15.1689
16.4630	15.1689
16.4630	15.1618
16.4630	15.1547
16.4559	15.1476
16.4559	15.1406
16.4488	15.1406
16.4488	15.1335
16.4488	15.1264
16.4418	15.1264
16.4347	15.1194
16.4276	15.1123
16.4206	15.1123
16.4206	15.1052
16.4135	15.0981
16.4064	15.0981
16.4064	15.0911
16.3993	15.0911
16.3993	15.0840
16.3923	15.0769
16.3923	15.0699
16.3781	15.0699
16.3781	15.0628
16.3711	15.0557
16.3640	15.0557
16.3640	15.0486
16.3640	15.0416
16.3569	15.0416
16.3498	15.0416
16.3498	15.0345
16.3428	15.0345
16.3428	15.0274
16.3357	15.0274
16.3357	15.0204
16.3286	15.0204
16.3286	15.0133
16.3216	15.0133
16.3216	15.0062
16.3145	15.0062
16.3074	14.9991
16.3003	14.9991
16.3003	14.9921
16.2933	14.9850
16.2862	14.9850
16.2862	14.9779
16.2791	14.9779
16.2791	14.9709
16.2721	14.9709
16.2721	14.9638
16.2650	14.9567
16.2579	14.9567
16.2579	14.9496
16.2579	14.9426
16.2508	14.9426
16.2438	14.9355
16.2367	14.9284
16.2296	14.9214
16.2226	14.9214
16.2226	14.9143
16.2226	14.9072
16.2155	14.9072
16.2084	14.9072
16.2084	14.9001
16.2013	14.9001
16.2013	14.8931
16.1943	14.8931
16.1943	14.8860
16.1872	14.8860
16.1872	14.8789
16.1801	14.8789
16.1730	14.8789
16.1730	14.8718
16.1730	14.8648
16.1660	14.8648
16.1589	14.8648
16.1589	14.8577
16.1518	14.8577
16.1448	14.8577
16.1448	14.8506
16.1377	14.8436
16.1377	14.8365
16.1306	14.8365
16.1235	14.8294
16.1165	14.8294
16.1094	14.8294
16.1094	14.8223
16.1023	14.8223
16.1023	14.8153
16.0953	14.8153
16.0953	14.8082
16.0882	14.8082
16.0811	14.8082
16.0811	14.8011
16.0740	14.8011
16.0740	14.7941
16.0670	14.7941
16.0599	14.7870
16.0528	14.7799
16.0458	14.7799
16.0458	14.7728
16.0387	14.7658
16.0316	14.7658
16.0316	14.7587
16.0316	14.7516
16.0245	14.7516
16.0245	14.7446
16.0175	14.7446
16.0175	14.7375
16.0104	14.7375
16.0104	14.7304
16.0104	14.7233
15.9963	14.7233
15.9963	14.7163
15.9892	14.7163
15.9892	14.7092
15.9821	14.7092
15.9750	14.7092
15.9750	14.7021
15.9680	14.7021
15.9680	14.6951
15.9609	14.6951
15.9609	14.6880
15.9538	14.6880
15.9538	14.6809
15.9468	14.6809
15.9397	14.6809
15.9397	14.6738
15.9326	14.6738
15.9326	14.6668
15.9255	14.6668
15.9255	14.6597
15.9185	14.6597
15.9114	14.6597
15.9114	14.6526
15.9043	14.6526
15.9043	14.6456
15.8973	14.6456
15.8902	14.6385
15.8831	14.6385
15.8831	14.6314
15.8760	14.6314
15.8760	14.6243
15.8690	14.6243
15.8690	14.6173
15.8619	14.6173
15.8548	14.6173
15.8548	14.6102
15.8548	14.6031
15.8477	14.6031
15.8407	14.5961
15.8407	14.5890
15.8336	14.5890
15.8265	14.5890
15.8265	14.5819
15.8195	14.5748
15.8195	14.5678
15.8124	14.5678
15.8124	14.5607
15.8053	14.5607
15.7982	14.5607
15.7982	14.5536
15.7982	14.5466
15.7912	14.5466
15.7912	14.5395
15.7841	14.5395
15.7841	14.5324
15.7841	14.5253
15.7770	14.5183
15.7770	14.5112
15.7700	14.5112
15.7629	14.5041
15.7558	14.5041
15.7558	14.4970
15.7487	14.4900
15.7487	14.4829
15.7417	14.4758
15.7346	14.4758
15.7346	14.4688
15.7275	14.4688
15.7275	14.4617
15.7275	14.4546
15.7205	14.4546
15.7205	14.4475
15.7205	14.4405
15.7134	14.4405
15.7134	14.4334
15.7063	14.4263
15.7063	14.4193
15.6992	14.4193
15.6992	14.4122
15.6922	14.4122
15.6922	14.4051
15.6922	14.3980
15.6851	14.3910
15.6851	14.3839
15.6780	14.3839
15.6780	14.3768
15.6780	14.3698
15.6710	14.3698
15.6710	14.3627
15.6639	14.3627
15.6639	14.3556
15.6568	14.3556
15.6568	14.3485
15.6497	14.3415
15.6497	14.3344
15.6427	14.3344
15.6427	14.3273
15.6356	14.3273
15.6356	14.3203
15.6356	14.3132
15.6285	14.3061
15.6215	14.3061
15.6215	14.2990
15.6144	14.2920
15.6144	14.2849
15.6073	14.2849
15.6073	14.2778
15.6073	14.2708
15.6002	14.2708
15.6002	14.2637
15.5932	14.2637
15.5932	14.2566
15.5932	14.2495
15.5861	14.2495
15.5861	14.2425
15.5790	14.2425
15.5790	14.2354
15.5720	14.2354
15.5720	14.2283
15.5649	14.2213
15.5578	14.2142
15.5578	14.2071
15.5507	14.2071
15.5507	14.2000
15.5437	14.1930
15.5437	14.1859
15.5366	14.1859
15.5366	14.1788
15.5295	14.1788
15.5295	14.1717
15.5224	14.1717
15.5224	14.1647
15.5224	14.1576
15.5224	14.1505
15.5224	14.1435
15.5224	14.1364
15.5154	14.1364
15.5154	14.1293
15.5154	14.1222
15.5154	14.1152
15.5083	14.1152
15.5083	14.1081
15.5083	14.1010
15.5012	14.1010
15.5012	14.0940
15.5012	14.0869
15.5012	14.0798
15.4942	14.0798
15.4942	14.0727
15.4942	14.0657
15.4942	14.0586
15.4871	14.0515
15.4871	14.0445
15.4871	14.0374
15.4800	14.0374
15.4800	14.0303
15.4800	14.0232
15.4729	14.0162
15.4729	14.0091
15.4729	14.0020
15.4659	14.0020
15.4659	13.9879
15.4588	13.9879
15.4588	13.9808
15.4588	13.9737
15.4517	13.9667
15.4517	13.9596
15.4447	13.9525
15.4447	13.9455
15.4447	13.9384
15.4376	13.9313
15.4376	13.9242
15.4305	13.9242
15.4305	13.9172
15.4305	13.9101
15.4305	13.9030
15.4234	13.9030
15.4164	13.8960
15.4164	13.8889
15.4164	13.8818
15.4093	13.8747
15.4093	13.8677
15.4093	13.8606
15.4022	13.8606
15.4022	13.8464
15.3952	13.8394
15.3881	13.8323
15.3881	13.8252
15.3881	13.8182
15.3810	13.8111
15.3810	13.8040
15.3739	13.8040
15.3739	13.7969
15.3739	13.7899
15.3739	13.7828
15.3669	13.7828
15.3669	13.7757
15.3598	13.7757
15.3598	13.7687
15.3598	13.7616
15.3598	13.7545
15.3527	13.7545
15.3527	13.7474
15.3527	13.7404
15.3457	13.7333
15.3457	13.7262
15.3457	13.7192
15.3386	13.7121
15.3386	13.7050
15.3386	13.6979
15.3315	13.6979
15.3315	13.6909
15.3315	13.6838
15.3244	13.6838
15.3244	13.6767
15.3244	13.6697
15.3174	13.6697
15.3174	13.6626
15.3174	13.6555
15.3174	13.6484
15.3103	13.6414
15.3103	13.6343
15.3032	13.6343
15.3032	13.6272
15.2962	13.6202
15.2962	13.6131
15.2962	13.6060
15.2891	13.6060
15.2891	13.5989
15.2891	13.5919
15.2891	13.5848
15.2820	13.5777
15.2820	13.5707
15.2820	13.5636
15.2820	13.5565
15.2749	13.5494
15.2679	13.5424
15.2679	13.5353
15.2679	13.5282
15.2679	13.5211
15.2679	13.5141
15.2679	13.5070
15.2608	13.5070
15.2608	13.4999
15.2608	13.4929
15.2608	13.4858
15.2608	13.4787
15.2608	13.4716
15.2608	13.4646
15.2608	13.4575
15.2608	13.4504
15.2608	13.4434
15.2608	13.4363
15.2608	13.4292
15.2608	13.4221
15.2608	13.4151
15.2608	13.4080
15.2537	13.4009
15.2537	13.3939
15.2537	13.3868
15.2537	13.3797
15.2537	13.3726
15.2537	13.3656
15.2537	13.3585
15.2537	13.3514
15.2537	13.3444
15.2537	13.3373
15.2537	13.3302
15.2537	13.3231
15.2537	13.3161
15.2537	13.3090
15.2537	13.3019
15.2537	13.2949
15.2537	13.2878
15.2537	13.2807
15.2537	13.2736
15.2537	13.2666
15.2537	13.2595
15.2537	13.2524
15.2537	13.2454
15.2537	13.2383
15.2537	13.2312
15.2537	13.2241
15.2537	13.2171
15.2537	13.2100
15.2537	13.2029
15.2537	13.1958
15.2537	13.1888
15.2537	13.1817
15.2537	13.1746
15.2537	13.1676
15.2537	13.1605
15.2537	13.1463
15.2537	13.1393
15.2608	13.1393
15.2608	13.1322
15.2608	13.1251
15.2608	13.1181
15.2608	13.1110
15.2608	13.1039
15.2608	13.0968
15.2608	13.0898
15.2608	13.0827
15.2608	13.0756
15.2608	13.0686
15.2608	13.0615
15.2608	13.0544
15.2679	13.0544
15.2679	13.0473
15.2679	13.0403
15.2679	13.0332
15.2679	13.0261
15.2749	13.0191
15.2749	13.0120
15.2749	13.0049
15.2749	12.9978
15.2749	12.9908
15.2749	12.9837
15.2749	12.9766
15.2749	12.9696
15.2749	12.9625
15.2820	12.9625
15.2820	12.9554
15.2820	12.9483
15.2820	12.9413
15.2820	12.9342
15.2820	12.9271
15.2891	12.9271
15.2891	12.9201
15.2891	12.9130
15.2891	12.9059
15.2891	12.8988
15.2891	12.8918
15.2962	12.8918
15.2962	12.8847
15.2962	12.8776
15.2962	12.8706
15.3032	12.8706
15.3032	12.8635
15.3032	12.8564
15.3032	12.8493
15.3032	12.8423
15.3032	12.8352
15.3103	12.8352
15.3103	12.8281
15.3103	12.8210
15.3103	12.8140
15.3103	12.8069
15.3174	12.8069
15.3174	12.7998
15.3174	12.7928
15.3174	12.7857
15.3174	12.7786
15.3244	12.7715
15.3244	12.7645
15.3244	12.7574
15.3315	12.7503
15.3315	12.7433
15.3315	12.7362
15.3315	12.7291
15.3386	12.7291
15.3386	12.7220
15.3386	12.7150
15.3386	12.7079
15.3386	12.7008
15.3457	12.7008
15.3457	12.6938
15.3457	12.6867
15.3457	12.6796
15.3527	12.6725
15.3527	12.6655
15.3527	12.6584
15.3527	12.6513
15.3598	12.6443
15.3598	12.6372
15.3669	12.6372
15.3669	12.6301
15.3669	12.6230
15.3669	12.6160
15.3669	12.6089
15.3739	12.6089
15.3739	12.6018
15.3739	12.5948
15.3739	12.5877
15.3739	12.5806
15.3739	12.5735
15.3810	12.5735
15.3810	12.5665
15.3810	12.5594
15.3810	12.5523
15.3810	12.5453
15.3881	12.5453
15.3881	12.5382
15.3881	12.5311
15.3952	12.5311
15.3952	12.5240
15.3952	12.5170
15.3952	12.5099
15.3952	12.5028
15.4022	12.5028
15.4022	12.4957
15.4022	12.4887
15.4022	12.4816
15.4022	12.4745
15.4093	12.4745
15.4093	12.4675
15.4093	12.4604
15.4093	12.4533
15.4093	12.4462
15.4093	12.4392
15.4164	12.4392
15.4164	12.4321
15.4234	12.4321
15.4234	12.4250
15.4234	12.4180
15.4234	12.4109
15.4234	12.4038
15.4234	12.3967
15.4305	12.3967
15.4305	12.3897
15.4305	12.3826
15.4305	12.3755
15.4376	12.3755
15.4376	12.3685
15.4376	12.3614
15.4376	12.3543
15.4447	12.3543
15.4447	12.3472
15.4447	12.3402
15.4517	12.3402
15.4517	12.3331
15.4517	12.3260
15.4517	12.3190
15.4588	12.3190
15.4588	12.3119
15.4588	12.3048
15.4588	12.2977
15.4659	12.2977
15.4659	12.2907
15.4659	12.2836
15.4729	12.2836
15.4729	12.2765
15.4729	12.2695
15.4800	12.2695
15.4800	12.2624
15.4871	12.2553
15.4871	12.2482
15.4871	12.2412
15.4942	12.2341
15.4942	12.2270
15.4942	12.2200
15.5012	12.2200
15.5012	12.2129
15.5083	12.2129
15.5083	12.2058
15.5083	12.1987
15.5083	12.1917
15.5154	12.1846
15.5154	12.1775
15.5154	12.1704
15.5224	12.1704
15.5224	12.1634
15.5224	12.1563
15.5224	12.1492
15.5295	12.1492
15.5295	12.1422
15.5366	12.1422
15.5366	12.1351
15.5366	12.1280
15.5366	12.1209
15.5437	12.1209
15.5437	12.1139
15.5437	12.1068
15.5507	12.1068
15.5507	12.0997
15.5507	12.0927
15.5578	12.0927
15.5578	12.0856
15.5578	12.0785
15.5649	12.0785
15.5649	12.0714
15.5649	12.0644
15.5649	12.0573
15.5649	12.0502
15.5649	12.0432
15.5649	12.0361
15.5649	12.0290
15.5649	12.0219
15.5649	12.0149
15.5649	12.0078
15.5649	12.0007
15.5649	11.9937
15.5649	11.9866
15.5578	11.9866
15.5578	11.9795
15.5578	11.9724
15.5578	11.9654
15.5578	11.9583
15.5507	11.9583
15.5507	11.9512
15.5507	11.9442
15.5507	11.9371
15.5507	11.9300
15.5507	11.9229
15.5507	11.9159
15.5507	11.9088
15.5437	11.9088
15.5437	11.9017
15.5437	11.8947
15.5437	11.8876
15.5437	11.8805
15.5437	11.8734
15.5437	11.8664
15.5437	11.8593
15.5437	11.8522
15.5437	11.8451
15.5437	11.8381
15.5437	11.8310
15.5437	11.8239
15.5366	11.8169
15.5366	11.8098
15.5366	11.8027
15.5366	11.7956
15.5295	11.7886
15.5295	11.7815
15.5295	11.7744
15.5295	11.7674
15.5295	11.7603
15.5295	11.7532
15.5295	11.7461
15.5224	11.7461
15.5224	11.7391
15.5224	11.7320
15.5224	11.7249
15.5224	11.7179
15.5224	11.7108
15.5224	11.7037
15.5224	11.6966
15.5224	11.6896
15.5224	11.6825
15.5224	11.6754
15.5224	11.6684
15.5224	11.6613
15.5224	11.6542
15.5224	11.6471
15.5224	11.6401
15.5224	11.6330
15.5224	11.6259
15.5224	11.6189
15.5224	11.6118
15.5224	11.6047
15.5224	11.5976
15.5224	11.5906
15.5224	11.5835
15.5224	11.5764
15.5224	11.5694
15.5224	11.5623
15.5224	11.5552
15.5224	11.5481
15.5224	11.5411
15.5224	11.5340
15.5224	11.5269
15.5224	11.5198
15.5224	11.5128
15.5224	11.5057
15.5224	11.4986
15.5224	11.4916
15.5224	11.4845
15.5224	11.4774
15.5224	11.4703
15.5154	11.4562
15.5154	11.4491
15.5154	11.4421
15.5154	11.4350
15.5154	11.4279
15.5083	11.4208
15.5083	11.4138
15.5083	11.4067
15.5083	11.3926
15.5012	11.3926
15.5012	11.3855
15.5012	11.3784
15.5012	11.3713
15.5012	11.3643
15.5012	11.3572
15.5012	11.3501
15.5012	11.3431
15.5012	11.3360
15.5012	11.3289
15.5012	11.3218
15.5012	11.3148
15.5012	11.3077
15.5012	11.3006
15.5012	11.2936
15.5012	11.2865
15.5012	11.2794
15.5012	11.2723
15.5012	11.2653
15.5012	11.2582
15.5012	11.2511
15.5012	11.2441
15.5012	11.2370
15.5012	11.2299
15.5012	11.2228
15.5012	11.2158
15.5012	11.2087
15.5012	11.2016
15.5012	11.1945
15.5012	11.1875
15.5012	11.1804
15.5012	11.1733
15.5012	11.1663
15.5012	11.1592
15.5012	11.1521
15.5012	11.1450
15.5012	11.1380
15.5012	11.1309
15.5012	11.1238
15.5012	11.1168
15.5012	11.1097
15.5012	11.1026
15.5012	11.0955
15.5012	11.0885
15.5012	11.0814
15.5012	11.0743
15.5012	11.0673
15.5012	11.0602
15.5012	11.0531
15.5012	11.0460
15.5012	11.0390
15.5012	11.0319
15.5012	11.0178
15.5012	11.0036
15.5012	10.9895
15.5012	10.9824
15.5012	10.9753
15.5012	10.9683
15.5012	10.9612
15.5012	10.9541
15.5012	10.9470
15.5012	10.9400
15.5012	10.9329
15.5012	10.9258
15.5012	10.9188
15.5012	10.9117
15.5012	10.9046
15.5012	10.8975
15.5012	10.8905
15.5012	10.8834
15.5012	10.8763
15.5012	10.8693
15.5012	10.8622
15.5083	10.8551
15.5083	10.8410
15.5083	10.8339
15.5083	10.8268
15.5083	10.8197
15.5083	10.8127
15.5083	10.8056
15.5154	10.8056
15.5154	10.7985
15.5154	10.7915
15.5154	10.7844
15.5224	10.7844
15.5224	10.7773
15.5224	10.7702
15.5224	10.7632
15.5224	10.7561
15.5295	10.7561
15.5295	10.7490
15.5366	10.7490
15.5366	10.7420
15.5366	10.7349
15.5366	10.7278
15.5437	10.7207
15.5437	10.7137
15.5507	10.7137
15.5507	10.6995
15.5507	10.6925
15.5578	10.6854
15.5649	10.6854
15.5649	10.6712
15.5720	10.6642
15.5720	10.6571
15.5720	10.6500
15.5790	10.6500
15.5790	10.6430
15.5790	10.6359
15.5861	10.6359
15.5861	10.6288
15.5861	10.6217
15.5932	10.6217
15.5932	10.6147
15.5932	10.6076
15.6002	10.6076
15.6002	10.6005
15.6073	10.6005
15.6073	10.5935
15.6144	10.5864
15.6144	10.5793
15.6215	10.5793
15.6215	10.5722
15.6285	10.5722
15.6285	10.5652
15.6356	10.5652
15.6356	10.5581
15.6356	10.5510
15.6427	10.5510
15.6427	10.5440
15.6497	10.5440
15.6568	10.5369
15.6639	10.5369
15.6639	10.5298
15.6710	10.5227
15.6710	10.5157
15.6780	10.5157
15.6851	10.5157
15.6851	10.5086
15.6922	10.5086
15.6922	10.5015
15.6992	10.5015
15.6992	10.4944
15.7063	10.4944
15.7063	10.4874
15.7134	10.4874
15.7134	10.4803
15.7205	10.4803
15.7275	10.4803
15.7275	10.4732
15.7275	10.4662
15.7346	10.4662
15.7417	10.4662
15.7487	10.4591
15.7558	10.4591
15.7629	10.4520
15.7700	10.4520
15.7770	10.4520
15.7770	10.4449
15.7841	10.4449
15.7912	10.4449
15.7912	10.4379
15.7982	10.4379
15.8053	10.4379
15.8053	10.4308
15.8124	10.4308
15.8124	10.4237
15.8195	10.4237
15.8265	10.4237
15.8336	10.4167
15.8407	10.4167
15.8407	10.4096
15.8477	10.4096
15.8477	10.4025
15.8548	10.4025
15.8619	10.4025
15.8619	10.3954
15.8690	10.3954
15.8760	10.3954
15.8760	10.3884
15.8831	10.3884
15.8902	10.3884
15.8902	10.3813
15.8902	10.3742
15.8973	10.3742
15.9043	10.3742
15.9043	10.3672
15.9114	10.3672
15.9185	10.3672
15.9185	10.3601
15.9255	10.3601
15.9326	10.3601
15.9326	10.3530
15.9397	10.3459
15.9468	10.3459
15.9538	10.3459
15.9538	10.3389
15.9609	10.3389
15.9609	10.3318
15.9680	10.3318
15.9750	10.3318
15.9750	10.3247
15.9750	10.3177
15.9821	10.3177
15.9892	10.3177
15.9892	10.3106
15.9963	10.3106
16.0033	10.3106
16.0033	10.3035
16.0104	10.3035
16.0175	10.3035
16.0175	10.2964
16.0245	10.2964
16.0245	10.2894
16.0316	10.2894
16.0316	10.2823
16.0387	10.2823
16.0458	10.2823
16.0458	10.2752
16.0528	10.2752
16.0528	10.2682
16.0599	10.2682
16.0670	10.2611
16.0740	10.2540
16.0740	10.2469
16.0811	10.2469
16.0882	10.2469
16.0953	10.2399
16.0953	10.2328
16.1023	10.2328
16.1094	10.2257
16.1165	10.2257
16.1235	10.2257
16.1235	10.2187
16.1306	10.2187
16.1306	10.2116
16.1377	10.2116
16.1448	10.2116
16.1448	10.2045
16.1518	10.2045
16.1518	10.1974
16.1589	10.1974
16.1660	10.1974
16.1660	10.1904
16.1730	10.1904
16.1801	10.1904
16.1801	10.1833
16.1872	10.1833
16.1943	10.1833
16.1943	10.1762
16.1943	10.1691
16.2013	10.1691
16.2084	10.1691
16.2155	10.1691
16.2155	10.1621
16.2226	10.1621
16.2296	10.1621
16.2367	10.1550
16.2438	10.1550
16.2508	10.1550
16.2579	10.1479
16.2650	10.1479
16.2721	10.1479
16.2721	10.1409
16.2791	10.1409
16.2862	10.1409
16.2862	10.1338
16.2933	10.1338
16.3003	10.1338
16.3074	10.1338
16.3145	10.1338
16.3145	10.1267
16.3216	10.1267
16.3286	10.1267
16.3357	10.1267
16.3357	10.1196
16.3428	10.1196
16.3428	10.1126
16.3498	10.1126
16.3569	10.1126
16.3640	10.1126
16.3711	10.1126
16.3781	10.1126
16.3852	10.1126
16.3923	10.1126
16.3923	10.1055
16.3993	10.1055
16.4064	10.1055
16.4135	10.1055
16.4206	10.1055
16.4276	10.1055
16.4347	10.1055
16.4418	10.1055
16.4488	10.1055
16.4559	10.1055
16.4630	10.1055
16.4630	10.0984
16.4701	10.0984
16.4771	10.0984
16.4842	10.0984
16.4913	10.0984
16.4983	10.0984
16.5054	10.0984
16.5125	10.0984
16.5196	10.0984
