17.5425	6.3798
17.5198	6.3798
17.4744	6.3571
17.4063	6.3571
17.3609	6.3571
17.3155	6.3571
17.2700	6.4025
17.2473	6.4479
17.2473	6.4933
17.2473	6.5387
17.2473	6.5841
17.2473	6.6522
17.2019	6.6522
17.1792	6.6976
17.1792	6.7657
17.2246	6.7884
17.2700	6.8339
17.2700	6.9020
17.2928	6.9474
17.2700	6.9474
17.2246	6.9474
17.1565	6.9247
17.1111	6.9020
17.0657	6.8793
17.0203	6.8566
16.9749	6.8566
16.9295	6.8793
16.9068	6.9247
16.9068	6.9701
16.9522	7.0382
16.9749	7.0836
17.0203	7.1290
17.0430	7.1744
17.0430	7.2198
17.0884	7.2879
17.1338	7.3106
17.1111	7.3106
17.0657	7.3333
16.9976	7.3560
16.9976	7.4242
16.9749	7.4696
16.9749	7.5150
16.9976	7.5604
17.0430	7.6058
16.9976	7.6512
16.9522	7.6739
16.9295	7.7420
16.8841	7.7874
16.8387	7.8101
16.8387	7.8782
16.8387	7.9236
16.8614	7.9690
16.8614	8.0145
16.8841	8.0599
16.8841	8.1053
16.9295	8.1280
16.9749	8.1280
17.0203	8.1734
17.0203	8.2415
16.9976	8.2869
16.9976	8.3323
16.9976	8.3777
16.9976	8.4231
17.0203	8.4685
16.9749	8.5139
16.9295	8.5366
16.9068	8.6048
16.9068	8.6502
16.9068	8.6956
16.9068	8.7410
16.9068	8.7183
16.9068	8.6729
16.8614	8.6275
16.8160	8.6048
16.7706	8.6048
16.7706	8.5820
16.7706	8.5366
16.7252	8.4912
16.7252	8.4458
16.7479	8.3777
16.7706	8.3323
16.7933	8.2869
16.8160	8.2415
16.8160	8.1734
16.8160	8.1280
16.8160	8.0826
16.7933	8.0826
16.7252	8.1053
16.6797	8.1507
16.6570	8.1961
16.6343	8.1734
16.5889	8.1734
16.5435	8.1507
16.5435	8.1053
16.4754	8.0826
16.4300	8.0826
16.3846	8.0826
16.3392	8.0599
16.3165	8.0145
16.2938	7.9463
16.2711	7.9009
16.2257	7.8782
16.1576	7.8328
16.1122	7.8328
16.0894	7.7647
16.0667	7.7193
16.0440	7.6739
15.9986	7.6285
15.9532	7.5604
15.8851	7.5377
15.8397	7.5377
15.8170	7.5604
15.7716	7.6058
15.7262	7.6058
15.7035	7.5604
15.6808	7.4923
15.6354	7.4469
15.5900	7.4014
15.5673	7.3560
15.4991	7.3333
15.4537	7.3333
15.4083	7.3333
15.3629	7.3333
15.3175	7.3333
15.2721	7.3333
15.2267	7.3106
15.1586	7.3106
15.1132	7.2879
15.0678	7.2652
15.0224	7.2425
14.9770	7.2198
14.9088	7.1971
14.8634	7.1744
14.8407	7.1971
14.8407	7.2652
14.8180	7.3106
14.8180	7.3560
14.8407	7.4014
14.8861	7.4469
14.9088	7.4923
14.9088	7.5377
14.9088	7.5831
14.9088	7.6285
14.9088	7.6966
14.9088	7.7420
14.9543	7.7420
14.9997	7.7420
15.0451	7.8101
15.0678	7.8555
15.1132	7.9009
15.1359	7.9463
15.2040	7.9690
15.2494	7.9690
15.2721	7.9917
15.2948	8.0372
15.3175	8.0826
15.3402	8.1507
15.3856	8.1961
15.4310	8.2188
15.4764	8.2415
15.5219	8.2415
15.5900	8.2415
15.6354	8.2642
15.6808	8.2869
15.6581	8.3323
15.5900	8.3550
15.5446	8.4004
15.5446	8.4458
15.5446	8.4912
15.5673	8.5366
15.6127	8.6048
15.5900	8.6048
15.5219	8.5820
15.4764	8.5593
15.4537	8.4912
15.4537	8.4458
15.4310	8.4004
15.4083	8.3550
15.3856	8.3096
15.3402	8.2869
15.2721	8.2415
15.2267	8.2415
15.1813	8.2415
15.1359	8.2188
15.0905	8.1961
15.0224	8.1961
15.0224	8.2415
14.9997	8.2869
14.9770	8.3323
14.9543	8.4004
14.9543	8.4458
14.9543	8.4912
14.9997	8.5139
15.0451	8.5820
15.0451	8.6275
14.9997	8.6275
14.9543	8.6502
14.9543	8.6956
14.9543	8.7410
15.0224	8.7864
15.0678	8.8091
15.0905	8.8545
15.0678	8.8999
15.0451	8.9453
15.0451	8.9907
15.0678	9.0361
15.0905	9.1042
15.1132	9.1496
15.1586	9.1951
15.1586	9.2405
15.1586	9.2178
15.1132	9.1723
15.0905	9.1042
15.0451	9.0588
14.9997	9.0134
14.9543	8.9907
14.9088	8.9907
14.8634	8.9907
14.7953	8.9907
14.7499	8.9907
14.7045	8.9907
14.6818	8.9453
14.6364	8.8999
14.5910	8.8545
14.5456	8.8318
14.4775	8.8318
14.4321	8.8772
14.3867	8.8999
14.3413	8.9453
14.3413	9.0134
14.3867	9.0361
14.4548	9.0815
14.4775	9.1269
14.5229	9.1723
14.5229	9.2178
14.5229	9.2632
14.5002	9.2632
14.4548	9.2405
14.4094	9.1951
14.3413	9.1723
14.2958	9.1496
14.2504	9.1496
14.2050	9.1723
14.1596	9.1723
14.0915	9.2178
14.0915	9.2632
14.0234	9.2859
14.0007	9.2632
13.9553	9.2405
13.9099	9.2405
13.8418	9.2178
13.7964	9.2178
13.7737	9.2632
13.8191	9.3313
13.8418	9.3767
13.8872	9.4221
13.9326	9.4675
13.9553	9.5129
13.9553	9.5583
13.9780	9.6037
13.9780	9.6491
14.0234	9.6718
14.0915	9.6718
14.1369	9.6264
14.1596	9.6491
14.1596	9.6945
14.1596	9.7626
14.1596	9.8081
14.2277	9.8308
14.2731	9.8308
14.2958	9.8535
14.3413	9.8762
14.3867	9.8762
14.4094	9.8989
14.4548	9.9443
14.5002	9.9670
14.5456	10.0124
14.6137	10.0351
14.6591	10.0124
14.7045	9.9670
14.7499	9.9670
14.8180	9.9670
14.8634	9.9216
14.9088	9.8989
14.9543	9.9443
14.9543	9.9897
14.9543	10.0351
14.9316	10.0805
14.9088	10.1259
14.9088	10.1713
14.9543	10.1713
14.9997	10.1713
15.0678	10.1940
15.1132	10.2167
15.0905	10.2621
15.0905	10.3075
15.0451	10.3757
15.0451	10.4211
15.0905	10.4438
15.1359	10.4438
15.1813	10.4665
15.2040	10.5119
15.1813	10.5573
15.1359	10.6027
15.1359	10.6481
15.0905	10.6481
15.0678	10.5800
15.0224	10.5346
14.9997	10.4892
14.9316	10.4438
14.9316	10.3984
14.8634	10.3757
14.8180	10.4211
14.7726	10.4438
14.7272	10.4665
14.6818	10.4665
14.6137	10.4211
14.5683	10.3757
14.5229	10.3529
14.4775	10.3529
14.4548	10.3984
14.4548	10.4438
14.5229	10.4892
14.5456	10.5346
14.5456	10.5800
14.5002	10.6254
14.5002	10.6708
14.5229	10.7389
14.5002	10.7162
14.4775	10.6708
14.4094	10.6481
14.3640	10.6027
14.3185	10.5573
14.2731	10.5573
14.2277	10.5800
14.2050	10.6254
14.2050	10.6708
14.2277	10.7389
14.2050	10.7389
14.1596	10.7389
14.0915	10.7389
14.0461	10.7389
14.0007	10.7389
13.9553	10.7389
13.9099	10.7616
13.9099	10.8070
13.9099	10.8524
13.9099	10.9205
13.9553	10.9432
14.0234	10.9432
14.0688	10.9660
14.1142	10.9660
14.1142	11.0341
14.1142	11.0795
14.1142	11.1249
14.1596	11.1249
14.2050	11.0795
14.2277	11.0341
14.2731	11.0114
14.2958	11.0341
14.3413	11.0795
14.3413	11.1476
14.3413	11.1930
14.4094	11.2157
14.4548	11.2157
14.4775	11.1930
14.5229	11.1703
14.5456	11.2157
14.5456	11.2611
14.5456	11.3065
14.5910	11.3292
14.6591	11.3065
14.7045	11.2838
14.7499	11.2384
14.7953	11.2157
14.8407	11.2157
14.8861	11.2611
14.9316	11.2838
14.9543	11.3292
14.9770	11.3973
15.0224	11.4200
15.0678	11.4427
15.0905	11.4881
15.0905	11.5335
15.0905	11.5790
15.0678	11.6471
15.0224	11.6244
14.9770	11.6017
14.9316	11.5335
14.9088	11.4881
14.8634	11.4654
14.7953	11.4200
14.7499	11.3973
14.7499	11.4200
14.7499	11.4654
14.7726	11.5108
14.7726	11.5562
14.7272	11.5562
14.6818	11.5335
14.6364	11.5108
14.5910	11.4427
14.5229	11.4200
14.5002	11.3746
14.4548	11.3519
14.4094	11.3746
14.3867	11.4200
14.3867	11.4654
14.3867	11.5335
14.3867	11.4881
14.3185	11.4654
14.2731	11.4200
14.2277	11.3746
14.1823	11.3519
14.1596	11.3973
14.1596	11.4427
14.1142	11.4427
14.0688	11.3973
14.0234	11.3973
14.0007	11.4200
13.9780	11.4654
13.9326	11.4654
13.8872	11.4427
13.8418	11.4427
13.7964	11.4427
13.7510	11.4427
13.7510	11.4881
13.7282	11.5562
13.7055	11.6017
13.7055	11.6471
13.7282	11.6925
13.7964	11.6925
13.8418	11.6925
13.8872	11.7379
13.8645	11.7379
13.8418	11.8060
13.8191	11.8514
13.8645	11.8741
13.9099	11.8741
13.9553	11.8514
14.0007	11.8514
14.0461	11.8287
14.1142	11.8514
14.1596	11.8741
14.2050	11.8741
14.2504	11.8741
14.2504	11.9422
14.2050	11.9422
14.1596	12.0103
14.1142	12.0103
14.0461	12.0557
14.0007	12.0784
13.9780	12.1238
13.9780	12.1693
14.0234	12.2147
14.0915	12.2147
14.1369	12.2147
14.1823	12.2147
14.2277	12.1920
14.2731	12.1920
14.3413	12.1920
14.3867	12.2147
14.4094	12.2601
14.4548	12.2601
14.5002	12.2601
14.5456	12.2601
14.5910	12.2374
14.6364	12.2374
14.7045	12.2374
14.7499	12.2374
14.7953	12.2601
14.8407	12.2601
14.8861	12.2828
14.9316	12.2828
14.9997	12.3055
14.9997	12.3509
15.0224	12.3963
15.0678	12.4417
15.1359	12.4417
15.1586	12.3963
15.1813	12.4190
15.1813	12.4644
15.1813	12.5098
15.1813	12.5552
15.1813	12.6233
15.1586	12.6233
15.0905	12.6233
15.0451	12.6233
14.9997	12.6233
14.9543	12.6233
14.9088	12.6233
14.8861	12.6460
14.8861	12.6914
14.8861	12.7368
14.9088	12.8050
14.8634	12.8050
14.8180	12.7823
14.7726	12.7823
14.7272	12.8050
14.6818	12.8277
14.6591	12.8731
14.6137	12.9412
14.5683	12.9639
14.5456	13.0093
14.5002	13.0547
14.4775	13.1228
14.5002	13.1682
14.5456	13.1909
14.5229	13.2363
14.4775	13.2363
14.4094	13.2363
14.3640	13.2363
14.3640	13.2590
14.3640	13.3271
14.3867	13.3726
14.4094	13.4180
14.3640	13.4407
14.3185	13.4407
14.2731	13.4861
14.2277	13.5315
14.2277	13.5769
14.2731	13.6450
14.3413	13.6450
14.3867	13.6450
14.4321	13.6450
14.4548	13.5996
14.5229	13.5996
14.5683	13.6223
14.6137	13.6450
14.6591	13.6450
14.6818	13.5996
14.6818	13.5542
14.6818	13.5088
14.7272	13.5088
14.7726	13.5088
14.8180	13.5088
14.8407	13.4861
14.8634	13.4407
14.8634	13.3726
14.8634	13.3271
14.9088	13.3271
14.9543	13.3726
14.9770	13.4180
15.0224	13.4861
15.0905	13.4634
15.0905	13.4180
15.1132	13.3726
15.1586	13.3271
15.2040	13.3044
15.2267	13.2590
15.2721	13.2363
15.3175	13.2363
15.3629	13.2363
15.4083	13.2363
15.4537	13.2136
15.5219	13.2136
15.5673	13.2363
15.5900	13.2817
15.5673	13.3044
15.5219	13.3271
15.4764	13.3726
15.5219	13.4180
15.5673	13.4407
15.5446	13.5088
15.5219	13.5542
15.5219	13.5996
15.5219	13.6450
15.5446	13.6904
15.5900	13.7358
15.6354	13.7585
15.6808	13.7585
15.7262	13.7812
15.7489	13.7585
15.7716	13.7131
15.7943	13.6677
15.8170	13.5996
15.8397	13.5542
15.8851	13.5315
15.9305	13.5088
15.9759	13.4861
16.0213	13.4634
16.0894	13.4407
16.0894	13.3953
16.0894	13.3499
16.0667	13.2817
16.0894	13.3044
16.1576	13.3271
16.2030	13.3499
16.2484	13.3726
16.2938	13.3953
16.3392	13.3953
16.4073	13.3499
16.4527	13.3499
16.4754	13.3953
16.5435	13.4407
16.5435	13.4861
16.5435	13.5315
16.5435	13.5769
16.5435	13.6223
16.5435	13.6904
16.4981	13.7131
16.4754	13.7585
16.4300	13.8039
16.4073	13.8493
16.3846	13.8947
16.3846	13.9402
16.3846	14.0083
16.3846	14.0537
16.3619	14.0991
16.2938	14.1445
16.2484	14.1445
16.2030	14.0991
16.1576	14.0991
16.1122	14.1218
16.0894	14.1672
16.0667	14.2126
16.0667	14.2580
16.0667	14.3261
16.0440	14.3488
15.9759	14.3488
15.9305	14.3942
15.9305	14.4396
15.9532	14.4850
15.9305	14.4850
15.8624	14.5077
15.8624	14.5759
15.8624	14.6213
15.8624	14.6667
15.8397	14.6894
15.7943	14.7575
15.7716	14.8029
15.7716	14.8483
15.8397	14.8710
15.8851	14.8937
15.9305	14.8937
15.9759	14.9164
16.0213	14.8937
16.0440	14.8483
16.0894	14.7802
16.1349	14.7575
16.1803	14.7121
16.2030	14.7575
16.2484	14.7802
16.2938	14.7802
16.3165	14.7348
16.3392	14.6894
16.3392	14.6440
16.3392	14.5986
16.4073	14.5986
16.4527	14.6213
16.4981	14.5986
16.5208	14.5532
16.5208	14.5077
16.5208	14.4623
16.5208	14.4169
16.5662	14.4169
16.6116	14.3942
16.6570	14.3488
16.7025	14.3261
16.7479	14.3034
16.7933	14.2580
16.8160	14.2126
16.8387	14.1672
16.8841	14.1672
16.9295	14.2126
16.9522	14.2580
16.9976	14.3261
17.0203	14.3715
17.0657	14.3942
17.1111	14.3942
17.1792	14.3942
17.2246	14.4169
17.2700	14.4396
17.2928	14.4850
17.3382	14.5305
17.3609	14.5986
17.3609	14.6440
17.4063	14.6894
17.4290	14.7348
17.4971	14.7802
17.5425	14.8029
17.5879	14.8483
17.6333	14.8483
17.6787	14.8483
17.7468	14.8710
17.7922	14.8710
17.8376	14.8710
17.8603	14.9164
17.8376	14.9845
17.7922	14.9845
17.7695	15.0526
17.7241	15.0526
17.6787	15.0526
17.6333	15.0526
17.5879	15.0526
17.5198	15.0753
17.4744	15.0980
17.4517	15.1435
17.4290	15.1889
17.4290	15.2343
17.4290	15.3024
17.4290	15.3478
17.4517	15.3932
17.4971	15.4386
17.5652	15.4386
17.6106	15.4613
17.6106	15.5067
17.6106	15.5521
17.6106	15.5975
17.5879	15.6656
17.5879	15.7111
17.5879	15.7565
17.5425	15.7792
17.4971	15.7792
17.4517	15.7792
17.4063	15.7792
17.3836	15.8473
17.3836	15.8927
17.3836	15.9381
17.4290	15.9835
17.4290	16.0289
17.4063	16.0743
17.3382	16.0743
17.2928	16.0516
17.2473	16.0289
17.2019	16.0062
17.1565	16.0062
17.0884	16.0289
17.0430	16.0516
17.0203	16.0970
16.9749	16.1651
16.9522	16.2105
16.9068	16.2105
16.8614	16.1878
16.8160	16.1878
16.7706	16.1878
16.7252	16.2332
16.7025	16.3014
16.6570	16.3468
16.6343	16.3922
16.6116	16.4376
16.5662	16.4603
16.4981	16.4603
16.4527	16.4376
16.4073	16.3922
16.3846	16.3468
16.3846	16.3014
16.3619	16.2559
16.3392	16.1878
16.3165	16.1424
16.2938	16.0970
16.2484	16.0743
16.1803	16.0516
16.1576	16.0743
16.1122	16.1197
16.1122	16.1878
16.0894	16.2332
16.0894	16.2786
16.1122	16.3241
16.1576	16.3695
16.1576	16.4376
16.1576	16.4830
16.1576	16.5284
16.1122	16.5738
16.0667	16.5965
16.0213	16.5965
15.9759	16.6192
15.9305	16.6192
15.8851	16.6192
15.8170	16.6419
15.8170	16.6873
15.7943	16.7554
15.7489	16.8008
15.7489	16.8462
15.7035	16.8916
15.6808	16.9371
15.6581	17.0052
15.6354	17.0506
15.6127	17.0960
15.5900	17.1414
15.5446	17.1641
15.4991	17.1641
15.4537	17.1414
15.4310	17.0960
15.4083	17.0279
15.3856	16.9825
15.3629	16.9371
15.2948	16.9144
15.2721	16.9371
15.2267	17.0052
15.2267	17.0506
15.2040	17.0960
15.1813	17.0733
15.1132	17.0279
15.1132	16.9825
15.0678	16.9371
15.0678	16.8916
15.0451	16.8462
15.0451	16.7781
15.0451	16.7327
15.0451	16.6873
15.0451	16.6419
15.0224	16.5965
14.9770	16.5284
14.9543	16.4830
14.9088	16.4376
14.8634	16.4376
14.8180	16.4376
14.7953	16.4149
14.7726	16.3695
14.7726	16.3241
14.7272	16.2786
14.6818	16.2332
14.6591	16.1878
14.5910	16.1878
14.5456	16.1878
14.5002	16.1878
14.4775	16.1424
14.4321	16.0743
14.3867	16.0743
14.3413	16.0743
14.2958	16.0743
14.2277	16.0743
14.2050	16.0289
14.1596	16.0062
14.1142	15.9381
14.0915	15.8927
14.0688	15.8473
14.0234	15.8473
13.9780	15.8473
13.9326	15.8473
13.8872	15.8019
13.8418	15.8019
13.7964	15.7792
13.7282	15.7792
13.6828	15.8019
13.6601	15.8700
13.5920	15.8927
13.5920	15.9381
13.6147	15.9835
13.6601	15.9835
13.7055	16.0289
13.7737	16.0516
13.8191	16.0970
13.7964	16.1424
13.7510	16.1878
13.7282	16.2332
13.7282	16.2786
13.7510	16.3241
13.7964	16.3695
13.8418	16.4149
13.8645	16.4603
13.8645	16.5284
13.8872	16.5738
13.9326	16.5965
13.9780	16.6419
14.0007	16.7100
14.0007	16.7554
14.0007	16.8008
14.0007	16.8462
13.9780	16.8689
13.9780	16.9144
13.9780	16.9598
13.9780	17.0052
14.0461	17.0279
14.0007	17.0506
13.9780	17.0960
13.9553	17.1414
13.9780	17.1868
14.0007	17.2549
13.9780	17.2549
13.9326	17.2549
13.8872	17.2776
13.8191	17.3230
13.7737	17.3457
13.7510	17.3911
13.7737	17.4365
13.7964	17.4819
13.8645	17.5047
13.9099	17.5047
13.9553	17.5047
14.0007	17.4819
14.0688	17.4819
14.0688	17.5274
14.1142	17.5728
14.1823	17.5955
14.2277	17.5955
14.2731	17.5728
14.2958	17.5274
14.3185	17.4819
14.3640	17.4592
14.3640	17.4819
14.3640	17.5274
14.3413	17.5955
14.3413	17.6409
14.3867	17.6409
14.4321	17.6182
14.5002	17.5501
14.5456	17.5274
14.5910	17.5274
14.5910	17.5728
14.5910	17.6409
14.5910	17.6863
14.5910	17.7317
14.5910	17.7771
14.6364	17.7771
14.7045	17.7771
14.7499	17.7317
14.7953	17.7090
14.8407	17.7090
14.8861	17.7090
14.9316	17.7090
14.9316	17.7317
14.9316	17.7998
14.9088	17.8452
14.8634	17.8906
14.8180	17.9360
14.7499	17.9360
14.7045	17.9587
14.6591	18.0041
14.6137	18.0041
14.5683	18.0268
14.5002	18.0495
14.4775	18.0950
14.4321	18.1404
14.3867	18.1858
14.3640	18.2312
14.3185	18.2766
14.2958	18.3220
14.3185	18.3901
14.3413	18.4355
14.3640	18.4809
14.3867	18.5263
14.4321	18.5717
14.4775	18.5944
14.4775	18.6398
14.4775	18.7080
14.4775	18.7534
14.4321	18.7761
14.4321	18.8215
14.4775	18.8669
14.5229	18.8669
14.5683	18.8896
14.5910	18.9350
14.5456	18.9577
14.5002	19.0031
14.5002	19.0485
14.5229	19.0712
14.5910	19.0939
14.6364	19.0939
14.6818	19.0939
14.7272	19.1166
14.7726	19.1620
14.8407	19.1620
14.8861	19.2074
14.9316	19.2301
14.9543	19.2756
14.9316	19.2983
14.8861	19.3437
14.8634	19.4118
14.8634	19.4572
14.7953	19.4799
14.7499	19.5026
14.7045	19.5026
14.6591	19.5026
14.6364	19.5480
14.6591	19.5934
14.7272	19.6388
14.6818	19.6388
14.6364	19.6388
14.5910	19.6388
14.5456	19.6388
14.5002	19.6388
14.4548	19.6615
14.3867	19.6615
14.3413	19.6842
14.3185	19.7296
14.3185	19.7977
14.3640	19.7977
14.3413	19.7750
14.2958	19.7977
14.2504	19.8204
14.1823	19.8204
14.1369	19.8431
14.0915	19.8659
14.0688	19.9340
14.0688	19.9794
14.0461	20.0248
14.0461	20.0702
14.0461	20.1156
14.0461	20.1610
14.0688	20.2291
14.1142	20.2518
14.1823	20.2972
14.2277	20.3199
14.2731	20.3426
14.3185	20.3426
14.3640	20.3199
14.4321	20.3199
14.4321	20.3426
14.4321	20.3880
14.4321	20.4334
14.4321	20.4789
14.4775	20.5016
14.5229	20.5016
14.5683	20.5016
14.6137	20.5016
14.6591	20.5016
14.7272	20.5470
14.7499	20.5924
14.7953	20.6151
14.8634	20.6378
14.8861	20.6151
14.9088	20.5697
14.9088	20.5016
14.9316	20.4562
14.9770	20.4334
15.0224	20.4107
15.0678	20.3880
15.1132	20.3426
15.1132	20.2972
15.1132	20.2518
15.1132	20.2064
15.1813	20.1610
15.1813	20.1156
15.2040	20.0702
15.2494	20.0248
15.3175	20.0021
15.3629	19.9794
15.4083	19.9794
15.4537	19.9794
15.4537	20.0475
15.4537	20.0929
15.4537	20.1383
15.4537	20.1837
15.4537	20.2291
15.4537	20.2972
15.4991	20.2972
15.5673	20.3199
15.6127	20.3199
15.6581	20.3199
15.7035	20.2972
15.7489	20.2291
15.7716	20.1837
15.8170	20.1837
15.8851	20.2064
15.9305	20.2064
15.9759	20.2064
15.9759	20.1837
15.9759	20.1156
15.9759	20.0702
15.9532	20.0248
15.9532	19.9794
15.9532	19.9340
15.9759	19.9340
16.0213	19.9340
16.0667	19.9340
16.0894	19.8886
16.0894	19.8431
16.0667	19.7977
16.0213	19.7523
15.9986	19.6842
15.9986	19.6388
15.9986	19.5934
16.0213	19.6161
16.0667	19.6161
16.1122	19.6161
16.1576	19.5934
16.1576	19.5480
16.1576	19.5026
16.1803	19.4572
16.2030	19.3891
16.2257	19.3437
16.2711	19.2983
16.3165	19.2983
16.3619	19.2983
16.4073	19.3210
16.4300	19.3664
16.4754	19.3664
16.5208	19.3210
16.5435	19.2756
16.5662	19.2301
16.5662	19.1847
16.6116	19.1847
16.6343	19.2301
16.6570	19.2756
16.6797	19.3210
16.7025	19.3664
16.7025	19.4118
16.6797	19.4118
16.6343	19.4345
16.5662	19.5026
16.5435	19.5480
16.4981	19.5934
16.4527	19.6161
16.4073	19.6161
16.3846	19.6842
16.3619	19.7296
16.3619	19.7750
16.3619	19.8204
16.3619	19.8659
16.3846	19.9340
16.3846	19.9794
16.3619	20.0248
16.2938	20.0702
16.2484	20.1156
16.2257	20.1610
16.1803	20.2064
16.1576	20.2745
16.1576	20.3199
16.1576	20.3653
16.1349	20.4107
16.1349	20.4562
16.1803	20.5016
16.2257	20.5243
16.2711	20.5924
16.2711	20.6378
16.2938	20.6832
16.3165	20.7286
16.3392	20.7740
16.3392	20.8194
16.3619	20.8875
16.4073	20.9329
16.4527	20.9556
16.4981	20.9556
16.5435	20.9556
16.5889	20.9556
16.6343	20.9556
16.7025	20.9556
16.7479	20.9556
16.7933	20.9783
16.8387	21.0237
16.8841	21.0237
16.9522	21.0237
16.9522	21.0010
16.9522	20.9556
16.9522	20.9102
16.9522	20.8648
16.9068	20.7967
16.9068	20.7513
16.9522	20.7513
16.9976	20.7513
17.0430	20.7513
17.0884	20.7513
17.1111	20.7740
17.1111	20.8194
17.1111	20.8648
17.1792	20.9102
17.2246	20.9102
17.2700	20.8648
17.3155	20.8421
17.3155	20.8648
17.3155	20.9102
17.3155	20.9556
17.3382	21.0237
17.3836	21.0692
17.4290	21.0919
17.4744	21.0919
17.5198	21.0919
17.5652	21.0919
17.6333	21.0919
17.6560	21.1146
17.7014	21.1600
17.7468	21.2054
17.7922	21.2281
17.8376	21.2054
17.8831	21.1600
17.8831	21.1146
17.8831	21.0465
17.8831	21.0010
17.8603	20.9556
17.8376	20.9102
17.8149	20.8648
17.7695	20.7967
17.7468	20.7513
17.7468	20.7059
17.7468	20.6605
17.7468	20.6151
17.7468	20.5470
17.7468	20.5016
17.7014	20.4789
17.6333	20.4562
17.5879	20.4562
17.5425	20.4334
17.4971	20.4107
17.4744	20.3653
17.4517	20.2972
17.4517	20.2518
17.4517	20.2064
17.4517	20.1610
17.4063	20.1383
17.3382	20.1383
17.3836	20.1156
17.4063	20.0702
17.4290	20.0248
17.4063	19.9794
17.3609	19.9340
17.3155	19.9113
17.2700	19.8431
17.2700	19.7977
17.2700	19.7523
17.2700	19.7069
17.2700	19.6615
17.2246	19.5934
17.2246	19.5480
17.2473	19.5253
17.2928	19.5253
17.3609	19.5026
17.3609	19.4572
17.3609	19.4118
17.3609	19.3664
17.3609	19.2983
17.3609	19.2528
17.4063	19.2301
17.4517	19.2301
17.4971	19.2301
17.5425	19.1847
17.5652	19.1166
17.6106	19.1393
17.6106	19.1847
17.6560	19.2301
17.6787	19.2983
17.7241	19.3437
17.7468	19.3891
17.8149	19.4118
17.8603	19.4345
17.9058	19.4345
17.9512	19.4118
17.9739	19.3664
18.0193	19.3210
18.0647	19.3210
18.1328	19.3210
18.1328	19.2756
18.1782	19.2301
18.2009	19.1847
18.2009	19.1166
18.2236	19.0712
18.2463	19.0258
18.2690	18.9804
18.2690	18.9350
18.2690	18.8896
18.3144	18.8442
18.3598	18.8215
18.3825	18.7534
18.4279	18.7534
18.4506	18.7080
18.4961	18.6625
18.5188	18.6171
18.5869	18.6171
18.6096	18.6625
18.6096	18.7080
18.6096	18.7534
18.6323	18.7988
18.6323	18.8442
18.6323	18.8896
18.6777	18.9350
18.7004	18.9804
18.7004	19.0258
18.6777	19.0485
18.6323	19.0712
18.5869	19.1166
18.5415	19.1393
18.4734	19.1847
18.4279	19.2074
18.4052	19.2756
18.3598	19.2983
18.3598	19.3437
18.3598	19.3891
18.3825	19.4572
18.4506	19.4799
18.4506	19.5253
18.4734	19.5934
18.4734	19.6388
18.4734	19.6842
18.5188	19.7069
18.5642	19.7069
18.5869	19.7750
18.5869	19.8204
18.5869	19.8659
18.5869	19.9113
18.5642	19.9567
18.5642	20.0248
18.5415	20.0702
18.5415	20.1156
18.5642	20.1610
18.5869	20.2064
18.6323	20.2518
18.7004	20.2745
18.7458	20.3426
18.7912	20.3653
18.8366	20.3880
18.9047	20.3880
18.9274	20.3653
18.9728	20.2972
18.9728	20.2518
18.9955	20.2064
19.0182	20.1610
19.0182	20.1156
19.0182	20.0475
19.0636	20.0021
19.1091	20.0021
19.1545	20.0021
19.2226	20.0021
19.2680	20.0021
19.3134	20.0021
19.3361	20.0248
19.3815	20.0929
19.4269	20.1156
19.4723	20.1156
19.5177	20.1156
19.5404	20.0702
19.5631	20.0248
19.5631	19.9794
19.5631	19.9340
19.5404	19.8886
19.5404	19.8204
19.5404	19.7750
19.4950	19.7523
19.4269	19.7296
19.4042	19.6842
19.3815	19.6388
19.3815	19.5707
19.3815	19.5253
19.3815	19.4799
19.4042	19.4345
19.4042	19.3891
19.4042	19.3437
19.3588	19.2756
19.3134	19.2528
19.2680	19.2301
19.2453	19.1847
19.2453	19.1393
19.2453	19.0939
19.2453	19.0258
19.2907	19.0258
19.3361	19.0031
19.3815	18.9577
19.3815	18.8896
19.4042	18.8442
19.4042	18.7988
19.3815	18.7534
19.4042	18.7080
19.4269	18.6625
19.4269	18.6171
19.4269	18.5717
19.4269	18.5263
19.4269	18.4809
19.4723	18.4582
19.5177	18.4355
19.5631	18.3901
19.5631	18.3447
19.5631	18.2993
19.5404	18.2312
19.5404	18.1858
19.5631	18.1858
19.6085	18.1631
19.6539	18.1404
19.6767	18.0950
19.6994	18.0495
19.7221	17.9814
19.7221	17.9360
19.7448	17.9587
19.7675	18.0268
19.7675	18.0722
19.8356	18.0950
19.8810	18.1404
19.9264	18.1858
19.9718	18.2312
19.9945	18.2993
20.0399	18.2766
20.0853	18.2312
20.1307	18.1858
20.1761	18.1404
20.2215	18.0950
20.2670	18.0495
20.3124	18.0268
20.3124	17.9814
20.2670	17.9133
20.1988	17.8906
20.1988	17.8452
20.2215	17.8225
20.2670	17.8225
20.3124	17.8452
20.3805	17.8452
20.4032	17.7771
20.4486	17.7771
20.5167	17.7998
20.5621	17.8225
20.6075	17.8225
20.6529	17.8452
20.6983	17.8452
20.7664	17.7998
20.8118	17.7771
20.8345	17.7090
20.8800	17.7090
20.9481	17.7090
20.9935	17.7090
21.0389	17.7090
21.0843	17.6409
21.1070	17.5955
21.1070	17.5501
21.1070	17.5047
21.1070	17.4592
21.1070	17.4138
21.0843	17.3457
21.0389	17.3457
20.9708	17.3457
20.9254	17.3457
20.8800	17.3457
20.8345	17.3457
20.8118	17.3230
20.7891	17.2776
20.7437	17.2095
20.6983	17.2095
20.6529	17.1868
20.6075	17.1868
20.5621	17.1868
20.4940	17.1868
20.4486	17.1868
20.4486	17.1641
20.4486	17.1187
20.4486	17.0733
20.4032	17.0506
20.3578	17.0506
20.3124	17.0733
20.3124	17.0506
20.3124	17.0052
20.3124	16.9598
20.3124	16.9144
20.3124	16.8689
20.3124	16.8008
20.3124	16.7554
20.2670	16.7100
20.2442	16.6646
20.2215	16.6192
20.2215	16.5511
20.2215	16.5057
20.2442	16.4603
20.2670	16.4149
20.2670	16.3695
20.2670	16.3014
20.2670	16.2559
20.2442	16.2105
20.2670	16.1878
20.3124	16.1424
20.3578	16.0970
20.3805	16.0516
20.4259	15.9835
20.4486	15.9381
20.4713	15.8927
20.4940	15.8473
20.4940	15.8019
20.5167	15.7338
20.5621	15.7338
20.6075	15.7565
20.6756	15.7565
20.7210	15.7565
20.7664	15.7565
20.8118	15.7565
20.8573	15.7565
20.9027	15.7338
20.9254	15.6883
20.9481	15.6429
20.9935	15.6429
21.0162	15.7111
21.0616	15.7111
21.1070	15.7111
21.1524	15.6883
21.1978	15.6429
21.2432	15.5975
21.2886	15.5748
21.3340	15.5294
21.3794	15.5067
21.4248	15.5067
21.4930	15.4613
21.5157	15.4159
21.5384	15.3705
21.5611	15.3251
21.5838	15.2797
21.6065	15.2116
21.6065	15.1662
21.6746	15.1435
21.6973	15.0753
21.6746	15.0753
21.6292	15.0753
21.5838	15.0753
21.5384	15.0526
21.4703	15.0526
21.4248	15.0526
21.3794	15.0526
21.3340	15.0526
21.2886	15.0526
21.2432	15.0526
21.1751	15.0753
21.1297	15.0980
21.0843	15.0980
21.0389	15.1208
20.9935	15.1208
20.9254	15.1208
20.8800	15.1208
20.8345	15.1208
20.7891	15.1208
20.7437	15.1208
20.6983	15.1208
20.6302	15.0753
20.6302	15.0299
20.6529	14.9845
20.6756	14.9391
20.6756	14.8937
20.6529	14.8256
20.6756	14.7802
20.7210	14.7348
20.7437	14.6894
20.7437	14.6213
20.7437	14.5759
20.7437	14.5305
20.7210	14.4850
20.7210	14.4396
20.7664	14.4169
20.8118	14.3715
20.8800	14.3261
20.9254	14.3034
20.9708	14.3261
21.0162	14.3715
21.0616	14.3942
21.1070	14.3942
21.1524	14.3942
21.1751	14.3488
21.2205	14.3034
21.2659	14.2353
21.3113	14.1899
21.3567	14.1672
21.4021	14.1672
21.4476	14.1672
21.5157	14.1672
21.5611	14.1445
21.6065	14.0991
21.6519	14.0991
21.6973	14.0991
21.7654	14.0991
21.8108	14.0764
21.8562	14.0537
21.9016	14.0310
21.9470	13.9856
22.0151	13.9629
22.0606	13.9629
22.1060	13.9856
22.1514	14.0310
22.1514	14.0764
22.1060	14.1218
22.0833	14.1672
22.0379	14.2126
22.0379	14.2580
22.0379	14.3034
22.0379	14.3715
22.0379	14.4169
22.0833	14.4169
22.1287	14.4396
22.1741	14.4396
22.2195	14.4396
22.2649	14.4396
22.3103	14.4396
22.3784	14.4169
22.4238	14.3715
22.4692	14.3488
22.5146	14.3715
22.5373	14.3488
22.5827	14.3034
22.6282	14.2580
22.6736	14.2580
22.7190	14.2126
22.7644	14.1899
22.8325	14.1899
22.8779	14.1899
22.9233	14.1672
22.9687	14.1672
22.9687	14.1899
22.9914	14.2353
23.0368	14.2580
23.0822	14.2353
23.0822	14.1899
23.1503	14.1445
23.1503	14.0991
23.1503	14.0537
23.1503	13.9856
23.1503	13.9402
23.1503	13.8947
23.1503	13.8493
23.1276	13.8039
23.1503	13.7358
23.1957	13.7358
23.2412	13.7131
23.2866	13.6904
23.3320	13.6450
23.3774	13.6223
23.4228	13.6223
23.4682	13.5996
23.5136	13.5769
23.5817	13.5769
23.6271	13.5996
23.6725	13.5996
23.7179	13.5542
23.7406	13.4861
23.7633	13.4407
23.7633	13.3953
23.7633	13.3499
23.7633	13.3044
23.7179	13.2817
23.6725	13.2817
23.6271	13.2817
23.5590	13.2817
23.5136	13.2817
23.4682	13.2817
23.4228	13.2590
23.3774	13.2363
23.3093	13.2136
23.2639	13.1909
23.2185	13.1909
23.1730	13.1909
23.1276	13.1909
23.0822	13.1909
23.0141	13.1909
22.9687	13.1909
22.9233	13.1909
22.8779	13.1682
22.8552	13.1228
22.8779	13.0547
22.9006	13.0093
22.9460	12.9866
22.9914	12.9185
22.9914	12.8731
22.9914	12.8277
23.0141	12.7823
23.0368	12.7368
23.0368	12.6687
22.9687	12.6687
22.9233	12.6687
22.8779	12.6687
22.8325	12.6687
22.7871	12.6687
22.7417	12.6687
22.6736	12.7141
22.6282	12.7368
22.5827	12.7823
22.5373	12.8050
22.4919	12.8504
22.4692	12.9185
22.4692	12.9639
22.4692	13.0093
22.4238	13.0547
22.4011	13.1001
22.4011	13.1455
22.3784	13.2136
22.3557	13.2590
22.2876	13.2590
22.2422	13.2136
22.1968	13.1682
22.1741	13.1228
22.1968	13.1001
22.2422	13.0320
22.2876	13.0093
22.3330	12.9639
22.3330	12.9185
22.3330	12.8504
22.2876	12.8277
22.2195	12.8277
22.1741	12.8504
22.1514	12.8958
22.1287	12.9639
22.1060	13.0093
22.0833	13.0547
22.0379	13.1001
21.9924	13.1228
21.9470	13.1455
21.9016	13.1682
21.8335	13.1909
21.7881	13.2136
21.7427	13.2136
21.6973	13.2363
21.6519	13.2363
21.5838	13.2363
21.5384	13.2363
21.4930	13.2363
21.4476	13.2363
21.4021	13.2363
21.3567	13.2363
21.2886	13.2363
21.2432	13.2363
21.1978	13.1909
21.1978	13.1455
21.2205	13.1001
21.2886	13.0547
21.3340	13.0320
21.3794	13.0093
21.4248	12.9639
21.4703	12.9412
21.5384	12.9185
21.5838	12.8731
21.6065	12.8277
21.6292	12.7823
21.6746	12.7596
21.7427	12.7368
21.7881	12.7141
21.8335	12.6914
21.8562	12.7141
21.8789	12.7596
21.9243	12.7823
21.9924	12.7823
21.9924	12.7368
22.0151	12.6914
22.0606	12.6460
22.1060	12.6006
22.1514	12.6006
22.1741	12.6460
22.2195	12.6914
22.2649	12.6914
22.3103	12.6914
22.3557	12.6914
22.4011	12.6687
22.4465	12.6460
22.4919	12.6233
22.5600	12.6233
22.6054	12.6233
22.6054	12.5779
22.6054	12.5325
22.5827	12.5325
22.5373	12.5098
22.4919	12.4871
22.4465	12.4644
22.3784	12.4644
22.3557	12.3963
22.3103	12.3509
22.3103	12.3055
22.3103	12.2601
22.3330	12.1920
22.3557	12.1465
22.3557	12.1011
22.3557	12.0557
22.3330	12.0103
22.3330	11.9649
22.3330	11.8968
22.3330	11.8514
22.3557	11.8060
22.3557	11.7606
22.4011	11.7152
22.4238	11.6471
22.4919	11.6471
22.5373	11.6471
22.5827	11.6698
22.6282	11.6698
22.6736	11.6925
22.7417	11.6925
22.7871	11.6925
22.8325	11.6698
22.8552	11.6244
22.8552	11.5790
22.8552	11.5108
22.8325	11.4654
22.8325	11.4200
22.8552	11.3973
22.9233	11.3746
22.9687	11.3519
23.0141	11.3292
23.0595	11.3065
23.1276	11.2611
23.1503	11.2157
23.1503	11.1703
23.1276	11.1476
23.0822	11.1022
23.0368	11.0568
23.0595	11.0114
23.0822	10.9432
23.1049	10.8978
23.1049	10.8524
23.0822	10.8070
23.0141	10.8070
22.9687	10.7843
22.9233	10.7843
22.8779	10.8297
22.8098	10.8524
22.7644	10.8978
22.7190	10.8751
22.6736	10.8751
22.6282	10.8978
22.6282	10.9432
22.6282	10.9887
22.6282	11.0568
22.6509	11.1022
22.6509	11.0795
22.6509	11.0114
22.6509	10.9660
22.6509	10.9205
22.6282	10.8751
22.6054	10.8297
22.5600	10.8297
22.4919	10.8297
22.4465	10.8297
22.4011	10.8751
22.3784	10.9205
22.3784	10.9660
22.3784	11.0114
22.3103	11.0568
22.2649	11.0568
22.2195	11.1022
22.1741	11.1249
22.1287	11.1703
22.1060	11.2157
22.0833	11.2611
22.0606	11.3065
22.0379	11.3746
21.9924	11.3746
21.9470	11.4200
21.9016	11.4427
21.9016	11.4200
21.9016	11.3746
21.8789	11.3292
21.8335	11.2838
21.7881	11.3065
21.7427	11.3519
21.7200	11.3973
21.7200	11.4654
21.6746	11.5108
21.6519	11.5562
21.6519	11.6017
21.6519	11.6471
21.6973	11.7152
21.6973	11.7606
21.6746	11.7833
21.6292	11.7833
21.5838	11.7833
21.5611	11.7606
21.5384	11.7152
21.4703	11.6925
21.4248	11.6925
21.4021	11.7379
21.3567	11.7833
21.3113	11.8287
21.2886	11.8741
21.2659	11.9195
21.2659	11.9876
21.2886	12.0330
21.2886	12.0784
21.2659	12.1238
21.2205	12.1693
21.2205	12.2374
21.2432	12.2828
21.2659	12.3282
21.2659	12.3736
21.2432	12.4190
21.1978	12.4190
21.1297	12.3963
21.0843	12.3736
21.0389	12.3736
21.0162	12.3963
21.0162	12.4417
20.9935	12.4871
20.9481	12.5552
20.9027	12.5552
20.8573	12.5552
20.8118	12.5325
20.7664	12.5325
20.6983	12.5552
20.6983	12.6233
20.6983	12.6687
20.6983	12.7141
20.6983	12.7596
20.6983	12.8050
20.6529	12.8050
20.6075	12.8050
20.5621	12.7823
20.5167	12.8050
20.5167	12.8731
20.4713	12.9185
20.4486	12.9639
20.3805	12.9866
20.3351	13.0093
20.2897	13.0093
20.2442	13.0093
20.1988	13.0093
20.1988	12.9866
20.1534	12.9412
20.1534	12.8958
20.1307	12.8277
20.0853	12.7823
20.0626	12.7368
20.0172	12.6914
19.9945	12.6460
19.9718	12.5779
19.9718	12.5325
19.9718	12.4871
19.9718	12.4417
19.9718	12.3963
19.9945	12.3509
19.9945	12.2828
19.9945	12.2374
19.9945	12.1920
20.0399	12.1693
20.1080	12.1465
20.1534	12.1011
20.1761	12.0330
20.1988	11.9876
20.2442	11.9422
20.2670	11.8968
20.2897	11.8287
20.3124	11.7833
20.3578	11.7379
20.3805	11.6925
20.4259	11.6244
20.4713	11.6471
20.4940	11.6925
20.5394	11.7379
20.5848	11.7379
20.6302	11.6925
20.6529	11.6471
20.7210	11.6244
20.7437	11.5562
20.7437	11.5108
20.6983	11.4881
20.6529	11.4427
20.6075	11.4200
20.5394	11.4200
20.5394	11.3746
20.5394	11.3065
20.5394	11.2611
20.5621	11.2611
20.6075	11.2384
20.6529	11.2384
20.6983	11.2384
20.7664	11.2384
20.8118	11.2384
20.8573	11.2384
20.9027	11.2157
20.9481	11.1930
20.9935	11.1930
21.0616	11.1930
21.1070	11.1703
21.1524	11.1249
21.1978	11.0795
21.1978	11.0341
21.1751	10.9887
21.1297	10.9432
21.0843	10.9205
21.0162	10.9205
20.9708	10.8978
20.9935	10.8751
21.0162	10.8297
21.0162	10.7843
21.0389	10.7389
21.0389	10.6935
21.0389	10.6254
21.0162	10.5800
21.0162	10.5346
20.9708	10.4892
20.9708	10.4438
21.0162	10.4211
21.0616	10.3757
21.1297	10.3529
21.1524	10.3075
21.1524	10.2394
21.1524	10.1940
21.1524	10.1486
21.1978	10.1032
21.2432	10.0578
21.2886	10.0351
21.3340	9.9897
21.3794	9.9897
21.4248	9.9897
21.4703	10.0351
21.5157	10.0805
21.5611	10.1032
21.6065	10.1032
21.6519	10.0578
21.6746	9.9897
21.7200	9.9670
21.7881	9.9216
21.8108	9.9670
21.8562	9.9897
21.9243	10.0351
21.9697	10.0351
22.0151	10.0351
22.0606	10.0124
22.0833	9.9670
22.1060	9.9216
22.1514	9.8535
22.1741	9.8081
22.2195	9.7854
22.2422	9.8308
22.2876	9.8762
22.3330	9.8989
22.3557	9.9670
22.4238	9.9670
22.4692	9.9216
22.4919	9.8762
22.4919	9.8308
22.4919	9.7854
22.4919	9.7399
22.4919	9.6945
22.4919	9.6264
22.5373	9.6264
22.5600	9.5810
22.5600	9.5129
22.5827	9.4675
22.5827	9.4221
22.5373	9.3767
22.4919	9.3313
22.4465	9.3313
22.4011	9.3313
22.3330	9.3313
22.2876	9.3313
22.2876	9.2859
22.2876	9.2405
22.2649	9.2405
22.1968	9.2632
22.1514	9.3086
22.1287	9.3767
22.0833	9.4221
22.0833	9.3994
22.0833	9.3540
22.0833	9.2859
22.0833	9.2405
22.0606	9.1951
22.0151	9.1723
21.9697	9.1723
21.9243	9.2178
21.9016	9.2859
21.8562	9.3086
21.8335	9.3540
21.7881	9.4221
21.7427	9.4221
21.7200	9.3994
21.6973	9.3540
21.6746	9.3086
21.6746	9.2632
21.6746	9.1951
21.6746	9.1496
21.7200	9.1269
21.7654	9.1042
21.8335	9.0815
21.8789	9.0588
21.9016	9.0134
21.9016	8.9453
21.9016	8.8999
21.8789	8.8545
21.8335	8.8091
21.8335	8.7637
21.8335	8.7183
21.8108	8.6956
21.7654	8.6956
21.7200	8.6956
21.6746	8.6956
21.6065	8.7183
21.5611	8.7410
21.5157	8.7864
21.4703	8.8318
21.4248	8.8772
21.3794	8.8772
21.3340	8.8772
21.2886	8.8772
21.2432	8.8999
21.2205	8.9453
21.1751	8.9907
21.1524	9.0588
21.1524	9.1042
21.1070	9.0815
21.0616	9.0588
21.0162	9.0588
20.9935	9.1269
20.9935	9.1723
20.9935	9.2178
20.9935	9.2632
20.9935	9.3086
20.9935	9.3540
20.9935	9.4221
20.9481	9.4221
20.9027	9.3767
20.8800	9.3313
20.8345	9.3313
20.7891	9.3540
20.7891	9.3994
20.7891	9.4675
20.7891	9.5129
20.7891	9.5583
20.7891	9.6037
20.8118	9.6491
20.8118	9.6945
20.7664	9.6945
20.7210	9.6945
20.6529	9.6945
20.6075	9.6945
20.5848	9.7172
20.5848	9.7626
20.5848	9.8308
20.5848	9.8762
20.5848	9.9216
20.5848	9.9670
20.5394	10.0124
20.4940	10.0805
20.4486	10.0805
20.3805	10.0805
20.3578	10.0351
20.3124	10.0351
20.3124	10.0805
20.2897	10.1259
20.2897	10.1940
20.2670	10.2394
20.2670	10.2848
20.2670	10.3302
20.2442	10.3757
20.1988	10.4211
20.1534	10.4211
20.1307	10.3984
20.0853	10.3302
20.0626	10.2848
20.0626	10.2394
20.0626	10.1940
20.0399	10.1486
20.0399	10.0805
20.0172	10.0351
20.0399	10.0124
20.1080	10.0124
20.1534	9.9897
20.1988	9.9670
20.2442	9.9670
20.2897	9.9443
20.3578	9.8989
20.4032	9.8762
20.4486	9.8535
20.4940	9.8308
20.5167	9.7854
20.4940	9.7399
20.4259	9.6945
20.4713	9.6945
20.5167	9.6945
20.5621	9.6945
20.6075	9.6945
20.6529	9.6945
20.6756	9.6264
20.6756	9.5810
20.6756	9.5356
20.6529	9.4902
20.6529	9.4448
20.6756	9.3767
20.7210	9.3767
20.7664	9.3994
20.8118	9.3994
20.8345	9.3540
20.8800	9.3086
20.8800	9.2632
20.8800	9.2178
20.9254	9.1951
20.9708	9.1723
20.9935	9.1269
21.0162	9.0588
21.0616	9.0134
21.0616	8.9680
21.0616	8.9226
21.0389	8.8772
20.9708	8.8545
20.9708	8.8091
20.9027	8.7637
20.8573	8.7637
20.8118	8.7864
20.7891	8.8318
20.8118	8.8091
20.8345	8.7637
20.8345	8.6956
20.8345	8.6502
20.8345	8.6048
20.8345	8.5593
20.8345	8.5139
20.8345	8.4685
20.7891	8.4231
20.7210	8.4231
20.6756	8.4231
20.6302	8.4458
20.6075	8.4912
20.6075	8.5593
20.5848	8.6048
20.5621	8.6502
20.5167	8.6956
20.4713	8.6956
20.4032	8.6956
20.3578	8.6956
20.3578	8.6502
20.3578	8.6048
20.3351	8.5593
20.2897	8.5139
20.2897	8.4685
20.2215	8.4004
20.1761	8.4004
20.1307	8.4231
20.1080	8.4685
20.1080	8.5139
20.1080	8.5593
20.1080	8.6048
20.1080	8.6729
20.1307	8.7183
20.1534	8.7637
20.1761	8.8091
20.1761	8.8545
20.1761	8.8999
20.1761	8.9680
20.1761	9.0134
20.1534	9.0134
20.0853	9.0361
20.0399	9.0588
19.9945	9.0815
19.9491	9.1269
19.9037	9.1496
19.8356	9.1496
19.8356	9.1269
19.8356	9.0588
19.8583	9.0134
19.8583	8.9680
19.8583	8.9226
19.8129	8.8999
19.7902	8.8545
19.8129	8.8091
19.8356	8.7410
19.8583	8.6956
19.8810	8.6502
19.8810	8.6048
19.8583	8.5593
19.8129	8.5593
19.8129	8.4912
19.8356	8.4458
19.8356	8.4004
19.8129	8.3777
19.7675	8.3777
19.7902	8.3096
19.8356	8.2869
19.8583	8.2415
19.8810	8.1961
19.8810	8.1507
19.8356	8.1053
19.7902	8.1053
19.7675	8.0372
19.7902	7.9917
19.7902	7.9463
19.7902	7.9009
19.7902	7.8555
19.7902	7.7874
19.8356	7.7874
19.9037	7.7420
19.9264	7.6966
19.9491	7.6512
19.9264	7.5831
19.8810	7.5831
19.8356	7.5831
19.7902	7.5831
19.7902	7.6285
19.8129	7.6739
19.8129	7.6512
19.8129	7.6058
19.7675	7.5377
19.7448	7.4923
19.7448	7.4469
19.7221	7.4014
19.6994	7.3333
19.6539	7.2879
19.6085	7.2652
19.5858	7.2198
19.5404	7.1744
19.4950	7.1517
19.4496	7.1971
19.4269	7.2425
19.4269	7.2879
19.4269	7.3333
19.4269	7.3787
19.4269	7.4242
19.3588	7.4242
19.3134	7.4469
19.2680	7.4469
19.2226	7.4242
19.1772	7.4469
19.1772	7.4923
19.1999	7.5377
19.1999	7.6058
19.1545	7.6058
19.1091	7.6058
19.0636	7.6058
18.9955	7.6285
18.9728	7.6739
18.9274	7.7420
18.9274	7.7874
18.9728	7.8328
18.9955	7.8782
19.0409	7.9463
19.0636	7.9917
19.1091	8.0145
19.1545	8.0826
19.1999	8.1280
19.2226	8.1734
19.2453	8.2188
19.2680	8.2869
19.2453	8.2869
19.1999	8.2642
19.1318	8.2642
19.1318	8.3096
19.1318	8.3550
19.1318	8.4004
19.1772	8.4458
19.2453	8.4685
19.2453	8.5139
19.2907	8.5820
19.3134	8.6275
19.3134	8.6729
19.3134	8.7183
19.2680	8.7637
19.2226	8.7410
19.1772	8.7410
19.1318	8.7637
19.1318	8.8091
19.1318	8.8545
19.1318	8.8999
19.1545	8.9453
19.1999	8.9907
19.2453	9.0361
19.2680	9.1042
19.2907	9.1496
19.3134	9.1951
19.2680	9.1723
19.2226	9.1496
19.1772	9.1269
19.1318	9.1269
19.1091	9.1723
19.1091	9.2178
19.1318	9.2859
19.1772	9.3313
19.2226	9.3540
19.2680	9.3994
19.3361	9.4221
19.3361	9.4902
19.3134	9.5129
19.2680	9.5356
19.2453	9.5810
19.2680	9.6264
19.2680	9.6718
19.2680	9.7399
19.2680	9.7854
19.2226	9.8081
19.1772	9.8535
19.1318	9.8081
19.1318	9.7626
19.1091	9.7172
19.1091	9.6718
19.1091	9.6264
19.1318	9.5810
19.1318	9.5129
19.1545	9.4675
19.1772	9.4221
19.1999	9.3767
19.1999	9.3313
19.1999	9.2632
19.1545	9.2405
19.0864	9.2178
19.0864	9.1723
19.0864	9.1269
19.0864	9.0815
19.0864	9.0134
19.0636	8.9907
19.0182	8.9907
18.9728	9.0361
18.9501	9.0815
18.8820	9.1042
18.8820	9.1496
18.8366	9.1496
18.8139	9.1269
18.7685	9.1042
18.7004	9.0815
18.6550	9.0815
18.6096	9.1042
18.5869	9.1496
18.5642	9.1951
18.5642	9.2405
18.5642	9.3086
18.6323	9.3540
18.6550	9.3994
18.7004	9.4448
18.7458	9.4902
18.7685	9.5356
18.7231	9.5583
18.6777	9.5583
18.6323	9.5583
18.5869	9.5356
18.5869	9.5583
18.5869	9.6037
18.6096	9.6491
18.6323	9.6945
18.6323	9.7626
18.6096	9.7172
18.5642	9.6945
18.5188	9.6945
18.4961	9.7399
18.4734	9.7854
18.4961	9.8308
18.4961	9.8762
18.5642	9.9443
18.5869	9.9897
18.6323	10.0351
18.6323	10.0805
18.6550	10.1486
18.6323	10.1486
18.5869	10.1486
18.5415	10.1486
18.4734	10.1486
18.4279	10.1713
18.4052	10.2167
18.4052	10.2621
18.4052	10.3302
18.4506	10.3757
18.4734	10.4211
18.4734	10.4665
18.4961	10.5346
18.5188	10.5800
18.5188	10.6254
18.4961	10.6254
18.4506	10.6254
18.4279	10.6708
18.4279	10.7162
18.4506	10.7843
18.4734	10.8297
18.4734	10.8751
18.4279	10.8978
18.3825	10.8978
18.3371	10.8978
18.3144	10.8524
18.2690	10.7843
18.2236	10.7616
18.1782	10.7162
18.1782	10.6481
18.1555	10.6027
18.1328	10.5573
18.1328	10.5119
18.1101	10.4665
18.1101	10.3984
18.0874	10.3529
18.0420	10.3302
17.9739	10.3075
17.9285	10.3075
17.8831	10.2848
17.8603	10.2394
17.8603	10.1940
17.8831	10.1486
17.8831	10.1032
17.8831	10.0351
17.8831	9.9897
17.8831	9.9443
17.8831	9.8989
17.8831	9.8535
17.8831	9.8081
17.8603	9.7399
17.7922	9.6945
17.7922	9.6491
17.7922	9.6037
17.7922	9.5583
17.7922	9.4902
17.8149	9.4448
17.8376	9.3994
17.8376	9.3540
17.8376	9.3086
17.8149	9.2632
17.7695	9.2632
17.7695	9.2405
17.8149	9.2178
17.8603	9.2178
17.8831	9.1951
17.8831	9.1269
17.8831	9.0815
17.8831	9.0361
17.8831	8.9907
17.8831	8.9453
17.8603	8.8999
17.8149	8.8772
17.7695	8.8772
17.7241	8.8545
17.7241	8.8091
17.7241	8.7637
17.7241	8.7183
17.7241	8.6502
17.7241	8.6048
17.7241	8.5593
17.6787	8.5139
17.6560	8.4685
17.6106	8.4458
17.5652	8.4458
17.5652	8.4004
17.5652	8.3550
17.5879	8.2869
17.6333	8.2415
17.6333	8.1961
17.6333	8.1507
17.6333	8.1053
17.5879	8.0826
17.5425	8.0599
17.4744	8.0372
17.4744	7.9917
17.4744	7.9463
17.5198	7.9009
17.5425	7.8328
17.5879	7.7874
17.6106	7.7420
17.6560	7.6966
17.6560	7.6285
17.6560	7.5831
17.6333	7.5377
17.6333	7.4923
17.6787	7.4469
17.7014	7.4014
17.7014	7.3560
17.7014	7.3106
17.6787	7.2652
17.6787	7.1971
17.6787	7.1517
17.7014	7.1063
17.7241	7.0609
17.7695	7.0155
17.7922	6.9474
17.7922	6.9020
17.7922	6.8566
17.7468	6.8111
17.7241	6.7657
17.7014	6.6976
17.6787	6.6522
17.6560	6.6068
17.6560	6.5614
17.6560	6.5841
