16.8847	8.4187
16.8644	8.4187
16.8035	8.4187
16.7628	8.3983
16.7222	8.3780
16.6815	8.3374
16.6409	8.3577
16.6003	8.3983
16.5799	8.4390
16.5393	8.4999
16.5190	8.5406
16.4784	8.5812
16.4580	8.6218
16.3971	8.6422
16.3768	8.6218
16.3361	8.5609
16.2955	8.5609
16.2752	8.5812
16.2345	8.6218
16.2142	8.6625
16.2142	8.7234
16.2345	8.7641
16.2549	8.8047
16.2345	8.8250
16.1939	8.8250
16.1533	8.8453
16.1126	8.8860
16.1126	8.9266
16.1126	8.9673
16.1126	9.0079
16.0720	9.0079
16.0517	9.0485
16.0313	9.1095
16.0110	9.1501
15.9907	9.1908
15.9907	9.2314
15.9501	9.2314
15.9094	9.1908
15.8688	9.1908
15.8282	9.2111
15.8282	9.2517
15.8282	9.2924
15.8078	9.3330
15.8078	9.3736
15.8078	9.4346
15.8078	9.4752
15.8078	9.5159
15.8078	9.5565
15.7875	9.5971
15.7672	9.6581
15.7672	9.6987
15.7266	9.6987
15.6859	9.6987
15.6453	9.6784
15.6047	9.6784
15.5843	9.6987
15.5640	9.7597
15.5437	9.8003
15.5031	9.8410
15.4624	9.8816
15.4421	9.9426
15.4015	9.9426
15.3608	9.9426
15.3202	9.9426
15.3202	9.9832
15.3202	10.0238
15.3202	10.0645
15.3202	10.1051
15.3202	10.1661
15.3202	10.2067
15.3202	10.2473
15.3202	10.2880
15.2999	10.3286
15.2592	10.3286
15.2186	10.3286
15.1576	10.3286
15.1373	10.3489
15.1373	10.3896
15.1170	10.4302
15.0967	10.4708
15.0967	10.5318
15.0967	10.5724
15.0357	10.5724
14.9951	10.5927
14.9748	10.6334
14.9545	10.6943
14.9341	10.7350
14.9341	10.7756
14.9341	10.7553
14.9341	10.7147
14.9138	10.6537
14.9138	10.6131
14.8935	10.5724
14.8935	10.5318
14.8935	10.4912
14.8935	10.4505
14.8935	10.4099
14.8935	10.3489
14.8935	10.3083
14.9341	10.2676
14.9748	10.2270
15.0154	10.1864
15.0561	10.1457
15.0967	10.1051
15.0967	10.0441
15.0561	10.0441
15.0357	10.0035
15.0357	9.9629
15.0561	9.9222
15.0561	9.8816
15.0561	9.8410
15.0561	9.7800
15.0561	9.7394
15.0967	9.6987
15.1170	9.6581
15.1373	9.5971
15.1576	9.5565
15.1780	9.5159
15.1780	9.4752
15.1983	9.4346
15.2186	9.3736
15.1780	9.3533
15.1780	9.3127
15.2186	9.2517
15.2186	9.2111
15.2592	9.1704
15.2796	9.1298
15.2999	9.0892
15.2796	9.0689
15.2389	9.0485
15.1983	9.0485
15.1373	9.0485
15.1373	9.0282
15.1373	8.9876
15.1373	8.9266
15.1373	8.8860
15.1373	8.8453
15.1373	8.8047
15.0764	8.7641
15.0357	8.7641
14.9951	8.7641
14.9545	8.7641
14.9138	8.7641
14.8732	8.8047
14.8732	8.8657
14.8732	8.9063
14.8732	8.9469
14.8122	8.9469
14.7716	8.9469
14.7310	8.9469
14.6903	8.9469
14.6903	8.9876
14.7106	9.0282
14.7310	9.0892
14.7513	9.1298
14.7513	9.1704
14.7513	9.2111
14.7106	9.2111
14.6700	9.2111
14.6294	9.2111
14.5887	9.2314
14.5481	9.2720
14.5481	9.3127
14.5481	9.3533
14.5684	9.4143
14.5684	9.4549
14.5481	9.4549
14.4871	9.4346
14.4465	9.4346
14.4262	9.4549
14.4262	9.5159
14.4262	9.5565
14.4262	9.5971
14.4465	9.6378
14.4465	9.6784
14.4668	9.7394
14.4668	9.7800
14.4871	9.8206
14.4871	9.8613
14.4465	9.8816
14.4059	9.8816
14.3652	9.9222
14.3246	9.9629
14.2840	10.0035
14.2433	10.0238
14.2027	10.0238
14.2027	9.9832
14.1620	9.9426
14.1417	9.9019
14.1214	9.8613
14.0808	9.8206
14.0401	9.8206
13.9792	9.8410
13.9385	9.8410
13.9182	9.8206
13.9182	9.7800
13.9182	9.7394
13.9182	9.6987
13.9182	9.6581
13.9182	9.5971
13.9182	9.5565
13.9182	9.5159
13.9182	9.4752
13.8979	9.4346
13.8979	9.3939
13.8979	9.3330
13.9182	9.2924
13.9182	9.2517
13.9182	9.2111
13.9182	9.1704
13.9182	9.1298
13.8979	9.0689
13.8573	9.0689
13.8166	9.0689
13.7760	9.0892
13.7557	9.1298
13.7353	9.1704
13.7150	9.2314
13.7150	9.1908
13.7150	9.1501
13.6947	9.1095
13.6947	9.0689
13.6947	9.0282
13.6947	8.9876
13.6947	8.9469
13.6947	8.8860
13.6947	8.8453
13.6947	8.8047
13.7150	8.7641
13.7353	8.7234
13.7353	8.6828
13.7353	8.6218
13.7353	8.5812
13.7150	8.5609
13.6744	8.4999
13.6338	8.4999
13.5728	8.4999
13.5322	8.4999
13.4915	8.4999
13.4712	8.5406
13.4509	8.6015
13.4306	8.6422
13.4103	8.6828
13.3899	8.7234
13.3493	8.7641
13.3087	8.7234
13.2680	8.7031
13.2274	8.6625
13.1664	8.6218
13.1461	8.5812
13.1461	8.5406
13.1664	8.4796
13.1867	8.4390
13.2071	8.3983
13.2071	8.3577
13.2071	8.3171
13.1867	8.2561
13.1461	8.2561
13.1055	8.2561
13.0648	8.2561
13.0445	8.2155
13.0445	8.1545
13.0445	8.1139
13.0445	8.0732
13.0242	8.0326
12.9836	8.0123
12.9429	7.9920
12.8820	7.9716
12.8413	7.9513
12.8007	7.9513
12.7601	7.9716
12.7194	7.9920
12.6585	8.0123
12.6178	8.0326
12.5975	8.0936
12.5569	8.1139
12.5366	8.1545
12.4756	8.1545
12.4350	8.1545
12.3943	8.1545
12.3537	8.1545
12.3130	8.1545
12.2724	8.1545
12.2318	8.1545
12.1708	8.1342
12.1302	8.1342
12.0895	8.1545
12.0895	8.1952
12.0895	8.2358
12.0895	8.2764
12.0895	8.3171
12.1099	8.3577
12.1505	8.3983
12.2115	8.4187
12.2521	8.4593
12.2724	8.4999
12.3130	8.5406
12.2927	8.5406
12.2521	8.5812
12.2521	8.6218
12.2318	8.6625
12.2521	8.7031
12.2927	8.7031
12.3334	8.7234
12.3943	8.7234
12.4350	8.7234
12.4756	8.7234
12.5162	8.7438
12.5569	8.7844
12.5975	8.8047
12.6178	8.8453
12.5975	8.8860
12.5569	8.8860
12.5162	8.8860
12.4756	8.8860
12.4553	8.9469
12.4350	8.9876
12.4350	9.0282
12.4553	9.0689
12.4756	9.1095
12.5162	9.1501
12.5772	9.1704
12.5975	9.2314
12.6178	9.2720
12.6381	9.3127
12.5975	9.3330
12.5569	9.3330
12.5162	9.3533
12.4756	9.3736
12.4553	9.4143
12.4350	9.4549
12.3943	9.4549
12.3740	9.4346
12.3334	9.3939
12.2927	9.3736
12.2521	9.3736
12.2115	9.3736
12.1708	9.4143
12.1505	9.4549
12.1099	9.4549
12.0489	9.4549
12.0083	9.4549
11.9880	9.4955
11.9473	9.5362
11.9067	9.5768
11.8660	9.6175
11.8457	9.6581
11.8254	9.6987
11.8051	9.7597
11.7848	9.8003
11.8051	9.8206
11.8457	9.8816
11.8864	9.9222
11.8660	9.9222
11.8254	9.9426
11.8051	9.9832
11.8051	10.0441
11.8051	10.0848
11.8254	10.1254
11.8051	10.1254
11.7644	10.1254
11.7441	10.1661
11.7441	10.2067
11.7441	10.2676
11.7441	10.3083
11.7441	10.3489
11.7035	10.3286
11.6832	10.2676
11.6629	10.2270
11.6425	10.1864
11.6425	10.1457
11.6425	10.1051
11.6222	10.0441
11.5816	10.0238
11.5409	10.0238
11.4800	10.0238
11.4394	10.0645
11.4190	10.1051
11.4190	10.1457
11.4190	10.1864
11.4190	10.2473
11.4190	10.2880
11.4190	10.3286
11.3784	10.3489
11.3378	10.3489
11.2971	10.3083
11.2971	10.2676
11.2768	10.2270
11.2565	10.1864
11.2362	10.1457
11.2158	10.0848
11.1752	10.0441
11.1346	10.0238
11.0939	10.0645
11.0533	10.0848
11.0330	10.1254
10.9923	10.1864
10.9923	10.2270
10.9517	10.2067
10.9111	10.2067
10.8908	10.2270
10.8298	10.2676
10.7892	10.2880
10.7485	10.2880
10.7079	10.3083
10.6672	10.3692
10.6469	10.4099
10.6266	10.4505
10.6266	10.4912
10.6266	10.5318
10.6063	10.5927
10.6063	10.6334
10.6469	10.6334
10.6876	10.6740
10.7485	10.6943
10.7892	10.7147
10.8298	10.7147
10.8704	10.7147
10.8704	10.7350
10.9111	10.7756
10.9314	10.8162
10.9720	10.8366
11.0127	10.8366
11.0330	10.8162
11.0939	10.7756
11.1346	10.7756
11.1549	10.8162
11.2158	10.8569
11.2565	10.8772
11.2971	10.8772
11.3378	10.8772
11.3784	10.8162
11.4394	10.7959
11.4800	10.7553
11.5206	10.7553
11.5613	10.7553
11.6222	10.7756
11.6629	10.8162
11.6629	10.8569
11.6629	10.9178
11.6425	10.9382
11.5816	10.9382
11.5409	10.9382
11.5003	10.9178
11.4597	10.9178
11.4190	10.9382
11.3987	10.9788
11.3581	11.0398
11.3581	11.0804
11.3581	11.1210
11.3581	11.1617
11.3784	11.2023
11.4190	11.2226
11.4597	11.2226
11.5003	11.2429
11.5409	11.2836
11.5816	11.3039
11.5613	11.3242
11.5409	11.3649
11.5206	11.4258
11.5206	11.4664
11.5206	11.5071
11.5206	11.5477
11.5206	11.5884
11.5613	11.6290
11.6222	11.6290
11.6629	11.6493
11.7035	11.6696
11.7238	11.7103
11.7238	11.7509
11.7848	11.7915
11.8254	11.7915
11.8660	11.7712
11.9067	11.7712
11.8864	11.7915
11.8457	11.7915
11.8051	11.8322
11.7441	11.8525
11.7035	11.8525
11.6629	11.8525
11.6222	11.8525
11.5816	11.8728
11.5409	11.8728
11.4800	11.8728
11.4394	11.8728
11.4394	11.8525
11.4394	11.8119
11.4394	11.7712
11.4597	11.7103
11.4394	11.6899
11.3784	11.6899
11.3378	11.6899
11.2971	11.6899
11.2768	11.6696
11.2768	11.6290
11.2768	11.5884
11.2362	11.5477
11.2158	11.4868
11.1752	11.4461
11.1346	11.4258
11.0939	11.4258
11.0330	11.4258
10.9923	11.4461
10.9517	11.4664
10.9111	11.4868
10.8704	11.5274
10.8501	11.5884
10.8501	11.6290
10.8501	11.6696
10.8704	11.7103
10.8908	11.7509
10.9111	11.8119
10.9314	11.8525
10.9517	11.8931
10.9720	11.9338
10.9720	11.9744
10.9517	11.9744
10.9111	11.9744
10.8908	12.0150
10.9111	12.0557
10.9517	12.0963
10.9923	12.0963
11.0330	12.1166
11.0939	12.1370
11.0939	12.1776
11.0939	12.2182
11.0939	12.2589
11.0939	12.2995
11.1346	12.2995
11.1955	12.3198
11.2362	12.3401
11.2362	12.3808
11.2158	12.4214
11.1955	12.4824
11.1752	12.5230
11.1549	12.5636
11.1955	12.5840
11.2362	12.5840
11.2768	12.5840
11.3174	12.5840
11.3581	12.5840
11.3987	12.5840
11.3987	12.6246
11.3987	12.6652
11.3784	12.7059
11.3581	12.7465
11.3378	12.8075
11.2971	12.8481
11.2362	12.8278
11.2158	12.7871
11.1752	12.7871
11.1143	12.7668
11.0736	12.7668
11.0533	12.7262
11.0330	12.6652
11.0330	12.6246
11.0127	12.5840
11.0127	12.5433
10.9720	12.5433
10.9314	12.5636
10.8908	12.6043
10.8298	12.6449
10.7892	12.6449
10.7892	12.6246
10.7485	12.5636
10.7282	12.5230
10.6876	12.5027
10.6672	12.5433
10.6266	12.5840
10.6063	12.6246
10.5453	12.6652
10.5047	12.6856
10.4641	12.6856
10.4437	12.6652
10.4031	12.6449
10.3625	12.6449
10.3218	12.6856
10.3015	12.7262
10.2609	12.7668
10.2406	12.7465
10.2202	12.7059
10.2202	12.6449
10.2202	12.6043
10.1999	12.5636
10.1999	12.5230
10.1796	12.4824
10.1390	12.4417
10.0983	12.4417
10.0374	12.4621
9.9967	12.4621
9.9967	12.5027
9.9967	12.5433
9.9967	12.5840
9.9967	12.6246
9.9764	12.6652
9.9358	12.6652
9.8951	12.6246
9.8748	12.5636
9.8545	12.5230
9.8342	12.4824
9.8139	12.4417
9.7732	12.4011
9.7529	12.4214
9.7326	12.4621
9.6920	12.5027
9.6513	12.5433
9.6107	12.5230
9.5904	12.4824
9.5497	12.4621
9.5091	12.4011
9.4481	12.3605
9.4075	12.3401
9.3872	12.3605
9.3262	12.3808
9.2856	12.4011
9.2449	12.3808
9.2043	12.3808
9.1637	12.3808
9.1230	12.3808
9.1027	12.4214
9.0621	12.4621
9.0621	12.5027
9.0214	12.5433
9.0011	12.6043
9.0011	12.6449
9.0011	12.6856
9.0418	12.7059
9.1027	12.7668
9.1434	12.7871
9.1840	12.8278
9.1637	12.8481
9.1230	12.8887
9.1230	12.9294
9.1230	12.9700
9.1230	13.0107
9.1230	13.0513
9.1434	13.1122
9.1840	13.1122
9.2246	13.1122
9.2653	13.1122
9.3262	13.1122
9.3465	13.1732
9.3872	13.2138
9.4075	13.2545
9.4481	13.2748
9.5091	13.2545
9.5497	13.2138
9.5904	13.2138
9.6310	13.2138
9.6513	13.2545
9.6513	13.2951
9.6513	13.3358
9.6716	13.3967
9.7123	13.4373
9.7529	13.4170
9.7935	13.3764
9.8342	13.3561
9.8748	13.3154
9.9155	13.2951
9.9358	13.3154
9.9561	13.3561
9.9967	13.3967
10.0374	13.3967
10.0780	13.3967
10.1390	13.3764
10.1796	13.3561
10.2202	13.3561
10.2609	13.3764
10.3015	13.3967
10.3421	13.4373
10.3828	13.4780
10.4031	13.4577
10.4437	13.4170
10.4641	13.3561
10.4844	13.3154
10.5453	13.2951
10.5860	13.2545
10.6266	13.2545
10.6469	13.2951
10.6469	13.3358
10.6266	13.3764
10.6266	13.4170
10.6672	13.4577
10.7079	13.4373
10.7485	13.4170
10.7892	13.3967
10.8501	13.3764
10.8908	13.3358
10.9314	13.3358
10.9720	13.3358
11.0127	13.3561
11.0533	13.3967
11.0736	13.4373
11.0736	13.4780
11.0330	13.4780
10.9720	13.4780
10.9314	13.4780
10.8908	13.4780
10.8501	13.4780
10.8095	13.5389
10.8095	13.5796
10.8095	13.6202
10.8095	13.6608
10.8095	13.7015
10.7485	13.7421
10.7079	13.7421
10.6672	13.7421
10.6266	13.7421
10.5860	13.7421
10.5453	13.7421
10.5047	13.7421
10.4437	13.7624
10.4031	13.7828
10.3828	13.8234
10.3828	13.8640
10.4031	13.9047
10.4437	13.9656
10.4844	14.0063
10.4641	14.0063
10.4031	14.0063
10.3625	13.9656
10.3218	13.9453
10.2812	13.9047
10.2406	13.8844
10.1999	13.8640
10.1593	13.8640
10.1186	13.9047
10.0780	13.9453
10.0374	13.9859
9.9967	14.0469
9.9764	14.0875
9.9967	14.1282
10.0171	14.1688
9.9967	14.1891
9.9561	14.2094
9.9358	14.2501
9.8748	14.2501
9.8342	14.2907
9.8139	14.3314
9.7732	14.3720
9.7529	14.4126
9.7529	14.4533
9.7529	14.5142
9.7529	14.5549
9.7529	14.5955
9.8139	14.6361
9.8342	14.6971
9.8748	14.7174
9.9155	14.7174
9.9764	14.6971
10.0171	14.6971
10.0577	14.6971
10.0983	14.6768
10.0983	14.6361
10.1390	14.5955
10.1390	14.5345
10.1999	14.5345
10.2406	14.5345
10.2609	14.5752
10.2609	14.6158
10.2609	14.6565
10.2609	14.6971
10.3015	14.7377
10.3421	14.7377
10.3828	14.7174
10.4234	14.6768
10.4641	14.6361
10.5047	14.6361
10.5453	14.6158
10.6063	14.6158
10.6063	14.6768
10.6469	14.7174
10.6876	14.7377
10.7282	14.7377
10.7688	14.7174
10.8298	14.6971
10.8704	14.6971
10.9111	14.6565
10.9517	14.6361
10.9923	14.6361
11.0533	14.6361
11.0939	14.6768
11.1346	14.6971
11.1752	14.7174
11.2362	14.7174
11.2565	14.6768
11.2565	14.6361
11.2565	14.5955
11.2565	14.5549
11.2768	14.4939
11.2768	14.4533
11.3378	14.4533
11.3784	14.4736
11.3987	14.5345
11.3987	14.5752
11.4597	14.5955
11.5003	14.5955
11.5409	14.5549
11.5816	14.5142
11.6222	14.4736
11.6425	14.4330
11.7035	14.3923
11.7238	14.3517
11.7644	14.3314
11.8051	14.3110
11.8660	14.3110
11.9067	14.3110
11.9473	14.3110
11.9880	14.3110
12.0286	14.3110
12.0692	14.3110
12.1302	14.3110
12.1708	14.3110
12.2115	14.3110
12.2521	14.3110
12.2927	14.3110
12.3334	14.3110
12.3943	14.3314
12.4350	14.3314
12.4756	14.3314
12.5162	14.3110
12.5569	14.2907
12.6178	14.2501
12.6585	14.2501
12.6991	14.2501
12.7397	14.2907
12.7601	14.3517
12.8007	14.3923
12.8413	14.4126
12.8820	14.4330
12.9226	14.4330
12.9836	14.3720
13.0242	14.3314
13.0648	14.3110
13.1055	14.3110
13.1461	14.3314
13.1867	14.3720
13.2071	14.4126
13.1664	14.4330
13.1258	14.4533
13.0852	14.4736
13.0445	14.5142
13.0039	14.5345
12.9429	14.5752
12.9023	14.5955
12.8617	14.6158
12.8210	14.6565
12.8210	14.6971
12.8413	14.7581
12.8617	14.7987
12.8617	14.8393
12.8413	14.8596
12.8007	14.8800
12.7601	14.9003
12.7194	14.9409
12.6788	14.9612
12.6381	14.9816
12.5975	15.0222
12.5975	15.0628
12.5975	15.1035
12.5975	15.1441
12.5569	15.1847
12.5162	15.1847
12.4756	15.2051
12.4146	15.2457
12.3740	15.2863
12.3537	15.3270
12.3130	15.3676
12.2927	15.4286
12.2724	15.4692
12.2521	15.5098
12.2318	15.5505
12.2115	15.6114
12.1708	15.6317
12.1302	15.6724
12.0895	15.7130
12.0489	15.7537
12.0286	15.7943
11.9880	15.8349
11.9473	15.8349
11.8864	15.8756
11.8457	15.8959
11.8051	15.9365
11.7644	15.9568
11.7035	15.9772
11.6832	16.0178
11.6425	16.0788
11.6019	16.1194
11.5816	16.1600
11.5409	16.2007
11.5206	16.2616
11.5206	16.3023
11.5003	16.3429
11.4597	16.3835
11.3987	16.4039
11.3784	16.4445
11.3581	16.4851
11.3378	16.5461
11.3581	16.5867
11.3784	16.6274
11.4190	16.6680
11.4597	16.6883
11.5003	16.7086
11.5613	16.7290
11.6019	16.7696
11.6222	16.8102
11.6832	16.8509
11.7035	16.8102
11.7441	16.7696
11.7848	16.7493
11.8254	16.7696
11.8660	16.7899
11.8864	16.7493
11.9067	16.7086
11.9270	16.6680
11.9676	16.6477
12.0286	16.6680
12.0692	16.6680
12.1099	16.6883
12.1505	16.7290
12.1911	16.7290
12.2521	16.7086
12.2521	16.6680
12.2724	16.6274
12.2927	16.5867
12.2927	16.5258
12.3334	16.5054
12.3740	16.5054
12.4146	16.5258
12.4756	16.5258
12.5162	16.5258
12.5366	16.4648
12.5569	16.4242
12.5772	16.3835
12.5975	16.3429
12.5975	16.3023
12.5975	16.2616
12.5975	16.2007
12.5975	16.1600
12.6178	16.1194
12.6381	16.0788
12.6788	16.0381
12.7194	16.0381
12.7601	16.0584
12.8210	16.0584
12.8617	16.0584
12.8820	16.0178
12.9226	15.9975
12.9836	15.9772
12.9836	15.9365
12.9632	15.8959
12.9632	15.8553
12.9429	15.8146
12.9429	15.7537
12.9836	15.7537
13.0445	15.7130
13.0852	15.6927
13.1055	15.6521
13.1258	15.6114
13.1258	15.5708
13.1664	15.5708
13.2071	15.5505
13.2680	15.5098
13.2680	15.4692
13.3087	15.4082
13.3290	15.3676
13.3493	15.3270
13.3899	15.3067
13.4509	15.2660
13.4915	15.2457
13.5322	15.2457
13.5728	15.2051
13.6134	15.1847
13.6541	15.1238
13.6744	15.0831
13.7150	15.0425
13.7353	15.0019
13.7760	14.9816
13.8166	14.9816
13.8573	14.9612
13.8979	14.9612
13.9589	14.9409
13.9995	14.9003
14.0198	14.8596
14.0401	14.8190
14.0604	14.7784
14.0808	14.7174
14.1417	14.7174
14.1824	14.7174
14.2230	14.6971
14.2636	14.6565
14.3043	14.6361
14.3449	14.5955
14.3652	14.5345
14.4059	14.4939
14.4465	14.4736
14.4871	14.4126
14.5075	14.3720
14.5481	14.3314
14.5887	14.2907
14.6294	14.2501
14.6700	14.2298
14.7310	14.2094
14.7716	14.1891
14.8122	14.1688
14.8529	14.1485
14.8935	14.1079
14.9545	14.0875
14.9951	14.0469
15.0357	14.0469
15.0764	14.0469
15.1373	14.0469
15.1576	14.0875
15.1983	14.1485
15.2592	14.1688
15.2999	14.1891
15.3405	14.1891
15.3812	14.2094
15.3812	14.2501
15.4015	14.2907
15.4421	14.3110
15.4421	14.3517
15.4015	14.3923
15.3812	14.4533
15.3812	14.4939
15.3812	14.5345
15.4218	14.5752
15.4624	14.5955
15.5031	14.5955
15.5437	14.5955
15.5843	14.6158
15.6453	14.6565
15.6453	14.6971
15.6453	14.7377
15.6453	14.7784
15.6453	14.8393
15.6453	14.8800
15.6453	14.9206
15.6250	14.9409
15.6047	14.9816
15.5437	14.9816
15.5031	14.9816
15.4624	15.0019
15.4421	15.0425
15.4421	15.1035
15.4218	15.1441
15.4218	15.1847
15.4218	15.2254
15.4421	15.2660
15.4827	15.3270
15.4827	15.3676
15.4827	15.4082
15.4624	15.4286
15.4421	15.4082
15.3812	15.3473
15.3608	15.3067
15.3608	15.2660
15.3608	15.2254
15.3608	15.1847
15.3608	15.1238
15.3608	15.0831
15.3202	15.0425
15.2796	15.0222
15.2389	15.0222
15.1983	15.0425
15.1576	15.0425
15.0967	15.0831
15.0967	15.0628
15.0561	15.0019
15.0154	15.0019
14.9748	15.0019
14.9138	15.0222
14.8935	15.0628
14.8529	15.1035
14.8326	15.1441
14.8122	15.1847
14.8122	15.2254
14.8122	15.2660
14.8122	15.3270
14.8529	15.3270
14.8935	15.3879
14.8935	15.4286
14.9341	15.4692
14.9341	15.5098
14.9545	15.5505
14.9545	15.6114
14.9748	15.6521
14.9951	15.6927
14.9951	15.7333
14.9951	15.7740
14.9545	15.7740
14.9138	15.7740
14.8732	15.7740
14.8326	15.7740
14.8326	15.7943
14.8326	15.8349
14.8122	15.8756
14.8122	15.9162
14.8122	15.9772
14.8326	15.9975
14.8732	15.9975
14.9138	15.9975
14.9748	15.9975
14.9748	16.0178
14.9748	16.0991
14.9748	16.1397
14.9748	16.1803
14.9748	16.2210
14.9951	16.2616
15.0154	16.3023
14.9748	16.3632
14.9748	16.4039
14.9545	16.4445
14.9341	16.4851
14.9138	16.5461
14.8935	16.5867
14.8732	16.6274
14.8529	16.6680
14.8529	16.7086
14.8529	16.7696
14.8935	16.8102
14.8935	16.8509
14.9138	16.8915
14.9138	16.9321
14.8732	16.9931
14.8732	17.0337
14.8732	17.0744
14.8529	17.1150
14.8529	17.1556
14.8529	17.2166
14.8529	17.1760
14.8326	17.1353
14.8122	17.0947
14.8122	17.0540
14.8122	17.0134
14.7919	16.9525
14.7716	16.9118
14.7716	16.8712
14.7310	16.8509
14.6903	16.8509
14.6497	16.8509
14.6090	16.8915
14.6090	16.9321
14.5887	16.9728
14.5887	17.0134
14.5887	17.0540
14.5887	17.0947
14.5887	17.1353
14.5887	17.1963
14.5887	17.2369
14.5887	17.2776
14.6294	17.3182
14.6294	17.3588
14.6497	17.4198
14.6700	17.4604
14.7106	17.4807
14.7513	17.5417
14.7716	17.5823
14.7513	17.6026
14.7106	17.6026
14.6700	17.6026
14.6090	17.6026
14.5684	17.6026
14.5278	17.6433
14.4871	17.6433
14.4871	17.6839
14.4871	17.7246
14.4871	17.7652
14.5075	17.8262
14.4871	17.8262
14.4465	17.8465
14.3855	17.8668
14.3855	17.9074
14.4059	17.9481
14.4262	17.9887
14.4668	18.0497
14.5075	18.0497
14.5278	18.1106
14.5075	18.1106
14.4465	18.1106
14.4059	18.1309
14.3652	18.1716
14.3449	18.2122
14.3449	18.2528
14.3449	18.2935
14.3652	18.3341
14.3855	18.3748
14.3652	18.3748
14.3246	18.3341
14.2840	18.3341
14.2636	18.3748
14.2636	18.4357
14.2636	18.4763
14.2636	18.5170
14.2840	18.5576
14.2636	18.5576
14.2230	18.5576
14.1620	18.5373
14.1214	18.4967
14.0808	18.4967
14.0401	18.5170
14.0401	18.5576
14.0401	18.5983
14.0401	18.6389
14.0401	18.6999
14.0401	18.7405
14.0401	18.7811
14.0604	18.8218
14.0604	18.8624
14.0808	18.9030
14.0808	18.9640
14.0808	19.0046
14.1214	19.0453
14.1620	19.0453
14.2027	19.0656
14.2433	19.0656
14.3043	19.0656
14.3449	19.0656
14.3855	19.0656
14.4262	19.0656
14.4668	19.0453
14.5075	19.0046
14.5075	18.9640
14.5278	18.9234
14.5278	18.8624
14.5278	18.8218
14.5278	18.7811
14.5481	18.7811
14.5887	18.7811
14.6294	18.7608
14.6700	18.7202
14.6903	18.6795
14.7106	18.6389
14.7106	18.5983
14.7310	18.5373
14.7716	18.5373
14.8122	18.5170
14.8326	18.5373
14.8529	18.5779
14.9138	18.6186
14.9545	18.5983
14.9748	18.5576
15.0357	18.5373
15.0154	18.5576
14.9951	18.5983
14.9951	18.6389
14.9951	18.6795
14.9951	18.7202
15.0357	18.7608
15.0764	18.7608
15.1170	18.7608
15.1576	18.7608
15.1983	18.7608
15.1983	18.7811
15.1983	18.8218
15.1983	18.8827
15.2389	18.9234
15.2999	18.9437
15.3405	18.9437
15.3812	18.9437
15.4218	18.9234
15.4624	18.9234
15.5031	18.9234
15.5640	18.9234
15.6047	18.9030
15.6453	18.8827
15.6453	18.8421
15.6453	18.8014
15.6453	18.7608
15.6859	18.7811
15.7266	18.8014
15.7672	18.8014
15.8078	18.8014
15.8485	18.8014
15.8688	18.8421
15.9094	18.9030
15.9501	18.9234
15.9907	18.9640
16.0313	18.9640
16.0720	18.9437
16.1329	18.9234
16.1736	18.8827
16.1736	18.8421
16.1736	18.8014
16.1533	18.7608
16.1533	18.6999
16.1533	18.6592
16.1736	18.6389
16.2142	18.6389
16.2549	18.5983
16.2549	18.5576
16.2549	18.5170
16.2142	18.4763
16.1939	18.4154
16.1736	18.3748
16.1939	18.3341
16.2345	18.3138
16.2549	18.2732
16.2549	18.2325
16.2142	18.1919
16.1533	18.1513
16.1126	18.1309
16.0720	18.0903
16.0517	18.0497
16.0517	18.0090
16.0517	17.9684
16.0517	17.9277
16.0517	17.8668
16.0517	17.8262
16.0110	17.8262
15.9704	17.7855
15.9298	17.7449
15.8891	17.7042
15.8891	17.6636
15.9094	17.6230
15.9094	17.5823
15.9094	17.5417
15.8891	17.5011
15.8485	17.4807
15.7875	17.4807
15.7469	17.4604
15.7469	17.4198
15.7469	17.3791
15.7266	17.3182
15.7266	17.2776
15.7266	17.2369
15.7062	17.1963
15.6656	17.1556
15.6250	17.1353
15.6047	17.0947
15.6047	17.0337
15.6250	16.9931
15.6250	16.9525
15.6250	16.9118
15.6250	16.8712
15.6250	16.8305
15.6047	16.7696
15.5843	16.7290
15.5640	16.6883
15.5437	16.6477
15.5437	16.6070
15.5640	16.5664
15.6047	16.5664
15.6453	16.5664
15.7062	16.5664
15.7469	16.5461
15.7875	16.5461
15.8078	16.4851
15.8078	16.4445
15.8282	16.4039
15.8485	16.3632
15.8688	16.3226
15.8891	16.2616
15.9298	16.2413
15.9704	16.2413
16.0313	16.2413
16.0720	16.2413
16.1126	16.2413
16.1533	16.2413
16.1533	16.2210
16.1736	16.1600
16.1736	16.1194
16.1939	16.0788
16.1939	16.0381
16.2142	15.9975
16.2549	15.9365
16.2752	15.8959
16.3158	15.8756
16.3564	15.8146
16.3768	15.7740
16.4377	15.7333
16.4377	15.6927
16.4580	15.6317
16.4784	15.5911
16.4987	15.5505
16.4987	15.5098
16.5190	15.4692
16.5393	15.4082
16.5596	15.3676
16.5596	15.3270
16.6003	15.3473
16.6003	15.3879
16.6003	15.4489
16.6003	15.4895
16.6003	15.5302
16.6003	15.5708
16.6003	15.6114
16.6003	15.6521
16.6003	15.6927
16.6003	15.7537
16.6206	15.7943
16.6612	15.8349
16.7019	15.8553
16.7425	15.8553
16.7831	15.8756
16.8441	15.9162
16.8238	15.9568
16.8035	15.9975
16.8035	16.0381
16.8238	16.0991
16.8441	16.1397
16.8644	16.1803
16.9050	16.2210
16.9457	16.2819
16.9660	16.3226
16.9863	16.3632
16.9863	16.4039
17.0066	16.4445
17.0270	16.4851
17.0473	16.5461
17.0879	16.5664
17.1285	16.6070
17.1082	16.6477
17.0473	16.6477
17.0066	16.6680
16.9660	16.6883
16.9660	16.7290
17.0066	16.7696
17.0270	16.8102
17.0879	16.8305
17.1285	16.8509
17.1489	16.9118
17.1692	16.9525
17.2098	16.9728
17.2505	17.0337
17.2708	17.0744
17.2708	17.1150
17.2708	17.1556
17.2505	17.1963
17.2505	17.2369
17.2098	17.2369
17.1692	17.1963
17.1285	17.1963
17.0879	17.1963
17.0676	17.2166
17.0473	17.2572
17.0473	17.2979
17.0473	17.3385
17.0473	17.3995
17.0473	17.4401
17.0473	17.4198
17.0270	17.3588
16.9863	17.3588
16.9457	17.3588
16.9050	17.3791
16.8441	17.3995
16.8238	17.4401
16.7831	17.4807
16.7831	17.5214
16.7831	17.5620
16.7831	17.6230
16.8238	17.6636
16.8644	17.6839
16.8847	17.7246
16.9254	17.7855
16.9457	17.8262
16.9050	17.8465
16.8644	17.8668
16.8238	17.9074
16.8035	17.9481
16.8035	17.9887
16.8035	18.0293
16.8035	18.0700
16.8441	18.1106
16.8847	18.1309
16.9254	18.1309
16.9863	18.1309
17.0270	18.1106
17.0676	18.0903
17.0879	18.0497
17.1285	18.0293
17.1692	18.0090
17.2098	18.0090
17.2708	18.0090
17.3114	17.9887
17.3521	17.9684
17.3927	17.9684
17.3927	17.9887
17.3724	18.0293
17.3317	18.0700
17.3317	18.1309
17.3317	18.1716
17.3317	18.2122
17.3724	18.2325
17.4333	18.2732
17.4740	18.2935
17.5146	18.2935
17.5552	18.2935
17.5959	18.2935
17.6365	18.2935
17.6975	18.2935
17.7381	18.2528
17.7584	18.2122
17.7584	18.1716
17.7584	18.1309
17.7787	18.0903
17.7787	18.0293
17.7991	18.0293
17.8600	18.0293
17.9007	18.0293
17.9413	17.9887
17.9616	17.9481
17.9616	17.9074
17.9616	17.8668
17.9413	17.8058
17.9413	17.7652
17.9413	17.7246
17.9616	17.6839
18.0022	17.6433
18.0429	17.6433
18.0835	17.6230
18.1445	17.5823
18.1445	17.5214
18.1445	17.4807
18.1445	17.4401
18.1242	17.3995
18.1038	17.3588
18.1038	17.2979
18.0835	17.2572
18.0632	17.2166
18.0022	17.1963
17.9616	17.1963
17.9210	17.1963
17.8803	17.1963
17.8397	17.1963
17.7991	17.1760
17.7991	17.1353
17.7991	17.0947
17.7991	17.0337
17.8194	16.9931
17.8803	16.9728
17.9007	16.9118
17.9007	16.8712
17.8803	16.8305
17.8803	16.7899
17.8803	16.7493
17.8803	16.6883
17.8803	16.6477
17.8803	16.6070
17.8803	16.5664
17.8803	16.5258
17.8803	16.4851
17.8803	16.4242
17.8600	16.3835
17.8397	16.3429
17.8397	16.3023
17.8194	16.2616
17.7991	16.2007
17.7991	16.1600
17.7787	16.1194
17.7787	16.0788
17.7787	16.0381
17.8194	16.0381
17.8600	16.0381
17.9007	16.0381
17.9210	15.9975
17.9413	15.9365
17.9616	15.8959
17.9616	15.8553
17.9616	15.8146
17.9819	15.8349
18.0226	15.8756
18.0632	15.8756
18.0835	15.8349
18.1038	15.7943
18.1038	15.7537
18.1038	15.7130
18.1038	15.6724
18.1038	15.6317
18.1038	15.5911
18.1038	15.5302
18.1038	15.4895
18.1038	15.4489
18.1445	15.4286
18.1851	15.4286
18.2258	15.4286
18.2867	15.4692
18.3273	15.4692
18.3680	15.4286
18.4086	15.3676
18.4493	15.3676
18.4493	15.4082
18.4493	15.4489
18.4696	15.5098
18.4899	15.5505
18.5305	15.5911
18.5712	15.6317
18.6118	15.6724
18.6321	15.7130
18.6321	15.7537
18.6321	15.7943
18.6524	15.8553
18.6728	15.8959
18.7134	15.9365
18.7540	15.9772
18.7947	16.0178
18.7744	16.0178
18.7337	16.0178
18.6728	16.0381
18.6728	16.0788
18.6321	16.0991
18.6118	16.1397
18.6118	16.2007
18.6118	16.2413
18.6118	16.2819
18.6118	16.3226
18.6524	16.3632
18.6931	16.4039
18.7337	16.4242
18.7947	16.4851
18.8150	16.5258
18.8150	16.5664
18.8556	16.5867
18.8963	16.5867
18.9572	16.5664
18.9979	16.5664
19.0385	16.5664
19.0791	16.5461
19.1198	16.5054
19.1604	16.4851
19.2010	16.4851
19.2214	16.5258
19.2620	16.5461
19.3026	16.5867
19.3433	16.5867
19.4042	16.6070
19.4449	16.6070
19.4855	16.5867
19.5058	16.6070
19.5058	16.6477
19.5058	16.7086
19.5261	16.7493
19.5465	16.7899
19.5871	16.8102
19.6277	16.8102
19.6887	16.8305
19.7293	16.8509
19.7293	16.8915
19.7293	16.9321
19.7293	16.9728
19.7700	17.0134
19.8106	17.0337
19.7903	17.0540
19.7496	17.0744
19.7090	17.0947
19.6481	17.1150
19.6074	17.1556
19.5668	17.1760
19.5261	17.2166
19.4652	17.2369
19.4245	17.2572
19.3839	17.2776
19.3433	17.2979
19.3026	17.3385
19.2620	17.3791
19.2620	17.4198
19.2823	17.4604
19.3026	17.5011
19.3230	17.5620
19.3230	17.6026
19.3839	17.6026
19.4245	17.6026
19.4652	17.5823
19.5058	17.5620
19.5465	17.5417
19.6074	17.5214
19.6481	17.5417
19.6684	17.5823
19.7090	17.6230
19.7090	17.6839
19.7090	17.7246
19.6887	17.7449
19.6277	17.7449
19.5871	17.7449
19.5465	17.7449
19.5058	17.7449
19.4652	17.7652
19.4449	17.8058
19.4449	17.8465
19.4449	17.8871
19.4449	17.9481
19.4449	17.9887
19.4449	18.0293
19.4652	18.0700
19.5058	18.1106
19.5465	18.1513
19.5871	18.1716
19.6481	18.2122
19.6887	18.2325
19.7293	18.2325
19.7700	18.2122
19.8106	18.1919
19.8512	18.1309
19.8716	18.0903
19.8716	18.0497
19.9122	18.0497
19.9731	18.0497
19.9731	18.0090
19.9731	17.9684
19.9731	17.9074
19.9731	17.8668
20.0138	17.8668
20.0341	17.8871
20.0747	17.9277
20.1154	17.9277
20.1357	17.9074
20.1763	17.8668
20.1967	17.8058
20.2170	17.7652
20.2576	17.7246
20.2982	17.7246
20.3186	17.7855
20.3186	17.8262
20.3389	17.8668
20.3592	17.9074
20.3795	17.9481
20.4405	17.9684
20.4811	17.9684
20.5217	17.9684
20.5624	17.9481
20.6030	17.9481
20.6437	17.9481
20.7046	17.9277
20.7453	17.9074
20.7859	17.8668
20.8062	17.8262
20.8265	17.7855
20.8265	17.7449
20.8672	17.7449
20.9078	17.7652
20.9281	17.8058
20.9891	17.8465
20.9891	17.8871
21.0500	17.9277
21.0907	17.9481
21.1313	17.9277
21.1719	17.9277
21.2329	17.9277
21.2532	17.9684
21.2939	17.9684
21.3345	17.9684
21.3751	17.9684
21.4361	17.9684
21.4767	17.9481
21.5174	17.9277
21.5580	17.8871
21.5783	17.8465
21.6190	17.8262
21.6190	17.7855
21.6190	17.7449
21.6190	17.7042
21.6190	17.6636
21.5986	17.6026
21.5783	17.5620
21.5174	17.5417
21.4767	17.5214
21.4361	17.5214
21.3954	17.5214
21.3548	17.5214
21.3548	17.4807
21.3751	17.4198
21.4158	17.3791
21.4767	17.3588
21.4970	17.2979
21.5377	17.2572
21.5377	17.2166
21.5377	17.1760
21.4970	17.1556
21.4564	17.1353
21.4361	17.0744
21.3954	17.0337
21.3954	16.9931
21.3954	16.9525
21.3954	16.9118
21.3954	16.8712
21.4158	16.8102
21.4158	16.7696
21.4361	16.7290
21.4564	16.6883
21.4564	16.6477
21.4361	16.5867
21.3751	16.5664
21.3345	16.5258
21.2939	16.5054
21.2532	16.5054
21.2126	16.5054
21.1516	16.5054
21.1110	16.5054
21.0704	16.5258
21.0297	16.5461
20.9891	16.5461
20.9688	16.5258
20.9688	16.4648
20.9688	16.4242
20.9688	16.3835
21.0297	16.3632
21.0704	16.3429
21.0907	16.3023
21.1110	16.2413
21.1110	16.2007
21.1516	16.1600
21.1923	16.1397
21.2329	16.1397
21.2735	16.1600
21.3142	16.1600
21.3548	16.1397
21.3954	16.1194
21.4158	16.0788
21.4158	16.0178
21.4361	15.9772
21.4361	15.9365
21.4767	15.9162
21.5174	15.9162
21.5580	15.9162
21.5986	15.9162
21.6393	15.9365
21.7002	15.9365
21.7409	15.9365
21.7815	15.9162
21.8221	15.9162
21.8628	15.8959
21.9237	15.8756
21.9644	15.8553
21.9847	15.7943
21.9847	15.7537
22.0253	15.7130
22.0050	15.6724
21.9440	15.6317
21.9034	15.6114
21.8628	15.5708
21.8221	15.5708
21.7612	15.5708
21.7205	15.5505
21.7205	15.4895
21.6799	15.4489
21.6596	15.4082
21.6190	15.3879
21.5783	15.3879
21.5377	15.3879
21.4767	15.4082
21.4361	15.4286
21.4158	15.4895
21.3751	15.4895
21.3142	15.4895
21.2939	15.4489
21.2532	15.3879
21.2126	15.3676
21.1923	15.3270
21.1313	15.3270
21.0907	15.3270
21.0704	15.3676
21.0297	15.4286
21.0094	15.3879
20.9688	15.3676
20.9281	15.3473
20.8875	15.3270
20.8468	15.3270
20.7859	15.3270
20.7453	15.3473
20.7046	15.3676
20.6640	15.3879
20.6233	15.3879
20.5827	15.3879
20.5217	15.3879
20.4811	15.3676
20.4608	15.3270
20.4608	15.2863
20.4608	15.2254
20.4608	15.1847
20.3998	15.1441
20.3592	15.1035
20.3186	15.1035
20.2779	15.1035
20.2373	15.1035
20.1967	15.1035
20.1357	15.1035
20.0951	15.1238
20.0544	15.1238
20.0138	15.1238
20.0138	15.1035
20.0138	15.0628
20.0138	15.0019
19.9731	14.9816
19.9325	14.9612
19.8919	14.9612
19.8512	14.9612
19.8512	14.9206
19.8716	14.9206
19.9122	14.9206
19.9528	14.9206
20.0138	14.9206
20.0544	14.9206
20.0951	14.9206
20.1357	14.9206
20.1763	14.9206
20.2170	14.9206
20.2576	14.9206
20.3186	14.9206
20.3592	14.9206
20.3998	14.9003
20.4405	14.9003
20.4811	14.9003
20.5217	14.9003
20.5827	14.9206
20.6233	14.9206
20.6640	14.9206
20.7046	14.9206
20.7453	14.9206
20.7859	14.8800
20.8265	14.8393
20.8672	14.8190
20.9078	14.8190
20.9484	14.8190
21.0094	14.8190
21.0500	14.8393
21.0907	14.8596
21.1313	14.8800
21.1719	14.8800
21.2329	14.8800
21.2329	14.8393
21.2735	14.7987
21.3142	14.7784
21.3548	14.7784
21.4158	14.7987
21.4564	14.7987
21.4970	14.7784
21.5377	14.7581
21.5783	14.7377
21.5986	14.6971
21.6393	14.6565
21.6393	14.5955
21.6799	14.5549
21.6799	14.5142
21.6799	14.4736
21.6393	14.4330
21.5986	14.4126
21.5377	14.3923
21.4970	14.3923
21.4564	14.3923
21.4158	14.4126
21.3751	14.4126
21.3751	14.3923
21.3751	14.3517
21.3548	14.3110
21.3142	14.3110
21.2735	14.3314
21.2329	14.3720
21.2126	14.3517
21.2126	14.3110
21.2126	14.2704
21.2126	14.2298
21.2126	14.1688
21.1719	14.1688
21.1313	14.1688
21.0907	14.1891
21.0500	14.2298
21.0094	14.2704
20.9891	14.3110
20.9891	14.2907
20.9891	14.2298
20.9891	14.1891
20.9891	14.1485
21.0094	14.1079
21.0094	14.0672
21.0094	14.0266
21.0297	13.9656
21.0297	13.9250
21.0094	13.9250
20.9688	13.9250
20.9281	13.9047
20.8672	13.9047
20.8265	13.9047
20.7859	13.9047
20.7859	13.8640
20.7859	13.8234
20.8265	13.8031
20.8672	13.8031
20.9078	13.7828
20.9484	13.7828
21.0094	13.7624
21.0500	13.7624
21.0907	13.7421
21.1313	13.7218
21.1516	13.6812
21.1516	13.6405
21.1516	13.5796
21.1313	13.5389
21.1313	13.4983
21.1516	13.4780
21.1923	13.4780
21.2329	13.4780
21.2939	13.4983
21.2939	13.5389
21.3345	13.5796
21.3751	13.6202
21.4158	13.6405
21.4564	13.6812
21.4970	13.7015
21.5377	13.7015
21.5783	13.6812
21.5986	13.6405
21.6190	13.5999
21.6393	13.5389
21.6393	13.5796
21.6393	13.6202
21.6393	13.6608
21.6393	13.7015
21.6799	13.7421
21.7205	13.7828
21.7612	13.8031
21.8018	13.8031
21.8628	13.7624
21.8831	13.7218
21.9237	13.7015
21.9847	13.7015
22.0253	13.7218
22.0660	13.7218
22.1066	13.7218
22.1472	13.7218
22.1472	13.7015
22.1676	13.6608
22.1676	13.6202
22.2082	13.5999
22.2488	13.5999
22.3098	13.5999
22.3504	13.5999
22.3911	13.5999
22.4317	13.5999
22.4723	13.5593
22.5130	13.5593
22.5536	13.5796
22.5942	13.5796
22.6349	13.5796
22.6755	13.5593
22.6755	13.5186
22.6552	13.4780
22.6552	13.4170
22.6349	13.3764
22.6146	13.3358
22.5942	13.2951
22.5942	13.2545
22.5942	13.2138
22.5536	13.1732
22.5130	13.1529
22.4723	13.1529
22.4317	13.1529
22.3707	13.1529
22.3301	13.1529
22.3098	13.1326
22.3098	13.0919
22.3098	13.0513
22.3098	12.9903
22.3301	12.9497
22.3504	12.9091
22.3504	12.8684
22.3301	12.8278
22.3098	12.7871
22.2691	12.7465
22.2488	12.7059
22.2488	12.6449
22.1879	12.6246
22.1472	12.6246
22.1066	12.6246
22.0660	12.6449
22.0253	12.6856
21.9847	12.7262
21.9440	12.7465
21.9034	12.8075
21.8628	12.8075
21.8221	12.8278
21.7815	12.8684
21.7815	12.8278
21.7815	12.7871
21.7815	12.7465
21.7815	12.7059
21.7815	12.6652
21.8018	12.6246
21.8221	12.5636
21.8221	12.5230
21.8221	12.4824
21.7815	12.4621
21.7409	12.4621
21.6799	12.4621
21.6393	12.4621
21.6190	12.4824
21.5580	12.5027
21.5174	12.5433
21.4767	12.5636
21.4361	12.6043
21.3954	12.6246
21.3548	12.6246
21.3548	12.5840
21.3548	12.5433
21.3751	12.5027
21.3751	12.4621
21.3954	12.4214
21.4158	12.3605
21.4361	12.3198
21.4361	12.2792
21.4361	12.2385
21.3954	12.2385
21.3548	12.2182
21.3142	12.2182
21.2735	12.2385
21.2329	12.2792
21.1923	12.3198
21.1516	12.3605
21.0907	12.4214
21.0704	12.4621
21.0297	12.4824
20.9688	12.5230
20.9281	12.5433
20.8875	12.5840
20.8468	12.5636
20.8265	12.5230
20.8062	12.4824
20.8062	12.4417
20.8062	12.4011
20.8062	12.3605
20.7656	12.3198
20.7249	12.3198
20.6843	12.3401
20.6233	12.3605
20.5827	12.4011
20.5624	12.3605
20.5217	12.3198
20.4811	12.3198
20.4405	12.3198
20.3998	12.3401
20.3795	12.3198
20.3592	12.2792
20.3389	12.2385
20.3592	12.1979
20.3998	12.1979
20.4405	12.1776
20.4811	12.1776
20.5421	12.1370
20.5421	12.0963
20.5421	12.0557
20.5827	12.0760
20.6233	12.0963
20.6640	12.0963
20.7046	12.0963
20.7249	12.0557
20.7453	12.0150
20.7453	11.9744
20.7453	11.9338
20.7859	11.8728
20.8265	11.8728
20.8672	11.8931
20.9281	11.8931
20.9688	11.8728
20.9688	11.8322
20.9688	11.7915
20.9891	11.7509
21.0297	11.7509
21.0907	11.7509
21.1313	11.7712
21.1719	11.7915
21.2126	11.7915
21.2532	11.7915
21.2939	11.7509
21.3345	11.7103
21.3751	11.6899
21.4361	11.6696
21.4767	11.6290
21.5174	11.6087
21.5580	11.5680
21.5986	11.5680
21.6596	11.5680
21.7002	11.5680
21.7409	11.5680
21.7612	11.6087
21.8018	11.6087
21.8425	11.6087
21.8831	11.5680
21.9440	11.5477
21.9644	11.5071
22.0050	11.4664
22.0660	11.4461
22.0863	11.3852
22.1269	11.3649
22.1879	11.3242
22.1879	11.2836
22.1879	11.2226
22.2285	11.2429
22.2691	11.2429
22.3098	11.2429
22.3504	11.2429
22.4114	11.2633
22.4520	11.2633
22.4927	11.2226
22.5333	11.2023
22.5942	11.1617
22.6349	11.1007
22.6755	11.0601
22.7162	11.0194
22.7162	10.9788
22.7365	10.9178
22.7365	10.8772
22.7365	10.8366
22.7365	10.7959
22.7162	10.7553
22.6755	10.7147
22.6146	10.6943
22.5739	10.6943
22.5333	10.6943
22.4927	10.6943
22.4520	10.6740
22.4520	10.6334
22.4520	10.5927
22.4520	10.5521
22.4114	10.5521
22.3504	10.5521
22.3504	10.5318
22.3504	10.4912
22.3504	10.4505
22.3504	10.3896
22.3504	10.3489
22.3504	10.3083
22.3301	10.2676
22.2895	10.2270
22.2285	10.2067
22.2285	10.1661
22.2285	10.1254
22.2691	10.0645
22.2895	10.0238
22.3301	9.9832
22.3707	9.9426
22.3911	9.9019
22.3707	9.8816
22.3098	9.8816
22.2895	9.8206
22.2895	9.7800
22.2895	9.7394
22.3098	9.6987
22.3301	9.6581
22.3301	9.5971
22.3098	9.5565
22.2691	9.5362
22.2285	9.4955
22.1879	9.4752
22.1269	9.4752
22.0863	9.4752
22.0456	9.4752
22.0050	9.4752
21.9847	9.5159
21.9440	9.5565
21.9237	9.5971
21.8628	9.5971
21.8221	9.5971
21.7815	9.5971
21.7612	9.6378
21.7612	9.6987
21.7612	9.7394
21.7612	9.7800
21.7612	9.8206
21.7205	9.8206
21.6799	9.8206
21.6596	9.8613
21.6393	9.9019
21.6596	9.9426
21.6799	9.9832
21.7002	10.0238
21.6799	10.0238
21.6393	10.0238
21.5986	10.0238
21.5377	10.0441
21.5377	10.0848
21.5174	10.1457
21.5174	10.1864
21.4970	10.2270
21.4564	10.2270
21.4158	10.2270
21.3751	10.1864
21.3751	10.1457
21.3751	10.1051
21.3751	10.0441
21.3751	10.0035
21.3751	9.9629
21.3345	9.9426
21.2939	9.9426
21.2532	9.9426
21.2126	9.9426
21.1516	9.9426
21.1110	9.9426
21.0704	9.9426
21.0500	9.9832
21.0094	10.0238
20.9891	10.0645
20.9891	10.1051
20.9891	10.1457
20.9891	10.2067
20.9891	10.2473
20.9891	10.2880
20.9891	10.3286
21.0094	10.3692
21.0297	10.4302
21.0704	10.4708
21.0500	10.4505
20.9891	10.4505
20.9484	10.4505
20.9484	10.4708
20.9484	10.5115
20.9484	10.5521
20.9688	10.5927
20.9891	10.6537
21.0094	10.6943
21.0500	10.7350
21.0704	10.7756
21.0500	10.7756
21.0094	10.7756
20.9484	10.7756
20.9078	10.7756
20.8875	10.8366
20.8468	10.8772
20.8468	10.9178
20.8062	10.9585
20.7656	10.9991
20.7453	11.0398
20.7046	11.0601
20.6843	11.1210
20.6437	11.1413
20.6233	11.1820
20.5827	11.1820
20.5827	11.1413
20.5827	11.1007
20.5827	11.0398
20.5624	10.9991
20.5624	10.9585
20.5421	10.9178
20.5421	10.8772
20.4811	10.8366
20.4405	10.8366
20.3998	10.8569
20.3592	10.8772
20.3592	10.8569
20.3592	10.8162
20.3592	10.7756
20.3592	10.7350
20.3592	10.6740
20.4202	10.6537
20.4608	10.6537
20.5014	10.6334
20.5421	10.6334
20.5827	10.6131
20.6233	10.5927
20.6843	10.5521
20.6843	10.5115
20.6843	10.4708
20.6640	10.4302
20.6233	10.3896
20.5827	10.3489
20.6030	10.3083
20.6437	10.3083
20.6843	10.2880
20.7249	10.2676
20.7859	10.2270
20.7859	10.1864
20.7656	10.1457
20.7249	10.1254
20.7046	10.0848
20.7453	10.0238
20.7859	10.0238
20.8265	10.0238
20.8672	10.0238
20.9078	10.0238
20.9484	9.9629
20.9484	9.9222
20.9484	9.8816
20.9484	9.8410
20.9484	9.8003
20.9078	9.8003
20.8672	9.8003
20.8062	9.8003
20.7656	9.8003
20.7656	9.7800
20.7656	9.7394
20.7656	9.6987
20.7656	9.6378
20.7656	9.5971
20.7859	9.5565
20.7859	9.5159
20.7859	9.4752
20.8062	9.4346
20.8062	9.3736
20.8062	9.3330
20.8062	9.2924
20.7656	9.2924
20.7046	9.2720
20.6640	9.2720
20.6233	9.2720
20.5827	9.2720
20.5421	9.2720
20.5014	9.2720
20.4405	9.2924
20.4405	9.3330
20.4405	9.3736
20.4405	9.4143
20.4405	9.4549
20.4405	9.4955
20.4405	9.5565
20.3795	9.5565
20.3389	9.5362
20.2982	9.5159
20.2576	9.5362
20.2373	9.5768
20.2170	9.6175
20.2170	9.6784
20.1967	9.7190
20.1967	9.7597
20.1967	9.8003
20.1967	9.8410
20.1560	9.8613
20.1357	9.8410
20.0951	9.8410
20.0951	9.8816
20.0951	9.9222
20.0951	9.9629
20.0747	10.0035
20.0747	10.0441
20.0544	10.1051
20.0138	10.1051
19.9935	10.0645
19.9528	10.0238
19.9122	10.0035
19.8716	10.0035
19.8106	9.9832
19.7700	9.9629
19.7293	9.9426
19.7293	9.9019
19.7293	9.8410
19.7293	9.8003
19.7293	9.7597
19.7293	9.7190
19.7496	9.6784
19.7496	9.6378
19.7496	9.5768
19.7293	9.5768
19.6887	9.5768
19.6481	9.5768
19.6074	9.5768
19.6074	9.5159
19.6277	9.4752
19.6481	9.4346
19.6887	9.3939
19.7293	9.3736
19.7496	9.3330
19.7496	9.2924
19.7496	9.2314
19.7293	9.2111
19.6887	9.1908
19.7090	9.1704
19.7496	9.1095
19.7700	9.0689
19.7700	9.0282
19.7700	8.9876
19.7700	8.9469
19.7090	8.9266
19.6684	8.9063
19.6277	8.9063
19.5871	8.9063
19.5465	8.9063
19.5465	8.8657
19.5668	8.8250
19.5668	8.7844
19.5668	8.7438
19.5668	8.6828
19.5668	8.6422
19.5058	8.6218
19.4652	8.6218
19.4245	8.6218
19.3839	8.6218
19.3433	8.6218
19.2823	8.6422
19.2620	8.6828
19.2417	8.7234
19.2417	8.7844
19.2214	8.8250
19.2010	8.8657
19.1807	8.9063
19.1198	8.9063
19.0791	8.9063
19.0385	8.9266
19.0182	8.9673
19.0182	9.0079
19.0182	9.0485
19.0182	9.1095
18.9979	9.1298
18.9572	9.1298
18.8963	9.1501
18.8556	9.1501
18.8353	9.1298
18.8150	9.0689
18.7947	9.0282
18.7947	8.9876
18.7744	8.9469
18.7744	8.9063
18.7744	8.8453
18.7947	8.8047
18.8150	8.7641
18.8150	8.7234
18.8353	8.6828
18.8353	8.6422
18.8353	8.5812
18.8353	8.5406
18.8353	8.4999
18.8353	8.4593
18.7947	8.4390
18.7337	8.4187
18.6931	8.4187
18.6524	8.3983
18.6118	8.3983
18.5712	8.3983
18.5305	8.4187
18.4899	8.4796
18.4696	8.5203
18.4493	8.5609
18.4289	8.6015
18.3883	8.6015
18.3477	8.6015
18.2867	8.5812
18.2461	8.5609
18.2054	8.5609
18.1648	8.5609
18.1242	8.5812
18.1038	8.6422
18.0835	8.6828
18.0429	8.6828
18.0022	8.6625
17.9616	8.6625
17.9007	8.6422
17.8600	8.6422
17.8194	8.6422
17.7991	8.6828
17.7584	8.7234
17.7584	8.7641
17.7787	8.8250
17.8194	8.8453
17.8600	8.8860
17.8803	8.9266
17.9007	8.9673
17.9007	9.0079
17.9210	9.0485
17.9210	9.0892
17.9210	9.1501
17.9210	9.1908
17.9210	9.2314
17.9210	9.2720
17.9210	9.3127
17.8803	9.3330
17.8600	9.3127
17.8194	9.2517
17.7991	9.2111
17.7991	9.1704
17.7991	9.1298
17.7991	9.0892
17.7991	9.0485
17.7381	9.0079
17.6975	8.9876
17.6568	8.9876
17.6162	8.9876
17.5756	9.0282
17.5349	9.0892
17.4943	9.0892
17.4536	9.0485
17.3927	9.0485
17.3521	9.0485
17.3114	9.0485
17.2911	9.0892
17.2708	9.1501
17.2708	9.1908
17.2708	9.2314
17.2708	9.2720
17.2911	9.3127
17.3114	9.3736
17.3317	9.4143
17.3317	9.4549
17.3317	9.4955
17.3521	9.5362
17.3317	9.5362
17.2911	9.5159
17.2301	9.4955
17.2098	9.4346
17.1692	9.4143
17.1082	9.3939
17.0676	9.3939
17.0473	9.4346
17.0270	9.4752
17.0066	9.5159
17.0066	9.5768
17.0066	9.6175
17.0066	9.6581
17.0270	9.6987
17.0270	9.7394
17.0676	9.8003
17.0879	9.8410
17.0879	9.8816
17.1082	9.9222
17.1285	9.9629
17.1285	10.0035
17.1489	10.0645
17.1489	10.1051
17.1489	10.1457
17.1489	10.1864
17.1489	10.2270
17.1489	10.2676
17.1285	10.3286
17.0879	10.3489
17.0473	10.3692
16.9863	10.3896
16.9863	10.3692
16.9863	10.3286
16.9660	10.2880
16.9254	10.2473
16.8847	10.2270
16.8441	10.2067
16.8035	10.2067
16.7628	10.2270
16.7019	10.2473
16.6815	10.2880
16.6612	10.2676
16.6612	10.2270
16.6612	10.1864
16.6612	10.1457
16.6612	10.1051
16.6612	10.0441
16.6612	10.0035
16.6612	9.9629
16.6612	9.9222
16.6612	9.8816
16.6409	9.8410
16.6409	9.8003
16.6409	9.7394
16.6003	9.7190
16.5596	9.6987
16.5190	9.6987
16.4784	9.7190
16.4580	9.6784
16.4580	9.6378
16.4987	9.6175
16.5393	9.6175
16.5799	9.6175
16.6206	9.5971
16.6612	9.5971
16.7222	9.5971
16.7628	9.5768
16.7628	9.5362
16.7628	9.4955
16.7628	9.4549
16.7425	9.4143
16.7222	9.3533
16.7425	9.3533
16.7831	9.3330
16.8238	9.3127
16.8847	9.2924
16.8847	9.2517
16.8847	9.2111
16.8847	9.1704
16.8644	9.1298
16.8644	9.0689
16.8847	9.0282
16.9254	9.0282
16.9457	8.9673
16.9457	8.9266
16.9050	8.9063
16.8644	8.8860
16.8441	8.8453
16.8441	8.8047
16.8441	8.7438
16.8441	8.7031
16.8441	8.6625
16.8441	8.6218
16.8441	8.5812
16.8644	8.6015
