24.7787	9.1553
24.7453	9.1387
24.7119	9.1220
24.6785	9.1053
24.6452	9.0886
24.6118	9.0886
24.5617	9.0886
24.5283	9.1053
24.5116	9.1387
24.4782	9.1720
24.4615	9.2054
24.4115	9.2221
24.3781	9.2221
24.3614	9.2555
24.3614	9.3056
24.3614	9.3390
24.4115	9.3723
24.4282	9.4057
24.4282	9.4391
24.4449	9.4892
24.4282	9.5059
24.3781	9.5059
24.3447	9.5393
24.3113	9.5559
24.2779	9.5893
24.2446	9.5893
24.2112	9.5893
24.1778	9.5893
24.1444	9.5893
24.0943	9.6060
24.0610	9.6394
24.0610	9.6728
24.0610	9.7062
24.0610	9.7396
24.0610	9.7729
24.0943	9.8230
24.0610	9.8230
24.0610	9.8731
24.0276	9.9065
24.0109	9.9399
24.0109	9.9732
24.0443	10.0066
24.0943	10.0233
24.1110	10.0567
24.1444	10.1068
24.1611	10.1402
24.1778	10.1735
24.2112	10.2069
24.2446	10.2069
24.2779	10.2069
24.3280	10.2069
24.3280	10.2570
24.3447	10.2904
24.3447	10.3238
24.3113	10.3238
24.2779	10.3238
24.2446	10.3071
24.2112	10.3071
24.1611	10.3071
24.1277	10.3071
24.1277	10.3405
24.1110	10.3905
24.1110	10.4239
24.1110	10.4573
24.1110	10.4907
24.1444	10.5241
24.1444	10.5574
24.1277	10.5741
24.0776	10.6075
24.0443	10.6242
24.0109	10.6576
23.9775	10.6576
23.9441	10.6576
23.8940	10.6576
23.8607	10.6743
23.8440	10.6576
23.8607	10.6242
23.8773	10.5908
23.8940	10.5407
23.9107	10.5074
23.9107	10.4740
23.8940	10.4573
23.8440	10.4573
23.8106	10.4573
23.7772	10.4573
23.7438	10.4239
23.7438	10.3905
23.7438	10.3571
23.7438	10.3238
23.7438	10.2737
23.7438	10.2403
23.7104	10.2403
23.6937	10.1902
23.7104	10.1735
23.7438	10.1402
23.7605	10.0901
23.7605	10.0567
23.7605	10.0233
23.7438	10.0066
23.7104	9.9732
23.6770	9.9399
23.6770	9.9065
23.6937	9.8564
23.6937	9.8230
23.6937	9.7896
23.7104	9.7562
23.7271	9.7229
23.7271	9.6895
23.7438	9.6394
23.7438	9.6060
23.7438	9.5726
23.7438	9.5393
23.7271	9.5059
23.6937	9.4892
23.6604	9.4892
23.6270	9.4892
23.5936	9.4892
23.5435	9.4892
23.5101	9.4892
23.4767	9.5226
23.4601	9.5559
23.4267	9.5726
23.3933	9.6060
23.3766	9.6394
23.3766	9.6895
23.3766	9.7229
23.3766	9.7562
23.3933	9.7896
23.3933	9.8230
23.3933	9.8564
23.3599	9.8731
23.3265	9.8731
23.2931	9.8731
23.2931	9.8564
23.2931	9.8230
23.2764	9.7896
23.2764	9.7396
23.2264	9.7229
23.1930	9.7229
23.1596	9.7396
23.1262	9.7396
23.0928	9.7062
23.0595	9.6895
23.0261	9.6895
22.9927	9.6895
22.9426	9.6895
22.9259	9.7396
22.8925	9.7729
22.8758	9.8063
22.8592	9.8397
22.8592	9.8731
22.8758	9.9232
22.9092	9.9565
22.9092	9.9899
22.8925	10.0233
22.8925	10.0567
22.9092	10.1068
22.9426	10.1068
22.9760	10.1235
23.0261	10.1568
23.0595	10.1735
23.0595	10.2069
23.0428	10.2403
23.0428	10.2737
23.0428	10.3071
23.0761	10.3405
23.1095	10.3571
23.1429	10.3905
23.1763	10.3905
23.1763	10.4406
23.1596	10.4573
23.1262	10.4907
23.0928	10.5407
23.0595	10.5574
23.0261	10.5908
22.9927	10.5741
22.9760	10.5407
22.9593	10.5074
22.9259	10.4740
22.9092	10.4406
22.8758	10.4239
22.8258	10.4406
22.8091	10.4740
22.7757	10.4740
22.7423	10.4573
22.6922	10.4573
22.6589	10.4406
22.6255	10.4406
22.5921	10.4406
22.5587	10.4406
22.5253	10.4406
22.5086	10.4573
22.5086	10.4907
22.4919	10.5241
22.4919	10.5741
22.4919	10.6075
22.4919	10.6409
22.5253	10.6576
22.5587	10.6743
22.5754	10.7077
22.5754	10.7577
22.5587	10.7911
22.5420	10.8245
22.5086	10.8245
22.4752	10.7911
22.4252	10.7744
22.3918	10.7744
22.3584	10.7744
22.3250	10.7577
22.2916	10.7577
22.2583	10.7577
22.2416	10.7911
22.2249	10.8245
22.2249	10.8579
22.2249	10.8913
22.2249	10.9247
22.2249	10.9747
22.2583	10.9914
22.2916	11.0248
22.3417	11.0248
22.3751	11.0582
22.3584	11.0749
22.3083	11.1250
22.2916	11.1583
22.2583	11.1750
22.2583	11.2251
22.2749	11.2585
22.2916	11.2919
22.3083	11.3253
22.3250	11.3753
22.3250	11.4087
22.3417	11.4588
22.3751	11.4922
22.3751	11.5256
22.3918	11.5589
22.3918	11.5923
22.4085	11.6424
22.4085	11.6758
22.3918	11.6591
22.3584	11.6424
22.3250	11.6424
22.2916	11.6424
22.2583	11.6424
22.2249	11.6424
22.1915	11.6090
22.1748	11.5756
22.1748	11.5422
22.1748	11.5089
22.1748	11.4755
22.1748	11.4254
22.1581	11.3920
22.1414	11.3586
22.1247	11.3253
22.1080	11.2919
22.0746	11.2418
22.0746	11.2084
22.0413	11.1917
21.9912	11.1917
21.9578	11.1917
21.9578	11.1583
21.9912	11.1250
22.0246	11.0916
22.0246	11.0582
22.0246	11.0081
22.0413	10.9747
22.0413	10.9413
22.0413	10.9080
22.0413	10.8746
22.0079	10.8412
21.9745	10.8412
21.9411	10.8412
21.9077	10.8245
21.9077	10.7911
21.9244	10.7410
21.9244	10.7077
21.9244	10.6743
21.9077	10.6409
21.8744	10.6242
21.8410	10.6242
21.8076	10.6242
21.7909	10.6075
21.7909	10.5574
21.7909	10.5241
21.7909	10.4907
21.7909	10.4573
21.7742	10.4239
21.7742	10.3905
21.7575	10.3405
21.7408	10.3071
21.7241	10.2737
21.6907	10.2403
21.6741	10.2069
21.6407	10.1902
21.5906	10.1735
21.5572	10.1735
21.5405	10.1402
21.5405	10.1068
21.5405	10.0734
21.5238	10.0233
21.5071	9.9899
21.4904	9.9565
21.4571	9.9232
21.4237	9.9232
21.3903	9.9399
21.3569	9.9565
21.3068	9.9565
21.2735	9.9732
21.2401	10.0066
21.2234	10.0400
21.1900	10.0734
21.1733	10.1068
21.1733	10.1402
21.1733	10.1902
21.1733	10.1568
21.1232	10.1568
21.0898	10.1735
21.0732	10.2069
21.0231	10.2403
21.0231	10.2737
21.0231	10.3071
21.0565	10.3238
21.0732	10.3738
21.0732	10.4072
21.0565	10.4406
21.0231	10.4740
21.0231	10.5241
21.0231	10.5574
21.0398	10.5908
21.0732	10.6075
21.1065	10.6242
21.1566	10.6576
21.1566	10.7077
21.1566	10.7410
21.1566	10.7744
21.1399	10.8078
21.1232	10.8412
21.1065	10.8913
21.0732	10.8913
21.0231	10.8746
20.9897	10.8746
20.9563	10.8746
20.9229	10.8746
20.8895	10.8746
20.8562	10.8746
20.8228	10.8746
20.7727	10.8746
20.7393	10.9080
20.7226	10.9413
20.7226	10.9747
20.7226	11.0081
20.7226	11.0415
20.7059	11.0749
20.7059	11.1250
20.7059	11.0916
20.6726	11.0916
20.6392	11.1083
20.5891	11.1250
20.5724	11.1750
20.5390	11.2084
20.5390	11.2418
20.5223	11.2752
20.5223	11.3086
20.5223	11.3586
20.5223	11.3920
20.5223	11.4254
20.5223	11.4588
20.4889	11.4588
20.4389	11.4588
20.4055	11.4588
20.3721	11.4588
20.3387	11.4588
20.3053	11.4588
20.2720	11.4922
20.2553	11.5422
20.2219	11.5589
20.1718	11.5923
20.1384	11.6424
20.1050	11.6758
20.0550	11.6925
20.0550	11.7425
20.0550	11.7759
20.0550	11.8093
20.0550	11.8427
20.0550	11.8761
20.0216	11.8761
19.9882	11.8761
19.9548	11.8761
19.9381	11.9095
19.9548	11.9428
19.9715	11.9762
20.0049	11.9929
20.0550	12.0096
20.0883	12.0430
20.1217	12.0597
20.1551	12.1098
20.1551	12.1431
20.1551	12.1765
20.1384	12.2099
20.1050	12.2266
20.0717	12.2099
20.0216	12.1932
19.9882	12.1765
19.9548	12.1765
19.9214	12.1765
19.8880	12.1598
19.8547	12.1598
19.8046	12.1598
19.7879	12.1932
19.7545	12.2433
19.7545	12.2266
19.7545	12.1765
19.7545	12.1431
19.7545	12.1098
19.7545	12.0764
19.7378	12.0430
19.7378	12.0096
19.7044	11.9595
19.6878	11.9262
19.6544	11.8928
19.6210	11.8761
19.5876	11.8594
19.5542	11.8594
19.5208	11.8594
19.4875	11.8594
19.4374	11.8928
19.4040	11.9262
19.3706	11.9595
19.3539	11.9929
19.3539	12.0430
19.3539	12.0764
19.3539	12.1098
19.3539	12.1431
19.3372	12.1765
19.3372	12.2099
19.3372	12.2433
19.2872	12.2266
19.2538	12.2099
19.2204	12.1932
19.1870	12.1765
19.1536	12.1431
19.1369	12.1098
19.1202	12.0764
19.1202	12.0263
19.1035	11.9929
19.0869	11.9595
19.0869	11.9262
19.0535	11.8928
19.0201	11.8761
18.9867	11.8761
18.9533	11.8761
18.9199	11.8761
18.9032	11.8427
18.8866	11.8093
18.8699	11.7759
18.8365	11.7425
18.8198	11.6925
18.7697	11.6925
18.7363	11.6758
18.7029	11.6758
18.6696	11.6758
18.6362	11.6925
18.5861	11.7092
18.5861	11.6925
18.5527	11.6424
18.5193	11.6257
18.4860	11.5923
18.4359	11.5756
18.4025	11.5589
18.3858	11.5756
18.3524	11.6257
18.3190	11.6591
18.2857	11.6925
18.2523	11.7425
18.2189	11.7592
18.1855	11.7926
18.1855	11.8427
18.1855	11.8761
18.2189	11.9095
18.2690	11.9428
18.2857	11.9929
18.2690	12.0096
18.2356	12.0263
18.2022	12.0597
18.2022	12.0931
18.2022	12.1431
18.2356	12.1765
18.2857	12.1932
18.3190	12.1932
18.3524	12.2099
18.3858	12.2433
18.3858	12.2767
18.3691	12.2767
18.3357	12.3268
18.3357	12.3601
18.3357	12.3935
18.3357	12.4269
18.3524	12.4603
18.3858	12.5104
18.4192	12.5271
18.4693	12.5437
18.5026	12.5604
18.5360	12.5771
18.5527	12.6105
18.5694	12.6606
18.6195	12.6773
18.6529	12.6940
18.6863	12.6940
18.7196	12.6940
18.7530	12.6940
18.7864	12.7107
18.8031	12.7607
18.8198	12.7941
18.8365	12.8275
18.8532	12.8609
18.8699	12.8943
18.9032	12.9276
18.9366	12.9443
18.9700	12.9443
19.0201	12.9610
19.0535	12.9610
19.0869	12.9610
19.1202	12.9610
19.1536	12.9777
19.1703	13.0111
19.1703	13.0445
19.1703	13.0779
19.1536	13.1279
19.1536	13.1613
19.1703	13.1613
19.2037	13.2114
19.2037	13.2448
19.2037	13.2782
19.2037	13.3116
19.1703	13.3116
19.1369	13.3116
19.1035	13.3116
19.0702	13.3116
19.0368	13.3116
19.0034	13.3282
18.9533	13.3449
18.9199	13.3950
18.8866	13.4284
18.8532	13.4618
18.8532	13.5119
18.8532	13.5452
18.8699	13.5786
18.8699	13.6120
18.8532	13.6120
18.8031	13.6120
18.7697	13.6120
18.7363	13.6120
18.7029	13.6287
18.6696	13.6120
18.6195	13.6120
18.6028	13.6454
18.5861	13.6788
18.5694	13.7122
18.5527	13.7455
18.5527	13.7789
18.5360	13.8290
18.5026	13.8290
18.4693	13.8457
18.4359	13.8457
18.4025	13.8624
18.3524	13.8791
18.3190	13.8958
18.3190	13.9291
18.3190	13.9625
18.3357	13.9959
18.3357	14.0460
18.3524	14.0794
18.3858	14.0794
18.4192	14.0794
18.4693	14.0794
18.5026	14.0627
18.5360	14.0627
18.5694	14.0627
18.5861	14.0961
18.6028	14.1294
18.6362	14.1628
18.6696	14.1962
18.7029	14.1795
18.7196	14.1461
18.7530	14.1128
18.7530	14.0627
18.7864	14.0627
18.8365	14.0627
18.8699	14.0627
18.9032	14.0627
18.9366	14.0627
18.9700	14.0627
18.9867	14.0794
18.9867	14.1128
18.9700	14.1461
18.9533	14.1795
18.9366	14.2129
18.9366	14.2463
18.9366	14.2797
18.9533	14.3131
18.9700	14.3631
19.0034	14.3965
19.0201	14.4299
19.0535	14.4633
19.0702	14.5134
19.0702	14.5467
19.0535	14.5634
19.0201	14.5634
18.9867	14.5968
18.9700	14.6302
18.9533	14.6636
18.9366	14.6970
18.9032	14.6970
18.8699	14.6970
18.8365	14.6970
18.8031	14.6803
18.7697	14.6803
18.7196	14.6803
18.7029	14.7137
18.6696	14.7470
18.6696	14.7971
18.6696	14.8305
18.6696	14.8639
18.6529	14.8973
18.6195	14.9140
18.5694	14.9306
18.5360	14.9473
18.5026	14.9807
18.4693	14.9974
18.4693	15.0308
18.4693	15.0642
18.4693	15.1142
18.4860	15.1476
18.4860	15.1810
18.5026	15.2144
18.5193	15.2478
18.5527	15.2979
18.5694	15.3312
18.6028	15.3312
18.6529	15.3145
18.6863	15.3145
18.7196	15.3145
18.7530	15.3145
18.7864	15.3479
18.8198	15.3980
18.8365	15.4314
18.8699	15.4648
18.8532	15.4982
18.8198	15.5148
18.7864	15.5482
18.7530	15.5649
18.7363	15.5983
18.7196	15.6484
18.7363	15.6818
18.7363	15.7151
18.7697	15.7485
18.7864	15.7819
18.7864	15.8320
18.8031	15.8654
18.8031	15.8988
18.8365	15.9321
18.8365	15.9655
18.8866	15.9989
18.8866	16.0323
18.9032	16.0657
18.9032	16.0991
18.9032	16.1491
18.9032	16.1825
18.9199	16.1825
18.9533	16.1825
18.9867	16.1992
19.0201	16.1992
19.0535	16.1992
19.0869	16.1992
19.1369	16.2159
19.1703	16.2326
19.2037	16.2326
19.2037	16.2660
19.2037	16.2994
19.1536	16.3327
19.1202	16.3327
19.0869	16.3327
19.0535	16.3327
19.0201	16.3327
18.9867	16.3327
18.9366	16.3494
18.9032	16.3494
18.8699	16.3494
18.8532	16.3327
18.8198	16.2994
18.8031	16.2493
18.7864	16.2159
18.7530	16.1825
18.7530	16.1491
18.7363	16.1157
18.7029	16.0657
18.6863	16.0323
18.6529	16.0156
18.6195	16.0156
18.5694	16.0156
18.5360	16.0156
18.5026	16.0156
18.4860	16.0490
18.4860	16.0824
18.4693	16.0824
18.4359	16.1324
18.4025	16.1658
18.3691	16.1658
18.3357	16.1658
18.3023	16.1658
18.2523	16.1491
18.2523	16.1157
18.2356	16.0657
18.2189	16.0323
18.2189	15.9989
18.2022	15.9655
18.2022	15.9321
18.1521	15.8988
18.1187	15.9154
18.0854	15.9321
18.0520	15.9488
18.0019	15.9655
17.9685	15.9655
17.9351	15.9655
17.9017	15.9822
17.8684	16.0156
17.8350	16.0490
17.8183	16.0824
17.7849	16.1157
17.7682	16.1658
17.7682	16.1992
17.7682	16.2326
17.7682	16.2660
17.7682	16.2994
17.7849	16.3327
17.7849	16.3828
17.7849	16.4162
17.8183	16.4329
17.8517	16.4329
17.9017	16.4496
17.9351	16.4663
17.9351	16.5163
17.9351	16.5497
17.9351	16.5831
17.9685	16.5998
18.0019	16.5998
18.0353	16.5998
18.0854	16.5998
18.1020	16.6332
18.1020	16.6666
18.1020	16.7000
18.1020	16.7333
18.1020	16.7834
18.1020	16.8168
18.1020	16.8502
18.1187	16.8836
18.1521	16.9169
18.1855	16.9503
18.2356	16.9670
18.2356	17.0171
18.2022	17.0338
18.1688	17.0672
18.1354	17.0505
18.1020	17.0171
18.0687	16.9837
18.0520	16.9503
18.0019	16.9336
17.9685	16.9169
17.9518	16.9336
17.9351	16.9670
17.9184	17.0004
17.9184	17.0505
17.9017	17.0839
17.8684	17.0839
17.8350	17.0839
17.8183	17.0505
17.7849	17.0171
17.7682	16.9670
17.7348	16.9503
17.7181	16.9169
17.6848	16.9003
17.6514	16.8836
17.6180	16.8836
17.5846	16.8502
17.5345	16.8502
17.5178	16.8669
17.5011	16.9003
17.4845	16.9503
17.4678	16.9837
17.4344	17.0171
17.4344	17.0505
17.4010	17.1006
17.3843	17.1339
17.3509	17.1673
17.3175	17.2007
17.2842	17.2508
17.2508	17.2675
17.2341	17.3009
17.2341	17.3342
17.2341	17.3843
17.2675	17.4010
17.3009	17.4344
17.3342	17.4678
17.3509	17.5011
17.3676	17.5345
17.3676	17.5846
17.3342	17.6013
17.3009	17.6347
17.2842	17.6848
17.2675	17.7181
17.2675	17.7515
17.2675	17.7849
17.3175	17.8016
17.3509	17.8183
17.3843	17.8350
17.4177	17.8517
17.4678	17.8517
17.5011	17.8350
17.5345	17.7849
17.5679	17.7515
17.6013	17.7348
17.6347	17.7348
17.6681	17.7348
17.7014	17.7348
17.7515	17.7515
17.7849	17.7682
17.8183	17.7682
17.8517	17.7849
17.8851	17.8016
17.9351	17.8183
17.9518	17.8684
17.9518	17.9017
17.9685	17.9351
17.9518	17.9518
17.9184	18.0019
17.9017	18.0353
17.9017	18.0687
17.9351	18.1020
17.9685	18.1020
18.0186	18.1187
18.0353	18.1521
18.0687	18.1688
18.1187	18.1855
18.1521	18.2356
18.1855	18.2356
18.2189	18.2857
18.2690	18.3023
18.3023	18.3357
18.3357	18.3691
18.3691	18.4025
18.4192	18.3691
18.4192	18.3357
18.4526	18.3023
18.4693	18.2690
18.5026	18.2356
18.5360	18.2356
18.5694	18.2523
18.6195	18.2857
18.6529	18.3023
18.6863	18.3023
18.7196	18.3023
18.7530	18.3023
18.7530	18.3190
18.7530	18.3524
18.7530	18.3858
18.7196	18.4359
18.7196	18.4693
18.7196	18.5026
18.7196	18.5360
18.7530	18.5861
18.7864	18.5861
18.8198	18.5861
18.8532	18.5527
18.8866	18.5360
18.9366	18.5026
18.9533	18.4693
18.9867	18.4359
18.9867	18.4025
19.0034	18.3524
19.0368	18.3190
19.0702	18.3190
19.1035	18.3190
19.1369	18.3190
19.1703	18.3357
19.2204	18.3357
19.2538	18.3357
19.2872	18.3691
19.3205	18.3858
19.3539	18.3858
19.3873	18.3858
19.4374	18.3858
19.4708	18.3524
19.5041	18.3357
19.5375	18.3023
19.5876	18.2857
19.6210	18.2523
19.6377	18.2022
19.6711	18.2356
19.6711	18.2690
19.6711	18.3023
19.6711	18.3357
19.6711	18.3691
19.6878	18.4025
19.6878	18.4526
19.7211	18.4860
19.7378	18.5193
19.7712	18.5527
19.8046	18.5861
19.8380	18.6028
19.8880	18.6195
19.9214	18.6362
19.9548	18.6529
19.9882	18.6529
20.0216	18.6362
20.0550	18.6195
20.1050	18.6195
20.1384	18.6028
20.1718	18.6028
20.1885	18.6195
20.2219	18.6529
20.2553	18.6529
20.2886	18.6362
20.3387	18.6195
20.3721	18.5861
20.4055	18.5694
20.4389	18.5694
20.4723	18.5694
20.5056	18.5694
20.5223	18.6028
20.5056	18.6362
20.4723	18.6529
20.4389	18.7029
20.4055	18.7196
20.3721	18.7363
20.3387	18.7530
20.2886	18.7530
20.2553	18.7864
20.2386	18.8198
20.2386	18.8532
20.2553	18.9032
20.2553	18.9366
20.2386	18.9366
20.1885	18.9366
20.1551	18.9533
20.1217	18.9867
20.0883	18.9867
20.0550	19.0201
20.0550	19.0535
20.0550	19.0869
20.0883	19.1035
20.1050	19.1369
20.1384	19.1703
20.1050	19.2037
20.0717	19.2371
20.0717	19.2705
20.0717	19.3205
20.0717	19.3539
20.0717	19.3873
20.1050	19.4040
20.1384	19.4541
20.1718	19.4541
20.2052	19.4541
20.2386	19.4541
20.2720	19.4207
20.3220	19.3873
20.3387	19.3539
20.3554	19.3205
20.3888	19.3038
20.4222	19.3038
20.4556	19.3038
20.5056	19.3038
20.5390	19.3038
20.5724	19.3372
20.6058	19.3706
20.6392	19.4040
20.6559	19.4541
20.6892	19.4875
20.7226	19.5041
20.7560	19.5208
20.7727	19.5542
20.7894	19.5876
20.8395	19.6377
20.8729	19.6544
20.9062	19.6878
20.9396	19.6878
20.9897	19.7044
21.0231	19.7044
21.0565	19.7044
21.0898	19.6878
21.1232	19.6711
21.1733	19.6544
21.1733	19.6210
21.1733	19.5709
21.1733	19.5375
21.1733	19.5041
21.1566	19.4708
21.1399	19.4374
21.1232	19.3873
21.1232	19.3539
21.1232	19.3205
21.1232	19.2872
21.0898	19.2705
21.0565	19.2204
21.0732	19.1870
21.0898	19.1536
21.1232	19.1202
21.1566	19.0702
21.1900	19.0368
21.2234	19.0034
21.2568	18.9867
21.2735	19.0034
21.2735	19.0368
21.2735	19.0869
21.2735	19.1202
21.2568	19.1536
21.2568	19.1870
21.2735	19.2037
21.3235	19.2037
21.3569	19.2037
21.3903	19.2037
21.4404	19.1870
21.4738	19.1870
21.5071	19.2204
21.4904	19.2538
21.4571	19.2705
21.4237	19.2872
21.3736	19.3038
21.3402	19.3205
21.3068	19.3539
21.2735	19.3873
21.2401	19.4207
21.2401	19.4708
21.2735	19.4708
21.3068	19.4875
21.3402	19.5041
21.3903	19.5041
21.4237	19.5208
21.4571	19.5375
21.4904	19.5542
21.5238	19.6043
21.5405	19.6377
21.5405	19.6711
21.5405	19.7044
21.5405	19.7545
21.5405	19.7879
21.5572	19.8380
21.5572	19.8714
21.5572	19.9047
21.5572	19.9381
21.5572	19.9715
21.5572	20.0049
21.5405	20.0383
21.5071	20.0883
21.4904	20.1217
21.4571	20.1551
21.4237	20.1885
21.4070	20.2219
21.3903	20.2553
21.3903	20.2886
21.3903	20.3220
21.3903	20.3721
21.3903	20.4055
21.3903	20.4389
21.3736	20.4723
21.3569	20.5056
21.3569	20.5390
21.3569	20.5891
21.3569	20.6225
21.3736	20.6559
21.3903	20.6892
21.4070	20.7226
21.4404	20.7727
21.4404	20.8061
21.4738	20.8395
21.5071	20.8729
21.5405	20.8729
21.5739	20.8729
21.6073	20.8729
21.6574	20.8729
21.6907	20.8729
21.7074	20.9229
21.7241	20.9563
21.7408	20.9897
21.7575	21.0231
21.7909	21.0565
21.7909	21.1065
21.8076	21.1399
21.8076	21.1733
21.8410	21.2067
21.8577	21.2401
21.8577	21.2901
21.8577	21.3235
21.8577	21.3569
21.8577	21.3903
21.8577	21.4237
21.8744	21.4571
21.9077	21.4571
21.9411	21.4571
21.9745	21.4738
22.0246	21.4738
22.0413	21.5071
22.0413	21.5405
22.0746	21.5572
22.1080	21.5572
22.1581	21.5572
22.1915	21.5572
22.2249	21.5572
22.2583	21.5572
22.2916	21.5405
22.3250	21.5238
22.3751	21.5238
22.4085	21.5071
22.4419	21.4738
22.4586	21.4404
22.4752	21.4070
22.4752	21.3736
22.4419	21.3402
22.4085	21.2901
22.3918	21.2568
22.3751	21.2234
22.3751	21.1900
22.3751	21.1399
22.4252	21.1232
22.4586	21.1232
22.4919	21.1065
22.5253	21.0898
22.5587	21.0398
22.5921	21.0064
22.5921	20.9730
22.5754	20.9396
22.5754	20.9062
22.5253	20.8729
22.5587	20.8562
22.5921	20.8562
22.6088	20.8061
22.6088	20.7727
22.5754	20.7560
22.5420	20.7059
22.5086	20.7059
22.4752	20.6559
22.4419	20.6392
22.4252	20.6058
22.4252	20.5724
22.4252	20.5223
22.4252	20.4889
22.4419	20.4889
22.4752	20.4889
22.5086	20.4889
22.5420	20.4389
22.5587	20.4055
22.5754	20.3721
22.5754	20.3387
22.5754	20.3053
22.5587	20.2553
22.5420	20.2219
22.5086	20.2052
22.4752	20.1551
22.4919	20.1384
22.5420	20.1050
22.5754	20.0883
22.5921	20.0550
22.6422	20.0216
22.6755	20.0049
22.7089	20.0049
22.7423	20.0383
22.7423	20.0883
22.7590	20.1217
22.7924	20.1551
22.8425	20.1718
22.8758	20.1718
22.9092	20.1551
22.9259	20.1050
22.9426	20.0717
22.9593	20.0383
22.9760	20.0049
23.0094	19.9882
23.0428	19.9882
23.1095	20.0049
23.1596	20.0216
23.1930	20.0216
23.2264	20.0383
23.2598	20.0383
23.2931	20.0550
23.3432	20.0550
23.3599	20.0216
23.3933	19.9882
23.4100	19.9548
23.4434	19.9214
23.4934	19.9214
23.5268	19.9047
23.5602	19.9047
23.5936	19.9047
23.6270	19.9047
23.6604	19.9047
23.7104	19.9381
23.7438	19.9548
23.7772	19.9882
23.7772	20.0216
23.7772	20.0550
23.7772	20.0883
23.7772	20.1217
23.8106	20.1551
23.8440	20.1718
23.8607	20.2219
23.8440	20.2386
23.8106	20.2720
23.7772	20.3053
23.7772	20.3387
23.7772	20.3721
23.7772	20.4055
23.7939	20.4556
23.8273	20.4723
23.8607	20.5056
23.8940	20.5056
23.9441	20.5056
23.9775	20.4889
24.0109	20.4723
24.0443	20.4556
24.0943	20.4222
24.1277	20.3888
24.1611	20.3721
24.1945	20.3220
24.2446	20.3220
24.2779	20.3220
24.3113	20.3220
24.3447	20.3220
24.3781	20.3387
24.4115	20.3387
24.4115	20.3721
24.3948	20.4055
24.3781	20.4556
24.3781	20.4889
24.3781	20.5223
24.3781	20.5557
24.4115	20.5891
24.4449	20.5891
24.4782	20.5891
24.5116	20.6058
24.5450	20.6225
24.5784	20.6559
24.6118	20.6726
24.6452	20.7059
24.6952	20.7226
24.7286	20.7226
24.7620	20.7393
24.7954	20.7393
24.8288	20.7226
24.8455	20.6892
24.8621	20.6559
24.8788	20.6058
24.8788	20.5724
24.8788	20.5390
24.8788	20.5056
24.8788	20.4723
24.8788	20.4389
24.8788	20.3888
24.8788	20.3554
24.8788	20.3220
24.8621	20.3053
24.8288	20.3053
24.7954	20.2886
24.7620	20.2386
24.7453	20.2052
24.7453	20.1718
24.7453	20.1384
24.7787	20.1050
24.7954	20.0717
24.7954	20.0383
24.7954	20.0049
24.8121	19.9882
24.8455	19.9715
24.8788	19.9715
24.9122	20.0049
24.9122	20.0383
24.9122	20.0717
24.9122	20.1050
24.9122	20.1384
24.9122	20.1718
24.9122	20.2052
24.9623	20.2386
24.9957	20.2386
25.0291	20.2386
25.0624	20.2219
25.1125	20.2219
25.1125	20.2553
25.1125	20.2886
25.1125	20.3220
25.1292	20.3554
25.1626	20.4055
25.1960	20.4055
25.2461	20.3721
25.2794	20.3387
25.3128	20.3053
25.3629	20.2720
25.3963	20.2386
25.4297	20.2052
25.4630	20.1718
25.4797	20.1384
25.5131	20.1384
25.5632	20.1551
25.5966	20.1551
25.6300	20.1718
25.6633	20.1885
25.6800	20.2219
25.6800	20.2553
25.6633	20.2886
25.6633	20.3220
25.6967	20.3554
25.7301	20.3554
25.7635	20.3554
25.7969	20.3387
25.8136	20.3721
25.8136	20.4055
25.8136	20.4389
25.8136	20.4723
25.8470	20.5056
25.8803	20.5056
25.9137	20.5056
25.9638	20.5056
25.9972	20.4889
26.0306	20.4723
26.0639	20.4389
26.0639	20.4055
26.0806	20.3721
26.0973	20.3387
26.0973	20.2886
26.0806	20.2553
26.0639	20.2219
26.0473	20.1885
26.0306	20.1384
25.9972	20.1217
25.9638	20.1217
25.9471	20.0883
25.9805	20.0550
26.0139	20.0383
26.0306	20.0049
26.0639	19.9548
26.0639	19.9214
26.0639	19.8880
26.0306	19.8547
25.9972	19.8380
25.9638	19.8213
25.9304	19.8046
25.8970	19.7712
25.8803	19.7211
25.8470	19.6878
25.8303	19.6544
25.7969	19.6210
25.7802	19.5709
25.7969	19.5542
25.8303	19.5375
25.8470	19.5041
25.8303	19.4708
25.7969	19.4541
25.7468	19.4207
25.7134	19.4040
25.6800	19.3706
25.6467	19.3706
25.6467	19.3205
25.6633	19.2872
25.6967	19.2705
25.7134	19.2371
25.7134	19.1870
25.6967	19.1703
25.6467	19.1369
25.6133	19.1369
25.5799	19.1035
25.5465	19.0869
25.5465	19.0368
25.5632	19.0034
25.5966	18.9867
25.6300	18.9533
25.6467	18.9199
25.6633	18.8866
25.6633	18.8532
25.6967	18.8198
25.7301	18.7864
25.7468	18.8031
25.7468	18.8365
25.7468	18.8699
25.7468	18.9199
25.7468	18.9533
25.7802	18.9700
25.7969	19.0034
25.8303	19.0535
25.8636	19.0535
25.8970	19.0535
25.9304	19.0201
25.9638	19.0034
26.0139	18.9867
26.0473	18.9700
26.0806	18.9700
26.1140	18.9533
26.1474	18.9533
26.1975	18.9533
26.2309	18.9533
26.2642	18.9700
26.2976	19.0034
26.2976	19.0368
26.2809	19.0368
26.2476	19.0702
26.2142	19.1035
26.1808	19.1369
26.1641	19.1703
26.1975	19.1870
26.2309	19.2037
26.2642	19.2037
26.2976	19.2037
26.3310	19.2204
26.3477	19.2538
26.3477	19.2872
26.3310	19.3372
26.2976	19.3706
26.2976	19.4040
26.2976	19.4374
26.2809	19.4374
26.2476	19.4374
26.1975	19.4374
26.1975	19.4708
26.1975	19.5208
26.1975	19.5542
26.1975	19.5876
26.2309	19.6210
26.2642	19.6544
26.2809	19.7044
26.2809	19.7378
26.2809	19.7712
26.2809	19.8046
26.3143	19.8380
26.3477	19.8380
26.3811	19.8213
26.4145	19.8046
26.4645	19.8046
26.4979	19.8046
26.5313	19.7879
26.5647	19.7712
26.5981	19.7545
26.6482	19.7378
26.6815	19.7211
26.7149	19.7044
26.7483	19.6878
26.7817	19.6711
26.8151	19.6377
26.8318	19.6043
26.8318	19.5709
26.8318	19.5375
26.8318	19.4875
26.8818	19.4875
26.9152	19.4875
26.9486	19.4875
26.9820	19.4541
27.0154	19.4374
27.0487	19.3873
27.0654	19.3539
27.0654	19.3205
27.0321	19.2872
26.9987	19.2538
26.9653	19.2371
26.9319	19.2037
26.9319	19.1536
26.9319	19.1202
26.9319	19.0869
26.9486	19.0535
26.9486	19.0201
26.9653	18.9867
26.9653	18.9366
27.0154	18.9366
27.0487	18.9366
27.0821	18.9533
27.1155	18.9700
27.1489	18.9867
27.1489	19.0201
27.1656	19.0535
27.1990	19.0869
27.2490	19.0869
27.2824	19.0869
27.3158	19.0869
27.3492	19.0869
27.3826	19.0869
27.4160	19.0702
27.4660	19.0702
27.4994	19.0535
27.5161	19.0201
27.5328	18.9867
27.5495	18.9366
27.5662	18.9032
27.5662	18.8699
27.5662	18.8365
27.5662	18.8031
27.5662	18.7530
27.5328	18.7196
27.5328	18.6863
27.5161	18.6529
27.4994	18.6195
27.4827	18.5694
27.4827	18.5360
27.4827	18.5026
27.4660	18.4693
27.4493	18.4359
27.4493	18.4025
27.4493	18.3524
27.4493	18.3190
27.4493	18.2857
27.4660	18.2523
27.4660	18.2189
27.4994	18.1688
27.4994	18.1354
27.5161	18.1020
27.5328	18.0687
27.5495	18.0353
27.5829	17.9852
27.5996	17.9518
27.6163	17.9184
27.6496	17.8851
27.6496	17.8517
27.6830	17.8016
27.6997	17.7682
27.7331	17.7348
27.7665	17.7014
27.7999	17.6681
27.8499	17.6514
27.8833	17.6514
27.9167	17.6681
27.9501	17.6514
27.9835	17.6180
27.9835	17.5846
28.0002	17.5512
28.0169	17.5011
28.0336	17.4678
28.0336	17.4344
28.0336	17.4010
28.0336	17.3676
28.0336	17.3342
28.0169	17.2842
27.9835	17.2842
27.9501	17.2842
27.9167	17.2842
27.8833	17.2675
27.8333	17.2675
27.7999	17.2675
27.7665	17.2675
27.7331	17.2675
27.7164	17.2341
27.6830	17.2007
27.6496	17.1840
27.5996	17.1506
27.5662	17.1339
27.5328	17.1339
27.4994	17.1172
27.4660	17.1172
27.4160	17.1172
27.3826	17.1172
27.3492	17.1339
27.3158	17.1673
27.2991	17.2174
27.2657	17.2508
27.2490	17.2842
27.2157	17.3175
27.1656	17.3009
27.1656	17.2675
27.1322	17.2341
27.1155	17.1840
27.0821	17.1673
27.0321	17.1339
26.9987	17.1339
26.9653	17.1506
26.9319	17.1673
26.8818	17.1673
26.8484	17.1506
26.8151	17.1339
26.7817	17.1339
26.7483	17.1339
26.7149	17.1339
26.6648	17.1339
26.6315	17.1673
26.5981	17.1840
26.5981	17.1673
26.5981	17.1339
26.6148	17.1006
26.6482	17.0505
26.6815	17.0338
26.6982	17.0004
26.7316	16.9503
26.7650	16.9503
26.7984	16.9670
26.8318	16.9837
26.8651	16.9503
26.8818	16.9169
26.8818	16.8836
26.8818	16.8502
26.9152	16.8168
26.9319	16.7667
26.9486	16.7333
26.9486	16.7000
26.9820	16.7000
27.0154	16.7000
27.0654	16.7000
27.0988	16.7166
27.1322	16.7166
27.1656	16.7166
27.1656	16.6833
27.1656	16.6499
27.1656	16.6165
27.1656	16.5831
27.1656	16.5497
27.1656	16.5163
27.1823	16.4997
27.2157	16.4830
27.2490	16.4830
27.2657	16.4997
27.2657	16.5330
27.2824	16.5831
27.2824	16.6165
27.3325	16.6332
27.3659	16.6332
27.3993	16.6332
27.4327	16.6332
27.4660	16.6332
27.4994	16.6332
27.4994	16.6666
27.4994	16.7000
27.4994	16.7333
27.5328	16.7667
27.5662	16.7667
27.5996	16.7500
27.6496	16.7333
27.6830	16.7333
27.7164	16.7333
27.7498	16.7166
27.7832	16.7166
27.8166	16.7166
27.8666	16.7166
27.9000	16.7333
27.9334	16.7166
27.9501	16.6833
27.9668	16.6332
27.9668	16.5998
27.9668	16.5664
27.9501	16.5330
27.9501	16.4997
27.9334	16.4663
27.9334	16.4162
27.9334	16.3828
27.9334	16.3494
27.9334	16.3160
27.9501	16.2827
27.9501	16.2493
27.9501	16.1992
27.9668	16.1658
27.9668	16.1324
27.9668	16.0991
27.9668	16.0657
27.9668	16.0323
27.9668	15.9822
27.9668	15.9488
27.9668	15.9154
27.9668	15.8821
27.9668	15.8487
27.9668	15.8153
27.9501	15.7652
27.9167	15.7652
27.9167	15.7151
27.9167	15.6818
27.9000	15.6484
27.9000	15.6150
27.9167	15.5816
27.9501	15.5315
27.9668	15.4982
28.0002	15.4648
28.0169	15.4314
28.0336	15.3813
28.0669	15.3646
28.1170	15.3312
28.1504	15.3312
28.1838	15.3312
28.2005	15.3479
28.2005	15.3813
28.2339	15.4147
28.2672	15.4314
28.3006	15.4314
28.3340	15.4314
28.3674	15.3813
28.4008	15.3479
28.4342	15.3312
28.4675	15.3646
28.5009	15.3813
28.5176	15.4147
28.5343	15.4648
28.5844	15.4648
28.6178	15.4982
28.6511	15.5148
28.6845	15.5148
28.7179	15.5148
28.7680	15.4982
28.8014	15.4815
28.8181	15.4982
28.8348	15.5315
28.8681	15.5649
28.9015	15.5983
28.9349	15.6150
28.9683	15.6317
29.0184	15.6484
29.0517	15.6484
29.0851	15.6651
29.1185	15.6651
29.1519	15.6651
29.2020	15.6317
29.2187	15.5983
29.2187	15.5649
29.2187	15.5315
29.2187	15.4982
29.2187	15.4481
29.2187	15.4147
29.2187	15.3813
29.2187	15.3479
29.2187	15.3145
29.2187	15.2812
29.2020	15.2311
29.1686	15.2311
29.1686	15.1977
29.1853	15.1476
29.2020	15.1142
29.2187	15.0809
29.2187	15.0475
29.2187	15.0141
29.2187	14.9640
29.2187	14.9306
29.2187	14.8973
29.2353	14.8973
29.2854	14.8973
29.3188	14.9140
29.3355	14.9473
29.3689	14.9807
29.3856	15.0141
29.4356	15.0308
29.4690	15.0308
29.4857	14.9974
29.5024	14.9640
29.5024	14.9306
29.5024	14.8973
29.5024	14.8472
29.5358	14.8472
29.5692	14.8806
29.6026	14.9140
29.6359	14.9473
29.6693	14.9807
29.6860	15.0141
29.7194	15.0308
29.7695	15.0308
29.8029	15.0308
29.8362	15.0141
29.8529	14.9807
29.8863	14.9473
29.9030	14.9140
29.9030	14.8639
29.9531	14.8639
29.9865	14.8806
30.0199	14.8973
30.0532	14.8973
30.0866	14.8973
30.1367	14.8973
30.1701	14.8806
30.1868	14.8472
30.2202	14.8138
30.2368	14.7637
30.2535	14.7303
30.2702	14.6970
30.2702	14.6636
30.2702	14.6302
30.2368	14.5968
30.2368	14.5634
30.2368	14.5300
30.2368	14.4967
30.2702	14.4466
30.2869	14.4132
30.3370	14.3965
30.3537	14.3464
30.3871	14.3131
30.3871	14.2797
30.3871	14.2463
30.3871	14.2129
30.3537	14.1962
30.3036	14.1795
30.2702	14.1628
30.2368	14.1461
30.2035	14.1461
30.1701	14.1461
30.1367	14.1628
30.1033	14.1962
30.0699	14.1962
30.0199	14.1962
29.9865	14.1628
29.9531	14.1461
29.9197	14.1294
29.8863	14.1294
29.8529	14.1461
29.8529	14.1795
29.8196	14.1795
29.7862	14.1628
29.7361	14.1294
29.7027	14.1128
29.6693	14.0961
29.6359	14.0627
29.5859	14.0460
29.5525	14.0126
29.5191	13.9959
29.4857	13.9959
29.4523	13.9959
29.4190	14.0460
29.4023	14.0794
29.3689	14.1128
29.3522	14.1461
29.3522	14.1795
29.3355	14.2296
29.3021	14.2296
29.2520	14.2296
29.2187	14.2129
29.1853	14.1962
29.1519	14.1795
29.1185	14.1628
29.0684	14.1628
29.0351	14.1628
29.0184	14.1795
28.9683	14.2129
28.9349	14.2296
28.9015	14.2630
28.8681	14.2630
28.8348	14.2463
28.7847	14.2296
28.7513	14.2129
28.7179	14.1962
28.6845	14.1795
28.6345	14.1628
28.6178	14.1128
28.6178	14.0794
28.6178	14.0460
28.6345	14.0126
28.6678	13.9625
28.6678	13.9291
28.6678	13.8958
28.6678	13.8624
28.6678	13.8290
28.6345	13.8123
28.5844	13.7956
28.5510	13.7789
28.5510	13.7455
28.5176	13.6955
28.5176	13.6621
28.5009	13.6287
28.5009	13.5953
28.5009	13.5619
28.4842	13.5285
28.4508	13.4785
28.4342	13.4451
28.4175	13.4117
28.4342	13.3783
28.4842	13.3783
28.5176	13.3783
28.5510	13.3950
28.5844	13.3950
28.6011	13.3783
28.6011	13.3282
28.6011	13.2949
28.6178	13.2615
28.6178	13.2281
28.6345	13.1947
28.6511	13.1613
28.6511	13.1113
28.6845	13.1113
28.7179	13.1446
28.7513	13.1780
28.7680	13.2114
28.7847	13.2448
28.8014	13.2949
28.8514	13.2949
28.8848	13.2782
28.9015	13.2448
28.9015	13.2114
28.9015	13.1780
28.9182	13.1279
28.9516	13.1279
28.9850	13.1279
29.0184	13.1113
29.0184	13.0779
29.0184	13.0445
29.0184	13.0111
29.0184	12.9610
29.0184	12.9276
29.0184	12.8943
29.0017	12.8609
29.0017	12.8275
29.0017	12.7941
29.0017	12.7440
29.0184	12.7107
29.0184	12.6439
29.0351	12.6105
29.0351	12.5604
29.0351	12.5271
29.0684	12.4937
29.0851	12.4603
29.1185	12.4269
29.1185	12.3768
29.1185	12.3434
29.1018	12.3268
29.0517	12.2934
29.0184	12.2934
28.9850	12.2934
28.9516	12.2934
28.9182	12.2934
28.8681	12.3101
28.8348	12.3434
28.8181	12.3768
28.7680	12.4102
28.7346	12.4269
28.7012	12.4603
28.6678	12.4603
28.6345	12.4603
28.5844	12.4269
28.5844	12.3935
28.5844	12.3601
28.5677	12.3268
28.5677	12.2934
28.5677	12.2600
28.5343	12.2600
28.5009	12.2600
28.4675	12.2600
28.4175	12.2600
28.3841	12.2600
28.3674	12.2266
28.3340	12.1932
28.3173	12.1598
28.3006	12.1098
28.2839	12.0764
28.2672	12.0430
28.2505	12.0096
28.2172	11.9762
28.1838	11.9262
28.1671	11.8928
28.1337	11.8928
28.0836	11.8928
28.0502	11.8761
28.0502	11.8427
28.0502	11.8093
28.0502	11.7759
28.0336	11.7425
28.0169	11.6925
28.0002	11.6591
28.0002	11.6257
27.9835	11.5923
27.9501	11.5589
27.9334	11.5089
27.9000	11.5089
27.8666	11.5089
27.8166	11.5089
27.7832	11.5256
27.7498	11.5422
27.7164	11.5756
27.6663	11.5923
27.6330	11.5923
27.6163	11.5589
27.5996	11.5089
27.5662	11.4922
27.5328	11.4588
27.4827	11.4588
27.4493	11.4588
27.4160	11.4588
27.3826	11.4421
27.3492	11.4421
27.3158	11.4421
27.2657	11.4421
27.2324	11.4421
27.1990	11.4421
27.1656	11.4421
27.1322	11.4087
27.0988	11.3753
27.0821	11.3419
27.0821	11.3086
27.0654	11.2752
27.0654	11.2251
27.0487	11.1917
27.0321	11.1583
27.0321	11.1250
27.0487	11.1083
27.0821	11.1083
27.1155	11.1250
27.1656	11.1583
27.1990	11.1750
27.2324	11.1750
27.2657	11.1750
27.2991	11.1750
27.2991	11.1416
27.2991	11.1083
27.3158	11.0582
27.3492	11.0582
27.3826	11.0582
27.4327	11.0415
27.4660	11.0415
27.4994	11.0081
27.5161	10.9747
27.5161	10.9413
27.5161	10.9080
27.5161	10.8746
27.4994	10.8245
27.4827	10.7911
27.4493	10.7577
27.4493	10.7244
27.4160	10.6910
27.3993	10.6409
27.3659	10.6075
27.3659	10.5741
27.3826	10.5407
27.3826	10.4907
27.3993	10.4573
27.4160	10.4239
27.4160	10.3905
27.4160	10.3571
27.4160	10.3238
27.4160	10.2737
27.4160	10.2403
27.3993	10.2069
27.3492	10.1902
27.3158	10.1902
27.2824	10.1735
27.2490	10.1568
27.2157	10.1568
27.1656	10.1568
27.1489	10.1902
27.1155	10.2236
27.0821	10.2570
27.0654	10.2403
27.0154	10.2069
26.9820	10.1902
26.9653	10.1402
26.9653	10.1068
26.9820	10.0734
26.9987	10.0400
26.9987	10.0066
26.9820	9.9899
26.9486	9.9732
26.9152	9.9732
26.8818	9.9732
26.8651	9.9565
26.8484	9.9065
26.8484	9.8731
26.8151	9.8397
26.7817	9.8230
26.7483	9.8230
26.6982	9.8230
26.6648	9.8230
26.6315	9.8230
26.5981	9.8397
26.5647	9.8731
26.5647	9.9065
26.5647	9.9399
26.5313	9.9732
26.4979	9.9732
26.4645	9.9899
26.4312	10.0233
26.4312	10.0567
26.4479	10.0901
26.4645	10.1235
26.4645	10.1735
26.4812	10.2069
26.4979	10.2403
26.4979	10.2737
26.4979	10.3071
26.4645	10.3071
26.4312	10.2737
26.3978	10.2737
26.3644	10.2570
26.3310	10.2570
26.2976	10.2403
26.2476	10.2069
26.2309	10.1735
26.2309	10.1402
26.2142	10.0901
26.1975	10.0567
26.1975	10.0233
26.1975	9.9899
26.1975	9.9565
26.1808	9.9065
26.1474	9.9065
26.0973	9.9232
26.0639	9.9399
26.0306	9.9565
26.0139	9.9399
25.9972	9.9065
25.9972	9.8731
25.9972	9.8230
25.9972	9.7896
25.9805	9.7562
25.9638	9.7229
25.9304	9.7229
25.8970	9.7062
25.8970	9.6728
25.9304	9.6561
25.9471	9.6060
25.9471	9.5726
25.9304	9.5393
25.8970	9.5226
25.8636	9.5059
25.8303	9.5059
25.7969	9.5059
25.7468	9.5059
25.7134	9.5393
25.6800	9.5393
25.6467	9.5226
25.6133	9.4892
25.5799	9.4558
25.5632	9.4224
25.5298	9.4057
25.4964	9.4057
25.4630	9.4224
25.4130	9.4391
25.3963	9.4892
25.3629	9.5226
25.3629	9.5559
25.3796	9.5893
25.3963	9.6394
25.3963	9.6728
25.4297	9.7062
25.4464	9.7396
25.4797	9.7729
25.4964	9.8063
25.4797	9.8230
25.4464	9.8564
25.4130	9.8898
25.3796	9.9232
25.3629	9.9565
25.3629	9.9899
25.3963	10.0233
25.3963	10.0567
25.3963	10.1068
25.3796	10.1068
25.3462	10.1068
25.3128	10.1068
25.2794	10.1068
25.2294	10.0901
25.1960	10.0901
25.1626	10.0901
25.1292	10.1068
25.0958	10.0901
25.0958	10.0567
25.0624	10.0233
25.0458	9.9732
25.0291	9.9399
25.0124	9.9065
25.0124	9.8731
24.9957	9.8397
24.9957	9.8063
24.9957	9.7562
24.9623	9.7562
24.9289	9.7562
24.8955	9.8063
24.8955	9.7729
24.8955	9.7396
24.9122	9.7062
24.9289	9.6728
24.9456	9.6227
24.9623	9.5893
24.9790	9.5559
24.9623	9.5226
24.9289	9.5059
24.8955	9.5059
24.8621	9.5059
24.8121	9.5059
24.7954	9.4725
24.7954	9.4391
24.7954	9.4057
24.7954	9.3556
24.7954	9.3223
24.7954	9.2889
24.7954	9.2555
24.8288	9.2722
