45.0677	12.3513
45.0677	12.2687
44.9438	12.2687
44.8612	12.2687
44.7786	12.2687
44.6959	12.3513
44.6546	12.4752
44.5720	12.5578
44.5720	12.6404
44.5720	12.7231
44.4894	12.8057
44.4068	12.8057
44.3242	12.8057
44.2416	12.8057
44.1589	12.8470
44.0763	12.9296
43.9937	12.9709
43.9111	13.0535
43.8698	13.1775
43.8698	13.2601
43.8698	13.3427
43.8285	13.4253
43.8285	13.5079
43.7872	13.5905
43.7872	13.7145
43.7872	13.7971
43.7872	13.8797
43.7045	13.9623
43.6632	14.0449
43.6632	14.1689
43.6632	14.2515
43.6219	14.3341
43.5393	14.4167
43.4980	14.4993
43.4567	14.6233
43.4154	14.7059
43.3328	14.7885
43.2915	14.8711
43.2501	14.9950
43.1675	15.0777
43.1262	15.1603
43.0849	15.2429
43.0436	15.3255
42.9610	15.4494
42.9197	15.5320
42.8371	15.6147
42.7958	15.6973
42.7131	15.8212
42.6305	15.9038
42.5479	15.9864
42.4653	16.1104
42.4240	16.1930
42.3414	16.2756
42.3000	16.3582
42.2174	16.4821
42.1348	16.5235
42.0522	16.6061
42.0109	16.6887
41.9283	16.8126
41.8870	16.8952
41.8043	16.9779
41.8043	17.0605
41.8043	17.1844
41.7217	17.2670
41.6804	17.3496
41.6391	17.3083
41.5978	17.2257
41.5565	17.1018
41.5565	17.0192
41.5565	16.9365
41.5152	16.8539
41.4739	16.7713
41.4326	16.6474
41.3499	16.6474
41.3086	16.5648
41.2673	16.4408
41.2260	16.3582
41.1847	16.2756
41.1847	16.1930
41.1847	16.1104
41.1847	16.0278
41.1434	15.9038
41.1021	15.8212
41.1021	15.7386
40.9782	15.6560
40.8956	15.5734
40.8542	15.4907
40.8129	15.4081
40.7303	15.3255
40.6064	15.3668
40.5238	15.4081
40.4412	15.4494
40.3585	15.4907
40.3585	15.5734
40.3585	15.6560
40.4825	15.6973
40.4825	15.7799
40.4825	15.8625
40.4825	15.9451
40.4825	16.0278
40.4825	16.1517
40.4825	16.2343
40.4825	16.3169
40.4825	16.3995
40.4825	16.4821
40.4825	16.5648
40.4825	16.6887
40.4825	16.7713
40.5651	16.7713
40.6477	16.7713
40.6477	16.8126
40.6064	16.9365
40.6064	17.0192
40.6064	17.1018
40.6064	17.1844
40.6890	17.1844
40.6890	17.2670
40.7303	17.3496
40.7303	17.4322
40.7303	17.5149
40.7303	17.5975
40.8129	17.6388
40.8956	17.6801
40.8956	17.7627
40.8956	17.8453
40.9369	17.9279
40.9782	18.0106
41.0195	18.1345
41.1021	18.2171
41.0608	18.2997
40.9782	18.3823
40.9369	18.4650
40.8542	18.5476
40.8129	18.6302
40.7303	18.7128
40.6890	18.8367
40.6890	18.9194
40.6477	19.0020
40.5651	19.0846
40.5651	19.2085
40.4825	19.2911
40.4412	19.3738
40.4412	19.4564
40.3999	19.5390
40.3585	19.6629
40.3585	19.7455
40.3172	19.8281
40.2759	19.9108
40.2759	19.9934
40.2346	20.0760
40.2346	20.1999
40.1933	20.2825
40.1520	20.3652
40.1107	20.4478
40.1107	20.5304
40.0281	20.6543
39.9868	20.7369
39.9455	20.8196
39.9041	20.9022
39.8628	21.0261
39.7802	21.1087
39.7389	21.1913
39.6563	21.2739
39.6563	21.3979
39.6563	21.4805
39.5737	21.5631
39.5324	21.6457
39.4911	21.7283
39.4498	21.8523
39.4084	21.9349
39.4084	22.0175
39.3671	22.1001
39.3258	22.1827
39.2845	22.3067
39.2432	22.3893
39.1606	22.4719
39.1606	22.5545
39.0780	22.6371
39.0367	22.7611
39.0367	22.8437
39.0367	22.9263
39.0367	23.0089
39.0367	23.0915
39.0367	23.2155
38.9540	23.2155
38.8301	23.2568
38.7475	23.2981
38.6649	23.2981
38.5823	23.3394
38.5410	23.2981
38.4583	23.2155
38.4170	23.1328
38.3757	23.0502
38.2931	22.9676
38.2518	22.8850
38.2105	22.7611
38.1692	22.6784
38.0866	22.6371
38.0453	22.5132
37.9626	22.4719
37.9213	22.3893
37.8387	22.3067
37.7974	22.2240
37.7561	22.1414
37.6735	22.0588
37.6322	21.9349
37.5082	21.8936
37.5082	21.8110
37.4669	21.6870
37.3843	21.6457
37.2604	21.5631
37.1778	21.5631
37.1778	21.4805
37.1778	21.3566
37.0952	21.2739
37.0125	21.2326
36.9299	21.2326
36.8473	21.3153
36.8060	21.3979
36.7234	21.4392
36.6408	21.3979
36.5581	21.3566
36.4342	21.3153
36.3516	21.2739
36.2690	21.2326
36.1864	21.2326
36.1038	21.1913
36.0211	21.1500
35.8972	21.1087
35.8146	20.9848
35.7320	20.9022
35.6494	20.8196
35.5667	20.7369
35.4841	20.6543
35.3602	20.6130
35.2776	20.5717
35.1950	20.5304
35.1123	20.4891
35.0297	20.4891
34.9058	20.4478
34.8232	20.4478
34.7406	20.4065
34.6579	20.4065
34.5753	20.3652
34.4927	20.3652
34.3688	20.3652
34.2862	20.3652
34.2036	20.3239
34.2036	20.2412
34.1209	20.1586
34.0383	20.0347
33.9557	19.9934
33.8731	19.9521
33.8318	19.9934
33.7492	19.9934
33.6665	19.9934
33.5839	19.9934
33.4600	19.9521
33.3774	19.9108
33.2948	19.9108
33.2121	19.9108
33.1295	19.8281
33.0056	19.7868
32.9230	19.7455
32.8404	19.7042
32.7578	19.7042
32.6751	19.7042
32.5925	19.7042
32.4686	19.7042
32.3860	19.7042
32.3034	19.7042
32.2207	19.6629
32.2207	19.5803
32.2207	19.4977
32.2207	19.4151
32.1381	19.3324
32.0555	19.2911
31.9729	19.2911
31.8903	19.2911
31.8077	19.4151
31.7250	19.4151
31.6424	19.3738
31.5598	19.3324
31.4772	19.2085
31.4359	19.1259
31.3533	19.0433
31.2706	19.0020
31.1880	19.0433
31.1467	19.1259
31.1467	19.0846
31.1054	19.0020
31.0641	18.8780
30.9815	18.7954
30.8576	18.7954
30.7749	18.7954
30.6923	18.7954
30.6510	18.7541
30.6097	18.6715
30.5271	18.6302
30.4032	18.5476
30.3205	18.5063
30.2379	18.5063
30.2379	18.5476
30.1553	18.4650
30.1140	18.3823
30.0314	18.3410
29.9075	18.4237
29.8661	18.3823
29.7835	18.2584
29.7422	18.1758
29.6596	18.2171
29.6596	18.2997
29.6596	18.4237
29.5770	18.3410
29.5770	18.2584
29.5357	18.1758
29.5357	18.0932
29.4531	18.1345
29.4118	18.2171
29.3291	18.2584
29.2052	18.2997
29.1639	18.2584
29.0813	18.2171
28.9574	18.1345
28.9160	18.0519
28.8334	18.0106
28.7095	18.0106
28.7095	17.9693
28.7095	17.8866
28.5856	17.8453
28.5030	17.8866
28.4203	17.9279
28.3377	17.9693
28.2551	17.9693
28.1312	17.9693
28.1312	17.8866
28.1312	17.8040
28.0486	17.6801
28.0073	17.5975
27.9246	17.5975
27.8833	17.5149
27.8833	17.4322
27.8833	17.3496
27.8420	17.2257
27.7594	17.1844
27.6768	17.2257
27.5942	17.3083
27.5529	17.4322
27.4702	17.4322
27.4702	17.3909
27.4702	17.3083
27.4289	17.2257
27.3876	17.1431
27.3050	17.1844
27.2637	17.2670
27.1811	17.3496
27.0985	17.4322
27.0159	17.4322
26.9332	17.3496
26.8919	17.2670
26.8506	17.1431
26.8093	17.0605
26.6854	17.0192
26.6028	16.9365
26.5201	16.9365
26.4788	16.8539
26.4788	16.7713
26.4375	16.6887
26.3549	16.6474
26.2723	16.6474
26.1897	16.6887
26.1484	16.7713
26.0658	16.8952
25.9831	16.8952
25.9005	16.8952
25.7766	16.8539
25.6940	16.8539
25.6114	16.8539
25.5287	16.8126
25.4461	16.8126
25.3635	16.8126
25.2396	16.8126
25.1570	16.7713
25.0743	16.7300
24.9917	16.6887
24.9091	16.6887
24.9091	16.7713
24.9091	16.8539
24.9917	16.9365
25.0743	17.0192
25.1157	17.1431
25.2396	17.1844
25.3222	17.2670
25.4048	17.3083
25.4874	17.3909
25.6114	17.4322
25.6940	17.4736
25.7766	17.5149
25.8179	17.6388
25.8179	17.7214
25.8592	17.8040
25.8592	17.8866
25.9831	17.9279
26.0658	17.9279
26.1484	17.9279
26.2310	17.8866
26.3136	17.9693
26.3549	18.0519
26.4375	18.0932
26.5201	18.2171
26.6028	18.2997
26.5615	18.3410
26.4788	18.3410
26.3962	18.3410
26.2723	18.3823
26.2310	18.4650
26.2723	18.5476
26.3136	18.6302
26.2723	18.6715
26.1897	18.6715
26.1071	18.7541
26.0244	18.7954
26.0244	18.8780
26.0244	18.9607
26.0658	19.0433
26.0658	19.1672
25.9418	19.2085
25.9418	19.2911
25.9418	19.3738
25.9418	19.4977
25.9831	19.5803
26.0658	19.5803
26.1484	19.5803
26.2310	19.4977
26.2723	19.3738
26.3549	19.2911
26.3962	19.2085
26.4788	19.1672
26.6028	19.1259
26.6854	19.1672
26.7680	19.1672
26.8506	19.1672
26.8506	19.0433
26.8506	18.9607
26.9332	18.9607
27.0572	18.9607
27.1398	18.9194
27.1811	18.8367
27.3050	18.7128
27.3876	18.6715
27.4702	18.5889
27.5116	18.6302
27.5942	18.7128
27.6768	18.7541
27.7594	18.7954
27.7594	18.8780
27.7594	19.0020
27.8007	19.0433
27.8833	19.0433
28.0073	19.0433
28.0899	19.0433
28.1725	19.0433
28.2551	19.0433
28.3377	19.1259
28.4203	19.2085
28.5030	19.2085
28.5856	19.2498
28.6682	19.2498
28.6682	19.3324
28.5856	19.4564
28.5443	19.5390
28.4617	19.6216
28.4617	19.7042
28.3790	19.8281
28.3377	19.9108
28.3377	19.9934
28.2551	20.0760
28.2138	20.1999
28.1312	20.2825
28.0899	20.3652
28.0486	20.4478
28.0486	20.5304
28.0486	20.6543
28.1312	20.7369
28.0899	20.6956
28.0073	20.6956
27.8833	20.6543
27.8007	20.6130
27.8007	20.6543
27.8007	20.7782
27.8007	20.8609
27.8007	20.9435
27.7594	20.9435
27.6768	20.9435
27.5942	20.9848
27.5942	21.1087
27.5116	21.1087
27.4289	21.0261
27.3876	20.9022
27.3050	20.9022
27.2224	20.9435
27.1811	21.0261
27.1811	21.1087
27.1811	21.1913
27.0985	21.2739
27.0159	21.2739
26.9332	21.2326
26.8506	21.1087
26.8506	21.0261
26.8093	20.9435
26.7267	20.9435
26.6854	21.0261
26.6441	21.1087
26.6028	21.1913
26.5201	21.2739
26.4375	21.3153
26.3549	21.3153
26.2310	21.2739
26.1484	21.2739
26.0658	21.2326
25.9831	21.1913
25.9005	21.1913
25.8179	21.1913
25.6940	21.1500
25.6114	21.1500
25.5287	21.1913
25.4461	21.2326
25.3635	21.3153
25.3222	21.4392
25.2396	21.5218
25.3222	21.5631
25.4048	21.6457
25.4461	21.7283
25.5700	21.7697
25.6527	21.8110
25.6527	21.8936
25.6527	21.9762
25.7766	22.0175
25.8592	22.1001
25.9418	22.1001
26.0244	22.1414
26.1071	22.2240
26.1484	22.3067
26.2310	22.3893
26.1897	22.4719
26.0658	22.4719
25.9831	22.4719
25.9418	22.3893
25.8592	22.4306
25.7766	22.4719
25.7766	22.5545
25.7766	22.6371
25.7766	22.7198
25.7353	22.7198
25.6114	22.6371
25.5287	22.6371
25.4461	22.6784
25.4048	22.7611
25.4461	22.8437
25.4461	22.9263
25.4461	23.0502
25.3635	23.0915
25.2809	23.1741
25.1983	23.2981
25.1570	23.3807
25.1157	23.4633
25.1983	23.5459
25.2809	23.5046
25.3635	23.4633
25.4461	23.3394
25.5287	23.2981
25.6114	23.2155
25.6940	23.2155
25.8179	23.2981
25.9005	23.2981
25.9418	23.2568
25.9418	23.1741
25.9831	23.0915
26.0244	23.1328
26.0658	23.2155
26.1484	23.2155
26.1897	23.1328
26.2310	23.0089
26.2723	22.9263
26.3549	22.8437
26.4375	22.8024
26.5201	22.8024
26.6028	22.8024
26.7267	22.7611
26.7267	22.6784
26.7267	22.5958
26.7680	22.6371
26.8506	22.6784
26.9745	22.7198
27.0572	22.6784
27.0985	22.5958
27.2224	22.5545
27.2637	22.4719
27.3463	22.4306
27.4702	22.3480
27.5529	22.3067
27.5942	22.1827
27.6768	22.1827
27.8007	22.1414
27.8833	22.0588
27.9659	22.0588
28.0486	22.0175
28.1312	22.0175
28.2551	22.0175
28.3377	21.9762
28.4203	21.9762
28.5030	21.9762
28.5856	21.9762
28.6682	21.9762
28.7921	21.9762
28.8747	21.9349
28.9574	21.8936
29.0400	21.8110
29.1639	21.7283
29.2052	21.6457
29.2878	21.5631
29.3704	21.5631
29.4944	21.5631
29.5770	21.5631
29.6596	21.5631
29.7422	21.5631
29.8248	21.5631
29.9075	21.5218
29.9488	21.4392
30.0314	21.3153
30.1140	21.3153
30.1966	21.3153
30.2792	21.3153
30.3619	21.3566
30.4445	21.3566
30.5684	21.3153
30.6510	21.2739
30.7336	21.1913
30.8162	21.1913
30.9402	21.1087
31.0228	21.1087
31.1054	21.1087
31.1880	21.1087
31.2706	21.1500
31.3946	21.1500
31.4772	21.1500
31.5598	21.1500
31.6424	21.1500
31.7250	21.1500
31.8077	21.1087
31.9316	21.1087
32.0142	21.1087
32.0968	21.1087
32.1794	21.1087
32.2620	21.1087
32.3447	21.1500
32.3447	21.2326
32.4273	21.2739
32.5099	21.3566
32.5925	21.3979
32.7164	21.4392
32.7991	21.4805
32.8817	21.5218
32.9643	21.6044
33.0469	21.6457
33.1708	21.7283
33.1708	21.8110
33.2535	21.8936
33.2948	21.9762
33.3774	22.0175
33.4600	22.0175
33.5426	22.0588
33.6252	22.0588
33.7492	22.1001
33.8318	22.1414
33.9144	22.1414
33.9970	22.1827
34.0796	22.2240
34.1622	22.2240
34.2862	22.2654
34.3688	22.3067
34.4514	22.3480
34.5340	22.3893
34.6579	22.4306
34.7406	22.4719
34.8232	22.5545
34.9058	22.5958
35.0297	22.6784
35.1123	22.7198
35.1950	22.8024
35.2776	22.8024
35.3602	22.8850
35.4841	22.9263
35.5667	23.0089
35.6080	23.0915
35.7320	23.1328
35.8146	23.1741
35.8972	23.2568
35.9798	23.3394
36.1038	23.3807
36.1864	23.4220
36.2690	23.4633
36.3516	23.5459
36.4342	23.6285
36.4755	23.7112
36.5168	23.7938
36.5581	23.9177
36.5995	24.0003
36.6821	24.0829
36.5995	24.0829
36.5168	24.0829
36.4342	24.0416
36.3516	24.0416
36.2690	24.0416
36.1864	24.0416
36.0624	24.0416
35.9798	24.0416
35.8972	24.1242
35.8146	24.1656
35.7320	24.2069
35.6080	24.2895
35.5254	24.3308
35.4841	24.4134
35.4015	24.4960
35.3189	24.6199
35.2363	24.7026
35.2363	24.7852
35.1950	24.8678
35.1950	24.9917
35.1537	25.0743
35.1537	25.1570
35.1123	25.2396
35.1123	25.3222
35.0710	25.4048
34.9884	25.5287
34.8645	25.5700
34.8645	25.6527
34.8232	25.7766
34.7819	25.8592
34.7406	25.9418
34.7406	26.0244
34.7406	26.1071
34.7406	26.1897
34.7406	26.3136
34.7406	26.3962
34.7819	26.4788
34.8232	26.5615
34.8232	26.6441
34.8232	26.7680
34.8232	26.8506
34.8232	26.9332
34.8232	27.0159
34.8232	27.0985
34.8232	27.1811
34.8232	27.2637
34.8232	27.3876
34.8232	27.4702
34.8645	27.5529
34.9058	27.6355
34.9471	27.7181
34.9471	27.8420
34.9471	27.9246
34.9471	28.0073
34.9471	28.0899
34.9058	28.1725
34.9058	28.2551
34.9058	28.3790
34.9058	28.4617
34.9058	28.5443
34.9058	28.6269
34.9471	28.7095
34.9471	28.7921
34.9471	28.9160
34.9884	28.9987
34.9884	29.0813
34.9884	29.1639
35.0297	29.2465
35.0297	29.3291
35.0297	29.4531
35.0297	29.5357
34.9884	29.6183
34.9471	29.7009
34.8645	29.7422
34.7406	29.7422
34.6993	29.8248
34.6993	29.9075
34.7819	29.9488
34.8645	29.9901
34.9471	30.0727
34.9471	30.1553
34.9471	30.2379
34.9058	30.3619
34.8645	30.4445
34.8645	30.5271
34.9471	30.5684
35.0710	30.5684
35.0710	30.6923
35.1537	30.7749
35.1950	30.8576
35.1950	30.9402
35.2363	31.0228
35.2776	31.1467
35.2776	31.2293
35.2776	31.3119
35.2776	31.3946
35.2776	31.4772
35.2776	31.5598
35.2776	31.6424
35.2776	31.7663
35.2776	31.8490
35.2363	31.9316
35.1950	32.0142
35.1123	32.0968
35.1123	32.2207
35.0710	32.3034
35.0710	32.3860
35.1537	32.4686
35.1950	32.5512
35.2776	32.6338
35.3189	32.7164
35.3189	32.7991
35.3189	32.9230
35.3189	33.0056
35.3189	33.0882
35.3189	33.1708
35.3189	33.2535
35.4015	33.3361
35.4428	33.4600
35.5254	33.5426
35.5667	33.6252
35.5667	33.7079
35.5667	33.7905
35.5667	33.9144
35.5667	33.9970
35.5667	34.0796
35.5667	34.1622
35.6080	34.2449
35.6080	34.3275
35.6080	34.4514
35.6080	34.5340
35.6080	34.6166
35.6080	34.6993
35.6080	34.7819
35.6080	34.8645
35.6080	34.9884
35.6080	35.0710
35.6080	35.1537
35.6494	35.2363
35.6494	35.3189
35.6494	35.4015
35.6494	35.5254
35.6494	35.6080
35.6494	35.6907
35.6494	35.7733
35.6080	35.8559
35.6080	35.9385
35.6080	36.0624
35.6494	36.1451
35.6494	36.2277
35.6907	36.3103
35.7320	36.3929
35.7320	36.5168
35.7320	36.5995
35.7320	36.6821
35.7733	36.7647
35.7733	36.8473
35.7733	36.9299
35.7733	37.0539
35.7733	37.1365
35.7320	37.2191
35.6907	37.3017
35.6907	37.3843
35.6907	37.4669
35.6907	37.5909
35.6907	37.6735
35.6494	37.7561
35.6494	37.8387
35.6080	37.9213
35.6080	38.0039
35.5667	38.1279
35.5254	38.2105
35.4841	38.2931
35.4428	38.3757
35.4015	38.4997
35.3602	38.5823
35.3602	38.6649
35.3602	38.7475
35.3602	38.8301
35.3602	38.9127
35.3602	38.9954
35.3602	39.1193
35.4015	39.2019
35.4015	39.2845
35.4015	39.3671
35.4015	39.4498
35.4015	39.5324
35.4015	39.6563
35.4015	39.7389
35.4015	39.8215
35.4015	39.9041
35.3602	39.9868
35.3602	40.0694
35.3602	40.1933
35.3189	40.2759
35.3189	40.3585
35.2776	40.4412
35.2363	40.5238
35.2363	40.6064
35.2363	40.7303
35.2363	40.8129
35.2363	40.8956
35.2776	40.9782
35.2776	41.0608
35.3189	41.1434
35.3189	41.2673
35.3602	41.3499
35.4428	41.4326
35.4428	41.5152
35.5667	41.5978
35.6494	41.6391
35.7320	41.6804
35.8146	41.7217
35.8972	41.7217
36.0211	41.7217
36.0211	41.6391
36.0624	41.5565
36.1038	41.4326
36.1038	41.3499
36.1038	41.2673
36.1451	41.1847
36.1451	41.1021
36.1451	41.0195
36.1451	40.8956
36.1451	40.8129
36.1451	40.7303
36.1451	40.6477
36.1451	40.5651
36.1864	40.4825
36.1864	40.3585
36.2277	40.2759
36.2277	40.1933
36.2277	40.1107
36.2690	40.0281
36.2690	39.9455
36.2690	39.8215
36.2690	39.7389
36.2690	39.6563
36.3103	39.6150
36.3103	39.5324
36.2690	39.4498
36.2690	39.3671
36.2690	39.2845
36.3103	39.1606
36.3516	39.0780
36.3516	38.9954
36.3516	38.9127
36.4755	38.8714
36.4755	38.7888
36.4342	38.7062
36.4342	38.6236
36.4342	38.4997
36.4755	38.4170
36.4755	38.3344
36.4342	38.2518
36.4755	38.2518
36.5168	38.1692
36.5168	38.0866
36.5168	38.0039
36.4755	37.9213
36.5168	37.8800
36.5581	37.7974
36.5581	37.7148
36.5995	37.5909
36.6821	37.5082
36.6821	37.4256
36.6821	37.3430
36.6821	37.2604
36.6821	37.1365
36.6408	37.0539
36.6408	36.9712
36.6408	36.8886
36.6408	36.8060
36.6408	36.7234
36.6408	36.5995
36.6408	36.5168
36.6821	36.4342
36.7234	36.3516
36.8473	36.2277
36.8473	36.1451
36.8060	36.0624
36.8473	36.0211
36.8886	35.8972
36.8886	35.8146
36.8060	35.7733
36.7647	35.6494
36.7647	35.5667
36.8060	35.5254
36.8473	35.4428
36.8473	35.3189
36.8060	35.2776
36.8060	35.1950
36.8473	35.0710
36.8473	34.9884
36.8060	34.9058
36.7647	34.8232
36.7647	34.7406
36.7647	34.6579
36.7647	34.5340
36.7647	34.4514
36.7647	34.3688
36.7647	34.2862
36.7647	34.2036
36.7234	34.1209
36.6821	33.9970
36.6821	33.9144
36.6821	33.8318
36.7234	33.7905
36.8473	33.7492
36.8473	33.6665
36.9299	33.6665
37.0539	33.6665
37.1365	33.6252
37.1365	33.5426
37.2191	33.4187
37.2604	33.3361
37.2604	33.2535
37.2604	33.1708
37.3017	33.0882
37.3430	33.0056
37.3430	32.8817
37.3430	32.7991
37.3017	32.7164
37.2191	32.6338
37.1778	32.5512
37.2604	32.5512
37.2604	32.4686
37.2604	32.3860
37.1778	32.3034
37.1778	32.1794
37.1778	32.0968
37.1778	32.0142
37.1778	31.9316
37.0539	31.8490
36.9712	31.8490
36.9299	31.7663
36.9299	31.6424
36.9299	31.5598
36.8886	31.4772
36.8886	31.3946
36.9299	31.3533
36.9299	31.2706
36.8886	31.1880
36.8886	31.0641
36.9712	30.9815
37.0125	30.8989
37.0539	30.8162
37.1365	30.8162
37.1778	30.7336
37.1778	30.6097
37.1778	30.5271
37.1778	30.4445
37.1365	30.3619
37.0952	30.2792
37.0539	30.1553
36.9299	30.1140
36.8886	30.0314
36.8886	29.9488
36.9299	29.8661
37.0125	29.7835
36.9712	29.7009
36.9299	29.5770
36.8473	29.4944
36.8473	29.4118
36.8473	29.3291
36.8473	29.2465
36.8473	29.1226
36.8473	29.0400
36.8473	28.9574
36.8060	28.8747
36.8060	28.7921
36.8060	28.7095
36.8060	28.6269
36.7647	28.5030
36.6821	28.4617
36.5995	28.3790
36.5168	28.3377
36.4755	28.2551
36.5168	28.1312
36.5168	28.0486
36.5168	27.9659
36.5168	27.8833
36.5168	27.8007
36.5581	27.7181
36.5581	27.6355
36.5581	27.5116
36.5581	27.4289
36.6408	27.4289
36.7647	27.4702
36.7647	27.5529
36.8060	27.6355
36.8886	27.6768
36.9712	27.6768
37.0952	27.6768
37.1778	27.6768
37.2604	27.6355
37.3430	27.6768
37.3843	27.7594
37.3843	27.8420
37.3843	27.9246
37.3843	28.0073
37.4256	28.0486
37.5496	28.0899
37.5909	28.1725
37.6735	28.2551
37.7561	28.3377
37.7974	28.4203
37.7974	28.5030
37.8800	28.6269
37.8800	28.7095
37.8800	28.7921
37.9213	28.8747
38.0039	28.9574
38.0039	29.0813
38.0453	29.1639
38.0866	29.2465
38.0866	29.3291
38.1279	29.4118
38.1279	29.4944
38.1279	29.6183
38.1692	29.7009
38.1692	29.7835
38.1692	29.8661
38.2518	29.9488
38.2931	30.0314
38.3757	30.1140
38.4583	30.1966
38.5410	30.2379
38.6236	30.2792
38.7475	30.2792
38.8301	30.2792
38.8301	30.1966
38.8301	30.1140
38.8301	30.0314
38.8301	29.9075
38.8301	29.8248
38.8301	29.7422
38.8301	29.6596
38.8301	29.5770
38.8301	29.4944
38.8301	29.4118
38.8301	29.2878
38.8301	29.2052
38.7888	29.1226
38.7475	29.0400
38.7475	28.9574
38.7475	28.8747
38.7475	28.7508
38.7475	28.6682
38.7475	28.5856
38.7475	28.5030
38.7475	28.4203
38.7475	28.3377
38.7062	28.2551
38.7062	28.1312
38.7062	28.0486
38.7062	27.9659
38.6649	27.8833
38.5823	27.8007
38.4997	27.7594
38.4583	27.6768
38.4170	27.5529
38.4170	27.4702
38.4583	27.4289
38.4997	27.3463
38.5823	27.2224
38.5823	27.1398
38.6236	27.0572
38.6649	26.9745
38.7062	26.8919
38.7475	26.7680
38.7475	26.6854
38.7475	26.6028
38.7475	26.5201
38.7888	26.4375
38.8301	26.3549
38.8301	26.2310
38.8301	26.1484
38.8301	26.0658
38.8714	25.9831
38.9127	25.9005
38.9540	25.7766
38.9954	25.6940
39.0780	25.6527
39.2019	25.6114
39.2845	25.5700
39.3671	25.5700
39.4084	25.6114
39.4498	25.7353
39.4498	25.8179
39.4911	25.9005
39.5737	25.9831
39.6563	25.9831
39.7802	25.9831
39.8628	25.9831
39.9455	25.9831
39.9868	25.9005
40.0281	25.7766
40.1107	25.7353
40.1933	25.7766
40.2346	25.8592
40.2346	25.9418
40.3585	26.0244
40.3585	26.1071
40.3172	26.1897
40.3172	26.2723
40.3585	26.3136
40.4412	26.3136
40.5651	26.3549
40.5651	26.4375
40.5651	26.5201
40.5651	26.6028
40.5651	26.7267
40.6890	26.7267
40.7716	26.7680
40.8542	26.7680
40.9369	26.7680
40.9782	26.8506
40.9782	26.9745
41.0608	26.9745
41.1434	26.9745
41.2260	26.9332
41.3499	26.8506
41.4326	26.8506
41.4739	26.9332
41.5565	27.0159
41.6391	27.0572
41.7217	27.1398
41.8457	27.1398
41.9283	27.1398
42.0109	27.0985
42.0935	27.0159
42.1348	26.9332
42.1761	26.8506
42.1761	26.7680
42.1761	26.6441
42.1761	26.5615
42.1761	26.4788
42.1761	26.3962
42.1761	26.3136
42.1761	26.2310
42.1348	26.1071
42.1348	26.0244
42.1348	25.9418
42.0935	25.8592
42.0109	25.7766
42.0109	25.6940
42.0109	25.5700
42.0935	25.5287
42.1761	25.5287
42.2587	25.5287
42.3414	25.5287
42.4240	25.5287
42.5066	25.5287
42.5892	25.5287
42.7131	25.5287
42.7958	25.5287
42.8784	25.5287
42.9610	25.5287
43.0436	25.5287
43.1262	25.5287
43.2501	25.5287
43.3328	25.5287
43.3741	25.6527
43.4567	25.7353
43.4567	25.8179
43.4980	25.9005
43.5393	25.9831
43.6219	26.0244
43.7045	26.0244
43.7872	26.0244
43.9111	25.9418
43.9937	25.9418
44.0763	25.9418
44.1589	25.9418
44.2416	25.9418
44.3655	25.9831
44.4481	25.9831
44.5307	25.9831
44.6133	25.9831
44.6546	26.0658
44.6546	26.1484
44.7786	26.1897
44.8612	26.2310
44.9438	26.3136
45.0264	26.3549
45.1090	26.3549
45.2330	26.3962
45.2743	26.4788
45.3569	26.5615
45.4808	26.6441
45.5634	26.6854
45.6460	26.7267
45.7287	26.8093
45.8526	26.8919
45.9352	26.9745
46.0178	27.0159
46.1004	27.0985
46.2244	27.1398
46.3070	27.2224
46.3896	27.3050
46.4722	27.3463
46.5961	27.4702
46.6788	27.5116
46.7614	27.5942
46.8853	27.6355
46.9679	27.6768
47.0505	27.7181
47.1332	27.8007
47.2158	27.8420
47.3397	27.8833
47.4223	27.9659
47.5049	28.0486
47.5876	28.0899
47.7115	28.0899
47.7941	28.1725
47.8767	28.2138
47.9593	28.2138
48.0419	28.2138
48.1659	28.2551
48.2485	28.3377
48.3311	28.3377
48.4137	28.3790
48.4963	28.4617
48.6203	28.5030
48.7029	28.5856
48.7855	28.5856
48.8681	28.5856
48.9094	28.5030
48.9094	28.4203
48.9507	28.3377
48.9094	28.2551
48.8268	28.1725
48.7442	28.0486
48.6616	27.9659
48.6203	27.8833
48.6203	27.8007
48.5377	27.6768
48.4963	27.5942
48.4963	27.5116
48.4963	27.4289
48.4550	27.3463
48.4550	27.2224
48.4550	27.1398
48.4550	27.0572
48.4550	26.9745
48.4550	26.8919
48.4550	26.8093
48.4137	26.6854
48.3724	26.6028
48.2898	26.5201
48.2072	26.4375
48.1246	26.3549
48.0833	26.2723
48.0006	26.1897
47.8767	26.1897
47.7941	26.1484
47.7115	26.1484
47.6289	26.1071
47.6289	26.0244
47.6289	25.9418
47.6289	25.8592
47.5462	25.7766
47.4223	25.7766
47.3397	25.7766
47.2571	25.7766
47.1745	25.7353
47.0918	25.7353
47.0092	25.6527
47.0092	25.5287
47.0092	25.4461
47.0092	25.3635
47.0918	25.2809
47.1745	25.2809
47.2571	25.2396
47.3397	25.1570
47.3397	25.0743
47.3397	24.9504
47.2571	24.9091
47.1745	24.8678
47.0918	24.8265
47.0918	24.7439
47.1745	24.7439
47.2984	24.6613
47.3810	24.6199
47.4223	24.4960
47.4223	24.4134
47.4223	24.3308
47.4223	24.2482
47.5049	24.1656
47.5876	24.1656
47.6702	24.1656
47.7528	24.1656
47.8767	24.1656
47.9593	24.2069
48.0419	24.2069
48.1246	24.2482
48.2072	24.2895
48.2898	24.3721
48.2898	24.4547
48.3724	24.5373
48.4550	24.5373
48.5790	24.5786
48.6616	24.5786
48.7442	24.5786
48.7855	24.6199
48.8681	24.7026
48.9507	24.7026
49.0334	24.6613
49.1573	24.6199
49.2399	24.5373
49.3225	24.5373
49.4051	24.5373
49.4878	24.5373
49.5704	24.4960
49.6117	24.4134
49.6943	24.3308
49.6943	24.2482
49.6530	24.1242
49.5704	24.1242
49.4878	24.0829
49.4051	24.0416
49.2812	24.0416
49.1986	24.0416
49.1160	24.0003
49.0334	23.9590
48.9507	23.9177
48.8268	23.8764
48.7442	23.8351
48.6616	23.7938
48.5790	23.7938
48.4963	23.7525
48.3724	23.7112
48.2898	23.6699
48.2072	23.6699
48.1246	23.5459
48.0419	23.5459
47.9180	23.4633
47.8354	23.4220
47.7528	23.4220
47.7115	23.4633
47.7115	23.4220
47.7115	23.3394
47.7115	23.2155
47.7115	23.1328
47.7115	23.0502
47.7115	22.9676
47.7115	22.8850
47.5876	22.8437
47.5462	22.8850
47.4636	23.0089
47.3810	23.0089
47.2984	23.0089
47.2158	23.0089
47.1332	23.0089
47.0505	23.0089
46.9266	23.0089
46.8440	23.0089
46.7614	22.9676
46.7201	22.8850
46.6375	22.8024
46.5548	22.7611
46.4722	22.6784
46.3896	22.5958
46.3070	22.5545
46.2244	22.4719
46.1004	22.4306
46.0178	22.3480
45.9352	22.3067
45.8526	22.3067
45.7700	22.2654
45.6460	22.2240
45.5634	22.2240
45.4808	22.2240
45.3982	22.2240
45.3156	22.2240
45.2330	22.2240
45.1090	22.2240
45.0264	22.2240
44.9438	22.2240
44.8612	22.2240
44.7786	22.2240
44.6959	22.1827
44.5720	22.1827
44.4894	22.1827
44.4068	22.1827
44.3242	22.1414
44.2416	22.0588
44.2002	21.9349
44.1176	21.8936
43.9937	21.8110
43.9111	21.8936
43.8698	21.9762
43.7458	22.0175
43.6632	22.0175
43.5806	22.0175
43.4980	22.0175
43.4154	21.9762
43.3328	21.9762
43.2915	21.8523
43.2501	21.7697
43.2501	21.6870
43.2088	21.6044
43.2088	21.5218
43.1675	21.3979
43.1675	21.3153
43.1262	21.2326
43.1262	21.1500
43.1262	21.0674
43.0849	20.9848
43.0849	20.8609
43.0436	20.7782
43.0023	20.6956
43.0023	20.6130
43.0023	20.5304
43.0023	20.4478
43.0023	20.3239
42.9610	20.2412
42.9197	20.1586
42.9197	20.0760
42.9197	19.9934
42.9197	19.9108
42.9197	19.7868
42.9197	19.7042
42.9197	19.6216
42.9610	19.5390
42.9610	19.4564
42.9610	19.3738
42.9610	19.2498
42.8784	19.2085
42.8784	19.1259
42.8784	19.0020
42.9610	18.9194
42.9610	18.8367
43.0023	18.7541
42.9610	18.7541
42.9610	18.6715
42.9610	18.5889
43.0023	18.4650
43.0436	18.3823
43.0849	18.2997
43.0849	18.2171
43.0849	18.0932
43.0023	18.0932
42.9197	18.1758
42.9610	18.0932
43.0436	18.0519
43.0849	17.9693
43.0849	17.8866
43.0849	17.7627
43.0023	17.7214
42.9197	17.6801
42.9610	17.5975
43.0436	17.5149
43.0849	17.3909
43.1675	17.3083
43.2088	17.2257
43.2501	17.1431
43.2088	17.1018
43.1262	17.1018
43.0436	17.1018
43.0849	17.0192
43.1262	16.9365
43.1262	16.8539
43.1675	16.7713
43.2088	16.6887
43.2088	16.6061
43.2088	16.4821
43.2915	16.3995
43.3328	16.3169
43.4154	16.2343
43.4567	16.1104
43.4980	16.0278
43.5806	15.9451
43.6219	15.8625
43.7045	15.7386
43.7458	15.6560
43.7872	15.5734
43.8285	15.4907
43.9111	15.3668
43.9524	15.2842
44.0763	15.2016
44.1176	15.1190
44.1589	15.0363
44.2002	14.9124
44.2416	14.8298
44.2829	14.7472
44.3242	14.6646
44.3655	14.5406
44.4068	14.4580
44.4481	14.3754
44.4894	14.2928
44.5307	14.2102
44.5720	14.0862
44.5720	14.0036
44.6133	13.9210
44.6546	13.8384
44.6546	13.7558
44.6959	13.6319
44.7373	13.5492
44.7786	13.4666
44.7786	13.3840
44.7786	13.3014
44.8199	13.1775
44.9025	13.0948
44.9025	13.0122
44.9438	12.9296
44.9438	12.8470
44.9025	12.8470
44.8199	12.8470
