14.0264	5.1695
14.0264	5.1518
14.0087	5.0989
13.9911	5.0636
13.9734	5.0283
13.9382	5.0107
13.8852	4.9754
13.8499	4.9578
13.8147	4.9578
13.7794	4.9754
13.7441	5.0107
13.7264	5.0460
13.7088	5.0989
13.6735	5.1342
13.6735	5.1695
13.6735	5.2048
13.6206	5.2400
13.5853	5.2400
13.5500	5.2400
13.5147	5.2400
13.4794	5.2930
13.4971	5.3283
13.5147	5.3635
13.5147	5.3988
13.5324	5.4341
13.5500	5.4870
13.5500	5.5223
13.5324	5.5576
13.5324	5.5929
13.5324	5.6282
13.4794	5.6282
13.4442	5.6282
13.4089	5.6282
13.3736	5.6282
13.3383	5.6106
13.3030	5.5929
13.2501	5.5929
13.2324	5.5576
13.1971	5.5223
13.1442	5.5047
13.1089	5.5223
13.0913	5.5576
13.0560	5.5753
13.0031	5.5929
12.9678	5.6106
12.9325	5.6282
12.8972	5.6282
12.8443	5.5929
12.8443	5.5400
12.8443	5.5047
12.8443	5.4694
12.7914	5.4694
12.7561	5.4870
12.7208	5.5223
12.6855	5.5576
12.6678	5.5929
12.6326	5.6106
12.5973	5.5929
12.5620	5.5753
12.5443	5.5929
12.4914	5.6282
12.4914	5.6635
12.4914	5.6988
12.4738	5.7341
12.4561	5.7693
12.4385	5.8223
12.4385	5.8576
12.4208	5.8928
12.3856	5.9105
12.3503	5.9281
12.2973	5.9281
12.2621	5.9458
12.2268	5.9634
12.2268	5.9987
12.2091	6.0340
12.1915	6.0693
12.1738	6.1222
12.1562	6.1575
12.1209	6.1751
12.1033	6.2104
12.0503	6.2457
12.0150	6.2810
11.9798	6.3339
11.9268	6.3516
11.9092	6.3869
11.8739	6.4398
11.8563	6.4751
11.8386	6.5104
11.8386	6.5456
11.8210	6.5809
11.8033	6.6339
11.7857	6.6691
11.7680	6.7044
11.7328	6.7397
11.7151	6.7926
11.7151	6.8279
11.6975	6.8632
11.6798	6.8985
11.6798	6.9338
11.6798	6.9691
11.6798	7.0220
11.7151	7.0397
11.7504	7.0397
11.7857	7.0220
11.7857	7.0397
11.8210	7.0749
11.8386	7.1102
11.8739	7.1632
11.8915	7.1984
11.9268	7.2161
11.9621	7.2161
12.0150	7.2161
12.0150	7.2690
12.0150	7.3043
12.0503	7.3396
12.0856	7.3396
12.1209	7.3396
12.1562	7.3396
12.1915	7.3396
12.2444	7.3396
12.2797	7.3219
12.2973	7.3396
12.3326	7.3396
12.3679	7.3219
12.3856	7.2867
12.3856	7.2337
12.4208	7.1984
12.4561	7.1808
12.4914	7.1808
12.5267	7.1808
12.5796	7.1632
12.6149	7.1455
12.6326	7.0926
12.6326	7.0573
12.6678	7.0220
12.7031	6.9867
12.7384	6.9867
12.7737	6.9691
12.7914	6.9338
12.7914	6.8985
12.7914	6.8456
12.8090	6.8279
12.8443	6.7926
12.8796	6.7750
12.9325	6.7574
12.9678	6.7574
13.0031	6.7574
13.0384	6.7574
13.0560	6.7926
13.0560	6.8279
13.0736	6.8632
13.0736	6.9162
13.0913	6.9514
13.0913	6.9867
13.1266	7.0220
13.1619	7.0220
13.1971	7.0220
13.2324	7.0220
13.2677	7.0044
13.3206	6.9867
13.3383	6.9514
13.3559	6.9162
13.3736	6.8809
13.4089	6.8456
13.4618	6.8456
13.4971	6.8279
13.5324	6.8103
13.5677	6.7750
13.5677	6.7397
13.5677	6.7044
13.5677	6.6691
13.5853	6.6515
13.6206	6.6339
13.6559	6.6339
13.7088	6.6691
13.7441	6.6691
13.7794	6.6691
13.8147	6.6691
13.8499	6.6691
13.8852	6.6339
13.9029	6.5809
13.9029	6.5456
13.9382	6.5456
13.9911	6.5280
14.0087	6.5633
14.0440	6.5633
14.0793	6.5633
14.1322	6.5633
14.1499	6.5456
14.1852	6.5280
14.2205	6.4927
14.2557	6.4751
14.2910	6.4574
14.3263	6.4574
14.3792	6.4574
14.4145	6.4751
14.4498	6.4751
14.4675	6.4221
14.4851	6.3869
14.5027	6.3516
14.5380	6.3339
14.5733	6.3163
14.6262	6.3163
14.6615	6.3163
14.6968	6.2986
14.7321	6.2986
14.7674	6.2986
14.7674	6.3339
14.8027	6.3516
14.8556	6.3163
14.8909	6.2986
14.9262	6.2634
14.9615	6.2457
14.9968	6.2281
15.0320	6.2104
15.0320	6.2457
15.0320	6.2810
15.0320	6.3163
15.0320	6.3516
15.0673	6.3692
15.1203	6.4045
15.1555	6.4221
15.1908	6.4221
15.2261	6.4221
15.2614	6.4045
15.3143	6.3869
15.3320	6.3339
15.3496	6.2986
15.3849	6.2986
15.4202	6.2634
15.4555	6.2457
15.4908	6.2810
15.5261	6.2810
15.5613	6.2634
15.5966	6.2281
15.6143	6.1928
15.6496	6.1575
15.6848	6.1398
15.7201	6.1398
15.7554	6.1398
15.8083	6.1398
15.8436	6.1575
15.8789	6.1575
15.9142	6.1751
15.9495	6.1575
15.9848	6.1222
16.0024	6.0869
16.0377	6.0693
16.0554	6.0340
16.0906	6.0163
16.1259	5.9811
16.1436	5.9281
16.1612	5.8928
16.1612	5.8576
16.1789	5.8223
16.1789	5.7870
16.1436	5.7517
16.1083	5.7341
16.0730	5.6988
16.0377	5.6988
16.0024	5.6988
15.9671	5.6988
15.9318	5.6988
15.8789	5.6988
15.8436	5.6988
15.8083	5.6988
15.7731	5.6988
15.7378	5.6811
15.7025	5.6458
15.6672	5.6106
15.6319	5.6106
15.5966	5.6282
15.5613	5.6282
15.5261	5.6458
15.4908	5.6458
15.4555	5.6635
15.4202	5.6635
15.3673	5.6458
15.3320	5.6282
15.2967	5.5929
15.2614	5.5753
15.2085	5.5753
15.1732	5.5753
15.1555	5.6282
15.1026	5.6458
15.0673	5.6811
15.0320	5.6811
14.9968	5.6811
14.9615	5.6811
14.9262	5.6811
14.8733	5.6811
14.8380	5.6811
14.8027	5.6811
14.7674	5.6811
14.7321	5.6811
14.6968	5.6635
14.6792	5.6282
14.6615	5.5929
14.6439	5.5400
14.5910	5.5223
14.5733	5.4870
14.5380	5.4694
14.5027	5.4518
14.4498	5.4518
14.4322	5.4165
14.4322	5.3812
14.4145	5.3459
14.3969	5.2930
14.3792	5.2577
14.3616	5.2224
14.3440	5.1871
14.2910	5.1518
14.2910	5.1165
