34.0844	4.8883
34.0844	4.8080
34.0040	4.7678
33.9237	4.6874
33.8433	4.6874
33.7630	4.6874
33.6424	4.7276
33.5621	4.7678
33.5219	4.8482
33.5219	4.9285
33.5219	5.0089
33.6023	5.1294
33.6424	5.2098
33.6826	5.2901
33.7228	5.3705
33.6424	5.4508
33.5621	5.4508
33.5621	5.4910
33.5621	5.5714
33.6023	5.6919
33.6023	5.7722
33.5621	5.8526
33.5621	5.9330
33.5621	6.0133
33.5621	6.0937
33.5621	6.2142
33.5621	6.2946
33.6023	6.3347
33.6826	6.4151
33.7228	6.4955
33.7228	6.5758
33.7228	6.6562
33.6424	6.7365
33.5621	6.7365
33.4415	6.7365
33.4415	6.7767
33.5219	6.8571
33.6023	6.9776
33.6826	7.0579
33.7630	7.1383
33.7630	7.2187
33.7630	7.1785
33.6826	7.1383
33.6023	7.1383
33.5219	7.2187
33.5219	7.2990
33.5621	7.3794
33.5621	7.4597
33.6023	7.5803
33.6023	7.6606
33.6023	7.7410
33.6424	7.8213
33.6424	7.9017
33.5621	7.9017
33.4817	7.9017
33.4817	7.9820
33.4817	8.0624
33.4817	8.1428
33.4817	8.2231
33.5219	8.3035
33.5219	8.3838
33.5219	8.5044
33.5219	8.5847
33.4817	8.5847
33.3612	8.5847
33.3612	8.6249
33.3210	8.7052
33.3210	8.7856
33.3210	8.9061
33.3210	8.9865
33.2808	9.0669
33.2407	9.1472
33.2005	9.2276
33.1603	9.3481
33.1603	9.4285
33.1603	9.5088
33.0799	9.5892
33.0398	9.6695
33.0398	9.7499
33.0398	9.8704
33.0398	9.9508
32.9996	10.0311
32.9594	10.1115
32.9192	10.0713
32.8791	9.9909
32.8791	9.9106
32.8389	9.7901
32.8389	9.7097
32.8389	9.6293
32.8389	9.5490
32.8389	9.4686
32.7987	9.3883
32.7987	9.3079
32.7987	9.1874
32.7585	9.1070
32.7183	9.0267
32.6782	8.9463
32.6782	8.8660
32.5978	8.7454
32.5576	8.6651
32.5576	8.5847
32.5576	8.5044
32.5576	8.4240
32.5175	8.3436
32.4371	8.2231
32.4371	8.1428
32.3567	8.1026
32.2764	7.9820
32.2362	7.9017
32.1558	7.9017
32.0755	7.9419
31.9951	7.9820
31.9550	8.0624
31.9550	8.1428
31.9550	8.2633
31.9550	8.3436
31.9550	8.4240
31.9550	8.5044
31.9550	8.5847
31.8746	8.5847
31.8344	8.6249
31.8344	8.7052
31.9550	8.7454
31.9951	8.8258
31.9951	8.9061
31.9550	8.9463
31.9550	9.0267
31.9951	9.1472
31.9951	9.2276
32.0353	9.3079
31.9951	9.3481
31.8746	9.4285
31.7942	9.4686
31.7942	9.5892
31.7139	9.6293
31.6335	9.7097
31.5532	9.8302
31.5532	9.7499
31.5130	9.6695
31.5130	9.5892
31.5130	9.5088
31.4326	9.4285
31.3925	9.3079
31.3925	9.2276
31.4728	9.1472
31.5532	9.0669
31.5532	8.9865
31.5130	8.8660
31.4326	8.8660
31.4326	8.7856
31.4326	8.7052
31.4326	8.6249
31.3925	8.5847
31.3121	8.5847
31.1916	8.6249
31.1112	8.6651
31.0309	8.7052
31.0309	8.6651
30.9505	8.5445
30.8702	8.5445
30.7496	8.5445
30.7094	8.6249
30.6291	8.7052
30.5487	8.7454
30.5085	8.6651
30.4282	8.5847
30.3880	8.5044
30.3077	8.4240
30.2675	8.3035
30.1871	8.2633
30.1068	8.1829
30.0264	8.1026
29.9461	8.0222
29.9461	7.9419
29.9059	7.8615
29.8255	7.7410
29.7853	7.6606
29.7050	7.5803
29.6246	7.4999
29.5845	7.4196
29.5443	7.3392
29.4639	7.2588
29.4237	7.1383
29.3434	7.0579
29.3434	6.9776
29.3032	6.8972
29.2229	6.8169
29.1827	6.6963
29.1023	6.6160
28.9818	6.5356
28.9014	6.4553
28.8211	6.4151
28.7407	6.3347
28.6202	6.2544
28.5398	6.1740
28.4595	6.0937
28.3389	6.0535
28.2586	6.0133
28.1782	5.9731
28.0979	5.9330
28.0577	6.0133
28.0175	6.0937
27.8970	6.1339
27.8970	6.2142
27.8970	6.2946
27.9773	6.3347
28.0979	6.4553
28.1380	6.5356
28.2184	6.6160
28.2988	6.6963
28.3389	6.7767
28.3791	6.8571
28.4595	6.9374
28.4996	7.0579
28.5398	7.1383
28.5800	7.2187
28.6604	7.2990
28.7407	7.3794
28.7809	7.4597
28.8612	7.5401
28.9416	7.6204
28.9818	7.7008
29.0621	7.7812
29.1023	7.9017
29.1827	7.9820
29.1827	8.0624
29.2630	8.1428
29.3032	8.2231
29.3836	8.3436
29.4237	8.4240
29.5041	8.5044
29.5443	8.5847
29.6246	8.7052
29.6648	8.7856
29.7452	8.8660
29.7853	8.9463
29.8255	9.0669
29.9059	9.1472
29.9461	9.2276
30.0264	9.3079
30.1068	9.4285
30.1469	9.5088
30.1871	9.5892
30.2675	9.6695
30.3077	9.7901
30.3880	9.8704
30.4282	9.9508
30.5085	10.0311
30.5889	10.1517
30.6291	10.2320
30.7094	10.3124
30.7898	10.3927
30.8300	10.4731
30.8702	10.5534
30.9103	10.6338
30.9505	10.7142
30.9505	10.8347
30.9907	10.9150
30.9907	10.9954
30.9907	11.0758
30.9907	11.1561
31.0710	11.1561
31.0710	11.2365
31.0710	11.3168
31.0710	11.3972
31.0710	11.4775
31.0710	11.5579
31.0710	11.6382
31.0710	11.7186
31.0710	11.8391
31.0710	11.9195
31.0710	11.9999
31.0710	12.0802
31.0710	12.1606
31.0710	12.2409
31.1514	12.3213
31.2318	12.3213
31.3121	12.3213
31.4326	12.2811
31.5130	12.2811
31.5130	12.3615
31.6335	12.4820
31.6335	12.5623
31.7139	12.6427
31.7541	12.7231
31.7541	12.8436
31.6737	12.9239
31.6737	13.0043
31.6737	13.0847
31.5934	13.0847
31.5130	12.9641
31.4728	12.8838
31.3925	12.8034
31.3523	12.7231
31.2318	12.6427
31.1514	12.6025
31.0710	12.6025
30.9907	12.6427
30.8702	12.6025
30.8702	12.5222
30.7496	12.4418
30.7094	12.3615
30.6291	12.3615
30.5487	12.3615
30.4282	12.3615
30.3478	12.3615
30.2675	12.3615
30.2273	12.2811
30.2273	12.2007
30.1469	12.1204
30.1068	12.0400
30.1068	12.0802
30.1068	12.1606
30.0264	12.2007
30.0264	12.1204
29.9862	12.0400
29.9862	11.9597
29.9862	11.8793
29.9059	11.7990
29.9059	11.8391
29.8255	11.8793
29.7452	11.9195
29.7050	11.8793
29.6648	11.7990
29.5443	11.7186
29.4639	11.6784
29.4237	11.7186
29.3434	11.7186
29.3032	11.6382
29.2229	11.5579
29.1425	11.5177
29.0621	11.5177
28.9818	11.5177
28.9014	11.4775
28.8612	11.3972
28.7407	11.3168
28.7005	11.2365
28.6202	11.1963
28.4996	11.1963
28.4996	11.2365
28.3791	11.1963
28.3389	11.1159
28.2586	11.0356
28.1782	11.1159
28.1782	11.1963
28.1380	11.1561
28.0175	11.0758
27.9773	10.9954
27.8970	10.9954
27.8166	11.0356
27.6961	11.0356
27.6157	10.9150
27.5755	10.9954
27.4952	10.9150
27.4148	10.8749
27.3345	10.8749
27.2139	10.8347
27.1336	10.7543
27.0532	10.7142
26.9729	10.6338
26.8523	10.6338
26.7720	10.5936
26.6916	10.5534
26.6113	10.4731
26.4907	10.4329
26.4104	10.4329
26.3300	10.4329
26.2497	10.4329
26.1693	10.4329
26.0890	10.4329
26.0086	10.4329
25.8881	10.4329
25.8077	10.4329
25.7274	10.4329
25.7274	10.5133
25.7274	10.5936
25.7675	10.7142
25.8077	10.7945
25.8881	10.8347
25.9684	10.9552
26.0488	10.9954
26.1291	11.0758
26.2497	11.0758
26.3300	11.1561
26.4104	11.1561
26.4907	11.1963
26.5711	11.2766
26.5711	11.3972
26.6113	11.3972
26.6916	11.3972
26.8122	11.3972
26.8925	11.3972
26.8925	11.5177
26.8925	11.5981
26.9729	11.5981
27.0532	11.5579
27.0934	11.5981
27.1336	11.6784
27.2139	11.6784
27.2943	11.6784
27.3747	11.7186
27.4550	11.7588
27.5755	11.8391
27.6559	11.8391
27.7363	11.8391
27.8166	11.9195
27.8970	11.9597
28.0175	11.9597
28.0979	12.0400
28.1782	12.0802
28.2586	12.1606
28.3791	12.2007
28.4595	12.2007
28.5398	12.2409
28.6202	12.2409
28.7005	12.3213
28.8211	12.3213
28.9014	12.4016
28.9818	12.4418
29.0621	12.5623
29.1827	12.5623
29.2630	12.6427
29.2229	12.6829
29.1023	12.6829
29.1023	12.8034
28.9818	12.8436
28.9014	12.8436
28.8211	12.9239
28.7809	13.0445
28.7809	13.1248
28.7809	13.2052
28.6604	13.2454
28.7005	13.2454
28.8211	13.2454
28.9014	13.2052
28.9818	13.2052
29.0621	13.2052
29.1425	13.1650
29.2630	13.1650
29.3434	13.1248
29.4237	13.0445
29.5041	13.0043
29.5443	12.9239
29.6246	12.8838
29.7050	12.8838
29.7853	12.9239
29.7853	13.0043
29.7853	13.1248
29.7853	13.2052
29.8657	13.2052
29.9461	13.2052
30.0264	13.2052
30.0666	13.2454
30.0666	13.3257
30.0666	13.4463
30.1068	13.5266
30.1871	13.5668
30.2675	13.5668
30.3478	13.6070
30.4282	13.6873
30.4282	13.7677
30.5085	13.8480
30.5889	13.9284
30.5889	14.0088
30.6693	14.1293
30.7496	14.1695
30.7496	14.2498
30.8300	14.3302
30.9505	14.4105
31.0309	14.4507
31.1112	14.4507
31.1112	14.5712
31.0710	14.6114
30.9907	14.6918
31.0309	14.7721
31.1514	14.7721
31.2318	14.8123
31.2318	14.8927
31.2719	14.9730
31.3925	15.0132
31.4728	15.1337
31.4326	15.1337
31.3523	15.1337
31.2318	15.0936
31.1514	15.0936
31.0710	15.0936
31.0309	15.1337
30.9505	15.2141
30.8702	15.2141
30.7898	15.1739
30.6693	15.1337
30.7496	15.1739
30.6693	15.2141
30.5889	15.2141
30.5085	15.2141
30.4282	15.2141
30.3478	15.2141
30.2273	15.2141
30.1469	15.1739
30.0666	15.0936
29.9862	15.0534
29.9461	15.0936
29.8657	15.1739
29.7853	15.1739
29.6648	15.1739
29.5845	15.1739
29.6246	15.2141
29.7050	15.2945
29.6648	15.2945
29.5845	15.2945
29.4639	15.2543
29.3836	15.2141
29.3032	15.2141
29.2229	15.2141
29.2229	15.2543
29.2630	15.3346
29.2229	15.3346
29.1425	15.3346
29.0621	15.2945
28.9416	15.2543
28.8612	15.2141
28.9014	15.2945
28.8612	15.2945
28.7407	15.2945
28.6604	15.2543
28.7005	15.2945
28.6202	15.3748
28.5398	15.3346
28.4595	15.3346
28.3791	15.3346
28.3791	15.3748
28.2988	15.4150
28.1782	15.4552
28.0979	15.4552
28.0175	15.5355
27.9372	15.5355
27.8568	15.5355
27.7764	15.5355
27.6559	15.5355
27.5755	15.5355
27.4952	15.4953
27.4148	15.4953
27.3345	15.4953
27.2139	15.4552
27.1336	15.4552
27.0532	15.4552
26.9729	15.4150
26.8925	15.3748
26.8122	15.3346
26.6916	15.3346
26.7318	15.3748
26.7318	15.4552
26.6916	15.4552
26.6113	15.4552
26.4907	15.4552
26.4104	15.4552
26.3300	15.4552
26.2899	15.5355
26.1693	15.5355
26.0890	15.5757
26.0086	15.6159
25.9282	15.6159
25.8479	15.6159
25.7675	15.6159
25.6470	15.6561
25.5666	15.6962
25.4863	15.7364
25.4059	15.7364
25.3256	15.7766
25.2854	15.8569
25.2854	15.9775
25.4059	16.0177
25.4863	16.0980
25.5666	16.0980
25.6470	16.1382
25.7274	16.1382
25.8479	16.1784
25.9282	16.1784
26.0086	16.1784
26.0890	16.1784
26.1693	16.1784
26.2497	16.1382
26.3702	16.1382
26.4506	16.1382
26.4506	16.1784
26.5711	16.1784
26.6515	16.1382
26.7318	16.1382
26.8122	16.1382
26.8925	16.1784
27.0131	16.1784
27.0934	16.1382
27.1738	16.1382
27.2541	16.0980
27.3345	16.0980
27.4550	16.0578
27.4550	16.0980
27.4550	16.2185
27.5755	16.1784
27.6559	16.1382
27.7363	16.0980
27.8166	16.0980
27.8970	16.0980
27.9773	16.0578
28.0979	16.0177
28.1380	16.0980
28.2184	16.0980
28.2988	16.0980
28.3791	16.0578
28.4595	16.0177
28.4996	16.0578
28.5398	16.1382
28.5398	16.0980
28.6202	16.0578
28.7005	16.0578
28.7809	16.0578
28.8612	16.0578
28.9416	16.0578
29.0621	16.0578
29.1023	16.0980
29.1827	16.1382
29.2630	16.1382
29.3434	16.0578
29.4237	15.9775
29.5041	15.9775
29.6246	15.9775
29.7050	15.9775
29.7853	16.0177
29.8657	16.0177
29.9461	16.0177
30.0264	16.0177
30.1469	16.0177
30.2273	16.0177
30.3077	16.0177
30.3880	16.0177
30.4684	16.0177
30.5487	16.0177
30.6291	16.0177
30.7496	16.0177
30.8300	16.0177
30.9103	16.0177
30.9907	16.0177
31.0710	16.0177
31.1514	15.9373
31.1916	15.8569
31.2318	15.7766
31.2719	15.8168
31.2719	15.8971
31.3523	15.9373
31.4326	16.0177
31.5130	16.0177
31.5934	16.0578
31.7139	16.0980
31.7942	16.1382
31.8746	16.1784
31.9550	16.2185
32.0353	16.2587
32.1558	16.2989
32.2362	16.3793
32.3166	16.4194
32.3567	16.5400
32.4371	16.5802
32.4773	16.6605
32.5175	16.7409
32.5576	16.8614
32.6380	16.9418
32.6380	17.0221
32.6782	17.1025
32.6380	17.1025
32.5576	17.0221
32.4371	17.0221
32.3567	17.0221
32.2764	17.0623
32.1960	17.1025
32.1157	17.1426
31.9951	17.1828
31.9148	17.1828
31.8344	17.2632
31.7541	17.3034
31.6737	17.3837
31.5934	17.4641
31.5130	17.5444
31.4326	17.6248
31.3925	17.7051
31.3121	17.7855
31.2318	17.8658
31.1916	17.9462
31.1112	18.0266
31.0710	18.1471
31.0710	18.2275
31.0309	18.3078
31.0309	18.3882
31.1112	18.3882
31.1916	18.3882
31.2719	18.3480
31.3523	18.2676
31.4728	18.1873
31.5532	18.1471
31.6335	18.1069
31.7139	18.0667
31.8344	18.0266
31.9148	17.9864
31.9951	17.9462
32.0755	17.9060
32.1558	17.8658
32.2764	17.8257
32.3567	17.8257
32.4371	17.7855
32.5175	17.7855
32.5978	17.7855
32.6782	17.7855
32.7987	17.8257
32.8791	17.8257
32.9594	17.8658
33.0398	17.9060
33.0398	17.9864
33.0398	18.0667
32.9594	18.0667
32.9594	18.1069
32.9594	18.1873
32.9594	18.3078
32.9594	18.3882
32.9594	18.4685
32.8389	18.5087
32.7585	18.5087
32.6782	18.5489
32.5978	18.5489
32.5175	18.5489
32.3969	18.5489
32.3969	18.4685
32.3567	18.3882
32.3166	18.3078
32.1960	18.3078
32.1558	18.3480
32.0755	18.4283
31.9951	18.5087
31.9550	18.5891
31.9550	18.6694
32.0353	18.7498
32.0755	18.8301
32.0755	18.9105
31.9951	18.9507
31.9550	19.0712
31.8746	19.1515
31.7942	19.1515
31.7139	19.1515
31.6335	19.1114
31.5130	19.0712
31.5130	19.1114
31.3925	19.1917
31.3121	19.2319
31.2719	19.3123
31.1916	19.3524
31.0710	19.3524
30.9907	19.3524
30.9103	19.3123
30.8702	19.3524
30.8702	19.4328
30.8300	19.4328
30.7496	19.4328
30.6291	19.4328
30.5487	19.4730
30.5085	19.5533
30.5889	19.6337
30.5487	19.6337
30.4684	19.6739
30.3880	19.7542
30.3478	19.8346
30.2675	19.8748
30.1871	19.8748
30.1068	19.8346
30.0264	19.7944
30.0264	19.8748
30.0264	19.9551
30.0264	20.0355
29.9862	20.0355
29.9059	20.0355
29.8255	19.9953
29.7452	19.9953
29.7050	20.0355
29.7050	20.1158
29.6246	20.1962
29.5443	20.1962
29.4639	20.1158
29.3836	20.1158
29.3836	20.1962
29.3836	20.2765
29.3032	20.2765
29.2229	20.2364
29.1425	20.2364
29.0621	20.1962
28.9818	20.1560
28.8612	20.1560
28.7809	20.1158
28.7005	20.1158
28.6202	20.1158
28.5398	20.1158
28.4595	20.1158
28.3791	20.1158
28.3389	20.1560
28.2988	20.2364
28.3389	20.3167
28.4193	20.3569
28.4996	20.3971
28.5800	20.4372
28.6604	20.5176
28.7809	20.5578
28.8612	20.6381
28.9416	20.6783
28.9416	20.7587
28.9416	20.8792
28.8612	20.8792
28.7407	20.8792
28.6604	20.8792
28.6604	20.9194
28.7005	20.9997
28.6202	21.0801
28.5398	21.0801
28.4595	21.0801
28.3791	21.0801
28.3791	21.1203
28.3791	21.2006
28.3389	21.2006
28.2586	21.2006
28.1782	21.1605
28.1782	21.2006
28.1782	21.2810
28.1782	21.4015
28.1380	21.4015
28.0577	21.4015
27.9773	21.4819
27.8568	21.5622
27.7764	21.6426
27.7363	21.7229
27.7764	21.7229
27.8568	21.8033
27.9372	21.8837
27.9773	21.9640
27.9773	21.9238
28.0577	21.8435
28.1380	21.8033
28.2184	21.8033
28.2988	21.8033
28.4193	21.8837
28.4996	21.8837
28.4996	21.8435
28.4996	21.7229
28.4996	21.6426
28.4996	21.5622
28.6202	21.5221
28.7005	21.5221
28.7809	21.6024
28.8612	21.6426
28.8612	21.6024
28.9014	21.5221
28.9416	21.4015
29.0220	21.4015
29.1023	21.4417
29.1425	21.4015
29.1827	21.3212
29.2229	21.2006
29.3032	21.2408
29.3434	21.3212
29.4237	21.3613
29.4639	21.3212
29.5041	21.2006
29.5443	21.1203
29.5443	21.0399
29.6246	21.0399
29.6648	21.1203
29.7452	21.1605
29.7853	21.1203
29.8255	21.0399
29.8255	20.9596
29.9059	20.9194
29.9862	20.9596
30.0666	20.9997
30.0666	20.9596
30.0666	20.8792
30.1068	20.7988
30.1871	20.7587
30.3077	20.7185
30.3880	20.6783
30.4684	20.6381
30.5487	20.6381
30.6291	20.6381
30.7094	20.5578
30.7496	20.4774
30.8702	20.3971
30.9505	20.3569
31.0309	20.3167
31.1112	20.3167
31.1916	20.3167
31.3121	20.3167
31.3925	20.2765
31.4728	20.2364
31.5532	20.1962
31.6335	20.1158
31.7541	20.0756
31.8344	19.9953
31.9148	19.9149
31.9951	19.8748
32.1157	19.8346
32.1960	19.7944
32.2764	19.7542
32.3567	19.7542
32.4773	19.6739
32.5576	19.6739
32.6380	19.6337
32.7183	19.6337
32.7987	19.5935
32.8791	19.5533
32.9996	19.5131
33.0799	19.5131
33.1603	19.5131
33.2407	19.4730
33.3210	19.4328
33.4415	19.4328
33.5219	19.4328
33.6023	19.3926
33.6826	19.3926
33.7630	19.3926
33.7228	19.3926
33.6424	19.3926
33.5621	19.4328
33.4415	19.4328
33.4415	19.5131
33.4817	19.5131
33.5621	19.5131
33.6424	19.5935
33.6826	19.6739
33.7228	19.7542
33.7630	19.8346
33.7630	19.9149
33.7630	20.0355
33.7630	20.1158
33.7630	20.1962
33.8032	20.2765
33.8032	20.3569
33.8433	20.4372
33.8433	20.5578
33.8433	20.6381
33.8433	20.7185
33.8835	20.7988
33.9237	20.8792
33.9639	20.9596
33.9639	21.0801
33.9639	21.1605
33.9639	21.2408
33.9639	21.3212
33.9639	21.4015
33.8835	21.4015
33.8032	21.4015
33.7630	21.5221
33.7228	21.6024
33.7228	21.6828
33.7630	21.7631
33.8032	21.8435
33.7630	21.8837
33.7228	21.9640
33.7228	22.0444
33.6826	22.1649
33.6826	22.2453
33.6826	22.3256
33.6424	22.4060
33.6023	22.4863
33.6023	22.5667
33.5219	22.6069
33.4415	22.6069
33.3612	22.6069
33.2808	22.5667
33.1603	22.5265
33.0799	22.5265
32.9996	22.5265
32.9192	22.5265
32.8389	22.6069
32.7585	22.7274
32.7585	22.8078
32.7585	22.8881
32.8389	22.9685
32.8791	23.0488
32.8389	23.0488
32.7585	23.0890
32.6782	23.1694
32.5978	23.2095
32.4773	23.2899
32.3969	23.3301
32.3166	23.3702
32.2362	23.4104
32.1157	23.4506
32.0353	23.4908
31.9550	23.5310
31.8746	23.6515
31.7541	23.6917
31.6737	23.7720
31.5934	23.8122
31.5130	23.8524
31.4326	23.8926
31.3121	23.9327
31.2318	24.0131
31.1514	24.0934
31.1112	24.1738
31.0710	24.2542
30.9907	24.3747
30.9505	24.4551
30.9103	24.5354
30.8300	24.6158
30.7496	24.6961
30.7496	24.7765
30.7094	24.8568
30.7898	24.8568
30.8702	24.8568
30.9505	24.8568
31.0309	24.8167
31.1112	24.7363
31.2318	24.7363
31.3121	24.6559
31.3925	24.6158
31.4728	24.5756
31.5934	24.4952
31.6737	24.4952
31.7541	24.4551
31.8344	24.4149
31.9148	24.3747
32.0353	24.3345
32.1157	24.2943
32.1960	24.2943
32.2764	24.2542
32.3567	24.1738
32.4773	24.1738
32.5576	24.1336
32.6380	24.0934
32.7183	24.0533
32.7987	24.1336
32.7183	24.1336
32.6782	24.2542
32.6782	24.3345
32.6782	24.4149
32.6782	24.4952
32.6782	24.5756
32.7183	24.6559
32.7183	24.7765
32.7585	24.8568
32.7585	24.9372
32.7987	25.0175
32.7987	25.0979
32.8389	25.1783
32.8389	25.2988
32.8791	25.3791
32.9192	25.4595
32.9192	25.5399
32.9192	25.6202
32.9192	25.7006
32.9594	25.8211
32.9594	25.9015
32.9594	25.9818
32.9996	26.0622
32.9996	26.1425
32.9996	26.2229
33.0398	26.3434
33.0398	26.4238
33.0799	26.5041
33.0799	26.5845
33.1201	26.6648
33.1201	26.7452
33.1201	26.8657
33.1201	26.9461
33.1201	27.0264
33.1201	27.1068
33.1201	27.1872
33.1201	27.2675
33.1201	27.3881
33.1201	27.4684
33.0799	27.5488
32.9996	27.5488
32.9192	27.5889
32.8791	27.7095
32.8389	27.7898
32.7585	27.8702
32.7183	27.9505
32.6782	28.0711
32.6380	28.1514
32.6380	28.2318
32.6380	28.3121
32.5978	28.3925
32.5978	28.4729
32.5175	28.5934
32.4773	28.6737
32.3969	28.7139
32.3567	28.8345
32.2362	28.8746
32.1960	28.9550
32.1157	29.0755
31.9951	29.1157
31.9550	29.1961
31.8746	29.3166
31.7541	29.3970
31.6737	29.4371
31.5934	29.4371
31.5130	29.4773
31.4326	29.5175
31.3121	29.5577
31.2318	29.5577
31.1514	29.5978
31.0710	29.6782
31.0710	29.7987
31.0710	29.8791
30.9505	29.9193
30.8702	29.9193
30.7898	29.9193
30.7898	29.9594
30.7898	30.0398
30.7496	30.0800
30.6291	30.0800
30.5487	30.0800
30.4684	30.1202
30.4282	30.2005
30.3077	30.2407
30.2675	30.3612
30.1871	30.4014
30.0666	30.4416
30.0666	30.5219
30.1469	30.5621
30.1469	30.6827
30.2675	30.6827
30.3478	30.6023
30.4282	30.6023
30.5085	30.5621
30.5889	30.5219
30.7094	30.5219
30.7898	30.4818
30.8702	30.4818
30.9505	30.4416
31.0309	30.4818
31.1112	30.5219
31.1916	30.4818
31.2719	30.3612
31.2719	30.2809
31.3121	30.2407
31.3925	30.2809
31.4728	30.3211
31.5532	30.4014
31.5934	30.3612
31.6335	30.2809
31.7541	30.2005
31.8344	30.1603
31.9148	30.1603
31.9951	30.1202
31.9951	30.0398
32.0755	29.9594
32.1558	29.9594
32.2362	29.9996
32.2764	29.9193
32.2764	29.8389
32.2764	29.7586
32.3567	29.7184
32.4371	29.7184
32.5576	29.7184
32.5978	29.6380
32.6782	29.5978
32.7987	29.5577
32.8791	29.5175
32.8791	29.4371
32.8791	29.3568
32.8791	29.2764
32.9594	29.1961
33.0398	29.1559
33.1201	29.1157
33.2407	29.0755
33.2808	28.9952
33.3612	28.9148
33.3612	28.8345
33.3612	28.7139
33.4415	28.6336
33.5219	28.5934
33.4817	28.5934
33.4415	28.6737
33.4415	28.7541
33.4817	28.8345
33.6023	28.9148
33.6826	28.9550
33.7630	28.9952
33.7228	29.0354
33.6424	29.1157
33.5621	29.1559
33.5219	29.2764
33.4817	29.3568
33.4415	29.4371
33.4014	29.5175
33.3210	29.5978
33.2407	29.7184
33.1603	29.7987
33.0799	29.8791
32.9996	29.9193
32.9192	29.9996
32.8791	30.0800
32.7987	30.1202
32.7585	30.2005
32.7585	30.3211
32.6782	30.4014
32.6380	30.4818
32.5576	30.5621
32.5175	30.6827
32.4371	30.7630
32.4371	30.8434
32.3567	30.9237
32.3567	31.0041
32.3567	31.1246
32.3567	31.2050
32.3567	31.2853
32.3166	31.3657
32.3166	31.4460
32.3166	31.5264
32.2764	31.6067
32.2362	31.7273
32.2362	31.8076
32.2362	31.8880
32.2362	31.9684
32.1960	32.0487
32.1558	32.1692
32.1157	32.2496
32.0755	32.3300
32.0353	32.4103
32.0353	32.4907
31.9951	32.6112
31.9550	32.6916
31.8746	32.7719
31.8344	32.8523
31.8344	32.9326
31.7942	33.0532
31.7541	33.1335
31.7541	33.2139
31.7541	33.2942
31.7541	33.3746
31.7541	33.4549
31.7541	33.5353
31.7541	33.6558
31.7139	33.7362
31.6737	33.8165
31.6737	33.8969
31.6335	33.9773
31.5532	34.0978
31.5532	34.1781
31.5130	34.2585
31.4326	34.3389
31.3925	34.4594
31.3523	34.5397
31.3121	34.6201
31.2318	34.7005
31.1916	34.7808
31.1916	34.9014
31.1112	34.9817
31.1112	35.0621
31.1112	35.1424
31.1112	35.2228
31.1514	35.3433
31.1514	35.4237
31.1916	35.5040
31.2719	35.5844
31.2719	35.6647
31.3925	35.7049
31.4728	35.7049
31.5130	35.5844
31.5934	35.5040
31.6737	35.4638
31.7541	35.3433
31.7541	35.2630
31.8344	35.2630
31.9550	35.1826
31.9550	35.1022
31.9550	35.0219
31.9550	34.9014
31.8746	34.8210
31.8746	34.7406
31.9550	34.7406
32.0353	34.7808
32.1157	34.7808
32.1157	34.7406
32.1157	34.6603
32.1157	34.5799
32.1157	34.4996
32.1960	34.4996
32.2764	34.4996
32.3969	34.4996
32.3567	34.3790
32.3166	34.2987
32.3567	34.2585
32.4371	34.2183
32.4773	34.1380
32.4773	34.0576
32.4773	33.9371
32.4773	33.8567
32.5175	33.8567
32.5978	33.8567
32.6782	33.8165
32.6782	33.7362
32.6782	33.6157
32.6782	33.5353
32.7585	33.4951
32.8389	33.4951
32.9192	33.4951
32.9192	33.4148
32.9192	33.3344
32.9192	33.2541
32.9192	33.1737
32.9192	33.0933
32.9594	33.0933
32.9996	32.9728
32.9996	32.8924
32.9996	32.8121
32.9996	32.7317
32.9996	32.6514
32.9996	32.5710
33.0799	32.4907
33.1603	32.4907
33.1603	32.4103
33.1603	32.3300
33.1603	32.2496
33.1603	32.1692
33.1603	32.0487
33.2407	32.0487
33.3612	32.0889
33.3612	32.0487
33.3612	31.9684
33.3612	31.8478
33.4014	31.7675
33.4817	31.6871
33.5621	31.6067
33.6023	31.5264
33.6023	31.4460
33.6023	31.3657
33.6023	31.2853
33.6023	31.2050
33.6023	31.0844
33.6023	31.0041
33.6826	30.9237
33.7228	30.8434
33.8032	30.7228
33.8433	30.6425
33.8835	30.5621
33.8835	30.4818
33.9237	30.4014
33.9237	30.2809
33.9639	30.2005
34.0442	30.2407
34.0844	30.3612
34.1648	30.4014
34.2853	30.4416
34.2853	30.5219
34.3656	30.6023
34.4058	30.7228
34.4862	30.8032
34.5665	30.8835
34.6469	30.9639
34.7272	31.0443
34.7674	31.1246
34.8076	31.2050
34.8880	31.3255
34.8880	31.4059
34.8478	31.4059
34.7674	31.4059
34.7272	31.4862
34.6469	31.5666
34.6067	31.6871
34.5665	31.7675
34.6067	31.7675
34.6871	31.7675
34.7674	31.7675
34.8076	31.8880
34.8076	31.9684
34.8076	32.0487
34.8076	32.1291
34.8880	32.1692
34.9683	32.2094
35.0085	32.2898
35.0085	32.3701
35.0085	32.4505
35.0085	32.5308
35.0888	32.6112
35.2094	32.6112
35.2897	32.6916
35.3299	32.7719
35.3299	32.8523
35.3701	32.9728
35.4103	33.0532
35.4505	33.1335
35.5308	33.1737
35.5710	33.2942
35.6112	33.3746
35.6915	33.4148
35.7317	33.3746
35.7317	33.2942
35.7317	33.2139
35.7317	33.1335
35.7317	33.0532
35.6513	32.9326
35.6112	32.8523
35.6112	32.7719
35.6513	32.7719
35.7317	32.7719
35.7317	32.7317
35.7317	32.6112
35.6915	32.5308
35.6513	32.4505
35.6513	32.3701
35.6513	32.2898
35.6513	32.1692
35.6915	32.0889
35.6915	32.0085
35.6915	31.9282
35.6915	31.9684
35.7719	32.0487
35.8522	32.0487
35.9326	32.0487
36.0129	32.0889
36.0933	32.1291
36.2138	32.1692
36.2138	32.2496
36.1335	32.2496
36.1737	32.3701
36.2540	32.3701
36.3344	32.4103
36.4549	32.4907
36.4951	32.6112
36.5353	32.6916
36.5754	32.7719
36.6558	32.8523
36.6960	32.9728
36.6960	33.0532
36.6960	33.1335
36.7361	33.2139
36.7361	33.2942
36.7763	33.3746
36.7361	33.4148
36.6156	33.4148
36.6156	33.4951
36.5353	33.6157
36.5353	33.6960
36.4147	33.6960
36.3344	33.6960
36.2942	33.8165
36.2942	33.8969
36.2942	33.9773
36.2540	34.0576
36.2540	34.1380
36.2540	34.2585
36.3745	34.2585
36.4549	34.2585
36.5353	34.2183
36.6156	34.1781
36.6960	34.1781
36.8165	34.0978
36.8969	34.0576
36.9370	33.9773
37.0174	34.0174
37.0978	34.0978
37.1781	34.1781
37.2585	34.2987
37.2986	34.3790
37.2986	34.4594
37.3790	34.5397
37.4594	34.6201
37.5397	34.6603
37.6602	34.7406
37.7406	34.7406
37.8210	34.8210
37.9013	34.8612
37.9817	34.9817
38.0218	35.0621
38.1022	35.1022
38.1424	35.2228
38.2227	35.2630
38.2629	35.3433
38.3433	35.4638
38.3433	35.5442
38.3433	35.6246
38.3433	35.7049
38.3433	35.7853
38.3433	35.8656
38.3433	35.9460
38.3433	36.0665
38.3433	36.1469
38.3433	36.2272
38.3031	36.3076
38.3031	36.3879
38.3031	36.4683
38.3031	36.5888
38.3031	36.6692
38.2629	36.7495
38.2629	36.8299
38.2227	36.9103
38.2227	36.9906
38.2227	37.1111
38.2227	37.1915
38.2227	37.2719
38.2227	37.3522
38.2227	37.4326
38.2227	37.5129
38.1826	37.6335
38.1424	37.7138
38.1424	37.7942
38.1424	37.8745
38.1424	37.9549
38.2227	37.9951
38.2629	38.0754
38.2227	38.0754
38.1424	38.0754
38.0620	38.1558
38.1424	38.1960
38.1826	38.2763
38.2227	38.3968
38.2629	38.4772
38.2629	38.5576
38.2629	38.6379
38.3433	38.6379
38.3433	38.7183
38.3031	38.7986
38.2629	38.8790
38.2629	38.9593
38.3031	39.0397
38.3031	39.1200
38.2629	39.2004
38.2629	39.2808
38.2629	39.3611
38.3031	39.3611
38.3835	39.3611
38.3835	39.4013
38.3835	39.4817
38.3835	39.5620
38.3835	39.6825
38.3433	39.7629
38.3433	39.8433
38.3835	39.8031
38.4638	39.7227
38.4638	39.7629
38.4638	39.8433
38.4638	39.9236
38.4638	40.0040
38.5040	40.0843
38.5442	40.2049
38.5843	40.2852
38.6647	40.2852
38.6647	40.3656
38.6647	40.4459
38.6647	40.5263
38.6647	40.6066
38.6647	40.6870
38.7852	40.6870
38.8656	40.6870
38.9459	40.6468
39.0263	40.5665
38.9861	40.4861
38.9459	40.4057
38.9459	40.2852
38.9058	40.2049
38.8656	40.1245
38.8656	40.0441
38.9058	39.9638
38.9058	39.8433
38.9058	39.7629
38.9058	39.6825
38.9058	39.6022
38.8656	39.5218
38.9058	39.5218
38.9861	39.5218
38.9861	39.4415
38.9058	39.3209
38.8656	39.2406
38.8656	39.1602
38.9058	39.0799
38.9058	38.9593
38.9058	38.8790
38.9058	38.7986
38.9058	38.7183
38.8254	38.6379
38.7852	38.5576
38.7451	38.4370
38.7049	38.3567
38.6647	38.2763
38.6647	38.1960
38.7451	38.1960
38.8254	38.1960
38.9058	38.2361
38.9861	38.3165
39.0665	38.2763
39.1067	38.1960
39.1067	38.1156
39.1468	37.9951
39.1468	37.9147
39.1468	37.8344
39.1468	37.7540
39.1870	37.7942
39.2674	37.8745
39.3477	37.8745
39.4281	37.8745
39.4281	37.7942
39.3879	37.6736
39.3477	37.5933
39.3477	37.5129
39.3879	37.5531
39.4683	37.5933
39.4683	37.5531
39.4683	37.4727
39.4683	37.3924
39.4683	37.2719
39.5084	37.1915
39.5486	37.1111
39.5486	37.0308
39.5888	36.9504
39.6691	36.8701
39.7897	36.8701
39.7897	36.9103
39.8299	37.0308
39.8700	37.1111
39.9102	37.1915
39.8299	37.1915
39.8299	37.2719
39.9102	37.3522
39.9906	37.4326
40.0709	37.4727
40.1513	37.4326
40.2718	37.3924
40.2718	37.4326
40.2718	37.5129
40.2718	37.5933
40.2718	37.6736
40.2718	37.7540
40.3522	37.7942
40.4325	37.8745
40.4727	37.9951
40.4727	38.0754
40.5129	38.1558
40.5531	38.1156
40.6334	38.1558
40.6736	38.2361
40.7138	38.3567
40.7941	38.4370
40.8343	38.5174
40.9548	38.5977
40.9950	38.7183
40.9548	38.7584
40.9147	38.8388
40.8745	38.9593
40.8343	39.0397
40.8343	39.1200
40.8343	39.2004
40.8745	39.2004
40.9548	39.1602
41.0754	39.1200
41.1156	39.1602
41.1557	39.2808
41.1557	39.3611
41.1959	39.4415
41.2763	39.4817
41.3566	39.4415
41.4370	39.4817
41.4370	39.5620
41.4370	39.6825
41.4370	39.7629
41.4772	39.8031
41.5575	39.8834
41.6379	39.8834
41.7182	39.9638
41.7986	40.0040
41.8789	40.0843
41.9191	40.1647
41.9995	40.2450
42.0397	40.3656
42.1200	40.4459
42.1602	40.5263
42.2405	40.5263
42.2807	40.4861
42.3611	40.4459
42.3611	40.3254
42.2807	40.2852
42.2405	40.2049
42.2405	40.0843
42.1602	40.0040
42.1602	39.9236
42.1200	39.8433
42.1602	39.8433
42.2405	39.8433
42.2807	39.7629
42.2405	39.6424
42.2004	39.5620
42.1200	39.4817
42.0798	39.4013
41.9995	39.2808
41.9191	39.2406
41.9191	39.1602
41.9593	39.1200
42.0397	39.0799
42.1602	39.0799
42.2405	39.0799
42.3209	39.0799
42.4013	39.0799
42.4013	39.0397
42.3611	38.9593
42.2807	38.8790
42.1602	38.8388
42.0798	38.7584
41.9995	38.7183
41.9191	38.7183
41.8388	38.6781
41.7182	38.6379
41.6379	38.5977
41.5977	38.5174
41.4772	38.4772
41.3968	38.4370
41.4370	38.3567
41.5575	38.2763
41.5173	38.2361
41.3968	38.2361
41.3164	38.2361
41.2361	38.2361
41.1959	38.1558
41.1959	38.0352
41.1959	37.9549
41.2361	37.8745
41.1959	37.7942
41.1959	37.7138
41.1959	37.5933
41.1557	37.5129
41.0754	37.4727
41.0754	37.3522
41.1557	37.3522
41.2361	37.3522
41.3566	37.3120
41.4370	37.3120
41.5173	37.3120
41.5977	37.3120
41.6781	37.2719
41.6781	37.1915
41.7584	37.1111
41.7182	37.0710
41.5977	37.0308
41.5173	37.0308
41.4370	36.9906
41.3566	36.9906
41.2763	36.9906
41.1959	36.9103
41.0754	36.9103
40.9950	36.8701
40.9147	36.7897
40.8343	36.7094
40.8343	36.6290
40.9147	36.6290
40.9950	36.6290
41.1156	36.6290
41.1959	36.6290
41.2763	36.6290
41.3566	36.5888
41.4370	36.5487
41.5173	36.5085
41.5977	36.4281
41.5575	36.3076
41.5575	36.2272
41.5575	36.1469
41.5173	36.1469
41.4370	36.1469
41.3566	36.1067
41.2361	36.1067
41.1557	36.1469
41.0754	36.1870
40.9950	36.1870
40.9147	36.1469
40.7941	36.1067
40.7941	35.9862
40.6736	35.9862
40.6736	36.0263
40.5531	36.0665
40.4727	36.0665
40.3924	36.0665
40.3120	36.0263
40.2316	35.9460
40.1513	35.8656
40.0709	35.8254
39.9906	35.7451
39.8700	35.7049
39.7897	35.6647
39.7093	35.6246
39.6290	35.5442
39.5486	35.5040
39.4281	35.3835
39.3477	35.3433
39.2674	35.3031
39.1870	35.2630
39.0665	35.1826
39.0665	35.1022
39.1468	35.0621
39.2272	35.0621
39.3477	35.0621
39.4281	35.0219
39.5084	35.0621
39.5888	35.1022
39.6691	35.1424
39.7897	35.1424
39.7897	35.1022
39.8299	35.0219
39.9102	35.1022
40.0308	35.1022
40.1111	35.1424
40.1915	35.2228
40.2718	35.1424
40.3522	35.1424
40.4325	35.2228
40.5129	35.3031
40.5932	35.3433
40.7138	35.3835
40.7138	35.3433
40.7138	35.2630
40.8343	35.2630
40.9147	35.2630
40.9147	35.1826
40.9548	35.2228
41.0352	35.2228
41.1557	35.2228
41.2361	35.2228
41.3164	35.2228
41.3164	35.1826
41.3566	35.1826
41.4772	35.2228
41.5575	35.3031
41.6379	35.3433
41.7182	35.3835
41.7986	35.4638
41.8789	35.5442
41.9593	35.5844
42.0397	35.5844
42.1602	35.5844
42.2405	35.5844
42.3209	35.6647
42.4013	35.7451
42.4816	35.7451
42.4816	35.7049
42.4816	35.6246
42.4816	35.5442
42.5218	35.5442
42.6021	35.5442
42.7227	35.5442
42.8030	35.5844
42.8834	35.5844
42.9638	35.5844
43.0441	35.5844
43.1245	35.5844
43.2450	35.5442
43.2450	35.4237
43.2852	35.3433
43.2852	35.2630
43.2852	35.1826
43.2450	35.1826
43.1646	35.1826
43.0843	35.1826
42.9638	35.1826
42.8834	35.1424
42.8030	35.1424
42.7227	35.1022
42.6423	34.9817
42.6423	34.9014
42.6423	34.8210
42.6825	34.7406
42.6423	34.7005
42.5218	34.7005
42.4414	34.7005
42.3611	34.7406
42.3209	34.6603
42.2004	34.6603
42.1200	34.6201
42.0397	34.5799
41.9593	34.4996
41.9593	34.4192
41.8388	34.3389
41.7584	34.3389
41.6781	34.3389
41.5977	34.3389
41.5173	34.2987
41.4370	34.1781
41.3566	34.1781
41.2763	34.0978
41.1959	34.0978
41.2361	34.0978
41.3164	34.0576
41.3968	34.0576
41.4772	34.0174
41.5575	34.0174
41.6781	34.0174
41.7584	34.0174
41.8388	34.0576
41.9191	34.0978
41.9995	34.0978
42.0397	34.0174
42.1200	34.0174
42.2405	34.0978
42.3209	34.1781
42.4013	34.2183
42.4816	34.2183
42.4816	34.0978
42.6021	34.0978
42.6825	34.0576
42.7629	34.0174
42.8432	34.0174
42.9236	34.0576
43.0039	34.0576
43.1245	34.0576
43.2048	33.9773
43.1646	33.8969
43.1245	33.8165
43.0441	33.7362
42.9638	33.7362
42.8432	33.7362
42.7629	33.6558
42.6825	33.6558
42.6021	33.6157
42.4816	33.4951
42.4013	33.4549
42.3209	33.4549
42.2807	33.3746
42.1602	33.3746
42.0798	33.3344
42.0798	33.3746
42.0798	33.4549
41.9593	33.4549
41.9191	33.4148
41.8789	33.3344
41.8388	33.3746
41.7182	33.4549
41.6379	33.4549
41.5575	33.4549
41.4772	33.4549
41.3968	33.4549
41.2763	33.3746
41.1959	33.3746
41.1156	33.2942
41.0352	33.2541
41.0352	33.1737
40.9548	33.2541
40.8745	33.2942
40.7941	33.2942
40.7941	33.2541
40.7540	33.1737
40.6736	33.1737
40.5932	33.1737
40.5129	33.2139
40.5129	33.1737
40.5531	33.0933
40.5531	33.0130
40.4727	33.0130
40.3924	33.0532
40.3120	33.0532
40.1915	33.0933
40.1915	33.0532
40.1513	32.9728
40.0709	32.9326
39.9504	32.8523
39.8700	32.8121
39.7897	32.7719
39.7093	32.7317
39.6290	32.6916
39.5084	32.6112
39.4281	32.5710
39.3477	32.5308
39.2674	32.4505
39.1468	32.4103
39.0665	32.3701
38.9861	32.3701
38.9058	32.3701
38.8254	32.3300
38.7451	32.3300
38.6245	32.3300
38.5442	32.3300
38.4638	32.2898
38.3835	32.2496
38.3031	32.1692
38.2629	32.0487
38.1826	31.9684
38.1022	31.8880
38.1022	31.8076
38.1022	31.6871
38.0620	31.6067
38.0620	31.5264
38.0620	31.4460
38.0620	31.3657
38.0620	31.2853
38.0620	31.2050
38.0620	31.0844
38.0620	31.0041
38.0620	30.9237
38.0620	30.8434
37.9817	30.7630
38.0218	30.7630
38.1022	30.7630
38.2227	30.7228
38.3031	30.6827
38.3835	30.6827
38.4638	30.6827
38.5442	30.7228
38.6245	30.7228
38.7451	30.7228
38.8254	30.7228
38.9058	30.7228
38.9861	30.7228
39.0665	30.7228
39.1468	30.7228
39.2674	30.7228
39.3477	30.7228
39.4281	30.7228
39.5084	30.7228
39.5888	30.6827
39.6691	30.6827
39.7495	30.6827
39.8700	30.6425
39.9504	30.6425
40.0308	30.6023
40.1111	30.6023
40.1915	30.5621
40.2718	30.5621
40.3924	30.5621
40.4727	30.5621
40.5531	30.5621
40.6334	30.5219
40.7138	30.5219
40.7941	30.5219
40.9147	30.5219
40.9950	30.4818
41.0754	30.4416
41.1557	30.4416
41.2361	30.4416
41.3164	30.4416
41.4370	30.4416
41.4370	30.3612
41.4370	30.2407
41.3566	30.2005
41.2763	30.1603
41.1959	30.1603
41.1156	30.1603
41.0352	30.1202
40.9147	30.1202
40.8343	30.1202
40.7540	30.1202
40.6736	30.1202
40.5932	30.1202
40.5129	30.1202
40.3924	30.0800
40.3120	30.0398
40.2718	29.9594
40.1513	29.8791
40.0709	29.8791
39.9906	29.9193
39.9102	29.9594
39.8299	29.9594
39.7495	29.9594
39.7093	29.8791
39.7093	29.7987
39.6290	29.7586
39.5084	29.7586
39.4281	29.8389
39.3879	29.7987
39.3075	29.6782
39.2272	29.6782
39.1468	29.6782
39.0665	29.7586
38.9861	29.7987
38.9058	29.7987
38.8254	29.7987
38.7852	29.7184
38.7049	29.6782
38.6245	29.6782
38.5040	29.7184
38.4236	29.7586
38.3433	29.7586
38.2629	29.7586
38.1826	29.7586
38.1826	29.7184
38.1022	29.6380
38.0620	29.5577
37.9817	29.4371
37.9415	29.3568
37.8611	29.3166
37.9013	29.2764
37.9817	29.2362
38.0620	29.1961
38.1424	29.1559
38.2629	29.1157
38.3433	29.1157
38.4236	29.1157
38.4638	28.9952
38.5442	28.9952
38.6245	28.9952
38.7049	28.9952
38.7852	28.9952
38.8656	28.9148
38.9459	28.9148
39.0263	28.9550
39.1067	28.9550
39.2272	29.0354
39.3075	29.0755
39.3879	29.0755
39.4683	29.1559
39.5888	29.2362
39.6691	29.2764
39.7495	29.3166
39.8299	29.3568
39.9102	29.4371
39.9906	29.4773
40.0709	29.5577
40.1513	29.5577
40.2718	29.5577
40.3522	29.6380
40.3120	29.5978
40.2316	29.5175
40.1513	29.4371
40.0709	29.3166
39.9906	29.2764
39.9504	29.1961
39.8700	29.1559
39.8299	29.0755
39.7495	28.9952
39.6691	28.9550
39.6290	28.8746
39.6691	28.8345
39.7897	28.8345
39.8700	28.8345
39.9504	28.8345
39.9906	28.7541
40.0308	28.6737
40.1111	28.6737
40.1915	28.6336
40.3120	28.6336
40.3120	28.5532
40.3522	28.4327
40.4325	28.4327
40.5129	28.4327
40.6334	28.4327
40.7138	28.3925
40.7540	28.3121
40.8343	28.2720
40.9548	28.2720
41.0352	28.2720
41.1156	28.2720
41.1557	28.2318
41.1959	28.1514
41.2763	28.1113
41.3968	28.1113
41.4772	28.1113
41.5575	28.1113
41.6379	28.1113
41.7182	28.1113
41.7986	28.1113
41.9191	28.0711
41.9191	27.9907
41.9995	27.9104
42.0798	27.8300
42.1602	27.7898
42.2405	27.7898
42.3611	27.7898
42.4414	27.8702
42.4816	27.9505
42.4816	28.0309
42.5218	28.1514
42.5218	28.2318
42.5218	28.3121
42.6021	28.3523
42.6021	28.4327
42.6021	28.5130
42.5620	28.5934
42.6021	28.7139
42.6825	28.7139
42.6423	28.7943
42.6021	28.8746
42.6021	28.9550
42.6021	29.0354
42.6825	29.1157
42.6825	29.1961
42.6825	29.2764
42.7227	29.3568
42.7227	29.4371
42.7227	29.5577
42.7227	29.6380
42.6423	29.7184
42.5620	29.7586
42.4816	29.7987
42.4414	29.8791
42.4013	29.9594
42.2807	30.0398
42.2807	30.1202
42.2004	30.2005
42.1602	30.2809
42.0798	30.3612
41.9995	30.4818
41.9191	30.5219
41.7986	30.5621
41.7182	30.6023
41.6379	30.6827
41.5575	30.7228
41.4370	30.8032
41.3968	30.8835
41.3164	30.9639
41.2361	31.0443
41.1557	31.0844
41.0754	31.2050
40.9950	31.2451
40.9147	31.2853
40.8745	31.3657
40.8343	31.4460
40.7540	31.5666
40.6736	31.6067
40.6334	31.6871
40.5129	31.7675
40.4727	31.8478
40.3924	31.9282
40.3924	32.0085
40.3924	32.1291
40.4727	32.1291
40.5531	32.1291
40.6334	32.0487
40.7138	32.0487
40.7941	32.0085
40.9147	31.9684
40.9950	31.9282
41.0754	31.9282
41.1557	31.8478
41.2361	31.8076
41.3566	31.7675
41.3566	31.8076
41.2763	31.8880
41.2763	31.9684
41.1557	32.0085
41.1156	32.1291
41.0754	32.2094
41.0352	32.2898
40.9548	32.3300
40.8745	32.4505
40.8343	32.5308
40.8343	32.6112
40.8745	32.6916
40.9548	32.6916
41.0352	32.7317
41.1156	32.7317
41.1959	32.6112
41.2763	32.5710
41.3566	32.4907
41.4370	32.4103
41.5173	32.3701
41.5575	32.4505
41.6379	32.4103
41.6379	32.3300
41.6379	32.2496
41.6379	32.1692
41.7182	32.0487
41.7986	32.0487
41.8789	32.0889
41.8789	32.0487
41.9191	31.9684
41.9995	31.8880
42.0798	31.8478
42.1602	31.8478
42.2807	31.8076
42.2807	31.7273
42.3611	31.6067
42.3611	31.6871
42.3611	31.7675
42.3611	31.8478
42.3611	31.9282
42.4414	31.9684
42.5218	31.8880
42.6021	31.8076
42.6423	31.7273
42.7629	31.6469
42.7629	31.6871
42.7629	31.7675
42.7629	31.8478
42.7629	31.9282
42.7629	32.0487
42.7629	32.1291
42.7629	32.2094
42.8030	32.2898
42.8030	32.3701
42.8030	32.4505
42.8432	32.5710
42.8432	32.6514
42.9236	32.7317
43.0039	32.7317
43.0843	32.7317
43.1646	32.6916
43.2450	32.6112
43.3254	32.6112
43.3254	32.6916
43.3655	32.7719
43.4057	32.8523
43.4459	32.9728
43.5262	33.0532
43.5664	33.1335
43.6468	33.2139
43.7673	33.2139
43.8477	33.2139
43.8878	33.1335
43.8878	33.0130
43.8878	32.9326
43.8075	32.8523
43.7673	32.7719
43.6870	32.6916
43.6870	32.5710
43.6468	32.4907
43.6870	32.5308
43.7673	32.5308
43.8878	32.4505
43.9682	32.4103
43.9280	32.3300
43.8477	32.2898
43.7673	32.2094
43.6870	32.1692
43.6066	32.0889
43.5664	31.9684
43.6066	31.9684
43.6468	31.8880
43.6468	31.7675
43.6066	31.6871
43.5262	31.6469
43.5664	31.6871
43.6468	31.6871
43.6468	31.6469
43.6468	31.5666
43.6468	31.4460
43.6468	31.3657
43.6468	31.2853
43.6468	31.2050
43.7271	31.2050
43.8075	31.2050
43.8878	31.2853
43.9682	31.3255
44.0887	31.3255
44.1691	31.3255
44.2494	31.3255
44.3298	31.3255
44.4102	31.3657
44.4905	31.3657
44.5709	31.3657
44.6914	31.4460
44.7718	31.4460
44.8521	31.4460
44.9325	31.4460
44.9325	31.3657
44.9325	31.2451
44.8923	31.1648
44.8521	31.0844
44.7718	31.0844
44.6914	31.0844
44.6111	31.0844
44.5307	31.0443
44.4102	31.0041
44.3298	30.9237
44.2494	30.9237
44.1691	30.8835
44.0887	30.8835
44.0887	30.8032
44.0887	30.7228
44.0887	30.6023
44.0486	30.5219
44.0084	30.4416
43.9682	30.3612
43.9682	30.2809
43.8878	30.1603
43.8477	30.0800
43.8477	29.9996
43.8477	29.9193
43.8075	29.8389
43.7673	29.7184
43.7673	29.6380
43.7271	29.5577
43.6870	29.4773
43.6468	29.3970
43.6468	29.2764
43.6468	29.1961
43.6468	29.1157
43.6468	29.0354
43.6468	28.9550
43.6468	28.8746
43.6468	28.7943
43.6066	28.6737
43.5664	28.5934
43.5664	28.5130
43.5262	28.4327
43.5262	28.3523
43.5262	28.2318
43.5262	28.1514
43.4861	28.0711
43.4861	27.9907
43.4861	27.9104
43.4459	27.8300
43.4459	27.7497
43.4057	27.6291
43.4057	27.5488
43.3655	27.4684
43.3655	27.3881
43.3655	27.3077
43.3254	27.1872
43.3254	27.1068
43.3254	27.0264
43.3254	26.9461
43.3254	26.8657
43.3254	26.7854
43.3254	26.7050
43.3254	26.5845
43.3254	26.5041
43.3254	26.4238
43.3254	26.3434
43.2852	26.2631
43.2450	26.1827
43.2048	26.0622
43.1245	25.9818
43.0843	25.9015
43.0843	25.8211
43.0843	25.7408
43.0843	25.6202
43.0843	25.5399
43.1646	25.4997
43.1646	25.4193
43.1646	25.2988
43.0843	25.2988
42.9638	25.2586
42.8834	25.2184
42.9236	25.1783
43.0441	25.1783
43.1245	25.1381
43.1245	25.0577
43.0843	24.9774
42.9638	24.9372
42.8834	24.8970
42.8030	24.8568
42.8030	24.7363
42.8030	24.6559
42.8030	24.5756
42.8432	24.4952
42.8030	24.4551
42.7227	24.4149
42.6021	24.3747
42.5620	24.2943
42.5620	24.1738
42.6423	24.0934
42.6021	24.0533
42.5218	24.0131
42.4013	23.9729
42.4013	23.8926
42.4013	23.8122
42.4013	23.7318
42.4013	23.6515
42.4013	23.5310
42.4013	23.4506
42.3209	23.3702
42.2405	23.3702
42.2004	23.2899
42.2004	23.1694
42.2405	23.0890
42.2004	23.0890
42.0798	23.0488
41.9995	23.0086
41.9191	22.9685
41.8388	22.9685
41.7584	22.9283
41.6781	22.8479
41.5977	22.7274
41.5575	22.6470
41.5173	22.5667
41.4370	22.4863
41.3566	22.3658
41.2763	22.2854
41.2361	22.2051
41.1557	22.1247
41.0754	22.0042
41.0352	21.9238
40.9950	21.8435
40.8745	21.7631
40.8343	21.6828
40.7540	21.6426
40.6334	21.5221
40.5531	21.4819
40.4727	21.4015
40.3924	21.3212
40.3120	21.2810
40.2316	21.2006
40.1513	21.1605
40.0308	21.1605
39.9504	21.0801
39.8700	21.0399
39.7897	20.9997
39.7093	20.9596
39.5888	20.9194
39.5084	20.9194
39.4281	20.8390
39.3477	20.7988
39.3477	20.7185
39.4281	20.7185
39.5084	20.7185
39.5888	20.6783
39.6691	20.6381
39.7495	20.5980
39.8700	20.5578
39.9504	20.4774
40.0308	20.4774
40.1111	20.4372
40.1915	20.4372
40.3120	20.4372
40.3924	20.4372
40.4727	20.4372
40.5531	20.3971
40.6334	20.3569
40.7138	20.3569
40.8343	20.3569
40.9147	20.3569
40.9950	20.3971
41.0754	20.3971
41.1557	20.4372
41.2763	20.4372
41.3566	20.5176
41.4370	20.5578
41.5173	20.5578
41.5977	20.5980
41.7182	20.5980
41.7986	20.5980
41.8789	20.5980
41.9593	20.5980
42.0397	20.5980
42.1200	20.5980
42.2004	20.5980
42.3209	20.5980
42.4013	20.5980
42.4816	20.6381
42.5620	20.6783
42.6423	20.6783
42.7629	20.6783
42.8432	20.6783
42.9236	20.7185
43.0039	20.7185
43.0843	20.7587
43.1646	20.7587
43.2852	20.7587
43.3655	20.7587
43.4459	20.7587
43.5262	20.7587
43.6066	20.8390
43.6870	20.8792
43.8075	20.9194
43.8878	20.9194
43.9682	20.9596
44.0486	20.9997
44.1289	20.9997
44.2494	20.9997
44.3298	21.0399
44.4102	21.0399
44.4905	21.0801
44.5709	21.0801
44.6512	21.0801
44.7718	21.0399
44.8521	21.0399
44.9325	21.0399
45.0128	21.0399
45.0932	20.9596
45.2137	20.9194
45.2941	20.8390
45.2539	20.7587
45.1735	20.6783
45.0932	20.6783
45.0128	20.5980
44.8923	20.5578
44.8119	20.4774
44.7316	20.4372
44.6512	20.3971
44.5307	20.3569
44.4503	20.3569
44.3700	20.3167
44.2896	20.2765
44.2093	20.2364
44.1289	20.2364
44.0084	20.1962
43.9280	20.1560
43.8477	20.1158
43.7673	20.1158
43.6870	20.0756
43.5664	20.0355
43.4861	19.9953
43.4057	19.9551
43.3254	19.9149
43.2048	19.8748
43.1245	19.8748
43.0441	19.8346
43.0843	19.7944
43.2048	19.7542
43.2852	19.7140
43.3655	19.6739
43.4459	19.6739
43.5262	19.6337
43.6468	19.5935
43.7271	19.5533
43.8075	19.5533
43.8878	19.5131
43.9682	19.4730
44.0486	19.4730
44.1691	19.4730
44.2494	19.4730
44.3298	19.4328
44.4102	19.4328
44.4905	19.4328
44.5709	19.4328
44.6512	19.4328
44.7718	19.4328
44.8521	19.4730
44.9325	19.5131
45.0128	19.5131
45.0932	19.5131
45.2137	19.5131
45.2941	19.5131
45.3744	19.5533
45.4548	19.5935
45.5351	19.5533
45.6155	19.4730
45.6959	19.4328
45.7762	19.4328
45.8566	19.4328
45.9771	19.4328
46.0173	19.3123
46.0976	19.3123
46.2182	19.2319
46.2182	19.1515
46.2584	19.0712
46.2182	19.0310
46.1378	18.9908
46.0173	18.9507
45.9369	18.9105
45.8566	18.9105
45.8967	18.9105
45.9771	18.9105
46.0976	18.9105
46.1780	18.9105
46.2584	18.8703
46.3387	18.8703
46.4191	18.7899
46.4994	18.7498
46.5396	18.6694
46.5396	18.5891
46.6200	18.5087
46.7405	18.5087
46.8208	18.5087
46.9012	18.4685
46.9816	18.4283
47.0619	18.4283
47.1423	18.3480
47.1423	18.2676
47.1423	18.1873
47.1824	18.1873
47.3030	18.1873
47.3833	18.1873
47.4637	18.2275
47.5441	18.2275
47.6244	18.1873
47.7048	18.1069
47.7851	18.0667
47.8655	18.0266
47.9458	18.0266
48.0664	17.9462
48.1467	17.9462
48.2271	17.9060
48.3074	17.9060
48.3878	17.8257
48.4280	17.9060
48.5083	17.9462
48.6289	17.9864
48.7092	17.9462
48.7896	17.8658
48.7896	17.7855
48.8297	17.7051
48.8699	17.6248
48.8699	17.5042
48.9101	17.4239
48.9905	17.3837
49.0708	17.3837
49.1914	17.3034
49.2717	17.2632
49.3521	17.1828
49.4324	17.1828
49.5530	17.1426
49.6333	17.1025
49.7137	17.0623
49.7940	17.0623
49.8744	17.0221
49.9949	16.9819
50.0753	16.9418
50.1556	16.9418
50.2360	16.8614
50.3163	16.7810
50.3163	16.7007
50.2762	16.6203
50.1958	16.5802
50.1154	16.5802
50.0351	16.6203
49.9146	16.6605
49.8342	16.6605
49.7538	16.6605
49.6735	16.7007
49.5931	16.7810
49.5128	16.7810
49.3922	16.7810
49.3119	16.8212
49.2315	16.8212
49.1512	16.9016
49.1110	16.8212
49.0306	16.8212
48.9905	16.8614
48.9503	16.8212
48.9503	16.7409
48.9503	16.6203
48.9503	16.5400
49.0306	16.4998
49.1512	16.4194
49.2315	16.3793
49.3119	16.2989
49.3922	16.2587
49.5128	16.1784
49.5128	16.0980
49.5128	16.0177
49.4324	15.9373
49.3521	15.8971
49.3119	15.9373
49.2315	15.9775
49.1512	16.0980
49.0708	16.1382
48.9503	16.2185
48.9101	16.1382
48.8297	16.1382
48.7896	16.2185
48.7896	16.2989
48.7896	16.3793
48.7092	16.4596
48.6289	16.4998
48.5485	16.5400
48.5083	16.4596
48.4681	16.5400
48.3878	16.6203
48.3074	16.6203
48.2271	16.5802
48.2271	16.6605
48.2271	16.7409
48.2271	16.8212
48.2271	16.9016
48.1869	16.9819
48.1065	16.9819
48.0262	16.9819
47.9458	17.0221
47.8253	17.0623
47.7449	17.1025
47.7449	17.0623
47.7449	16.9819
47.6646	17.0221
47.6244	17.1025
47.6244	17.1828
47.5842	17.2632
47.4637	17.3435
47.3833	17.3837
47.3030	17.4239
47.2226	17.4641
47.1423	17.5042
47.0217	17.5444
46.9414	17.5846
46.9012	17.7051
46.7807	17.7453
46.7003	17.7855
46.6200	17.7855
46.5396	17.8257
46.4592	17.8658
46.3387	17.9060
46.2584	17.9060
46.1780	17.9060
46.0976	17.9462
46.0173	17.9462
45.9369	17.9864
45.8164	17.9864
45.7360	17.9864
45.6557	18.0266
45.5753	18.0266
45.4950	18.0667
45.4146	18.0667
45.2941	18.1069
45.2137	18.1069
45.1334	18.1069
45.0530	18.1471
44.9727	18.1471
44.8923	18.1471
44.7718	18.1471
44.6914	18.1471
44.6111	18.1471
44.5307	18.1471
44.4503	18.1471
44.3700	18.1471
44.2494	18.1471
44.2494	18.2275
44.2494	18.3480
44.2093	18.4283
44.1289	18.4685
44.0084	18.5087
43.9280	18.5489
43.8477	18.5891
43.7673	18.7096
43.7271	18.6292
43.7271	18.5489
43.7271	18.4685
43.7271	18.3882
43.6870	18.3882
43.6870	18.4283
43.6468	18.5087
43.6066	18.5891
43.5262	18.6694
43.4459	18.7096
43.4459	18.6694
43.3655	18.5489
43.2852	18.5489
43.2450	18.5891
43.2048	18.7096
43.1245	18.7096
43.0039	18.7498
42.9236	18.7899
42.8432	18.7899
42.7629	18.7899
42.6825	18.8301
42.6021	18.8301
42.5218	18.7498
42.4414	18.7096
42.3611	18.7096
42.2405	18.7096
42.1602	18.7498
42.0798	18.7498
41.9995	18.7498
41.9191	18.7498
41.8388	18.7498
41.7584	18.7498
41.6379	18.7498
41.5575	18.7498
41.4772	18.7498
41.3968	18.7498
41.3164	18.7498
41.2361	18.7096
41.1156	18.6694
41.0352	18.6694
40.9548	18.6292
40.8745	18.6292
40.7941	18.6292
40.8343	18.5489
40.9147	18.4685
40.9950	18.3882
41.0352	18.2676
41.1156	18.1873
41.1959	18.1471
41.2361	18.0266
41.2763	17.9462
41.3566	17.8658
41.3968	17.7855
41.4370	17.7051
41.5173	17.5846
41.5575	17.5042
41.6379	17.4239
41.6379	17.3435
41.7182	17.2230
41.7584	17.1426
41.8388	17.0623
41.8789	16.9819
41.9995	16.8614
42.0397	16.7810
42.1200	16.7007
42.1602	16.6203
42.2405	16.4998
42.2807	16.4194
42.3611	16.3391
42.4414	16.2587
42.5218	16.2185
42.6021	16.1382
42.7227	16.0578
42.7629	15.9775
42.8432	15.8971
42.8834	15.7766
42.9638	15.7364
43.0441	15.6561
43.1245	15.6159
43.1245	15.6561
43.1245	15.7364
43.1245	15.8168
43.1646	15.9373
43.2450	15.9775
43.3254	16.0177
43.4057	16.0578
43.5262	16.0980
43.6066	16.1784
43.6870	16.1784
43.7673	16.1784
43.8878	16.2587
43.8878	16.3391
44.0084	16.3793
44.0084	16.3391
44.0084	16.2587
44.0084	16.1784
43.9280	16.1382
43.8878	16.0578
43.8075	15.9775
43.7673	15.8569
43.7271	15.7766
43.7271	15.6962
43.7271	15.6159
43.7271	15.5355
43.7271	15.4552
43.7271	15.3748
43.7271	15.2543
43.6870	15.1739
43.6870	15.0936
43.6870	15.0132
43.6870	14.9328
43.6468	14.8525
43.6468	14.7320
43.6468	14.6516
43.6468	14.5712
43.6468	14.4909
43.6468	14.4105
43.6870	14.3302
43.7271	14.2096
43.7673	14.1293
43.7673	14.0489
43.8075	13.9686
43.8477	13.8882
43.8878	13.7677
43.9280	13.6873
43.9682	13.6070
44.0486	13.5266
44.1289	13.4061
44.0486	13.4061
43.9682	13.4061
43.8878	13.4864
43.8075	13.5668
43.7673	13.6472
43.6870	13.7275
43.6468	13.8480
43.5664	13.9284
43.4861	13.9686
43.4459	14.0891
43.3254	14.1293
43.2852	14.2096
43.2048	14.3302
43.1646	14.4105
43.1646	14.4909
43.1646	14.5712
43.1646	14.6516
43.0843	14.6516
43.0039	14.6516
42.9638	14.6918
42.9638	14.7721
42.9638	14.8525
42.9638	14.9730
42.8834	14.9730
42.8030	14.9730
42.6825	14.9730
42.6021	15.0132
42.6021	15.0936
42.5620	15.1739
42.4816	15.1739
42.4013	15.1337
42.3611	15.1739
42.3611	15.2543
42.2405	15.3346
42.2405	15.4150
42.1602	15.4953
42.0798	15.5757
41.9995	15.6561
41.9191	15.7364
41.8388	15.8569
41.7584	15.9373
41.6781	15.9775
41.6379	16.0578
41.5173	16.0980
41.4370	16.0980
41.3566	16.0980
41.3566	16.1784
41.3566	16.2587
41.2763	16.2989
41.2361	16.2587
41.2361	16.1382
41.2361	16.0578
41.2763	15.9775
41.2763	15.8971
41.3164	15.8168
41.3164	15.6962
41.3164	15.6159
41.3164	15.5355
41.3164	15.4552
41.3164	15.3748
41.3164	15.2945
41.3164	15.2141
41.3164	15.0936
41.3164	15.0132
41.2763	14.9328
41.2361	14.8525
41.1557	14.7721
41.1156	14.6918
41.0352	14.6114
40.9950	14.5311
40.9147	14.4507
40.8343	14.4105
40.7540	14.2900
40.6736	14.2900
40.6736	14.3302
40.6736	14.4105
40.6736	14.4909
40.6736	14.5712
40.6736	14.6918
40.7138	14.7721
40.7138	14.8525
40.7540	14.9328
40.7540	15.0132
40.7540	15.0936
40.7941	15.2141
40.7941	15.2945
40.7941	15.3748
40.7941	15.4552
40.7941	15.5355
40.7138	15.6159
40.6334	15.6561
40.5531	15.6561
40.5531	15.7364
40.5531	15.8168
40.5531	15.8971
40.5932	15.9775
40.5932	16.0578
40.5932	16.1784
40.5932	16.2587
40.5932	16.3391
40.5531	16.4194
40.5129	16.4998
40.4727	16.5802
40.4727	16.7007
40.4325	16.7810
40.3924	16.8614
40.3924	16.9418
40.3522	17.0221
40.3522	17.1426
40.3120	17.2230
40.3120	17.3034
40.3120	17.3837
40.2718	17.4641
40.2718	17.5444
40.2718	17.6650
40.2316	17.7453
40.1915	17.8257
40.1513	17.9060
40.0308	17.9864
39.9504	18.0266
39.9102	18.1069
39.7897	18.1873
39.7093	18.2275
39.6290	18.3078
39.5486	18.3882
39.5486	18.3480
39.5486	18.2676
39.5888	18.1873
39.5888	18.0667
39.6290	17.9864
39.6290	17.9060
39.6290	17.8257
39.6290	17.7453
39.6290	17.6650
39.6290	17.5444
39.6290	17.4641
39.6290	17.3837
39.6290	17.3034
39.6290	17.2230
39.6691	17.1426
39.6691	17.0623
39.7093	16.9418
39.7093	16.8614
39.7495	16.7810
39.7495	16.7007
39.7495	16.6203
39.7495	16.5400
39.7495	16.4194
39.7495	16.3391
39.7495	16.2587
39.7093	16.1784
39.7093	16.0980
39.6691	16.0177
39.6691	15.8971
39.6691	15.8168
39.6691	15.7364
39.6691	15.6561
39.6691	15.5757
39.6691	15.4953
39.7093	15.4150
39.7495	15.2945
39.7495	15.2141
39.8299	15.1337
39.8299	15.0534
39.7495	15.0534
39.6691	15.0132
39.5888	14.9328
39.5888	14.8525
39.5888	14.7320
39.5888	14.6516
39.6290	14.5712
39.7093	14.4909
39.7495	14.4105
39.8700	14.3704
39.9504	14.2900
39.9906	14.2096
40.1111	14.1293
40.1111	14.0489
40.1513	13.9284
40.1915	13.8480
40.2316	13.7677
40.2718	13.6873
40.3120	13.5668
40.3522	13.4864
40.3522	13.4061
40.3924	13.3257
40.4325	13.2454
40.4727	13.1248
40.4727	13.0445
40.4727	12.9641
40.4727	12.8838
40.4727	12.8034
40.5129	12.7231
40.5129	12.6427
40.5531	12.5222
40.5531	12.4418
40.5932	12.3615
40.5932	12.2811
40.5932	12.2007
40.5932	12.1204
40.5129	12.1204
40.4325	12.1606
40.3924	12.2409
40.3522	12.3213
40.2718	12.4016
40.2316	12.5222
40.1513	12.6025
40.1111	12.6829
40.0709	12.7632
39.9906	12.8838
39.9504	12.9641
39.8700	13.0445
39.7897	13.0847
39.6691	13.0847
39.5888	13.0445
39.5888	12.9641
39.5888	12.8838
39.5888	12.8034
39.5888	12.7231
39.5888	12.6427
39.5888	12.5222
39.5888	12.4418
39.5888	12.3615
39.5888	12.2811
39.5888	12.2007
39.5888	12.1204
39.5888	12.0400
39.5888	11.9597
39.5888	11.8391
39.5888	11.7588
39.6290	11.6784
39.6290	11.5981
39.6290	11.5177
39.6691	11.4374
39.6691	11.3168
39.7093	11.2365
39.7093	11.1561
39.7093	11.0758
39.7093	10.9954
39.7093	10.9150
39.7093	10.7945
39.7495	10.7142
39.7897	10.6338
39.8700	10.5534
39.9504	10.4731
40.0308	10.4329
40.1111	10.3525
40.1513	10.2320
40.1915	10.1517
40.2316	10.0713
40.2316	9.9909
40.2316	9.9106
40.1915	9.9106
40.1111	9.9106
40.0308	9.9508
39.9504	10.0311
39.8700	10.1115
39.7897	10.1918
39.7093	10.2320
39.6290	10.1517
39.6290	10.0713
39.5888	9.9508
39.5888	9.8704
39.5888	9.7901
39.5486	9.7097
39.5084	9.5892
39.4281	9.5892
39.3477	9.6293
39.2272	9.6695
39.1468	9.7499
39.0665	9.7499
39.0263	9.7097
39.0263	9.6293
39.0665	9.5088
39.0665	9.4285
39.1468	9.3481
39.1870	9.2677
39.2674	9.1472
39.3075	9.0669
39.3879	9.0267
39.4281	8.9463
39.5084	8.8258
39.5486	8.7454
39.5888	8.6651
39.6691	8.5847
39.6691	8.4642
39.7495	8.3838
39.7897	8.3035
39.8299	8.2231
39.8700	8.1026
39.9102	8.0222
39.9102	7.9419
39.9504	7.8615
39.9102	7.7812
39.7897	7.7410
39.7093	7.6606
39.6290	7.5803
39.5486	7.5401
39.4281	7.5803
39.3879	7.6606
39.3879	7.7410
39.3477	7.8615
39.3075	7.9419
39.2272	8.0222
39.2272	8.1026
39.1468	8.1829
39.1067	8.3035
39.0665	8.3838
38.9861	8.4642
38.9058	8.5445
38.8656	8.6651
38.7451	8.6651
38.6647	8.6651
38.5843	8.5847
38.5040	8.5044
38.4236	8.4642
38.3433	8.3436
38.2227	8.2633
38.1826	8.1829
38.1424	8.1026
38.1022	7.9820
38.0218	7.9017
37.9415	7.8615
37.9013	7.7410
37.8210	7.6606
37.8210	7.5803
37.7808	7.4999
37.7004	7.4196
37.6201	7.4196
37.5397	7.4597
37.4594	7.5401
37.4594	7.6204
37.4192	7.7008
37.3790	7.7812
37.3388	7.7410
37.2585	7.7410
37.2183	7.7812
37.0978	7.8213
37.0978	7.9017
37.0978	8.0222
37.0978	8.1026
37.0576	8.1829
36.9772	8.2633
36.8969	8.2633
36.8165	8.2633
36.7361	8.2633
36.6558	8.3436
36.6558	8.4240
36.5754	8.4642
36.4951	8.4240
36.3745	8.3838
36.2942	8.2633
36.2138	8.2633
36.2138	8.3035
36.1737	8.3838
36.1737	8.4642
36.2540	8.5445
36.3344	8.6249
36.4147	8.7052
36.4549	8.7856
36.5353	8.9061
36.5353	8.9865
36.4951	9.0267
36.4147	9.0669
36.2942	9.1070
36.2942	9.2276
36.3344	9.3079
36.3344	9.3883
36.3344	9.4686
36.2942	9.4686
36.2138	9.5490
36.2138	9.6293
36.1737	9.7097
36.0531	9.7901
35.9728	9.8704
35.8924	9.9106
35.8121	9.9106
35.7317	9.8302
35.6915	9.7097
35.6513	9.6293
35.6112	9.5490
35.5710	9.4686
35.5710	9.3883
35.5308	9.2677
35.4906	9.1874
35.4505	9.1070
35.4103	9.0267
35.3299	8.9463
35.2496	8.8660
35.1692	8.7856
35.0888	8.7454
35.0487	8.6651
35.0085	8.5847
35.0085	8.4642
34.9683	8.3838
34.9281	8.3035
34.8880	8.2231
34.8880	8.1428
34.8076	8.0222
34.7272	7.9820
34.6469	7.9017
34.5665	7.8213
34.5264	7.7410
34.4460	7.6606
34.4058	7.5401
34.3656	7.4597
34.2853	7.3794
34.2853	7.2990
34.2451	7.2187
34.2451	7.0981
34.2451	7.0178
34.2451	6.9374
34.2451	6.8571
34.2451	6.7767
34.2451	6.6963
34.2451	6.5758
34.2853	6.5758
34.3656	6.5356
34.4862	6.4553
34.4058	6.4151
34.3255	6.3749
34.2451	6.3749
34.1648	6.2946
34.1648	6.2142
34.2049	6.1339
34.2451	6.0133
34.2451	5.9330
34.2451	5.8526
34.2853	5.7722
34.2853	5.8124
34.2853	5.7722
34.3255	5.6919
34.3656	5.5714
34.3255	5.5312
34.2451	5.5312
34.2049	5.4508
34.2049	5.3705
