35.2731	4.4091
35.1353	4.4091
35.0434	4.4551
34.9516	4.5010
34.9516	4.6388
34.9516	4.7306
34.9975	4.8225
34.9975	4.9143
34.9516	5.0062
34.9057	5.1440
34.8138	5.2358
34.7679	5.3277
34.7679	5.4196
34.7219	5.5114
34.6301	5.5114
34.5382	5.4196
34.4923	5.2818
34.4923	5.1899
34.4923	5.0981
34.4923	5.0062
34.3545	4.9603
34.2627	5.0062
34.2167	5.0981
34.2167	5.1899
34.1249	5.2818
34.0330	5.2818
33.9871	5.4196
33.9871	5.5114
33.9412	5.6033
33.8493	5.6951
33.8493	5.7870
33.8493	5.9248
33.7115	5.9707
33.7115	6.0626
33.7115	6.1544
33.7115	6.2922
33.7115	6.3841
33.7115	6.4759
33.7115	6.5678
33.6656	6.6596
33.5737	6.7974
33.5737	6.8893
33.4819	6.9811
33.4819	7.0730
33.3441	7.0730
33.3441	6.9811
33.3441	6.8893
33.2982	6.7974
33.2522	6.7056
33.2063	6.6137
33.2063	6.4759
33.1604	6.3841
33.1144	6.2922
33.0685	6.2003
32.9767	6.0626
32.9307	5.9707
32.8389	5.8788
32.7929	5.7870
32.7011	5.6492
32.6552	5.5573
32.5633	5.4655
32.5174	5.3736
32.3796	5.2358
32.2877	5.1899
32.1959	5.0981
32.1040	5.0981
32.0122	5.0981
31.8744	5.0981
31.8744	5.1899
31.8744	5.3277
31.8744	5.4196
31.8744	5.5114
31.9203	5.6033
31.9662	5.6951
32.0122	5.8329
32.0122	5.9248
32.0581	6.0166
32.0581	6.1085
32.0581	6.2003
32.0581	6.2922
32.1040	6.4300
32.1499	6.5218
32.1499	6.6137
32.1959	6.7056
32.1959	6.7974
32.2418	6.9352
32.3337	7.0271
32.3337	7.1189
32.3796	7.2108
32.4255	7.3026
32.4255	7.3945
32.4714	7.5323
32.4714	7.6241
32.4714	7.7160
32.5174	7.8078
32.5174	7.8997
32.5174	7.9916
32.5174	8.1293
32.5633	8.2212
32.5633	8.3131
32.5633	8.4049
32.5633	8.4968
32.5633	8.5886
32.5633	8.6805
32.5633	8.8183
32.5174	8.9101
32.4714	9.0020
32.4255	9.0938
32.3796	9.2316
32.3337	9.3235
32.2877	9.4153
32.2418	9.5072
32.1499	9.5991
32.1040	9.7368
32.1040	9.8287
32.1959	9.8746
32.2418	9.9665
32.2418	10.0583
32.1959	10.1043
32.1040	10.1961
32.0581	10.2880
31.9662	10.3798
31.8744	10.5176
31.8284	10.6095
31.6907	10.6554
31.6447	10.7473
31.5529	10.7932
31.4610	10.9310
31.3692	11.0228
31.2773	11.1147
31.1854	11.2066
31.1395	11.2984
31.0477	11.3903
31.0936	11.4821
31.0936	11.6199
31.1395	11.7118
31.1854	11.8036
31.1395	11.8496
31.0477	11.9873
30.9558	12.0333
30.8639	12.0792
30.7721	12.0792
30.7262	12.0333
30.5884	11.8955
30.5884	11.8036
30.4965	11.7118
30.4506	11.6199
30.4047	11.5281
30.3128	11.4362
30.2209	11.3443
30.1750	11.2525
30.0832	11.1147
30.0372	11.0228
29.9454	10.9769
29.8535	10.8391
29.8076	10.7473
29.7617	10.6554
29.6698	10.5636
29.6239	10.4258
29.5320	10.3339
29.4861	10.2421
29.4402	10.1502
29.3942	10.0124
29.3483	9.9206
29.2565	9.8746
29.2105	9.7828
29.1187	9.6450
29.0268	9.5991
28.9809	9.5072
28.9809	9.3694
28.8890	9.2776
28.8431	9.1857
28.7512	9.1398
28.6594	9.1857
28.5675	9.2776
28.4757	9.2316
28.4297	9.1398
28.2920	9.0479
28.2001	9.0020
28.1082	8.9101
28.0164	8.8642
27.8786	8.7723
27.8327	8.6805
27.7408	8.5886
27.6490	8.5427
27.6030	8.4508
27.5112	8.4049
27.3734	8.4049
27.2815	8.3590
27.1897	8.3131
27.0978	8.3131
27.0060	8.3131
26.9141	8.4049
26.8682	8.5427
26.9600	8.5886
27.0060	8.6805
27.0978	8.7723
27.2356	8.8183
27.3275	8.9101
27.4193	9.0020
27.5571	9.0938
27.6490	9.2316
27.6949	9.3235
27.8327	9.3694
27.8786	9.5072
27.9245	9.5991
27.9705	9.6909
27.9705	9.7828
28.1082	9.8287
28.2001	9.8287
28.2920	9.8746
28.3379	9.9665
28.3379	10.0583
28.3379	10.1502
28.3379	10.2421
28.4297	10.2421
28.5675	10.3339
28.5675	10.4258
28.6594	10.5176
28.7053	10.6095
28.7972	10.7013
28.7972	10.7932
28.8431	10.8851
28.8890	11.0228
28.9809	11.1147
29.0268	11.2066
29.0727	11.2984
29.1187	11.3903
29.2105	11.4821
29.2565	11.5740
29.3483	11.6658
29.3942	11.7577
29.4861	11.8036
29.5320	11.9414
29.6239	12.0333
29.5779	12.0792
29.4402	12.0333
29.3483	11.9873
29.3024	12.0792
29.3024	12.1711
29.3942	12.2170
29.4402	12.3088
29.5320	12.4007
29.5779	12.4926
29.6698	12.5844
29.6698	12.7222
29.6698	12.8140
29.8076	12.8140
29.8994	12.9059
29.9454	12.9978
30.0372	13.0896
30.0832	13.1815
30.0832	13.2733
30.0832	13.3652
30.2209	13.4570
30.3128	13.5030
30.3587	13.5948
30.4047	13.7326
30.4965	13.7785
30.5424	13.8704
30.5884	14.0082
30.6802	14.1000
30.7721	14.1919
30.8639	14.2838
30.9558	14.4215
31.0017	14.5134
30.9558	14.4675
30.8180	14.4215
30.7721	14.3297
30.6802	14.3297
30.5424	14.2838
30.4506	14.2378
30.3587	14.2378
30.2669	14.1919
30.1750	14.1919
30.0832	14.1919
30.0372	14.2378
30.0372	14.3297
30.1291	14.3756
30.2209	14.3756
30.2669	14.4675
30.4047	14.5134
30.4506	14.6053
30.5424	14.6512
30.6802	14.7430
30.7721	14.7890
30.8639	14.9268
30.9099	15.0186
30.9558	15.1105
31.0017	15.2023
31.0936	15.3401
31.0936	15.4320
31.0936	15.5238
31.0936	15.6157
31.1395	15.7075
31.1395	15.7994
31.1854	15.9372
31.2314	16.0290
31.2773	16.1209
31.3692	16.2128
31.3692	16.3505
31.4151	16.4424
31.4151	16.5343
31.4151	16.6261
31.4151	16.7180
31.4151	16.8098
31.4151	16.9017
31.4610	17.0395
31.5069	17.1313
31.5069	17.2232
31.5988	17.3150
31.6447	17.4528
31.6447	17.5447
31.6907	17.6365
31.7825	17.7284
31.7825	17.8662
31.8744	17.9580
31.9662	18.0499
31.9203	18.0499
31.8284	18.0499
31.7366	18.0499
31.5988	17.9580
31.5069	17.9121
31.4610	17.7743
31.3232	17.7284
31.2773	17.6365
31.1854	17.5447
31.0477	17.4988
30.9558	17.3610
30.8639	17.3150
30.7721	17.2232
30.6343	17.1773
30.5424	17.1313
30.4506	17.0854
30.3587	17.0854
30.2669	17.0854
30.1291	17.0854
30.0372	17.0395
29.9913	16.9476
29.8535	16.8098
29.8076	16.7180
29.7157	16.6720
29.5779	16.5802
29.4861	16.5343
29.4402	16.3965
29.3483	16.3046
29.3483	16.2128
29.3483	16.1209
29.3024	16.0290
29.3024	15.9372
29.3024	15.7994
29.3024	15.7075
29.2565	15.6157
29.2565	15.5238
29.2565	15.4320
29.2565	15.3401
29.2565	15.2023
29.2565	15.1105
29.2105	15.0186
29.1187	14.9268
29.1187	14.8349
29.1187	14.7430
29.1646	14.6512
29.1187	14.6053
29.0268	14.5134
29.0268	14.4215
29.0727	14.2838
29.1187	14.1919
29.0268	14.1460
28.9350	14.1460
28.9350	14.0541
28.9350	13.9623
28.9350	13.8704
28.8890	13.7785
28.8890	13.6867
28.8431	13.5948
28.7972	13.4570
28.7512	13.3652
28.6594	13.3193
28.5216	13.2733
28.5216	13.3193
28.5216	13.4111
28.4757	13.5030
28.4297	13.6408
28.4297	13.7326
28.4297	13.8245
28.4757	13.9163
28.4757	14.0082
28.4757	14.1000
28.4757	14.2378
28.4757	14.3297
28.4757	14.4215
28.5216	14.5134
28.5216	14.6053
28.5216	14.6971
28.5216	14.8349
28.5675	14.9268
28.5675	15.0186
28.5675	15.1105
28.6135	15.2023
28.6135	15.3401
28.6135	15.4320
28.6135	15.5238
28.6135	15.6157
28.6594	15.7075
28.6594	15.7994
28.7053	15.8913
28.7053	16.0290
28.7512	16.1209
28.7512	16.2128
28.7512	16.3046
28.7512	16.3965
28.7053	16.5343
28.6135	16.5343
28.5216	16.4424
28.4297	16.3965
28.3379	16.3046
28.2460	16.2587
28.1082	16.2128
28.0164	16.1209
27.9245	16.1209
27.8327	16.0290
27.8327	15.8913
27.7867	15.7994
27.6949	15.7075
27.6949	15.6157
27.6030	15.5238
27.5112	15.4320
27.4652	15.3401
27.4652	15.2483
27.3275	15.1105
27.3275	15.0186
27.2815	14.9268
27.1897	14.8349
27.1437	14.7430
27.0519	14.6512
27.0060	14.5593
26.9600	14.4675
26.9141	14.3297
26.7763	14.3297
26.6845	14.3297
26.6845	14.2378
26.6845	14.1460
26.6385	14.0541
26.5467	13.9623
26.4548	13.8704
26.4548	13.7785
26.3630	13.6867
26.2252	13.6408
26.2252	13.5489
26.1792	13.4570
26.1333	13.3193
26.0415	13.2274
25.9955	13.1355
25.9955	13.0437
25.9496	12.9059
25.9037	12.8140
25.8577	12.7222
25.8577	12.6303
25.8118	12.5385
25.7200	12.4007
25.7200	12.3088
25.6740	12.2170
25.6281	12.1251
25.5822	12.0333
25.4903	11.8955
25.4444	11.8036
25.3525	11.7118
25.3066	11.6199
25.1688	11.5281
25.0770	11.4362
24.9851	11.3443
24.8932	11.2525
24.8473	11.1606
24.8014	11.0688
24.7095	10.9769
24.6177	10.9769
24.5258	10.8851
24.4799	10.7932
24.3880	10.6554
24.3421	10.5636
24.2502	10.4717
24.1584	10.3798
24.1125	10.2421
23.9747	10.2421
23.9287	10.1502
23.8828	10.0583
23.8369	9.9665
23.7910	9.8746
23.6991	9.7368
23.6072	9.6450
23.5613	9.5531
23.4235	9.4613
23.3317	9.4153
23.2857	9.2776
23.1480	9.2316
23.1480	9.1398
23.0102	9.0938
22.9183	9.0479
22.8265	9.0479
22.7346	9.0020
22.6427	9.0020
22.5509	8.9561
22.4131	8.9101
22.3672	8.8183
22.2753	8.7723
22.1375	8.7264
22.0457	8.6346
21.9997	8.5427
21.8620	8.4968
21.8160	8.3590
21.7242	8.3131
21.6323	8.2212
21.5405	8.1753
21.4486	8.0834
21.3567	8.0834
21.2190	7.9916
21.1271	7.9456
21.0352	7.8997
20.9434	7.8538
20.8056	7.8538
20.7138	7.8078
20.6219	7.7619
20.5300	7.7160
20.4382	7.6701
20.3004	7.5782
20.2085	7.5323
20.1167	7.4863
20.0248	7.4404
19.9330	7.4404
19.7952	7.3945
19.7033	7.3486
19.6115	7.3026
19.5196	7.3026
19.4278	7.2108
19.2900	7.2108
19.1981	7.1648
19.1063	7.1189
19.0144	7.0730
18.9225	7.0271
18.7848	6.9811
18.6929	6.9352
18.6010	6.9352
18.5551	7.0271
18.5551	7.1189
18.6470	7.1189
18.7388	7.1648
18.8766	7.2108
18.9685	7.2567
19.0144	7.3945
19.1063	7.4863
19.1063	7.5782
19.1522	7.6701
19.2440	7.7160
19.3359	7.7619
19.4278	7.8078
19.5196	7.8997
19.6115	7.9456
19.7033	7.9456
19.7952	7.9456
19.8411	8.0375
19.8870	8.1753
19.9789	8.1753
20.0708	8.1753
20.1626	8.2212
20.2085	8.3131
20.3004	8.3590
20.3923	8.3590
20.4841	8.4508
20.4841	8.5427
20.5300	8.5886
20.6219	8.5886
20.7597	8.5886
20.8515	8.5886
20.8515	8.6805
20.9434	8.8183
21.0352	8.8183
21.1271	8.9101
21.2649	8.9561
21.3567	9.0020
21.4486	9.0938
21.5405	9.1857
21.6323	9.2316
21.5405	9.3235
21.6323	9.3235
21.7242	9.2776
21.8160	9.3235
21.9079	9.4153
21.9997	9.5072
22.0916	9.5991
22.1835	9.6450
22.3212	9.7368
22.4131	9.7828
22.5050	9.8287
22.5968	9.8746
22.6887	9.9206
22.7805	10.0583
22.8724	10.0583
22.9642	10.1961
23.0561	10.1961
23.1020	10.3339
23.2398	10.3798
23.2857	10.4717
23.2398	10.5636
23.2398	10.6554
23.2857	10.7013
23.3776	10.7013
23.5154	10.7932
23.6072	10.8391
23.6072	10.9769
23.7450	11.0228
23.7450	11.1147
23.8369	11.2525
23.9287	11.2984
24.0206	11.3903
24.1125	11.4821
24.1584	11.5740
24.2502	11.6658
24.2962	11.7577
24.3880	11.8955
24.4340	11.9873
24.5258	12.0792
24.5717	12.1711
24.6636	12.3088
24.6177	12.3548
24.6177	12.4466
24.7095	12.5385
24.8014	12.5844
24.8014	12.6763
24.8014	12.7681
24.8473	12.8140
24.9392	12.9518
25.0310	12.9978
25.0770	13.0896
25.0310	13.2274
25.0770	13.3193
25.1688	13.3652
25.2147	13.5030
25.3066	13.5030
25.3525	13.6408
25.4903	13.6867
25.5362	13.7785
25.5822	13.8704
25.5822	14.0082
25.6281	14.1000
25.7659	14.1460
25.8577	14.1460
25.9037	14.2838
26.0415	14.3297
26.0415	14.4215
26.1333	14.5593
26.1792	14.6512
26.2252	14.7430
26.2711	14.8349
26.3170	14.9268
26.3630	15.0645
26.4548	15.1564
26.4548	15.2483
26.5007	15.3401
26.5467	15.4320
26.5467	15.5698
26.5926	15.6616
26.6845	15.7535
26.6845	15.8453
26.7763	15.9831
26.8222	16.0750
26.7304	16.0290
26.6385	16.0290
26.5467	15.9831
26.4548	15.9831
26.3630	15.9831
26.2711	15.9831
26.1792	15.9831
26.0415	15.9831
25.9496	15.9372
25.9037	15.8453
25.7659	15.7535
25.6740	15.7075
25.5822	15.7075
25.5362	15.7535
25.4444	15.7994
25.3525	15.7535
25.2607	15.7075
25.1229	15.6616
25.1229	15.7075
25.0310	15.7535
24.9392	15.7075
24.8473	15.6616
24.7555	15.6616
24.6177	15.6616
24.5258	15.6616
24.4340	15.6616
24.3421	15.6616
24.2502	15.6616
24.1584	15.6616
24.0206	15.6616
23.9287	15.5698
23.8369	15.5238
23.7450	15.4320
23.7450	15.2942
23.7450	15.2023
23.7450	15.1105
23.7450	15.0186
23.7450	14.9268
23.7450	14.8349
23.7450	14.6971
23.7450	14.6053
23.7450	14.5134
23.6991	14.4215
23.6072	14.4215
23.5154	14.5134
23.4695	14.6053
23.3776	14.6971
23.3317	14.8349
23.2398	14.9268
23.1939	15.0186
23.1020	15.0186
22.9642	14.9727
22.9183	14.8808
22.8265	14.8349
22.8265	14.7430
22.6887	14.6971
22.5968	14.6512
22.5968	14.5134
22.5050	14.4675
22.4131	14.3756
22.3672	14.2838
22.3212	14.1919
22.2294	14.1919
22.1375	14.1919
22.0457	14.1460
21.9997	14.0541
21.9079	13.9623
21.8160	13.9623
21.7242	13.9623
21.6323	13.9623
21.5864	13.9163
21.4945	13.8704
21.4027	13.7785
21.2649	13.7326
21.1730	13.7326
21.0812	13.6408
20.9893	13.5948
20.8975	13.5948
20.8056	13.5948
20.8056	13.6867
20.8515	13.7326
20.9434	13.8245
20.9893	13.9623
21.1271	14.0082
21.1271	14.1000
21.1271	14.1919
21.2649	14.2378
21.3567	14.2838
21.3567	14.3756
21.4486	14.4215
21.5405	14.3756
21.5405	14.4215
21.5405	14.5593
21.6323	14.5593
21.7701	14.5593
21.7701	14.6512
21.8620	14.6512
21.8620	14.7890
21.9538	14.8808
22.0457	14.9268
22.1375	15.0645
22.2294	15.0645
22.3212	15.2023
22.4131	15.2483
22.5509	15.3401
22.6427	15.4320
22.7346	15.4779
22.6887	15.5238
22.5968	15.5238
22.5050	15.5238
22.3672	15.4779
22.2753	15.4320
22.1835	15.4320
22.0916	15.4320
21.9997	15.4320
21.9079	15.4320
21.8160	15.4320
21.6782	15.3860
21.5864	15.3860
21.4945	15.3860
21.5405	15.4779
21.6323	15.5238
21.7242	15.6157
21.6782	15.6616
21.5864	15.7075
21.4486	15.7075
21.3567	15.7535
21.2649	15.7535
21.1730	15.7994
21.0812	15.7994
20.9893	15.7994
20.8515	15.8453
20.7597	15.8913
20.6678	15.8913
20.5760	15.9372
20.4841	16.0290
20.4841	16.1209
20.5760	16.1668
20.6678	16.1668
20.8056	16.1668
20.8975	16.1668
20.9893	16.1668
21.0812	16.1668
21.1730	16.1668
21.2649	16.1668
21.3567	16.1668
21.4945	16.2128
21.5864	16.2128
21.6782	16.2128
21.7701	16.2587
21.8620	16.2587
21.9538	16.2587
22.0457	16.2587
22.1835	16.3046
22.2753	16.3046
22.3672	16.3046
22.4590	16.3046
22.5509	16.3046
22.6427	16.3046
22.7805	16.3505
22.8724	16.3505
22.9642	16.3505
22.9183	16.3965
22.8265	16.3965
22.6887	16.4883
22.5968	16.5343
22.5050	16.6720
22.3672	16.7180
22.2753	16.8098
22.1835	16.8558
22.0916	16.9476
21.9997	16.9476
21.8620	16.9935
21.7701	16.9935
21.6782	16.9476
21.5864	16.8558
21.5864	16.9476
21.4945	17.0395
21.4027	17.0395
21.3108	17.0395
21.2190	17.0395
21.1271	17.0395
20.9893	17.1313
20.9434	17.2232
20.8975	17.3150
20.8056	17.3610
20.7138	17.4528
20.7138	17.5447
20.6678	17.6365
20.5760	17.6825
20.4382	17.7743
20.3463	17.8203
20.3004	17.9580
20.2085	18.0499
20.1626	18.1418
20.0708	18.2336
19.9789	18.3255
19.8870	18.4173
19.7952	18.5092
19.8411	18.5092
19.9789	18.4633
20.0708	18.4173
20.1626	18.4173
20.2545	18.3714
20.3463	18.2795
20.4382	18.2336
20.5300	18.1877
20.6219	18.0958
20.7597	18.0499
20.8515	18.0040
20.9434	17.9580
21.0352	17.9121
21.1271	17.8662
21.2649	17.8203
21.3567	17.7743
21.4486	17.7743
21.5405	17.7743
21.6323	17.7284
21.7701	17.7284
21.8620	17.6365
21.9538	17.6365
22.0457	17.5447
22.1375	17.4988
22.2753	17.4528
22.3672	17.3610
22.4590	17.3150
22.5509	17.2232
22.6887	17.1773
22.7805	17.0854
22.8724	16.9935
22.9642	16.9017
23.1020	16.8098
23.1939	16.7639
23.2857	16.6720
23.3776	16.6261
23.5154	16.5343
23.6072	16.5802
23.6991	16.6261
23.7910	16.6261
23.9287	16.6720
24.0206	16.6720
24.1125	16.6720
24.2043	16.7180
24.2962	16.7180
24.3880	16.7180
24.4799	16.7180
24.6177	16.6720
24.7095	16.6720
24.8014	16.5802
24.8932	16.5343
25.0310	16.4424
25.0310	16.4883
25.0770	16.6261
25.0770	16.7180
25.0310	16.8098
25.0310	16.9017
25.0310	16.9935
25.0310	17.0854
25.1229	17.0854
25.2147	17.0395
25.3066	16.9935
25.4444	16.9017
25.5362	16.8558
25.5822	16.9017
25.6281	16.9935
25.6740	17.0854
25.7200	17.2232
25.8118	17.2232
25.9496	17.1313
26.0415	17.0854
26.1333	16.9935
26.2252	16.9935
26.3170	16.9935
26.4548	16.9935
26.5467	16.9935
26.6385	16.9935
26.7304	16.9935
26.8222	17.0854
26.7763	17.1313
26.6845	17.2232
26.5926	17.2691
26.4548	17.3610
26.3630	17.3610
26.3170	17.4988
26.2252	17.4988
26.0874	17.5447
25.9955	17.5447
25.9955	17.6365
25.9496	17.6365
25.8577	17.6365
25.7200	17.6365
25.7200	17.6825
25.6281	17.7743
25.5362	17.7743
25.4903	17.8662
25.4903	17.9580
25.3985	18.0040
25.3066	18.0499
25.2147	18.1418
25.2147	18.2336
25.2147	18.3255
25.1229	18.3714
25.0310	18.3714
24.9392	18.3714
24.8473	18.3714
24.8473	18.5092
24.8473	18.6010
24.7555	18.6010
24.6636	18.6470
24.6177	18.7388
24.6177	18.8307
24.5717	18.9225
24.4799	19.0144
24.4340	19.1063
24.4340	19.1981
24.4340	19.2900
24.4340	19.3818
24.3880	19.5196
24.3421	19.6115
24.2962	19.7033
24.2043	19.7952
24.1125	19.8870
24.0206	19.9330
23.9287	20.0248
23.7910	20.0708
23.6991	20.1167
23.6072	20.2085
23.5154	20.3004
23.3776	20.3463
23.2857	20.4382
23.1939	20.4841
23.1020	20.5300
23.1020	20.6219
23.1939	20.6678
23.1939	20.7597
23.1020	20.8056
23.0561	20.8975
22.9642	20.9893
22.8724	21.0812
22.7805	21.1271
22.6887	21.1271
22.6427	21.1730
22.5509	21.2649
22.4590	21.3108
22.3672	21.3567
22.3672	21.4486
22.3212	21.4945
22.1835	21.5405
22.0916	21.6323
21.9997	21.6323
21.9079	21.6323
21.8160	21.5864
21.6782	21.5864
21.5864	21.6323
21.4945	21.6323
21.4027	21.6323
21.3108	21.6323
21.2190	21.5864
21.0812	21.5864
20.9893	21.5864
20.8975	21.5864
20.8056	21.5864
20.7138	21.4945
20.5760	21.4945
20.4841	21.4486
20.3923	21.4486
20.3004	21.4486
20.2085	21.4486
20.0708	21.4945
19.9789	21.5405
19.8870	21.5405
19.7952	21.5405
19.7033	21.5405
19.6115	21.5405
19.5196	21.5405
19.3818	21.6323
19.2900	21.6782
19.1981	21.6782
19.1063	21.6782
19.0144	21.8160
19.0603	21.9079
19.1063	21.9997
19.1981	22.0916
19.2900	22.0916
19.3818	22.0916
19.4737	22.0916
19.5655	22.0916
19.7033	22.0916
19.7952	22.0916
19.8870	22.0916
19.9789	22.0916
20.0708	22.1375
20.1626	22.1375
20.2545	22.1375
20.3923	22.1375
20.4841	22.1375
20.5760	22.1375
20.6678	22.1835
20.7597	22.1835
20.8515	22.1835
20.9893	22.1835
21.0812	22.1835
21.1730	22.1835
21.2649	22.1835
21.3567	22.1835
21.4486	22.2294
21.5405	22.2294
21.6782	22.2294
21.7701	22.2294
21.8620	22.2753
21.9538	22.3212
22.0457	22.3212
21.9997	22.3672
21.9079	22.4590
21.8160	22.5509
21.7701	22.6427
21.7242	22.7346
21.7242	22.8265
21.7242	22.9642
21.7242	23.0561
21.6782	23.1020
21.5405	23.1480
21.4486	23.1939
21.3567	23.1939
21.2649	23.2398
21.1730	23.2857
21.0352	23.3317
20.9434	23.3317
20.8515	23.4235
20.8056	23.5154
20.8515	23.5613
20.9893	23.6072
21.0352	23.7450
21.0812	23.8369
21.0812	23.9287
21.0352	24.0206
20.9434	24.1125
20.8515	24.2043
20.7597	24.2502
20.6678	24.3880
20.6219	24.4799
20.5760	24.5717
20.4841	24.6636
20.4382	24.8014
20.3463	24.8932
20.3004	24.9851
20.2545	25.0770
20.2085	25.2147
20.2085	25.3066
20.2085	25.3985
20.2545	25.4903
20.3004	25.5822
20.4382	25.6740
20.4382	25.6281
20.5760	25.5362
20.6219	25.4444
20.7138	25.3525
20.8056	25.2147
20.8975	25.1688
20.9893	25.0770
21.0812	24.9851
21.1271	24.8932
21.1730	24.8014
21.2649	24.7095
21.3108	24.5717
21.4027	24.4799
21.4945	24.3880
21.5864	24.2962
21.6323	24.3421
21.6323	24.4799
21.6323	24.5717
21.6323	24.6636
21.6323	24.7555
21.6323	24.8473
21.6782	24.9392
21.6782	25.0770
21.6782	25.1688
21.7242	25.2607
21.8160	25.3525
21.8620	25.4444
21.9538	25.5822
21.9997	25.6740
22.0457	25.7659
22.0916	25.8577
22.2294	25.8577
22.2294	25.8118
22.2294	25.7200
22.2294	25.6281
22.2294	25.5362
22.2294	25.4444
22.2294	25.3066
22.2294	25.2147
22.1835	25.1229
22.1835	25.0310
22.1375	24.9392
22.1375	24.8473
22.1375	24.7095
22.0916	24.6177
22.0916	24.5258
22.0457	24.4340
22.0457	24.3421
21.9997	24.2502
21.9997	24.1125
21.9538	24.0206
21.9079	23.9287
21.9079	23.8369
21.9538	23.7910
22.0916	23.8369
22.0916	23.9287
22.2294	23.9287
22.2294	23.8828
22.2294	23.7910
22.2294	23.6991
22.2294	23.6072
22.1835	23.5154
22.2294	23.5154
22.2753	23.4235
22.3212	23.3317
22.4131	23.2857
22.4590	23.1480
22.5050	23.0561
22.5968	23.0102
22.7346	23.0102
22.8265	23.0102
22.8724	22.8724
22.8724	22.7805
22.8265	22.6887
22.8265	22.5968
22.9183	22.5050
23.0102	22.4590
23.1020	22.3672
23.1480	22.2294
23.2398	22.1375
23.2857	22.0457
23.2857	21.9538
23.3317	21.8620
23.3776	21.7242
23.4695	21.6323
23.5154	21.5405
23.5154	21.4486
23.5154	21.3108
23.5613	21.2190
23.6072	21.1271
23.6991	21.1271
23.7910	21.0812
23.8828	21.0352
23.9747	20.9434
24.0206	20.8056
24.0665	20.7138
24.1584	20.6678
24.2962	20.6219
24.3421	20.5300
24.4340	20.4382
24.5717	20.3923
24.6636	20.3923
24.6636	20.3004
24.6636	20.1626
24.7095	20.1626
24.8014	20.1167
24.9392	20.0248
25.0310	19.9789
25.1229	19.9330
25.2147	19.8870
25.3525	19.8411
25.4444	19.7493
25.5362	19.7033
25.6281	19.6115
25.7659	19.5196
25.8118	19.4278
25.9037	19.3359
25.9955	19.2440
26.0874	19.1981
26.1792	19.0603
26.2711	19.0144
26.3170	18.9225
26.3630	18.8307
26.4548	18.6929
26.5467	18.6929
26.6385	18.6010
26.7304	18.5092
26.8222	18.4173
26.9600	18.3714
27.0519	18.2795
27.0978	18.1877
27.2356	18.1418
27.3275	18.0499
27.4193	17.9580
27.5571	17.8662
27.6490	17.8203
27.7408	17.7743
27.8327	17.7284
27.9245	17.7284
28.0164	17.7284
28.1542	17.7284
28.2460	17.7284
28.3379	17.7284
28.4297	17.7284
28.5216	17.7284
28.6135	17.8203
28.7053	17.8662
28.7972	17.9121
28.8890	17.9121
28.9809	17.9580
29.1187	18.0040
29.2105	18.0499
29.3024	18.0499
29.3942	18.0499
29.4861	18.0958
29.6239	18.0958
29.7157	18.1418
29.8076	18.1877
29.8994	18.1877
29.9913	18.2336
30.0832	18.2336
30.2209	18.2795
30.3128	18.3255
30.4047	18.3255
30.4965	18.3255
30.5884	18.3255
30.6802	18.3255
30.8180	18.3255
30.9099	18.3255
31.0017	18.3255
31.0936	18.3714
31.1854	18.4173
31.2773	18.4173
31.4151	18.4173
31.4610	18.5551
31.5529	18.6470
31.6447	18.6929
31.7366	18.7388
31.8284	18.8307
31.9203	18.8766
32.0581	18.9685
32.1040	19.0603
32.1959	19.1522
32.2418	19.2440
32.2877	19.3818
32.3337	19.4737
32.3337	19.5655
32.3796	19.6574
32.4255	19.7493
32.3796	19.7493
32.2877	19.7493
32.1499	19.7952
32.0581	19.7952
31.9662	19.8411
31.8744	19.8870
31.7825	20.0248
31.7825	20.1167
31.6907	20.2085
31.6447	20.3004
31.5529	20.4382
31.5069	20.5300
31.5069	20.6219
31.4610	20.7138
31.3692	20.8056
31.3232	20.9434
31.2314	21.0352
31.1854	21.1271
31.0936	21.2190
31.0477	21.3567
31.0017	21.2649
30.9099	21.2649
30.8180	21.2649
30.7262	21.2649
30.6343	21.2190
30.4965	21.2190
30.4047	21.1730
30.3128	21.1271
30.2669	21.2190
30.2669	21.3108
30.3587	21.3567
30.4506	21.4486
30.4047	21.4486
30.2669	21.4486
30.2209	21.5864
30.2209	21.6782
30.2209	21.7701
30.2669	21.8620
30.3587	21.9079
30.4965	21.9538
30.5884	21.9997
30.6802	21.9997
30.6802	22.0916
30.6343	22.1375
30.5884	22.2294
30.4965	22.3672
30.4506	22.4590
30.4047	22.5509
30.3587	22.6427
30.2669	22.7805
30.1750	22.8265
30.0832	22.8724
30.0832	23.0102
30.1750	23.0102
30.1291	23.1020
30.0832	23.1939
30.0372	23.2857
29.9913	23.4235
29.9454	23.5154
29.9454	23.6072
29.8994	23.6991
29.8076	23.6991
29.7157	23.6991
29.6239	23.7910
29.5779	23.8828
29.5779	23.9747
29.6239	23.9747
29.6239	24.0665
29.6239	24.1584
29.5779	24.2043
29.4402	24.2043
29.3483	24.1584
29.2565	24.1125
29.1646	24.0665
29.0727	24.0665
28.9350	24.0665
28.8431	24.0206
28.7512	24.0206
28.7053	24.1125
28.6135	24.1125
28.5216	24.1584
28.4297	24.1584
28.3379	24.1584
28.3379	24.2043
28.2460	24.2043
28.1542	24.2043
28.0623	24.2502
27.9705	24.2962
27.8327	24.2962
27.7408	24.2962
27.7408	24.3421
27.6949	24.4340
27.7408	24.4340
27.6949	24.4799
27.7408	24.5258
27.8327	24.5258
27.9245	24.5258
28.0164	24.5258
28.1082	24.5258
28.2460	24.5717
28.2460	24.6636
28.2920	24.6636
28.3838	24.6636
28.4757	24.6636
28.4757	24.7555
28.5216	24.7555
28.6135	24.7555
28.6135	24.8014
28.7512	24.8014
28.8431	24.8014
28.9350	24.8014
29.0268	24.8014
29.1187	24.8014
29.2105	24.8014
29.2565	24.8932
29.2105	24.9851
29.1187	25.0770
29.0727	25.2147
29.0268	25.3066
28.9809	25.3985
28.9809	25.4903
28.9350	25.5822
28.8890	25.7200
28.8431	25.8118
28.7512	25.8577
28.7053	25.9955
28.6594	26.0874
28.6594	26.1792
28.5675	26.2711
28.5675	26.3630
28.5216	26.5007
28.5216	26.5926
28.5216	26.6845
28.5216	26.7763
28.5216	26.8682
28.5216	26.9600
28.6594	27.0978
28.7512	27.1437
28.8431	27.1437
28.9350	27.0519
28.9350	26.9600
29.0268	26.8682
29.0727	26.7763
29.0727	26.6385
29.1646	26.5467
29.2565	26.5007
29.3024	26.3630
29.3483	26.2711
29.3942	26.1792
29.4402	26.0874
29.4402	25.9955
29.5320	25.8577
29.6239	25.7659
29.6698	25.6740
29.7157	25.5822
29.7157	25.4444
29.8076	25.3525
29.8535	25.2607
29.8535	25.1688
29.9454	25.0770
29.9913	24.9392
30.0832	24.8473
30.1291	24.7555
30.2669	24.6636
30.3587	24.6636
30.4506	24.6636
30.4965	24.6177
30.4965	24.5258
30.4965	24.4340
30.4965	24.2962
30.5884	24.2962
30.6343	24.3421
30.7721	24.3880
30.8180	24.5258
30.9099	24.6177
30.9558	24.7095
31.0017	24.8014
31.0477	24.9392
31.0477	25.0310
31.0477	25.1229
31.0936	25.2147
31.1395	25.3066
31.1854	25.4444
31.1854	25.5362
31.1854	25.6281
31.2314	25.7200
31.2773	25.8118
31.2773	25.9037
31.4151	26.0415
31.4610	26.1333
31.5529	26.2252
31.6447	26.3170
31.6907	26.4089
31.7825	26.5007
31.8284	26.5926
31.9203	26.7304
31.9203	26.8222
31.9203	26.9141
31.9662	27.0060
31.9662	27.0978
31.9662	27.2356
31.9662	27.3275
31.9662	27.4193
31.9662	27.5112
31.9662	27.6030
31.9662	27.6949
31.9662	27.8327
32.0581	27.9245
32.1499	27.9245
32.2418	27.9705
32.3337	28.0623
32.3796	28.1542
32.4714	28.2460
32.6092	28.2920
32.6552	28.3838
32.7470	28.4757
32.7470	28.6135
32.7929	28.7053
32.8848	28.7512
33.0226	28.7512
33.0226	28.6594
33.0226	28.5675
33.0226	28.4757
32.9767	28.3838
33.0226	28.3379
33.1604	28.3379
33.2522	28.4297
33.3441	28.5216
33.4359	28.5675
33.4819	28.6594
33.5737	28.7972
33.7115	28.7972
33.8034	28.7972
33.8952	28.7512
33.9871	28.7512
34.0789	28.7512
34.1708	28.7972
34.3086	28.7972
34.3545	28.9350
34.4004	29.0268
34.4004	29.1187
34.4004	29.2105
34.4464	29.3024
34.4464	29.3942
34.4464	29.5320
34.4464	29.6239
34.4464	29.7157
34.4464	29.8076
34.4464	29.8994
34.4923	29.9913
34.4923	30.0832
34.4923	30.2209
34.5382	30.3128
34.5842	30.4047
34.5842	30.4965
34.6301	30.5884
34.6760	30.7262
34.6760	30.8180
34.6760	30.9099
34.6760	31.0017
34.6760	31.0936
34.6760	31.1854
34.6760	31.3232
34.6760	31.4151
34.6760	31.5069
34.6760	31.5988
34.6760	31.6907
34.6301	31.7825
34.5842	31.9203
34.5842	32.0122
34.5382	32.1040
34.4923	32.1959
34.4923	32.2877
34.4464	32.4255
34.4464	32.5174
34.3545	32.6092
34.3545	32.7011
34.3545	32.7929
34.3086	32.8848
34.2167	33.0226
34.2167	33.1144
34.1708	33.2063
34.0789	33.2982
33.9871	33.3900
33.9412	33.4819
33.8493	33.5737
33.8034	33.6656
33.7574	33.8034
33.6656	33.8952
33.6197	33.9871
33.5278	34.0789
33.4819	34.2167
33.3900	34.3086
33.3441	34.4004
33.2522	34.5382
33.1604	34.6301
33.1144	34.7219
32.9767	34.8138
32.9307	34.9516
32.8389	35.0434
32.7470	35.0894
32.7011	35.2272
32.5633	35.2731
32.5174	35.3649
32.4255	35.4568
32.3337	35.5487
32.2877	35.6405
32.1959	35.7324
32.1499	35.8702
32.1040	35.9620
32.0122	36.0539
31.9662	36.1457
31.8744	36.2835
31.8284	36.3754
31.8284	36.4672
31.9662	36.5132
32.0581	36.5132
32.1040	36.4672
32.1959	36.3294
32.2418	36.2376
32.3796	36.1457
32.3796	36.0539
32.4255	36.0998
32.5174	36.1457
32.6092	36.1917
32.7011	36.2835
32.7929	36.3294
32.8848	36.2835
32.9767	36.2376
33.0226	36.1457
33.1604	36.0539
33.2063	35.9620
33.2982	35.8702
33.3441	35.7783
33.4359	35.6864
33.5278	35.5946
33.5737	35.5027
33.6197	35.3649
33.7115	35.2731
33.8034	35.2272
33.8493	35.0894
33.9412	34.9975
33.9871	34.9057
34.0330	34.8138
34.1249	34.7219
34.1249	34.5842
34.1708	34.4923
34.2167	34.4004
34.2167	34.3086
34.3545	34.2167
34.3545	34.1249
34.4464	34.0330
34.5382	34.0330
34.6301	34.0330
34.7219	34.0789
34.7219	34.1708
34.7219	34.2627
34.8138	34.4004
34.8597	34.4923
34.8597	34.5842
34.8597	34.6760
34.8597	34.7679
34.8597	34.8597
34.8597	34.9975
34.8597	35.0894
34.8597	35.1812
34.8597	35.2731
34.8597	35.3649
34.8597	35.4568
34.8597	35.5946
34.8597	35.6864
34.8597	35.7783
34.8597	35.8702
34.8597	35.9620
34.8597	36.0539
34.8597	36.1457
34.8597	36.2376
34.8597	36.3754
34.8597	36.4672
34.8597	36.5591
34.8597	36.6509
34.8597	36.7428
34.8597	36.8806
34.8597	36.9724
34.8597	37.0643
34.8597	37.1562
34.8597	37.2480
34.9057	37.3399
34.9057	37.4317
34.9516	37.5695
34.9516	37.6614
34.9516	37.7532
34.9516	37.8451
34.9516	37.9369
34.9975	38.0288
34.9975	38.1666
34.9975	38.2584
34.9975	38.3503
35.0434	38.4421
35.0894	38.5340
35.0894	38.6259
35.1353	38.7636
35.1353	38.8555
35.1812	38.9474
35.2272	39.0392
35.2272	39.1311
35.2272	39.2689
35.2731	39.3607
35.2731	39.4526
35.2731	39.5444
35.3190	39.6363
35.3649	39.7281
35.3649	39.8659
35.4109	39.7741
35.5027	39.6822
35.5027	39.5904
35.5027	39.4985
35.5487	39.4066
35.5487	39.2689
35.5487	39.1770
35.5487	39.0851
35.5487	38.9933
35.5487	38.9014
35.5487	38.8096
35.5487	38.7177
35.5487	38.5799
35.5487	38.4881
35.5487	38.3962
35.5487	38.3044
35.5487	38.2125
35.5487	38.1206
35.5487	37.9829
35.5487	37.8910
35.5487	37.7992
35.5487	37.7073
35.5487	37.6154
35.5487	37.5236
35.5487	37.4317
35.5487	37.2939
35.5027	37.2021
35.5027	37.1102
35.5027	37.0184
35.5027	36.9265
35.5487	36.7887
35.5946	36.6969
35.6405	36.6050
35.6405	36.5132
35.6405	36.4213
35.6405	36.3294
35.6405	36.1917
35.5487	36.1457
35.5027	36.0539
35.5487	36.0079
35.6405	36.0079
35.6864	35.9620
35.7324	35.8702
35.7324	35.7783
35.7324	35.6864
35.7324	35.5487
35.7324	35.4568
35.7324	35.3649
35.6864	35.2731
35.6405	35.1812
35.6405	35.0894
35.6405	34.9516
35.5946	34.8597
35.5946	34.7679
35.5946	34.6760
35.5487	34.5842
35.5027	34.4464
35.4568	34.3545
35.4568	34.2627
35.5027	34.1708
35.5027	34.0789
35.5946	34.0330
35.5946	33.9412
35.5027	33.8493
35.4568	33.7574
35.4568	33.6656
35.4568	33.5737
35.4568	33.4819
35.4568	33.3441
35.4568	33.2522
35.4109	33.1604
35.3649	33.0685
35.4109	33.0685
35.5027	33.0226
35.5946	32.9767
35.5946	32.8848
35.5946	32.7929
35.5027	32.7011
35.4568	32.5633
35.4568	32.4714
35.4568	32.3796
35.4568	32.2877
35.4568	32.1959
35.4568	32.1040
35.5487	32.0581
35.6864	31.9662
35.7783	31.9662
35.7324	31.8744
35.6405	31.7825
35.5946	31.6907
35.5946	31.5988
35.5946	31.4610
35.5946	31.3692
35.5946	31.2773
35.5946	31.1854
35.5946	31.0936
35.5487	30.9558
35.5487	30.8639
35.5027	30.7721
35.5027	30.6802
35.5027	30.5884
35.5027	30.4965
35.5487	30.3587
35.5487	30.2669
35.5487	30.1750
35.5487	30.0832
35.5946	29.9913
35.6405	29.8994
35.7324	29.8535
35.7783	29.7617
35.7783	29.6698
35.8242	29.5320
35.8702	29.4402
35.9620	29.3942
36.0079	29.2565
36.0079	29.1646
35.9620	29.0727
35.8702	29.0727
35.8702	29.0268
35.7783	28.8890
35.6864	28.8890
35.5946	28.8431
35.4568	28.7972
35.4109	28.7053
35.3649	28.6135
35.3190	28.4757
35.3190	28.3838
35.3190	28.2920
35.3190	28.2001
35.2731	28.1082
35.1812	27.9705
35.1812	27.8786
35.1353	27.7867
35.0894	27.6949
35.1353	27.6949
35.2731	27.6949
35.3190	27.7867
35.4109	27.8327
35.5027	27.8327
35.5027	27.7408
35.5487	27.6490
35.5946	27.5571
35.6405	27.4652
35.7324	27.4193
35.7783	27.3275
35.7783	27.2356
35.7324	27.1437
35.7324	27.0060
35.7324	26.9141
35.7324	26.9600
35.7324	27.0519
35.7783	27.1897
35.7783	27.2815
35.9161	27.3275
36.0079	27.3734
36.0998	27.4193
36.1917	27.4193
36.2835	27.3734
36.2835	27.4193
36.4213	27.4652
36.5132	27.5571
36.5132	27.6490
36.5591	27.7408
36.5591	27.8327
36.6509	27.8786
36.7887	27.8786
36.8806	27.8786
36.9724	27.8786
37.0184	27.9705
37.1562	28.0164
37.1562	28.1082
37.2939	28.1542
37.3858	28.2460
37.4777	28.2460
37.5236	28.3379
37.5695	28.4297
37.6614	28.3838
37.7073	28.4757
37.7532	28.5675
37.8451	28.6594
37.8910	28.6135
37.9369	28.6594
38.0288	28.7512
38.1206	28.7972
38.1206	28.7512
38.1666	28.6594
38.2584	28.6594
38.3503	28.7512
38.4421	28.7972
38.5340	28.8431
38.6259	28.9350
38.7177	28.9809
38.8096	29.0268
38.9014	29.1187
39.0392	29.2105
39.0392	29.1187
39.0392	29.0268
39.0851	29.0268
39.1770	29.0727
39.2689	29.1187
39.3607	29.1187
39.4526	29.1187
39.5444	29.1646
39.5904	29.2565
39.5904	29.3483
39.6822	29.4861
39.7741	29.4861
39.8200	29.3942
39.9119	29.3024
40.0037	29.3483
40.0956	29.3942
40.2334	29.4402
40.3252	29.4861
40.4171	29.5320
40.5089	29.5779
40.6008	29.6698
40.6926	29.7157
40.7845	29.7617
40.8764	29.8076
40.9223	29.7617
40.9223	29.6698
41.0141	29.6698
41.1060	29.6698
41.1979	29.6239
41.2897	29.6239
41.3816	29.6698
41.5194	29.7157
41.6112	29.7157
41.7031	29.7157
41.7949	29.7157
41.8868	29.7617
41.9786	29.8535
42.1164	29.9454
42.2083	30.0372
42.3001	30.0372
42.3920	30.0372
42.4379	29.9454
42.4839	29.8076
42.5757	29.8076
42.6676	29.8076
42.7594	29.8076
42.8972	29.8076
42.9891	29.8076
43.0809	29.8076
43.1728	29.8076
43.2646	29.7617
43.3565	29.7157
43.4943	29.7157
43.5861	29.6698
43.6780	29.6239
43.7699	29.5779
43.8617	29.5779
43.9995	29.5779
44.0914	29.5320
44.1832	29.5320
44.2751	29.4861
44.3669	29.4402
44.4588	29.4402
44.5966	29.3942
44.6884	29.3483
44.7803	29.3024
44.8721	29.1646
45.0099	29.1187
45.1018	29.0727
45.1936	29.0268
45.2855	28.9350
45.3314	28.8431
45.2855	28.7972
45.1936	28.7972
45.1018	28.7972
44.9640	28.7972
44.8721	28.8431
44.7803	28.8431
44.6884	28.8431
44.5966	28.8890
44.5047	28.8890
44.3669	28.8890
44.2751	28.9350
44.1832	28.9350
44.0914	28.9809
43.9995	28.9809
43.9076	28.9809
43.7699	28.9809
43.7699	28.9350
43.7239	28.9809
43.6780	29.1187
43.5861	29.1187
43.4943	29.1187
43.4484	29.0727
43.3565	29.0268
43.2646	29.0268
43.1728	29.0268
43.0350	29.0727
43.0350	29.0268
42.8972	28.9809
42.8054	28.9809
42.7135	29.0268
42.6216	29.0727
42.5757	29.0268
42.4839	28.9350
42.3920	28.9350
42.3920	29.0268
42.2542	29.0727
42.2083	29.0268
42.1164	28.9350
42.0246	28.9350
41.8868	28.9350
41.7949	28.9809
41.7031	28.9809
41.6112	28.9809
41.5194	28.9809
41.4275	28.9809
41.2897	28.9350
41.1979	28.8890
41.1060	28.8431
41.0141	28.7512
40.8764	28.7512
40.7845	28.7512
40.6926	28.7053
40.6008	28.7053
40.5089	28.6594
40.4171	28.6135
40.2793	28.6135
40.1874	28.5675
40.0956	28.4757
40.0037	28.4297
39.9119	28.4297
39.7741	28.3379
39.6822	28.3379
39.5904	28.2460
39.4985	28.2460
39.4066	28.2001
39.2689	28.2001
39.1770	28.2001
39.0851	28.1542
38.9933	28.1082
38.9014	28.1082
38.7636	28.0623
38.6718	27.9705
38.6259	27.8786
38.5340	27.8327
38.4421	27.7408
38.3503	27.7867
38.3503	27.9245
38.2125	27.9245
38.1206	27.8327
38.0747	27.7408
38.0288	27.6490
37.9369	27.5571
37.8451	27.5112
37.7532	27.4652
37.6614	27.4193
37.5695	27.2815
37.4777	27.2356
37.4317	27.1437
37.2939	27.0519
37.2480	26.9600
37.1562	26.8682
37.0643	26.7763
36.9724	26.7304
36.8806	26.6385
36.7428	26.5926
36.6969	26.5007
36.6050	26.4089
36.4672	26.3630
36.3754	26.2252
36.3294	26.1333
36.1917	26.0415
36.0998	25.9496
36.0079	25.9037
35.9161	25.8118
35.8242	25.7200
35.7783	25.6281
35.6405	25.5822
35.5946	25.4903
35.5027	25.3985
35.4109	25.3066
35.3190	25.2147
35.2272	25.0770
35.1353	25.0310
35.0434	24.9392
34.9516	24.8473
34.8597	24.8014
34.8138	24.6636
34.8138	24.5717
34.8138	24.4799
34.8597	24.3880
34.9057	24.2962
34.9057	24.2043
34.9057	24.0665
34.9057	23.9747
34.9057	23.8828
35.0434	23.9287
35.0434	24.0206
35.1353	24.1125
35.1812	24.2043
35.3190	24.3421
35.4109	24.3880
35.4568	24.4799
35.4568	24.5717
35.4109	24.7095
35.4109	24.8014
35.4568	24.8473
35.5946	24.8473
35.6864	24.8014
35.6864	24.8473
35.7783	24.8932
35.7783	24.9851
35.8242	25.0770
35.9161	25.2147
35.9620	25.1229
35.9620	25.2147
36.0079	25.3066
36.0539	25.3985
36.0998	25.4903
36.2376	25.4903
36.2376	25.3985
36.3754	25.4444
36.3754	25.5362
36.4213	25.6281
36.5132	25.6740
36.6509	25.6281
36.6969	25.7200
36.7887	25.7659
36.8347	25.8577
36.9265	25.9037
37.0184	25.9496
37.1562	26.0415
37.2480	26.1333
37.3399	26.1792
37.4317	26.2711
37.5236	26.3630
37.6154	26.4089
37.7073	26.4548
37.8451	26.4548
37.9369	26.5007
38.0288	26.5007
38.1206	26.5007
38.2125	26.5467
38.3044	26.5467
38.4421	26.5467
38.3503	26.5007
38.3044	26.4089
38.1666	26.3170
38.1666	26.2252
38.1206	26.1333
38.0747	26.0415
37.9829	25.9037
37.9369	25.8118
37.7992	25.7659
37.7532	25.6740
37.6614	25.6281
37.5236	25.5822
37.4317	25.5362
37.3399	25.4903
37.2480	25.3985
37.1562	25.3066
37.0643	25.2147
36.9724	25.1688
36.9265	25.0770
36.8347	24.9851
36.7428	24.8932
36.6509	24.8014
36.5591	24.7095
36.5132	24.6177
36.4672	24.5258
36.4672	24.4340
36.4672	24.3421
36.3294	24.2502
36.2376	24.2502
36.1457	24.2502
36.0539	24.2043
36.0539	24.0665
36.0079	23.9747
35.9161	23.9287
35.9620	23.9287
36.0539	23.9747
36.0079	23.9287
35.9161	23.8828
35.8242	23.7910
35.7783	23.6532
35.7324	23.5613
35.6864	23.4695
35.6405	23.3776
35.5027	23.2857
35.5027	23.1939
35.3649	23.1480
35.3190	23.0102
35.2272	22.9642
35.1812	22.8724
35.0894	22.7346
35.0434	22.6427
34.9975	22.5509
34.9516	22.4590
34.9516	22.3672
34.9057	22.2294
34.8597	22.1375
34.8597	22.0457
34.8138	21.9538
34.7219	21.8620
34.7219	21.7242
34.6301	21.6323
34.5842	21.5405
34.5842	21.4486
34.4923	21.3108
34.4464	21.2190
34.4004	21.1271
34.3086	21.0352
34.3086	20.9434
34.2167	20.8056
34.1708	20.7138
34.1249	20.6219
34.0330	20.5300
33.9871	20.3923
33.9412	20.3004
33.8952	20.2085
33.8952	20.1167
33.8493	20.0248
33.8034	19.8870
33.7574	19.7952
33.7115	19.7033
33.6656	19.6115
33.6656	19.5196
33.7574	19.4278
33.8493	19.4278
33.9412	19.4737
34.0330	19.5196
34.1249	19.6115
34.2627	19.6115
34.3545	19.7033
34.4464	19.7493
34.5382	19.8411
34.6760	19.8870
34.7219	20.0248
34.8138	20.0708
34.9516	20.1626
35.0434	20.2545
35.1353	20.3004
35.2272	20.3923
35.3649	20.4841
35.4568	20.5760
35.5487	20.6219
35.6405	20.6678
35.7783	20.7138
35.8702	20.7138
35.9620	20.7597
36.0539	20.8056
36.1457	20.8056
36.2835	20.8515
36.3754	20.8975
36.4672	20.9893
36.5591	21.0352
36.6509	21.1271
36.7887	21.1730
36.8806	21.2649
36.9724	21.2649
37.0643	21.3108
37.2021	21.3567
37.2939	21.3567
37.3858	21.4486
37.4777	21.4945
37.5695	21.5405
37.7073	21.6323
37.7992	21.6323
37.8910	21.7242
37.9829	21.7701
38.1206	21.8620
38.2125	21.9079
38.3044	21.9538
38.3962	21.9997
38.4881	22.0457
38.6259	22.0916
38.7177	22.1835
38.8096	22.1835
38.9014	22.2753
39.0392	22.3212
39.1311	22.3672
39.2229	22.4590
39.3148	22.5050
39.4526	22.5968
39.5444	22.6427
39.6363	22.7346
39.7281	22.7346
39.8200	22.8265
39.9578	22.8265
40.0496	22.9183
40.1415	22.9642
40.2334	23.0102
40.3711	23.0561
40.4630	23.1020
40.5549	23.1020
40.6008	23.2398
40.7386	23.2857
40.7845	23.3776
40.8304	23.5154
40.8764	23.6072
40.8764	23.6991
40.9223	23.7910
41.0141	23.8828
41.0141	24.0206
41.0141	24.1125
41.0601	24.2043
41.1060	24.2962
41.1060	24.3880
41.1519	24.4799
41.1519	24.6177
41.1979	24.7095
41.2438	24.8014
41.2897	24.8932
41.2897	24.9851
41.3816	25.1229
41.3816	25.2147
41.4734	25.3066
41.5194	25.3985
41.5653	25.5362
41.6571	25.6281
41.6571	25.7200
41.7031	25.8118
41.7949	25.9037
41.7949	26.0415
41.7949	26.1333
41.8409	26.2252
41.8868	26.3170
41.8409	26.4089
41.7949	26.5007
41.8409	26.5926
41.9327	26.6845
41.9327	26.7763
41.8868	26.8222
41.8409	26.9141
41.8409	27.0060
41.8868	27.0519
41.8409	27.0519
41.7490	27.0978
41.7490	27.1897
41.7490	27.2815
41.7949	27.3275
41.8868	27.3734
41.8409	27.4193
41.7490	27.5112
41.7490	27.6030
41.7949	27.6949
41.8868	27.6949
41.8868	27.7867
41.9327	27.7867
42.0705	27.7408
42.1164	27.6490
42.2083	27.5571
42.3001	27.5112
42.3461	27.4193
42.4379	27.3275
42.4379	27.1897
42.5298	27.2356
42.6216	27.1897
42.6216	27.0519
42.5757	26.9600
42.6216	26.9141
42.7594	26.9141
42.8513	26.9141
42.8513	27.0060
42.9431	27.1437
42.9891	27.2356
42.9891	27.3275
43.0350	27.4193
43.0350	27.5112
43.0809	27.6490
43.1269	27.7408
43.1728	27.8327
43.2187	27.9245
43.2646	28.0164
43.4024	28.1082
43.4024	28.2001
43.5402	28.2460
43.6321	28.2920
43.6780	28.2460
43.6780	28.1542
43.6780	28.0623
43.6780	27.9705
43.6780	27.8786
43.6321	27.7408
43.5861	27.6490
43.4943	27.5571
43.4484	27.4652
43.4484	27.3275
43.4024	27.2356
43.3565	27.1437
43.3106	27.0519
43.2646	26.9600
43.1728	26.8222
43.1728	26.7304
43.1728	26.6385
43.1728	26.5467
43.1269	26.4548
43.0350	26.3630
42.9891	26.2711
42.9431	26.1792
42.8972	26.0874
42.8054	25.9496
42.8054	25.8577
42.7135	25.7659
42.6676	25.6740
42.6676	25.5362
42.6676	25.4444
42.6216	25.3525
42.5757	25.2607
42.5298	25.1688
42.5298	25.0770
42.4839	24.9392
42.4839	24.8473
42.4379	24.7555
42.4379	24.6636
42.4379	24.5717
42.3920	24.4799
42.3001	24.3880
42.2542	24.2962
42.2542	24.2043
42.2542	24.1125
42.2083	23.9747
42.2083	23.8828
42.1624	23.7910
42.1624	23.6991
42.1164	23.6072
42.1164	23.4695
42.1164	23.3776
42.0705	23.2857
42.0705	23.1939
42.0246	23.1020
42.0246	23.0102
42.0246	22.9183
42.0246	22.7805
42.0246	22.6887
42.0246	22.5968
41.9786	22.5050
41.9786	22.4131
41.9786	22.3212
41.9327	22.1835
41.9327	22.0916
41.9327	21.9997
41.9327	21.9079
41.9786	21.9079
42.0705	21.9079
42.2083	21.9538
42.3001	22.0457
42.3920	22.0457
42.4839	22.1375
42.6216	22.1835
42.7135	22.2294
42.8054	22.2753
42.8972	22.2753
42.9891	22.3212
43.0809	22.4590
43.1728	22.4590
43.2646	22.5050
43.4024	22.5509
43.4943	22.5968
43.5861	22.5968
43.6780	22.5509
43.7699	22.5050
43.9076	22.5050
43.9995	22.5050
43.9995	22.5509
43.9995	22.6427
43.9995	22.7346
44.0914	22.8265
44.1832	22.8265
44.2751	22.7805
44.4129	22.8265
44.5047	22.8265
44.5966	22.8724
44.6884	22.9183
44.7803	22.9642
44.9181	23.0102
45.0099	23.0561
45.1018	23.1020
45.1936	23.1020
45.2855	23.1020
45.4233	23.1939
45.4692	23.2857
45.5151	23.3776
45.4692	23.5154
45.4233	23.6072
45.3774	23.6991
45.4233	23.7450
45.5151	23.7450
45.5151	23.8369
45.5151	23.9287
45.6529	23.9747
45.6529	24.0665
45.6529	24.1584
45.6529	24.2502
45.7448	24.3421
45.8366	24.3421
45.8366	24.4340
45.8366	24.5258
45.9285	24.5717
45.9285	24.6636
45.9744	24.7555
45.9744	24.8473
45.9744	24.9392
45.9744	25.0770
46.0204	25.1688
46.1122	25.1688
46.1581	25.2147
46.1122	25.3525
46.1122	25.4444
46.1122	25.5362
46.1581	25.6281
46.1581	25.7200
46.1581	25.8118
46.2500	25.9496
46.3418	25.9496
46.4337	26.0415
46.4337	26.1333
46.3878	26.2252
46.3418	26.3170
46.3418	26.4548
46.3878	26.4548
46.4337	26.5467
46.4337	26.6845
46.4337	26.7763
46.4796	26.8222
46.5256	26.9600
46.5256	27.0519
46.4796	27.1437
46.4337	27.2356
46.4796	27.3275
46.5715	27.3275
46.6174	27.4193
46.6174	27.5112
46.6633	27.6030
46.8011	27.6949
46.8011	27.7867
46.8930	27.8786
46.9389	28.0164
47.0308	28.0164
47.0308	27.9245
47.0767	27.8327
47.0767	27.7408
47.1226	27.6490
47.1226	27.5571
47.1226	27.4193
47.1226	27.3275
47.0767	27.2356
47.0767	27.1437
47.0308	27.0519
46.9848	26.9600
46.9389	26.8222
46.8930	26.7304
46.8471	26.6385
46.8471	26.5467
46.8471	26.4548
46.8471	26.3170
46.8011	26.2252
46.8471	26.2252
46.9389	26.2252
46.9389	26.1792
46.8471	26.0415
46.8011	25.9496
46.8471	25.9496
46.8471	25.8118
46.8471	25.7200
46.8011	25.6281
46.7552	25.5362
46.6633	25.3985
46.6633	25.3066
46.6633	25.2147
46.6633	25.1229
46.6633	25.0310
46.5256	24.9392
46.5256	24.8473
46.4337	24.7555
46.3418	24.6636
46.2959	24.5717
46.3418	24.5717
46.4796	24.5717
46.4796	24.5258
46.4796	24.3880
46.4337	24.2962
46.3418	24.2502
46.2959	24.1125
46.2041	24.0206
46.1581	23.9287
46.2041	23.9287
46.2041	23.8369
46.2041	23.7450
46.1581	23.6072
46.1581	23.5154
46.1581	23.4235
46.1122	23.3317
46.0663	23.1939
45.9744	23.1020
45.9744	23.0102
46.0204	23.0102
46.1122	23.0561
46.2041	23.1020
46.2959	23.1480
46.4337	23.2398
46.5256	23.2398
46.5715	23.3317
46.6633	23.3317
46.8011	23.3317
46.8930	23.3317
46.9848	23.3317
47.0767	23.3317
47.1686	23.3317
47.2604	23.3317
47.3982	23.2398
47.4901	23.2398
47.5819	23.2398
47.6278	23.3317
47.7656	23.3776
47.8575	23.4235
47.9493	23.4235
48.0412	23.3317
48.1331	23.3317
48.2708	23.3317
48.3627	23.3317
48.4546	23.4235
48.5464	23.4235
48.6383	23.4235
48.6842	23.3317
48.7761	23.2857
48.9138	23.2857
49.0057	23.2857
49.0976	23.2857
49.1894	23.2857
49.2813	23.2857
49.3731	23.2857
49.5109	23.2857
49.6028	23.2857
49.6946	23.2398
49.7406	23.1480
49.8783	23.0561
49.9243	22.9183
50.0161	22.9183
50.1539	22.8724
50.2458	22.8265
50.2917	22.7346
50.2917	22.6427
50.1998	22.6427
50.1080	22.5509
50.0161	22.5050
49.9243	22.5050
49.8324	22.5050
49.7406	22.4590
49.6028	22.4590
49.5109	22.4590
49.4191	22.4590
49.3272	22.4590
49.2353	22.4590
49.1435	22.4590
49.0057	22.4590
48.9138	22.5050
48.8220	22.5050
48.7301	22.5050
48.6383	22.5050
48.5464	22.5050
48.4086	22.5050
48.3168	22.5050
48.2249	22.5050
48.1331	22.5050
48.0412	22.5050
47.9493	22.4590
47.8116	22.4590
47.7197	22.4590
47.8116	22.4131
47.9034	22.3672
47.9953	22.2753
48.0871	22.2294
48.1790	22.1375
48.3168	22.0916
48.4086	21.9997
48.5005	21.9079
48.5923	21.8620
48.7301	21.8160
48.7761	21.7242
48.8679	21.6323
49.0057	21.5864
49.0976	21.5405
49.1435	21.4486
49.2353	21.3108
49.2813	21.2190
49.3731	21.1271
49.4650	21.0352
49.5568	20.9434
49.5568	20.8515
49.5568	20.7597
49.5568	20.6219
49.5568	20.5300
49.5109	20.5300
49.4191	20.5760
49.3272	20.6219
49.2353	20.6678
49.0976	20.7138
49.0976	20.6678
48.9598	20.5300
48.8679	20.5300
48.7761	20.4382
48.6842	20.4841
48.6383	20.6219
48.5464	20.6678
48.4546	20.7597
48.3627	20.8515
48.2708	20.8515
48.1790	20.8975
48.0412	20.8975
47.9493	20.8975
47.8575	20.9434
47.7656	20.9434
47.6738	20.9893
47.5360	20.9893
47.4441	21.0352
47.3523	21.1271
47.2604	21.1271
47.1686	21.1730
47.0308	21.2190
46.9389	21.2649
46.8471	21.3567
46.7552	21.4027
46.6174	21.4945
46.5256	21.5405
46.4337	21.5864
46.3418	21.6782
46.2500	21.7242
46.1122	21.8160
46.0204	21.8160
45.9285	21.9079
45.8826	21.8620
45.8366	21.7242
45.8366	21.6323
45.8366	21.5405
45.7448	21.5864
45.6989	21.7242
45.6070	21.8160
45.5151	21.8620
45.4233	21.9538
45.2855	21.9997
45.1936	21.9538
45.1477	21.8620
45.0559	21.8160
44.9640	21.8620
44.8721	21.9079
44.8721	21.8620
44.8721	21.7701
44.8721	21.6782
44.7803	21.6323
44.6425	21.6323
44.5506	21.6323
44.4588	21.6323
44.3669	21.5405
44.2751	21.5405
44.1373	21.5864
44.0454	21.5864
43.9536	21.5864
43.9536	21.5405
43.9995	21.4027
43.9995	21.3108
43.9076	21.2190
43.8158	21.2190
43.7239	21.2190
43.6321	21.2190
43.5402	21.2649
43.4024	21.2649
43.4024	21.2190
43.3106	21.1730
43.2187	21.1730
43.1269	21.1730
43.0350	21.1271
42.9431	21.0812
42.8054	21.0812
42.7135	21.0352
42.6216	20.9893
42.5298	20.9434
42.4379	20.9434
42.3001	20.8975
42.2083	20.8975
42.1164	20.8975
42.0246	20.8515
41.9327	20.8515
41.8409	20.8056
41.7031	20.7597
41.6112	20.7597
41.5194	20.7138
41.4275	20.6219
41.4275	20.5300
41.4734	20.4841
41.5653	20.4382
41.6571	20.4382
41.7490	20.3923
41.8868	20.3923
41.9786	20.3923
42.0705	20.3923
42.1624	20.3923
42.2542	20.3923
42.3461	20.3923
42.4839	20.3923
42.5757	20.3923
42.6676	20.3923
42.7594	20.4382
42.8513	20.4841
42.9891	20.5300
43.0809	20.6219
43.1728	20.6678
43.2646	20.7138
43.3565	20.7138
43.4943	20.7138
43.5861	20.8056
43.6780	20.8515
43.7699	20.8515
43.8617	20.8515
43.9536	20.8515
44.0914	20.8515
44.0914	20.8056
43.9995	20.7138
43.9536	20.6219
43.8617	20.5300
43.8158	20.3923
43.7239	20.3004
43.6780	20.2085
43.6780	20.1167
43.7699	20.1167
43.8617	20.1167
43.9536	20.0248
44.0454	20.0248
44.1832	20.0708
44.2751	20.0708
44.3669	20.0708
44.4129	20.0248
44.5047	20.0248
44.5966	20.0248
44.6884	20.0708
44.7803	20.0708
44.9181	20.1626
45.0099	20.2085
45.1018	20.2085
45.1936	20.2085
45.2855	20.2085
45.2855	20.1167
45.2855	20.0248
45.2396	19.8870
45.1477	19.8411
45.1477	19.7493
45.2396	19.7033
45.3314	19.6115
45.4233	19.5655
45.5151	19.5196
45.6529	19.4737
45.7448	19.4278
45.8366	19.3818
45.9285	19.3359
46.0204	19.3359
46.1122	19.3359
46.2500	19.3359
46.3418	19.3359
46.4337	19.3359
46.5256	19.3359
46.6174	19.3359
46.7093	19.3818
46.8471	19.3818
46.9389	19.4278
47.0308	19.4278
47.1226	19.4278
47.2145	19.4278
47.3063	19.4737
47.4441	19.4737
47.5360	19.5196
47.6278	19.5196
47.7197	19.5196
47.8116	19.5196
47.9034	19.5196
48.0412	19.4737
48.1331	19.4737
48.2249	19.4737
48.3168	19.4737
48.4086	19.4278
48.5005	19.4278
48.6383	19.3818
48.7301	19.3818
48.8220	19.3359
48.9138	19.3359
49.0057	19.2900
49.0976	19.2440
49.2353	19.2440
49.3272	19.1522
49.4191	19.1063
49.5109	19.1063
49.6487	19.0603
49.7406	19.0603
49.8324	19.0144
49.9243	19.0144
50.0161	18.9685
50.1080	18.9685
50.2458	18.9685
50.3376	18.9225
50.4295	18.9225
50.5213	18.8766
50.6132	18.8766
50.7051	18.8307
50.8428	18.8307
50.9347	18.8307
51.0266	18.7848
51.1184	18.7388
51.2103	18.6929
51.3021	18.6929
51.4399	18.6470
51.4399	18.5551
51.4399	18.4633
51.3940	18.3714
51.3021	18.3714
51.2103	18.3255
51.1184	18.3255
50.9806	18.3714
50.8888	18.3714
50.7969	18.3714
50.7051	18.3714
50.6132	18.4173
50.5213	18.4173
50.3836	18.4173
50.2917	18.4633
50.1998	18.4633
50.1080	18.5092
50.0161	18.5092
49.9243	18.5551
49.7865	18.5551
49.6946	18.5551
49.6028	18.5551
49.5109	18.5551
49.4191	18.5551
49.3731	18.5092
49.3731	18.4173
49.3272	18.3255
49.2813	18.4173
49.1894	18.5092
49.0516	18.5551
48.9598	18.5551
48.8679	18.5551
48.7761	18.6470
48.6842	18.6929
48.6842	18.6470
48.5923	18.6010
48.5005	18.6010
48.4086	18.6470
48.3168	18.6929
48.3168	18.6470
48.2249	18.5551
48.1331	18.5551
47.9953	18.6010
47.9034	18.6010
47.8116	18.6010
47.7197	18.6470
47.6278	18.6929
47.5360	18.6929
47.3982	18.6929
47.3063	18.6470
47.2145	18.6010
47.1226	18.6010
47.0308	18.5551
46.8930	18.5092
46.8011	18.4173
46.8471	18.3255
46.9389	18.2336
47.0308	18.1877
47.1226	18.0958
47.2145	18.0040
47.3063	17.9580
47.3982	17.9580
47.5360	17.8203
47.6278	17.8203
47.6738	17.6825
47.7656	17.6825
47.8575	17.5447
47.8116	17.5447
47.7197	17.5447
47.7656	17.4528
47.8575	17.4528
47.9493	17.4069
47.9493	17.3150
47.9034	17.3150
47.9493	17.2232
48.0871	17.1773
47.9953	17.1313
47.9034	17.0854
47.9493	17.0395
48.0871	17.0395
48.1790	17.0395
48.2708	16.9476
48.2249	16.9017
48.1331	16.9017
48.1790	16.8098
48.2708	16.7639
48.3627	16.7180
48.3627	16.6261
48.3627	16.5343
48.5005	16.3965
48.5464	16.3046
48.6383	16.2128
48.6842	16.0750
48.7301	15.9831
48.7761	15.8913
48.7761	15.7994
48.7761	15.7075
48.7761	15.6157
48.8220	15.4779
48.8220	15.3860
48.7761	15.2942
48.6842	15.2942
48.6842	15.3401
48.5923	15.4320
48.5464	15.5698
48.5005	15.6616
48.4546	15.7535
48.4086	15.8453
48.4086	15.9831
48.3627	16.0750
48.2708	16.1668
48.2249	16.2587
48.1331	16.3505
48.0412	16.3505
47.9034	16.4883
47.8116	16.3965
47.8116	16.3046
47.7197	16.3965
47.7197	16.4883
47.6738	16.5802
47.6278	16.5343
47.5819	16.3965
47.4901	16.4883
47.4901	16.5802
47.5360	16.6720
47.5360	16.7639
47.5360	16.8558
47.4901	16.8558
47.3982	16.8558
47.3063	16.8098
47.2145	16.8098
47.2145	16.9017
47.2145	16.9935
47.2145	17.0854
47.2145	17.2232
47.1686	17.1313
47.0767	17.1313
47.0308	17.1773
47.0308	17.2691
46.9848	17.3610
46.9389	17.4528
46.8471	17.4528
46.7552	17.4069
46.6633	17.4069
46.6633	17.4988
46.5715	17.5906
46.5715	17.6825
46.4337	17.7743
46.3418	17.8203
46.2500	17.9121
46.1581	17.9580
46.0204	18.0040
45.9285	18.0958
45.8366	18.1418
45.7448	18.1877
45.7448	18.1418
45.6989	18.0499
45.6989	17.9121
45.6989	17.8203
45.6989	17.7284
45.6989	17.6365
45.6989	17.5447
45.6989	17.4528
45.6529	17.3150
45.6529	17.2232
45.6529	17.1313
45.6529	17.0395
45.6070	16.9476
45.5611	16.8558
45.5611	16.7180
45.5611	16.6261
45.5151	16.5343
45.5151	16.4424
45.4233	16.3505
45.4233	16.2587
45.4233	16.1209
45.3774	16.0290
45.3774	15.9372
45.3774	15.8453
45.3774	15.7535
45.3314	15.6157
45.3314	15.5238
45.3314	15.4320
45.2855	15.3401
45.2396	15.2483
45.1936	15.1564
45.1018	15.0645
45.0099	15.0645
44.9640	15.1105
44.9640	15.2023
44.9640	15.3401
44.9640	15.4320
44.9640	15.5238
44.9640	15.6157
44.9640	15.7075
44.9640	15.7994
44.9640	15.8913
44.9640	16.0290
44.9640	16.1209
44.9640	16.2128
44.9640	16.3046
44.9640	16.3965
44.9640	16.4883
44.9640	16.5802
44.9640	16.7180
44.9640	16.8098
44.9640	16.9017
44.9181	16.9935
44.9181	17.0854
44.9181	17.1773
44.9181	17.2691
44.9181	17.4069
44.9181	17.4988
44.8721	17.5906
44.8721	17.6825
44.8721	17.7743
44.8721	17.8662
44.8721	18.0040
44.8721	18.0958
44.8262	18.1877
44.8262	18.2795
44.7344	18.3255
44.5966	18.3714
44.5047	18.4173
44.4129	18.4633
44.3210	18.4633
44.2291	18.5092
44.0914	18.6010
43.9995	18.6470
43.9076	18.6929
43.8158	18.7388
43.7239	18.7848
43.5861	18.8766
43.4943	18.9225
43.4943	18.8766
43.5402	18.7848
43.5402	18.6470
43.5402	18.5551
43.4943	18.5551
43.4024	18.5551
43.3106	18.6470
43.1728	18.6929
43.1269	18.7848
43.0350	18.8766
42.8972	18.9225
42.8054	19.0144
42.7135	19.0603
42.6216	19.1063
42.5298	19.1522
42.3920	19.1981
42.3001	19.1981
42.2083	19.1981
42.1164	19.2440
42.0246	19.2900
41.8868	19.2900
41.7949	19.2900
41.7031	19.2900
41.6112	19.2900
41.5194	19.2900
41.4275	19.2900
41.3356	19.2900
41.1979	19.2900
41.1060	19.2900
41.0141	19.2900
40.9223	19.2900
40.8304	19.2900
40.7386	19.2900
40.6008	19.3359
40.6926	19.3818
40.7845	19.3359
40.8764	19.3359
40.9682	19.2900
41.0601	19.1981
41.1060	19.1063
41.1979	19.0144
41.2438	18.9225
41.3356	18.8307
41.3816	18.6929
41.4734	18.6010
41.5194	18.5092
41.6112	18.4173
41.6571	18.2795
41.7031	18.1877
41.7490	18.0958
41.8868	18.0040
41.8868	17.8662
42.0246	17.8203
42.0705	17.7284
42.1624	17.5906
42.2083	17.4988
42.2083	17.4069
42.2542	17.3150
42.3001	17.2232
42.3001	17.0854
42.3001	16.9935
42.3001	16.9017
42.2542	16.8098
42.1624	16.7180
42.0705	16.6720
41.9327	16.6261
41.8409	16.5802
41.7490	16.4883
41.6571	16.4424
41.5194	16.3046
41.5194	16.2128
41.5194	16.1209
41.6112	16.0290
41.6112	15.9372
41.7031	15.7994
41.7490	15.7075
41.7949	15.6157
41.8868	15.5238
41.9327	15.4320
41.9786	15.2942
42.0246	15.2023
42.1164	15.1105
42.1624	15.0186
42.2542	14.8808
42.3001	14.7890
42.3461	14.6971
42.3920	14.6053
42.4379	14.4675
42.4379	14.3756
42.4839	14.2838
42.5298	14.1919
42.5298	14.1000
42.5298	14.0082
42.6216	13.8704
42.6676	13.7785
42.6676	13.6867
42.7135	13.5948
42.7594	13.5030
42.7594	13.3652
42.8054	13.2733
42.8054	13.1815
42.8513	13.0896
42.8513	12.9978
42.8972	12.8600
42.8972	12.7681
42.8972	12.6763
42.9431	12.5844
42.9431	12.4926
42.9891	12.4007
43.0350	12.2629
43.0350	12.1711
43.0350	12.0792
43.1269	11.9873
43.1728	11.8955
43.1728	11.7577
43.2646	11.6658
43.3106	11.5740
43.3565	11.4821
43.4484	11.3903
43.4024	11.2525
43.3106	11.2525
43.3106	11.1147
43.3106	11.0228
43.3106	10.9310
43.3565	10.8391
43.4484	10.7932
43.4943	10.7013
43.4484	10.7013
43.3565	10.6095
43.3565	10.5176
43.3565	10.3798
43.3565	10.2880
43.3565	10.1961
43.3565	10.1043
43.4024	10.0124
43.4024	9.9206
43.4024	9.7828
43.4024	9.6909
43.4484	9.5991
43.4484	9.5072
43.4484	9.4153
43.4024	9.2776
43.3565	9.1857
43.3565	9.0938
43.3565	9.0020
43.3565	8.9101
43.3565	8.8183
43.3565	8.7264
43.3106	8.5886
43.2646	8.4968
43.2187	8.4049
43.2187	8.3131
43.2187	8.2212
43.2187	8.0834
43.2187	7.9916
43.2187	7.8997
43.2187	7.8078
43.2187	7.7160
43.2187	7.6241
43.2187	7.5323
43.1728	7.3945
43.1269	7.3026
43.0809	7.2108
43.0809	7.1189
43.0350	7.0271
42.9891	6.8893
42.9891	6.7974
42.8972	6.7515
42.8054	6.7515
42.7135	6.7515
42.5757	6.7515
42.4839	6.8433
42.4839	6.9352
42.4839	7.0271
42.4839	7.1189
42.5298	7.2567
42.5298	7.3486
42.5298	7.4404
42.5298	7.5323
42.5757	7.6241
42.5757	7.7160
42.5757	7.8538
42.5757	7.9456
42.5757	8.0375
42.5757	8.1293
42.6216	8.2212
42.6216	8.3131
42.6216	8.4508
42.6216	8.5427
42.6216	8.6346
42.6676	8.7264
42.6676	8.8183
42.6676	8.9101
42.6676	9.0020
42.6676	9.1398
42.6676	9.2316
42.6676	9.3235
42.6676	9.4153
42.6676	9.5072
42.6676	9.5991
42.6676	9.7368
42.6676	9.8287
42.6676	9.9206
42.6676	10.0124
42.6676	10.1043
42.6676	10.1961
42.6676	10.2880
42.6676	10.4258
42.6676	10.5176
42.5757	10.6095
42.4839	10.6095
42.3920	10.6554
42.3920	10.7473
42.4379	10.7932
42.5298	10.9310
42.5757	11.0228
42.5298	11.0688
42.4379	11.1147
42.3461	11.1606
42.3920	11.2984
42.4839	11.3443
42.5298	11.4362
42.4839	11.5281
42.3461	11.5281
42.2542	11.5281
42.2542	11.6199
42.3001	11.7118
42.3920	11.8036
42.4379	11.8955
42.3461	11.8955
42.2542	11.9414
42.1624	11.9873
42.0705	12.0792
42.0705	12.1711
42.1624	12.2629
42.2083	12.4007
42.2083	12.4926
42.1624	12.4926
42.0705	12.4466
42.0246	12.4926
42.0246	12.6303
42.0246	12.7222
42.0705	12.8140
42.1624	12.9059
42.1164	12.9518
42.0246	12.9518
41.8868	12.9978
41.8868	13.1355
41.9786	13.1815
41.9786	13.2733
41.9327	13.2733
41.8409	13.2733
41.7490	13.2733
41.7490	13.3652
41.7490	13.5030
41.8409	13.5489
41.7949	13.6408
41.7031	13.7785
41.6112	13.8245
41.5194	13.8704
41.4734	13.9623
41.4734	14.0541
41.4734	14.1460
41.4734	14.2838
41.4275	14.3756
41.3356	14.4215
41.2897	14.5134
41.2438	14.6512
41.2438	14.7430
41.2438	14.8349
41.1519	14.9268
41.1060	15.0186
41.0601	15.1564
40.9682	15.2483
40.9223	15.3401
40.8304	15.4320
40.8304	15.5698
40.7386	15.6616
40.6926	15.7535
40.6467	15.8453
40.5549	15.9831
40.5549	16.0750
40.5089	16.1668
40.4171	16.2587
40.4171	16.3505
40.3711	16.4883
40.3252	16.5802
40.2793	16.6720
40.2334	16.7639
40.1874	16.8558
40.0956	16.9935
40.0496	17.0854
40.0496	17.1773
39.9578	17.2691
39.9119	17.4069
39.8200	17.4988
39.7741	17.5906
39.7281	17.6825
39.6822	17.7743
39.6363	17.9121
39.5904	18.0040
39.4985	18.0958
39.4526	18.1877
39.4066	18.3255
39.3607	18.4173
39.2689	18.5092
39.2229	18.6010
39.1311	18.6010
39.0392	18.6929
38.9933	18.7848
38.8555	18.8307
38.7636	18.8307
38.6718	18.8307
38.5799	18.8766
38.4881	18.8766
38.3962	18.8766
38.2584	18.8766
38.1666	18.8307
38.0747	18.7848
37.9829	18.6929
37.8910	18.6470
37.7532	18.6470
37.6614	18.6470
37.5695	18.6470
37.4777	18.6470
37.3858	18.6470
37.2939	18.6470
37.1562	18.6470
37.0643	18.6470
36.9724	18.5551
36.8806	18.5092
36.8806	18.4173
36.7887	18.3714
36.6509	18.3714
36.5591	18.3714
36.4672	18.3714
36.4672	18.3255
36.4672	18.2336
36.3754	18.1877
36.2835	18.0958
36.1917	18.0499
36.0998	18.0499
36.0079	18.0499
35.9161	18.0499
35.7783	18.0499
35.6864	18.0499
35.5946	18.0958
35.5027	18.0958
35.4109	18.0499
35.3190	18.0499
35.1812	18.0499
35.0894	18.0499
34.9975	18.0499
34.9057	18.0499
34.8138	18.0499
34.7219	18.0040
34.5842	17.9580
34.4923	17.9121
34.4004	17.9121
34.3086	17.9121
34.2167	17.8662
34.1249	17.8662
33.9871	17.8203
33.8952	17.8203
33.8493	17.7743
33.9412	17.6825
33.9412	17.5906
33.9871	17.4988
34.0789	17.4069
34.0789	17.2691
34.1249	17.1773
34.1708	17.0854
34.2167	16.9935
34.2167	16.9017
34.2167	16.7639
34.2167	16.6720
34.2627	16.5802
34.2627	16.4883
34.2627	16.3965
34.2627	16.3046
34.2627	16.2128
34.3086	16.0750
34.3086	15.9831
34.3086	15.8913
34.3086	15.7994
34.3545	15.7075
34.3545	15.6157
34.4004	15.4779
34.4004	15.3860
34.4464	15.2942
34.4464	15.2023
34.4923	15.1105
34.4923	14.9727
34.4923	14.8808
34.5382	14.7890
34.5382	14.6971
34.5842	14.6053
34.5842	14.5134
34.5842	14.4215
34.5842	14.2838
34.5842	14.1919
34.6301	14.1000
34.6301	14.0082
34.6760	13.9163
34.7219	13.7785
34.7219	13.6867
34.8138	13.5948
34.8138	13.5030
34.8597	13.4111
34.9516	13.2733
34.9516	13.1815
34.9975	13.0896
34.9516	13.0896
34.8597	13.1355
34.7679	13.2274
34.6301	13.2733
34.5842	13.4111
34.4923	13.5030
34.4923	13.5948
34.4004	13.6867
34.3545	13.7785
34.2627	13.9163
34.2167	14.0082
34.1249	14.1000
34.0789	14.1919
33.9412	14.2838
33.9412	14.2378
33.8952	14.1460
33.8493	14.0082
33.8034	13.9163
33.8034	13.8245
33.8034	13.7326
33.8034	13.6408
33.8493	13.5030
33.8952	13.4111
33.9412	13.3193
33.9871	13.2274
34.0330	13.1355
34.0789	12.9978
34.1249	12.9059
34.1708	12.8140
34.2167	12.7222
34.2627	12.6303
34.2627	12.4926
34.3086	12.4007
34.3545	12.3088
34.4004	12.2170
34.4464	12.1251
34.4923	11.9873
34.5382	11.8955
34.5842	11.8036
34.6760	11.7118
34.6760	11.5740
34.7679	11.4821
34.8138	11.3903
34.9057	11.2984
34.9516	11.2066
34.9516	11.1147
34.9975	11.0228
35.0894	10.9310
35.1353	10.7932
35.1812	10.7013
35.1812	10.6095
35.1812	10.5176
35.2731	10.4258
35.3190	10.2880
35.4109	10.1961
35.3649	10.1502
35.3649	10.0124
35.3649	9.9206
35.4109	9.8287
35.4568	9.7368
35.4568	9.6450
35.5027	9.5072
35.5946	9.4153
35.5946	9.3235
35.6405	9.2316
35.6405	9.1398
35.6405	9.0479
35.6405	8.9101
35.6405	8.8183
35.6405	8.7264
35.6405	8.6346
35.6405	8.5427
35.6864	8.4508
35.7324	8.3590
35.7783	8.2212
35.8242	8.1293
35.8702	8.0375
35.9161	7.9456
35.9620	7.8078
36.0079	7.7160
36.0998	7.6241
36.1917	7.5323
36.2835	7.4404
36.3294	7.3486
36.4213	7.2567
36.5132	7.1189
36.4672	7.1189
36.3294	7.1189
36.2835	7.2108
36.1917	7.3486
36.1457	7.4404
36.0539	7.5323
35.9620	7.6241
35.8702	7.7160
35.7783	7.8078
35.6405	7.8997
35.5946	7.9916
35.5027	8.0834
35.4109	8.1753
35.3190	8.2671
35.2272	8.3590
35.1353	8.4508
35.0434	8.4968
34.9516	8.5886
34.9057	8.7264
34.8597	8.8183
34.8138	8.9101
34.8138	9.0020
34.8138	9.0938
34.7679	9.2316
34.7679	9.3235
34.7679	9.4153
34.7219	9.5072
34.6760	9.5991
34.6760	9.6909
34.6760	9.8287
34.6301	9.9206
34.6301	10.0124
34.5842	10.1043
34.5842	10.1961
34.5382	10.3339
34.4923	10.4258
34.4464	10.5176
34.3545	10.6095
34.3086	10.7013
34.2167	10.8391
34.1708	10.9310
34.0789	11.0228
34.0330	11.1147
33.9412	11.2525
33.8493	11.2984
33.7574	11.2984
33.7574	11.2066
33.7574	11.1147
33.7574	11.0228
33.8034	10.9310
33.8034	10.8391
33.8034	10.7013
33.8034	10.6095
33.8034	10.5176
33.8493	10.4258
33.8493	10.3339
33.8493	10.2421
33.8493	10.1043
33.8952	10.0124
33.8952	9.9206
33.9412	9.8287
33.9871	9.7368
33.9871	9.5991
34.0330	9.5072
34.0789	9.4153
34.1249	9.3235
34.2167	9.2316
34.2167	9.0938
34.2627	9.0020
34.2627	8.9101
34.3086	8.8183
34.3545	8.7264
34.3545	8.5886
34.4004	8.4968
34.4923	8.4049
34.4923	8.3131
34.6301	8.2212
34.6760	8.0834
34.7679	8.0375
34.9057	7.9456
34.8597	8.0375
34.7679	8.0375
34.6760	8.0375
34.5842	7.9916
34.4464	7.9456
34.3545	7.8538
34.3086	7.7619
34.3086	7.6701
34.3086	7.5782
34.3086	7.4404
34.3086	7.3486
34.3545	7.2567
34.4004	7.1648
34.4004	7.0730
34.4464	6.9811
34.5382	6.8433
34.5382	6.7515
34.6760	6.7056
34.7679	6.5678
34.8597	6.5218
34.9516	6.3841
35.0894	6.3841
35.1812	6.2922
35.2731	6.2003
35.3649	6.1085
35.4109	6.0166
35.4568	5.9248
35.4568	5.8329
35.4568	5.7411
35.4109	5.6492
35.3649	5.5114
35.3190	5.4196
35.3190	5.3277
35.3190	5.2358
35.3190	5.1440
