36.8597	9.8516
36.8195	9.7712
36.7390	9.7310
36.6586	9.6505
36.6586	9.5299
36.5782	9.4495
36.4978	9.4495
36.4576	9.4897
36.4576	9.6103
36.4173	9.6907
36.3771	9.7712
36.3369	9.8516
36.2163	9.8918
36.1761	9.9722
36.1761	10.0526
36.1761	10.1733
36.0957	10.1331
36.0555	10.1733
36.0152	10.2939
35.9348	10.2939
35.8544	10.2939
35.8544	10.3743
35.8544	10.4547
35.8544	10.5352
35.8142	10.6156
35.7338	10.6558
35.6936	10.7362
35.6131	10.8166
35.5729	10.8971
35.6131	10.9775
35.5327	11.0177
35.4523	11.0177
35.4523	11.0579
35.4523	11.1383
35.3719	11.1383
35.3317	11.1785
35.3317	11.2590
35.3317	11.3394
35.3317	11.4600
35.2915	11.5002
35.2512	11.5806
35.2110	11.7013
35.1708	11.7817
35.1306	11.8621
35.0904	11.9425
35.0904	12.0230
35.0100	12.1436
34.9698	12.2240
34.9698	12.3044
34.9698	12.3848
34.9698	12.4653
34.9698	12.5859
34.9296	12.6663
34.8893	12.7467
34.8491	12.8272
34.8089	12.9076
34.7687	13.0282
34.7285	13.1086
34.6883	13.1891
34.6481	13.2695
34.6079	13.3499
34.5677	13.4705
34.5274	13.5510
34.4872	13.6314
34.4470	13.7118
34.4068	13.8324
34.2862	13.8726
34.2460	13.9531
34.1656	13.9531
34.1253	13.9128
34.0449	13.8324
33.9645	13.7922
33.9645	13.7118
33.8439	13.6314
33.8037	13.5510
33.7232	13.5510
33.6026	13.5510
33.5222	13.5912
33.4820	13.7118
33.4820	13.7922
33.6026	13.8726
33.6428	13.9531
33.6830	14.0737
33.6830	14.1541
33.6830	14.2345
33.6428	14.2345
33.5624	14.2747
33.4820	14.3150
33.4016	14.3954
33.3211	14.4758
33.2407	14.5160
33.2005	14.6366
33.1603	14.7171
33.1201	14.7975
33.0397	14.7573
32.9592	14.6768
32.8788	14.6366
32.9190	14.7171
32.9592	14.7975
32.9592	14.8779
32.8386	14.9583
32.7984	15.0387
32.7180	15.1192
32.6376	15.1996
32.5973	15.2800
32.4767	15.3604
32.4767	15.4408
32.4365	15.5615
32.3963	15.6419
32.3561	15.7223
32.3159	15.8027
32.2757	15.8832
32.2354	16.0038
32.2354	16.0842
32.1550	16.1646
32.1148	16.2451
32.1148	16.3657
32.0746	16.4461
32.0746	16.5265
31.9942	16.6070
31.9138	16.6070
31.8333	16.5667
31.7529	16.4863
31.6323	16.4059
31.5519	16.3657
31.4714	16.2451
31.3910	16.2451
31.3106	16.2048
31.1900	16.2048
31.1096	16.2048
31.0291	16.2048
30.9487	16.2048
30.8683	16.2048
30.7879	16.1646
30.6672	16.1244
30.6672	16.0038
30.6672	15.9234
30.6672	15.8430
30.6270	15.7625
30.5868	15.6821
30.5466	15.6017
30.5466	15.4811
30.5466	15.4006
30.5064	15.3202
30.4662	15.2398
30.4662	15.1594
30.4662	15.0790
30.4662	14.9583
30.5064	14.9583
30.6270	14.8779
30.7074	14.8377
30.7074	14.7171
30.7074	14.6366
30.7477	14.6768
30.8683	14.6768
30.9085	14.5964
30.9085	14.5160
30.9889	14.4758
31.0693	14.4758
31.1900	14.3954
31.2704	14.3552
31.2704	14.2747
31.3106	14.1943
31.4312	14.1541
31.5117	14.1541
31.5117	14.0737
31.5921	14.0335
31.6725	14.0335
31.7127	13.9531
31.7529	13.8726
31.8736	13.7922
31.9138	13.7118
31.9942	13.6314
32.0746	13.5510
32.1550	13.5107
32.2354	13.3901
32.3159	13.3097
32.3963	13.2695
32.4767	13.1891
32.5973	13.1488
32.6778	13.0684
32.7180	12.9880
32.6376	12.9076
32.5571	12.9076
32.4767	12.9478
32.3963	12.9880
32.3159	13.0282
32.2354	13.1086
32.1550	13.1891
32.0746	13.2293
31.9540	13.3097
31.9138	13.3901
31.8333	13.4303
31.7127	13.4705
31.6323	13.5510
31.5519	13.5912
31.4714	13.5912
31.3910	13.6314
31.2704	13.6716
31.1900	13.7118
31.1096	13.7922
31.0291	13.7922
30.9487	13.8726
30.8281	13.9128
30.7477	13.9933
30.6672	14.0335
30.5868	14.0737
30.4662	14.1541
30.3858	14.1541
30.3053	14.2345
30.2249	14.2747
30.1043	14.3552
30.0239	14.4356
29.9434	14.4758
29.8630	14.5160
29.7424	14.5562
29.6620	14.5964
29.6218	14.5562
29.6218	14.4356
29.6218	14.3552
29.6218	14.2747
29.6218	14.1943
29.7022	14.1139
29.7826	14.0335
29.8630	13.9933
29.9434	13.9128
29.9434	13.8324
29.9032	13.7922
29.9032	13.6716
29.9434	13.6314
30.0239	13.5510
30.0641	13.4303
30.1043	13.3499
30.1445	13.2695
30.1445	13.1891
30.1445	13.1086
30.1445	13.0282
30.2249	12.9478
30.2651	12.8674
30.3456	12.8272
30.4260	12.7467
30.3456	12.6663
30.2651	12.6663
30.2249	12.5457
30.2249	12.4653
30.2651	12.3848
30.3053	12.3044
30.3053	12.2240
30.3456	12.1034
30.3858	12.0230
30.4260	11.9425
30.4662	11.8621
30.5064	11.7817
30.5064	11.6611
30.5064	11.5806
30.5064	11.5002
30.5064	11.4198
30.5064	11.3394
30.5466	11.2590
30.5466	11.1383
30.6270	11.0579
30.6270	10.9775
30.6270	10.8971
30.6672	10.8166
30.6672	10.7362
30.7074	10.6156
30.6672	10.5352
30.5868	10.5352
30.5064	10.5754
30.4662	10.6558
30.3456	10.6960
30.2651	10.7764
30.1847	10.8166
30.1043	10.8971
29.9837	10.9373
29.9032	10.9775
29.8630	11.0579
29.7424	11.0981
29.7424	11.1785
29.7424	11.2590
29.6620	11.3394
29.5816	11.3796
29.5011	11.4198
29.4207	11.4600
29.3805	11.4198
29.3001	11.4198
29.2599	11.4600
29.1794	11.5002
29.0588	11.5002
28.9784	11.5002
28.9382	11.5806
28.9382	11.6611
28.8578	11.6208
28.8176	11.7013
28.7773	11.7817
28.7773	11.8621
28.7371	11.8219
28.6165	11.7817
28.5763	11.8219
28.4959	11.9425
28.4557	11.8621
28.4557	11.7817
28.3752	11.7817
28.2948	11.8621
28.2546	11.9425
28.1340	12.0230
28.0536	12.0632
27.9731	12.0632
27.8927	12.0230
27.8525	11.9425
27.8525	11.8621
27.8525	11.7817
27.8525	11.6611
27.8123	11.6611
27.7319	11.7415
27.6514	11.8219
27.5710	11.7817
27.5308	11.6611
27.4504	11.6208
27.4504	11.5404
27.4504	11.4600
27.4906	11.3394
27.4504	11.3796
27.4102	11.4600
27.3298	11.4600
27.2896	11.3394
27.2091	11.2992
27.1287	11.2992
27.0081	11.2992
26.9277	11.3394
26.8874	11.4198
26.8874	11.5404
26.8874	11.6208
26.9679	11.6611
27.0483	11.6611
27.1689	11.7013
27.1689	11.7817
27.1689	11.8621
27.2493	11.9827
27.2896	12.0632
27.2493	12.0632
27.1689	12.0632
27.0885	12.0632
27.0081	12.0632
26.9277	12.1034
26.8874	12.1838
26.9277	12.2642
26.9679	12.3446
27.0081	12.4251
27.0885	12.5457
27.1287	12.6261
27.1689	12.7065
27.2091	12.7870
27.2493	12.9076
27.2493	12.9880
27.2493	13.0684
27.2091	13.0684
27.0885	13.0684
27.0081	13.0684
26.9277	13.0282
26.8472	12.9076
26.7266	12.8674
26.6462	12.7870
26.6060	12.8674
26.6060	12.9478
26.6060	13.0282
26.6060	13.1086
26.6462	13.1891
26.6462	13.3097
26.6864	13.3901
26.6864	13.4705
26.7266	13.5510
26.8070	13.6314
26.8472	13.7118
26.8874	13.7922
26.9679	13.8726
27.0483	13.9933
27.1287	14.0737
27.1689	14.1541
27.2493	14.2345
27.3298	14.3150
27.2896	14.3552
27.2493	14.4758
27.2493	14.5562
27.2896	14.5964
27.4102	14.6768
27.4906	14.7171
27.5308	14.7975
27.6112	14.8779
27.6514	14.9583
27.6514	15.0387
27.6514	15.1192
27.7319	15.2398
27.8123	15.3202
27.8927	15.3604
28.0133	15.4408
28.0938	15.4811
28.1742	15.4811
28.2546	15.5615
28.3350	15.6017
28.4557	15.6017
28.4959	15.7223
28.5763	15.8027
28.4959	15.8430
28.4154	15.8430
28.3350	15.8430
28.2546	15.8430
28.1742	15.8430
28.0938	15.8430
28.0133	15.8430
27.8927	15.8430
27.8123	15.8430
27.7319	15.9234
27.6514	15.9636
27.5308	16.0440
27.5308	16.1244
27.6112	16.1646
27.6917	16.1646
27.7721	16.1646
27.8525	16.1646
27.9329	16.1646
28.0133	16.1646
28.1340	16.1646
28.2144	16.1646
28.2948	16.1646
28.3752	16.1646
28.4557	16.1646
28.5361	16.2451
28.5361	16.3255
28.5361	16.4059
28.4959	16.4863
28.4959	16.6070
28.4959	16.6874
28.4959	16.7678
28.4959	16.8482
28.4959	16.9286
28.3752	16.9286
28.2948	16.9286
28.2144	16.8884
28.1340	16.8482
28.0133	16.7678
27.9329	16.6874
27.8525	16.6874
27.7721	16.6070
27.6917	16.5667
27.5710	16.4863
27.4906	16.4461
27.4102	16.3657
27.3298	16.3255
27.2091	16.2853
27.1287	16.2451
27.0483	16.2451
26.9679	16.2451
26.8874	16.2048
26.7668	16.1646
26.6864	16.1646
26.6060	16.1244
26.5256	16.1244
26.4451	16.1244
26.3647	16.1244
26.2441	16.1244
26.1637	16.1244
26.0832	16.1244
26.0028	16.1244
25.9224	16.1244
25.8420	16.1244
25.7616	16.0842
25.6409	16.0440
25.5605	16.0038
25.4801	16.0038
25.3997	15.9636
25.3192	15.9234
25.1986	15.8832
25.1182	15.8832
25.0378	15.8430
24.9573	15.8027
24.8769	15.8027
24.7563	15.7625
24.6759	15.7223
24.5954	15.6821
24.5150	15.6821
24.4346	15.6419
24.3140	15.6017
24.2336	15.5615
24.1531	15.5213
24.0727	15.4408
23.9923	15.4408
23.8717	15.3604
23.7912	15.3202
23.7108	15.2398
23.6304	15.1996
23.5098	15.1594
23.4293	15.1192
23.3489	15.0790
23.2685	15.0387
23.1881	14.9985
23.0674	14.9583
22.9870	14.9181
22.9066	14.8779
22.8262	14.8779
22.7458	14.8779
22.6251	14.8377
22.5447	14.7975
22.4643	14.7573
22.3839	14.7573
22.3034	14.7573
22.2230	14.7573
22.1024	14.7573
22.0220	14.7573
21.9416	14.7573
21.8611	14.7573
21.7807	14.7573
21.7003	14.7573
21.6199	14.7573
21.4992	14.7573
21.4188	14.7573
21.3384	14.7171
21.2580	14.7171
21.1776	14.7171
21.0971	14.7171
21.0167	14.7171
20.8961	14.7171
20.8157	14.7171
20.7352	14.7171
20.6548	14.7171
20.5744	14.7573
20.4940	14.7573
20.3733	14.7975
20.3331	14.8779
20.2527	14.9583
20.2527	15.0387
20.3331	15.0387
20.4136	15.0387
20.4940	15.0387
20.5744	15.0387
20.6548	15.0387
20.7352	15.0387
20.8157	15.0387
20.9363	15.0387
21.0167	15.0790
21.0971	15.0790
21.1776	15.0790
21.2580	15.0790
21.3384	15.0790
21.4590	15.0790
21.5394	15.0790
21.6199	15.1192
21.7003	15.1594
21.7807	15.1594
21.8611	15.1594
21.9818	15.1996
22.0622	15.1996
22.1426	15.2398
22.2230	15.2800
22.3034	15.2800
22.4241	15.3202
22.5045	15.3202
22.5849	15.3604
22.6653	15.4006
22.7458	15.4006
22.8262	15.4006
22.9468	15.4408
23.0272	15.4811
23.1077	15.5213
23.1881	15.5213
23.2685	15.6017
23.3891	15.6017
23.4696	15.6821
23.5500	15.7223
23.6304	15.7625
23.7108	15.8027
23.8314	15.8430
23.9119	15.8832
23.9923	15.9234
24.0727	15.9636
24.1933	16.0440
24.2738	16.0842
24.3542	16.1646
24.4346	16.2451
24.5552	16.2853
24.6357	16.3255
24.7161	16.3657
24.7965	16.3657
24.8769	16.4461
24.9976	16.4461
25.0780	16.4863
25.1584	16.5265
25.2388	16.5667
25.3192	16.6472
25.4399	16.6874
25.5203	16.6874
25.6007	16.7276
25.6811	16.8080
25.7616	16.8080
25.8420	16.8080
25.8822	16.8884
26.0028	16.9286
26.0832	16.9286
26.1637	16.8884
26.2441	16.8482
26.3245	16.9286
26.4049	17.0091
26.4451	17.0895
26.5658	17.1297
26.6462	17.1699
26.7266	17.2503
26.8070	17.2905
26.9277	17.3307
27.0081	17.3710
27.0885	17.4112
27.1689	17.4514
27.2493	17.5318
27.3700	17.5318
27.4504	17.5318
27.5308	17.5318
27.6112	17.5318
27.6917	17.5720
27.7319	17.6524
27.8525	17.6926
27.9329	17.6926
27.9731	17.7731
28.0536	17.8937
28.0536	17.9741
28.1742	17.9741
28.2546	17.9741
28.3350	17.9339
28.4154	17.9339
28.4959	17.9741
28.6165	18.0143
28.6969	18.0947
28.7773	18.1350
28.8578	18.1752
28.9784	18.2556
29.0588	18.2556
29.0990	18.3360
29.0990	18.4566
29.0990	18.5371
29.0186	18.6175
28.9784	18.6979
28.9784	18.7783
28.9382	18.8990
28.8980	18.9794
28.8176	18.9794
28.7371	18.9794
28.6567	18.9794
28.5763	18.9794
28.4557	18.9794
28.3752	19.0196
28.2948	19.0598
28.2144	19.1000
28.1340	19.1402
28.0133	19.2206
27.9329	19.2608
27.8525	19.3011
27.7721	19.3413
27.6514	19.3815
27.5710	19.3815
27.4906	19.4619
27.4102	19.4619
27.3298	19.4619
27.2493	19.5021
27.1689	19.5021
27.0483	19.5021
26.9679	19.5021
26.8874	19.5021
26.8070	19.5021
26.7266	19.5021
26.6462	19.5021
26.5256	19.5021
26.4451	19.5021
26.3647	19.5021
26.2843	19.5021
26.2039	19.5021
26.1234	19.5021
26.0430	19.5021
25.9224	19.5021
25.8420	19.5021
25.7616	19.5021
25.6811	19.5423
25.6007	19.5423
25.5203	19.5423
25.4399	19.5423
25.3192	19.5825
25.2388	19.5825
25.1584	19.5825
25.0780	19.6227
24.9976	19.6227
24.9171	19.6227
24.7965	19.6630
24.7161	19.7032
24.6357	19.7032
24.5552	19.7434
24.4748	19.8238
24.3542	19.8238
24.2738	19.8238
24.2336	19.9444
24.1129	19.9444
24.0325	20.0248
23.9923	20.1053
23.9119	20.1857
23.9521	20.1857
24.0325	20.2259
24.1129	20.2259
24.1933	20.2259
24.2738	20.2259
24.3542	20.2259
24.4748	20.2259
24.5552	20.2259
24.6357	20.2661
24.7161	20.2661
24.7965	20.3063
24.8769	20.3063
24.9976	20.3465
25.0780	20.3867
25.1584	20.3867
25.2388	20.3867
25.3192	20.3867
25.3997	20.3867
25.5203	20.3465
25.6007	20.3063
25.6811	20.3063
25.7616	20.3063
25.8420	20.3063
25.9626	20.2661
26.0430	20.2661
26.1234	20.2259
26.2039	20.2259
26.2843	20.2259
26.3647	20.2259
26.4451	20.2259
26.5658	20.2661
26.6462	20.3063
26.7266	20.3867
26.8070	20.3465
26.8874	20.3063
26.9679	20.2661
27.0483	20.3063
27.0885	20.3867
27.1689	20.4270
27.2493	20.4270
27.3298	20.3867
27.4102	20.3465
27.4906	20.2661
27.6112	20.2259
27.6917	20.1857
27.7721	20.1053
27.8525	20.0651
27.9731	20.0248
28.0536	19.9846
28.1340	19.9444
28.2144	19.9444
28.2948	19.9042
28.4154	19.8640
28.4959	19.8640
28.5763	19.8640
28.6567	19.8640
28.6969	19.7836
28.7773	19.7032
28.8578	19.6227
28.9382	19.6227
29.0588	19.6227
29.1392	19.6227
29.2197	19.6227
29.3001	19.6227
29.3805	19.6227
29.4609	19.6227
29.5816	19.6227
29.6620	19.6227
29.7424	19.5825
29.8228	19.5825
29.9032	19.5021
30.0239	19.5021
30.1043	19.4217
30.1847	19.3815
30.2651	19.3815
30.3456	19.3413
30.4662	19.3011
30.5466	19.3011
30.6270	19.3011
30.7074	19.3011
30.7879	19.3011
30.8683	19.3011
30.9889	19.3413
31.0693	19.3413
31.1498	19.3815
31.1096	19.4217
31.0291	19.4619
30.9085	19.4619
30.8281	19.4619
30.7477	19.5021
30.6672	19.5423
30.5868	19.5825
30.4662	19.5825
30.3858	19.6227
30.3053	19.6630
30.2249	19.7032
30.1445	19.7032
30.0239	19.7032
29.9434	19.7434
29.8630	19.7836
29.7826	19.7836
29.7022	19.8238
29.5816	19.9042
29.5011	19.9444
29.4207	19.9846
29.3403	20.0248
29.2599	20.1053
29.1392	20.1455
29.0990	20.2661
29.0186	20.3063
28.8980	20.3867
28.8176	20.4672
28.7371	20.5476
28.6567	20.5476
28.5361	20.5476
28.4557	20.5476
28.3752	20.5476
28.2948	20.5878
28.2144	20.5878
28.1340	20.5878
28.0133	20.6280
27.9329	20.6280
27.8525	20.6280
27.7721	20.6280
27.6917	20.6280
27.6112	20.6280
27.5308	20.6280
27.4102	20.5878
27.3298	20.5476
27.2493	20.5476
27.1689	20.5074
27.0885	20.4672
26.9679	20.5074
26.9277	20.5878
26.8472	20.6280
26.7266	20.6280
26.6462	20.5878
26.5658	20.5878
26.4853	20.5878
26.4049	20.5878
26.3647	20.6280
26.3245	20.7084
26.3245	20.7888
26.4049	20.8693
26.5256	20.9095
26.6060	20.9497
26.6864	20.9899
26.7668	21.0301
26.8472	21.1105
26.9679	21.1105
27.0483	21.1910
27.1287	21.2312
27.2091	21.2714
27.3298	21.3518
27.4102	21.3518
27.4906	21.3920
27.5710	21.3920
27.6514	21.4322
27.7319	21.4322
27.8525	21.4322
27.9329	21.4322
28.0133	21.4322
28.0938	21.4322
28.1742	21.4322
28.2546	21.4724
28.3752	21.4724
28.4557	21.5126
28.5361	21.5126
28.6165	21.5126
28.6969	21.5528
28.6567	21.5528
28.5763	21.6333
28.5361	21.7137
28.4959	21.7941
28.4959	21.9147
28.5361	21.9147
28.5763	21.9952
28.5763	22.1158
28.4959	22.1158
28.4154	22.1158
28.3350	22.1560
28.2546	22.1962
28.2546	22.2766
28.2546	22.3571
28.3350	22.3973
28.2948	22.3973
28.2144	22.3973
28.1742	22.4777
28.1742	22.5581
28.2546	22.5983
28.3350	22.6787
28.2948	22.7190
28.1742	22.7592
28.0938	22.7994
28.1340	22.9200
28.1340	23.0004
28.1340	23.0808
28.1340	23.1613
28.1742	23.2015
28.1340	23.2819
28.0536	23.3623
28.0536	23.4427
28.0938	23.4427
28.2144	23.4830
28.2948	23.4830
28.3752	23.5232
28.3752	23.6036
28.2546	23.6840
28.2144	23.7644
28.2546	23.7644
28.2948	23.8448
28.2546	23.8851
28.2144	23.9655
28.1340	24.0861
28.1742	24.0861
28.2948	24.1263
28.3752	24.1665
28.3752	24.2470
28.3350	24.3274
28.2948	24.4078
28.2144	24.4882
28.1742	24.5686
28.2144	24.5686
28.2144	24.6491
28.2144	24.7295
28.1742	24.8501
28.1340	24.9305
28.1340	25.0110
28.2144	25.0512
28.2144	25.1316
28.2144	25.2120
28.1340	25.2924
28.1340	25.4131
28.0938	25.4935
28.1742	25.4935
28.1742	25.6141
28.1742	25.6945
28.1742	25.7750
28.1742	25.8554
28.1742	25.9358
28.1340	26.0564
28.1340	26.1369
28.1340	26.2173
28.1742	26.2977
28.2144	26.3781
28.2948	26.4987
28.3752	26.4987
28.3752	26.4183
28.4154	26.3379
28.4557	26.2575
28.4959	26.1771
28.4959	26.0966
28.5361	25.9760
28.5763	25.8956
28.5763	25.8152
28.5763	25.7347
28.5763	25.6543
28.5763	25.5739
28.5763	25.4533
28.6969	25.4935
28.7773	25.5739
28.8578	25.6141
28.9382	25.6543
28.9784	25.6141
29.0186	25.4935
29.0588	25.4131
29.1392	25.3729
29.2197	25.3729
29.3001	25.4131
29.3805	25.4533
29.5011	25.4935
29.5816	25.5739
29.6620	25.6141
29.7424	25.6945
29.8228	25.6141
29.8228	25.5337
29.8228	25.4533
29.7826	25.3729
29.7424	25.2924
29.6620	25.1718
29.5816	25.1316
29.5413	25.0512
29.4207	24.9707
29.3403	24.9305
29.2599	24.8501
29.1794	24.8099
29.0588	24.7295
28.9784	24.6491
28.9382	24.5686
28.8176	24.4882
28.8176	24.4078
28.8980	24.3274
28.9784	24.3274
29.0588	24.3274
29.0588	24.2067
28.9784	24.1665
28.9382	24.0861
28.8980	24.0057
28.8980	23.8851
28.9382	23.8448
29.0186	23.7644
29.0990	23.6840
29.0588	23.6438
28.9382	23.5634
28.8578	23.5232
28.8578	23.4427
28.8980	23.3221
28.9382	23.2417
28.9382	23.1613
28.9382	23.0808
28.8980	22.9602
28.8980	22.8798
28.8980	22.7994
28.9784	22.7994
29.0186	22.7592
29.0186	22.6787
29.0186	22.5581
29.0588	22.4777
29.1392	22.3973
29.2197	22.3973
29.3001	22.3973
29.3403	22.3168
29.4207	22.2364
29.4609	22.1560
29.5011	22.0756
29.5413	21.9952
29.5816	21.8745
29.5816	21.7941
29.6218	21.7137
29.6218	21.6333
29.6218	21.5528
29.6218	21.4322
29.6218	21.3518
29.6218	21.2714
29.6620	21.1910
29.7424	21.1105
29.8228	20.9899
29.9032	20.9095
29.9837	20.8693
30.0641	20.7486
30.1445	20.8291
30.1847	20.9095
30.1847	20.9899
30.2249	21.0703
30.3053	21.1507
30.3858	21.2714
30.4662	21.2714
30.5466	21.3518
30.6672	21.3920
30.7477	21.3920
30.8281	21.4322
30.9085	21.4322
30.9889	21.4724
31.0693	21.4724
31.1900	21.4322
31.2704	21.3920
31.3508	21.3518
31.4312	21.3116
31.5519	21.2714
31.6323	21.2312
31.7127	21.1910
31.7931	21.1910
31.8736	21.2312
31.9540	21.2312
32.0746	21.2312
32.1550	21.2312
32.2354	21.2312
32.3159	21.2312
32.3963	21.1910
32.5169	21.1105
32.5973	21.0703
32.6376	20.9899
32.7180	20.8693
32.7582	20.7888
32.7180	20.7084
32.6376	20.6682
32.5571	20.6682
32.4365	20.7084
32.3561	20.7084
32.2757	20.7084
32.1952	20.7084
32.1148	20.7486
32.0344	20.7486
31.9138	20.7888
31.8333	20.7888
31.7529	20.7888
31.6725	20.7888
31.5921	20.7888
31.5117	20.7486
31.3910	20.7486
31.3106	20.7486
31.2302	20.7084
31.1498	20.6280
31.0693	20.5476
31.0693	20.4672
31.1096	20.3867
31.1900	20.3867
31.2704	20.3867
31.3508	20.3465
31.4714	20.3063
31.5519	20.2661
31.6323	20.2661
31.7127	20.2661
31.7931	20.3063
31.7931	20.2661
31.9138	20.1857
31.9942	20.1857
32.0746	20.1857
32.1550	20.2259
32.2354	20.2259
32.2354	20.1455
32.3159	20.0651
32.3963	20.0248
32.4767	19.9444
32.5571	19.9444
32.6778	19.9444
32.6778	20.0248
32.6778	20.1053
32.6778	20.1857
32.7984	20.2259
32.8788	20.2259
32.9592	20.2259
32.9994	20.1455
33.0799	20.1455
33.1603	20.1455
33.2407	20.1053
33.3211	20.1053
33.4016	20.1053
33.5222	20.1053
33.6026	20.1053
33.6830	20.1053
33.7634	20.1455
33.8439	20.1455
33.9243	20.1455
34.0449	20.1455
34.1253	20.1455
34.2058	20.2259
34.2460	20.3063
34.3666	20.3063
34.4470	20.3063
34.5274	20.2661
34.6079	20.2661
34.6883	20.2661
34.8089	20.3867
34.8893	20.3867
34.9698	20.4672
35.0502	20.5074
35.1708	20.5476
35.2512	20.5476
35.3317	20.5878
35.4121	20.5878
35.4925	20.6280
35.5729	20.6682
35.6131	20.7486
35.6936	20.8291
35.7338	20.9497
35.8142	21.0301
35.8946	21.0703
35.9750	21.1507
36.0555	21.1910
36.1359	21.3116
36.1359	21.3920
36.0957	21.4724
36.0957	21.5528
36.0957	21.6333
35.9750	21.6735
35.8946	21.7137
35.8142	21.7539
35.7338	21.7941
35.6533	21.8745
35.5729	21.9550
35.5327	22.0354
35.5327	22.1158
35.4925	22.1962
35.4523	22.3168
35.4523	22.3973
35.4121	22.4777
35.4121	22.5581
35.3719	22.6385
35.3317	22.7592
35.3317	22.8396
35.3317	22.9200
35.3317	23.0004
35.3317	23.0808
35.3317	23.1613
35.3317	23.2417
35.3317	23.3623
35.3317	23.4427
35.3317	23.5232
35.3317	23.6036
35.3317	23.6840
35.3719	23.7644
35.4523	23.8851
35.4925	23.9655
35.5729	24.0459
35.6533	24.1263
35.7338	24.2470
35.7740	24.3274
35.8544	24.4078
35.8946	24.3676
35.8946	24.2872
35.8544	24.2067
35.8946	24.2470
35.9348	24.3274
36.0152	24.4078
36.0152	24.4882
36.0555	24.5686
36.0555	24.6491
36.0555	24.7295
36.0152	24.8099
35.9348	24.9305
35.8946	25.0110
35.8544	25.0914
35.8142	25.1718
35.8142	25.2924
35.7740	25.3729
35.7338	25.4533
35.6936	25.5337
35.6936	25.6141
35.6131	25.7347
35.5729	25.8152
35.5729	25.8956
35.5327	25.9760
35.4925	26.0564
35.4925	26.1369
35.4925	26.2575
35.4523	26.3379
35.4523	26.4183
35.4121	26.4987
35.4121	26.5792
35.4121	26.6596
35.4121	26.7802
35.4523	26.7802
35.5327	26.6998
35.6131	26.6194
35.6936	26.5390
35.7338	26.4585
35.8142	26.3379
35.8544	26.2575
35.9348	26.1771
35.9750	26.0966
36.0152	25.9760
36.0152	25.8956
36.0957	25.8152
36.1359	25.7347
36.1359	25.6543
36.1761	25.5337
36.2163	25.4533
36.2565	25.3729
36.2967	25.2924
36.3369	25.2120
36.3771	25.0914
36.4173	25.0110
36.4576	24.9305
36.4978	24.8501
36.5782	24.8099
36.6586	24.8099
36.7390	24.8501
36.8195	24.8903
36.9401	24.8903
37.0205	24.9305
37.1009	24.9707
37.1813	25.0512
37.1813	25.1316
37.1813	25.2120
37.2618	25.2924
37.2618	25.4131
37.3020	25.4935
37.3020	25.5739
37.3422	25.6543
37.3824	25.7347
37.4226	25.8554
37.4628	25.9358
37.5030	26.0162
37.5030	26.0966
37.5432	26.1771
37.6237	26.2977
37.5432	26.3781
37.5432	26.4585
37.5030	26.5390
37.4628	26.6194
37.4226	26.7400
37.4226	26.8204
37.3020	26.8606
37.2618	26.9411
37.2216	27.0215
37.2216	27.1019
37.2216	27.1823
37.1411	27.2627
37.0607	27.3030
36.9401	27.3834
36.8597	27.4236
36.7792	27.5040
36.6988	27.5844
36.6184	27.5844
36.5380	27.6246
36.5380	27.7051
36.4978	27.7855
36.4173	27.8659
36.3369	27.8659
36.2565	27.8659
36.1761	27.8659
36.1761	27.9463
36.1761	28.0670
36.0555	28.1072
35.9750	28.1072
35.8946	28.1072
35.8142	28.1072
35.8142	28.1474
35.8142	28.2680
35.8142	28.3484
35.7740	28.3484
35.6936	28.3484
35.6131	28.3484
35.5327	28.3886
35.5327	28.4691
35.4925	28.5495
35.4121	28.5495
35.3317	28.5897
35.2512	28.5897
35.1306	28.6701
35.0502	28.7103
34.9698	28.7505
34.8893	28.8310
34.7687	28.8310
34.6883	28.8310
34.6079	28.8310
34.6079	28.9516
34.5677	28.9918
34.5274	29.0722
34.4470	29.0722
34.3666	29.0722
34.4068	29.1124
34.3666	29.1124
34.2460	29.1124
34.2862	29.1929
34.2460	29.1929
34.1656	29.1929
34.0449	29.1526
34.0047	29.1929
33.9243	29.1929
33.8439	29.1929
33.7232	29.1929
33.6428	29.1929
33.5624	29.1929
33.5624	29.2733
33.5624	29.3537
33.4820	29.3537
33.4016	29.3537
33.2809	29.3537
33.2809	29.3939
33.2809	29.4743
33.2407	29.4743
33.1603	29.4743
33.0799	29.3939
33.0799	29.4743
33.0799	29.5547
32.9592	29.5547
32.8788	29.5547
32.7984	29.5547
32.7180	29.5547
32.6376	29.5547
32.6376	29.6754
32.6376	29.7558
32.6778	29.8362
32.6376	29.8362
32.5571	29.8362
32.4365	29.8362
32.3561	29.8362
32.3159	29.9166
32.2354	29.9569
32.2757	29.9971
32.2757	30.0775
32.3963	30.1177
32.4767	30.1177
32.5571	30.0775
32.6376	30.0373
32.7180	30.0373
32.8386	30.0373
32.9190	29.9569
32.9592	30.0373
32.9592	30.1177
33.0397	30.1177
33.0799	30.0373
33.2005	29.9569
33.2809	29.9166
33.3613	29.9166
33.4016	29.9569
33.4418	29.9166
33.5222	29.8362
33.6428	29.8362
33.7232	29.8362
33.7634	29.7960
33.8439	29.8362
33.8841	29.9166
33.9243	29.8764
34.0047	29.7960
34.0449	29.8362
34.0851	29.7960
34.0851	29.6754
34.1656	29.7558
34.2460	29.7558
34.3264	29.7156
34.3264	29.6352
34.4470	29.6352
34.4470	29.7156
34.4872	29.6754
34.5274	29.5950
34.6079	29.5547
34.6883	29.5950
34.7687	29.5950
34.8089	29.5145
34.8893	29.4341
34.9698	29.3537
35.0502	29.3537
35.1306	29.3135
35.2110	29.3135
35.3317	29.2733
35.4121	29.2331
35.4925	29.2331
35.5729	29.1124
35.6936	29.1124
35.7740	29.0320
35.8142	28.9516
35.8946	28.8712
35.9750	28.7907
36.0555	28.7505
36.1359	28.6299
36.2163	28.6299
36.2967	28.5495
36.3771	28.5093
36.4978	28.4289
36.5782	28.3886
36.6586	28.3886
36.7390	28.3484
36.8195	28.3082
36.9401	28.2680
36.9803	28.1876
37.0607	28.1474
37.1813	28.0670
37.2618	28.0267
37.3422	27.9463
37.4226	27.9061
37.5432	27.8257
37.6237	27.7855
37.7041	27.7051
37.7845	27.6649
37.9051	27.5844
37.9051	27.6246
37.9051	27.7453
37.9051	27.8257
37.9051	27.9061
37.9856	27.9061
38.0660	27.9463
38.0660	28.0267
38.0258	28.1072
38.0258	28.1876
38.0258	28.3082
37.9856	28.3886
38.0258	28.4289
38.1062	28.5093
38.1062	28.5897
38.0258	28.5897
38.0258	28.6299
38.0660	28.7103
38.0660	28.7907
38.1062	28.8310
38.1464	28.9114
38.1062	28.9918
38.0660	29.1124
38.1062	29.1124
38.2268	29.1526
38.3072	29.1526
38.2268	29.2331
38.2268	29.3135
38.2268	29.3939
38.2670	29.4341
38.3072	29.5145
38.3072	29.5950
38.3072	29.6754
38.3877	29.7960
38.4681	29.7960
38.5485	29.7960
38.6289	29.7960
38.6691	29.8362
38.6691	29.9166
38.7093	29.9971
38.7496	30.1177
38.7496	30.1981
38.7898	30.2785
38.8702	30.3187
38.9506	30.3590
39.0712	30.3992
39.1517	30.4796
39.1919	30.5600
39.2321	30.6806
39.2321	30.7611
39.2321	30.8415
39.1919	30.9219
39.1517	31.0023
39.1115	31.1230
39.0712	31.2034
39.0712	31.2838
39.0310	31.3642
39.0310	31.4446
39.0310	31.5251
39.0310	31.6457
38.9908	31.7261
38.9104	31.8065
38.8702	31.8870
38.7898	32.0076
38.7898	32.0880
38.7496	32.1684
38.7496	32.2489
38.7496	32.3293
38.7496	32.4097
38.7496	32.5303
38.7093	32.6107
38.6289	32.6107
38.5485	32.7314
38.5887	32.8118
38.5887	32.8922
38.5887	32.9726
38.5887	33.0531
38.5485	33.1737
38.5485	33.2541
38.5083	33.3345
38.4681	33.4150
38.3877	33.4552
38.3072	33.4954
38.2268	33.4954
38.1062	33.5758
38.0258	33.5758
37.9453	33.5758
37.8649	33.5758
37.8247	33.4954
37.7845	33.4150
37.7041	33.4150
37.6237	33.4954
37.5432	33.4954
37.4628	33.4954
37.4226	33.4150
37.3422	33.4150
37.2618	33.4150
37.1813	33.4150
37.0607	33.4150
36.9803	33.4150
36.8999	33.4150
36.8195	33.4150
36.7390	33.3747
36.6586	33.2943
36.5782	33.2541
36.4978	33.2139
36.4173	33.1335
36.3771	33.0531
36.2967	32.9726
36.2163	32.9726
36.1359	32.9324
36.0555	32.8922
35.9348	32.8520
35.8946	32.8922
35.8946	32.9726
36.0152	33.0531
36.0555	33.1335
36.1359	33.1737
36.2163	33.2943
36.2565	33.3747
36.2565	33.4552
36.2163	33.4552
36.1359	33.5356
36.0555	33.5758
35.9750	33.6562
35.9348	33.7366
35.8946	33.8573
35.8946	33.9377
35.9348	34.0181
36.0152	34.0181
36.1359	34.0985
36.2163	34.0985
36.2967	34.0985
36.3771	34.0583
36.4576	34.0181
36.5782	34.0181
36.6586	33.9779
36.7390	33.9377
36.8195	33.9377
36.8999	33.9377
36.9803	33.9377
37.1009	33.9377
37.1813	33.8975
37.2618	33.8975
37.3422	33.9377
37.4226	34.0181
37.4628	34.0985
37.5432	34.1387
37.6639	34.1387
37.7443	34.0985
37.8247	34.0583
37.9051	34.0181
37.9856	34.0181
38.1062	34.0181
38.1866	34.0181
38.2670	34.0583
38.3475	34.0985
38.4279	34.0985
38.4279	34.2192
38.3475	34.2594
38.3072	34.3398
38.2268	34.4202
38.1464	34.5006
38.1062	34.5811
38.1062	34.6615
38.0660	34.7821
37.9856	34.8223
37.8649	34.9027
37.7845	35.0234
37.7041	35.0636
37.6237	35.1440
37.5432	35.2244
37.5030	35.3049
37.4226	35.4255
37.3824	35.5059
37.3020	35.5863
37.2618	35.6667
37.2216	35.7472
37.1813	35.8678
37.1411	35.9482
37.1009	36.0286
37.0607	36.1091
37.0607	36.1895
37.1411	36.2699
37.2216	36.3101
37.3020	36.3101
37.3824	36.2297
37.4226	36.1493
37.5432	36.1091
37.6237	36.1091
37.7041	36.1493
37.7845	36.1493
37.9051	36.1091
37.9453	35.9884
38.0258	35.9482
38.1062	35.8678
38.1866	35.7874
38.2670	35.7070
38.3475	35.6667
38.4279	35.6265
38.4279	35.6667
38.4279	35.7472
38.4279	35.8276
38.4279	35.9080
38.4279	35.9884
38.4279	36.1091
38.4681	36.0286
38.5485	36.0286
38.5887	36.0689
38.5887	36.1493
38.5887	36.2297
38.6289	36.2699
38.6691	36.3503
38.6691	36.3101
38.6691	36.3503
38.6691	36.4307
38.6691	36.5112
38.6691	36.6318
38.6289	36.7122
38.6289	36.7926
38.6289	36.8731
38.7093	36.9133
38.7898	36.9133
38.8702	36.9133
38.9506	36.9535
39.0310	36.9535
39.0310	36.8731
39.0712	36.7926
39.1115	36.6720
39.1517	36.5916
39.2321	36.5112
39.3125	36.4710
39.3929	36.3905
39.3929	36.3101
39.3929	36.1895
39.3125	36.1493
39.1919	36.0689
39.1115	36.0689
39.1115	35.9884
39.1115	35.8678
39.1517	35.7874
39.1517	35.7070
39.2321	35.6667
39.3527	35.7472
39.4331	35.7874
39.5136	35.8678
39.6342	35.9080
39.7146	35.9482
39.7548	36.0286
39.8352	36.1091
39.9559	36.1091
39.9559	36.0286
39.9559	35.9482
39.9559	35.8678
39.8755	35.8276
39.8352	35.7070
39.7548	35.6667
39.6744	35.5863
39.6342	35.4657
39.5538	35.3853
39.4733	35.3049
39.3929	35.2244
39.3527	35.1038
39.3929	35.1038
39.4331	34.9832
39.3929	34.9832
39.3527	34.8625
39.2723	34.7821
39.2723	34.7017
39.2723	34.6213
39.2723	34.5409
39.2723	34.4604
39.2723	34.3398
39.3125	34.2594
39.3125	34.1790
39.3125	34.0985
39.3929	34.0985
39.4331	34.1790
39.4733	34.1387
39.5136	34.0583
39.5538	33.9377
39.5538	33.8573
39.5538	33.8975
39.6744	33.9377
39.7548	33.9779
39.8352	33.9779
39.8755	33.8975
39.8755	33.8171
39.8755	33.6964
39.8755	33.6160
39.8755	33.5356
39.9961	33.4954
40.0765	33.4954
40.1167	33.4150
40.1167	33.3345
40.1167	33.2541
40.1569	33.1737
40.1971	33.0531
40.2776	33.0531
40.3178	32.9324
40.4384	32.8520
40.4384	32.7716
40.4786	32.6912
40.4786	32.7314
40.4786	32.8118
40.5188	32.8922
40.5590	32.9726
40.5590	33.0933
40.5590	33.1737
40.6395	33.2139
40.7199	33.2139
40.8003	33.2541
40.8807	33.2943
40.9611	33.3747
41.0013	33.4552
41.1220	33.4954
41.2024	33.4954
41.2024	33.4552
41.1622	33.3345
41.1622	33.2541
41.1622	33.1737
41.1220	33.0933
41.0818	33.0129
41.0416	32.9324
41.0416	32.8118
41.0013	32.7314
40.9611	32.6510
40.9209	32.5705
40.9209	32.4901
40.9209	32.3695
40.8807	32.2891
40.8807	32.2086
40.8405	32.1282
40.8003	32.0478
40.8003	31.9674
40.7601	31.8467
40.7199	31.7663
40.7199	31.6859
40.7199	31.6055
40.7199	31.5251
40.6797	31.4044
40.6797	31.3240
40.6797	31.2436
40.6395	31.1632
40.5992	31.0827
40.5992	31.0023
40.5590	30.8817
40.5188	30.8013
40.4786	30.7209
40.4786	30.6404
40.4384	30.5600
40.3982	30.4394
40.3580	30.3590
40.3178	30.2785
40.3580	30.2785
40.4384	30.2785
40.5188	30.2785
40.6395	30.3187
40.7199	30.3187
40.8003	30.3590
40.8807	30.3992
40.9611	30.3992
41.0818	30.4394
41.0818	30.5198
41.2024	30.5600
41.2828	30.5600
41.3632	30.4796
41.4437	30.4394
41.5241	30.4394
41.5643	30.5198
41.6447	30.5198
41.7653	30.5198
41.8458	30.5198
41.9262	30.6404
42.0066	30.6404
42.0870	30.6404
42.1675	30.7611
42.2479	30.7611
42.3283	30.7611
42.3685	30.8415
42.4489	30.9219
42.5293	30.8817
42.6098	30.8415
42.6902	30.8415
42.7304	30.8817
42.8108	30.9621
42.8912	31.0023
42.9717	31.0023
43.0119	31.0425
43.0923	31.0827
43.2129	31.0827
43.2129	31.1632
43.2129	31.2436
43.2933	31.2436
43.3738	31.2436
43.4542	31.2436
43.4542	31.2838
43.4542	31.3642
43.4944	31.3642
43.5748	31.3642
43.5748	31.4044
43.5748	31.5251
43.6552	31.5251
43.7759	31.4849
43.7759	31.5251
43.7759	31.6055
43.8563	31.6457
43.9367	31.7261
44.0171	31.8065
44.0171	31.8870
44.0976	31.9272
44.2182	31.9272
44.2986	31.9674
44.3790	31.9674
44.3388	31.9674
44.2584	32.0478
44.2182	32.1282
44.1378	32.2086
44.1378	32.2891
44.1780	32.2891
44.1780	32.3695
44.1780	32.4499
44.2182	32.4499
44.2182	32.5303
44.2986	32.5705
44.2986	32.6510
44.2986	32.7314
44.2584	32.8118
44.2584	32.9324
44.2986	32.9324
44.2986	32.9726
44.2986	33.0531
44.3388	33.0531
44.4192	33.0129
44.3790	33.0531
44.3388	33.1335
44.2986	33.2139
44.3388	33.2139
44.4192	33.1737
44.4595	33.2541
44.4595	33.3345
44.4595	33.4150
44.4997	33.4150
44.4997	33.4954
44.4997	33.5758
44.4997	33.6562
44.5801	33.6562
44.5801	33.7769
44.5801	33.8573
44.5801	33.9377
44.7007	33.9779
44.7811	33.9779
44.8213	34.0181
44.8213	34.0985
44.8213	34.1790
44.9018	34.1790
45.0224	34.1790
45.0224	34.2594
45.0224	34.3398
45.1430	34.3800
45.1430	34.4604
45.2235	34.5006
45.2637	34.5811
45.3441	34.6213
45.3441	34.5811
45.3441	34.4604
45.3441	34.3800
45.3441	34.2996
45.3441	34.2192
45.3441	34.1387
45.3441	34.0583
45.3039	34.0583
45.2235	34.0985
45.2235	34.0583
45.2637	34.0181
45.2235	33.9779
45.1430	33.9779
45.1430	33.8975
45.1430	33.8171
45.1430	33.7366
45.0224	33.6562
44.9822	33.5758
44.9822	33.4954
44.9822	33.4150
44.9420	33.2943
44.9018	33.2139
44.9018	33.1335
44.8213	33.0933
44.7409	32.9726
44.7409	32.8922
44.7409	32.8118
44.7409	32.7314
44.7811	32.6510
44.7811	32.5303
44.8213	32.4499
44.8616	32.4901
44.8616	32.6107
44.8616	32.6912
44.8616	32.7716
44.9018	32.8520
44.9822	32.9324
45.0626	33.0129
45.0626	33.0933
45.0626	33.1737
45.1430	33.2541
45.1430	33.3345
45.1028	33.4150
45.1430	33.4954
45.2235	33.4954
45.3441	33.5356
45.3441	33.6160
45.3441	33.6964
45.3441	33.8171
45.3843	33.8171
45.4245	33.8975
45.4245	33.9779
45.4647	33.9779
45.5451	34.0181
45.5853	34.0985
45.5853	34.1790
45.5853	34.2594
45.5853	34.3398
45.6256	34.3800
45.6658	34.4604
45.7462	34.5811
45.7462	34.6615
45.7060	34.7419
45.7060	34.8223
45.7864	34.8625
45.8668	34.8625
45.9472	34.9027
46.0277	34.9027
46.1081	35.0234
46.1885	35.0636
46.2287	35.1440
46.3091	35.2244
46.3896	35.2646
46.4298	35.3451
46.4298	35.4255
46.4700	35.5059
46.4700	35.5863
46.4700	35.6667
46.5906	35.7874
46.6710	35.7874
46.7515	35.7874
46.8319	35.7874
46.8721	35.9080
46.9927	35.9884
47.0731	35.9482
47.1133	35.8678
47.0731	35.7874
47.0329	35.7070
47.0329	35.6265
46.9525	35.5059
46.9525	35.4255
46.8721	35.3451
46.8721	35.2646
46.9123	35.1842
46.8319	35.1842
46.8319	35.0636
46.8319	34.9832
46.8319	34.9027
46.7515	34.8625
46.6710	34.7821
46.6710	34.7017
46.6308	34.6213
46.6308	34.5006
46.5906	34.4202
46.5102	34.3398
46.4298	34.2594
46.3493	34.1790
46.3493	34.0985
46.3493	34.0181
46.4298	33.8975
46.5102	33.8573
46.5906	33.8171
46.5906	33.7366
46.6308	33.6562
46.5906	33.6160
46.4700	33.5758
46.3896	33.5758
46.3493	33.4954
46.3493	33.3747
46.3896	33.2943
46.3493	33.2541
46.3493	33.1737
46.2689	33.1335
46.1483	33.1335
46.1483	33.0531
46.1885	32.9324
46.1483	32.9324
46.1081	32.8520
46.1081	32.7716
46.1081	32.6912
46.0277	32.5705
45.9875	32.4901
45.9875	32.4097
45.9875	32.3293
46.0679	32.2489
46.1483	32.2489
46.2287	32.2086
46.3493	32.2086
46.4298	32.2086
46.5102	32.2489
46.5906	32.2891
46.6710	32.3293
46.7917	32.3695
46.8319	32.4499
46.9123	32.5705
46.9927	32.5705
47.0731	32.6107
47.1536	32.6107
47.2340	32.6510
47.3144	32.7314
47.3546	32.8118
47.3948	32.8922
47.4752	32.9324
47.5557	32.9324
47.6763	32.9324
47.7165	33.0129
47.7969	33.0129
47.8773	33.0531
47.9980	33.0933
48.0784	33.1335
48.1588	33.1335
48.1588	33.0933
48.0784	33.0129
47.9980	32.9324
47.8773	32.8520
47.8371	32.7716
47.7567	32.6912
47.6763	32.6912
47.5557	32.6107
47.4752	32.5705
47.3948	32.5705
47.3144	32.4901
47.1938	32.4499
47.1133	32.3695
47.1133	32.2891
47.1536	32.2489
47.2742	32.2086
47.1938	32.1282
47.1133	32.1282
47.0329	32.1282
47.0329	32.0880
47.0731	32.0076
46.9927	32.0076
46.9123	32.0076
46.8319	32.0076
46.7515	32.0076
46.7515	31.9674
46.8319	31.8870
46.7917	31.8467
46.7112	31.8467
46.5906	31.8467
46.5102	31.8467
46.5102	31.7663
46.5504	31.7663
46.5906	31.6457
46.6710	31.6457
46.7515	31.6457
46.7515	31.5653
46.7515	31.4849
46.6710	31.4044
46.5906	31.3642
46.5102	31.3642
46.4298	31.3642
46.3493	31.3642
46.2689	31.3642
46.1885	31.3642
46.0679	31.3240
45.9875	31.3240
45.9070	31.3240
45.8266	31.2838
45.7462	31.2838
45.7060	31.2034
45.7060	31.1230
45.7060	31.0023
45.7864	30.9219
45.8266	30.8415
45.9472	30.8013
46.0277	30.7611
46.1081	30.7209
46.1885	30.6404
46.2689	30.5600
46.3493	30.5198
46.4298	30.5198
46.5102	30.5198
46.6308	30.5600
46.6710	30.6404
46.7515	30.6404
46.8319	30.7209
46.9525	30.6806
47.0329	30.6404
47.0731	30.7209
47.1938	30.7209
47.2742	30.7209
47.3546	30.7209
47.3948	30.8415
47.4752	30.8415
47.5557	30.8415
47.6361	30.8415
47.6361	30.8817
47.6763	30.9621
47.7567	30.9621
47.8371	30.9621
47.8773	31.0023
47.9578	31.0827
48.0382	31.0827
48.1186	31.1632
48.1186	31.2436
48.0784	31.3240
48.1588	31.3240
48.0784	31.4044
48.1186	31.4044
48.1186	31.5251
48.1186	31.6055
48.2392	31.6055
48.2795	31.6859
48.3599	31.6859
48.4403	31.7663
48.5207	31.8065
48.6011	31.8467
48.6413	31.9674
48.7218	31.9674
48.8022	32.0478
48.8826	32.0478
49.0032	32.0880
49.0837	32.0478
49.0837	31.9674
49.0837	31.8870
49.0435	31.8065
48.9630	31.7663
48.9228	31.6859
49.0032	31.6859
49.0837	31.6859
49.1641	31.7261
49.2445	31.7663
49.3651	31.8065
49.4456	31.8870
49.4858	31.9674
49.6064	31.9272
49.6466	31.8467
49.7270	31.8065
49.8075	31.8065
49.9281	31.8065
50.0085	31.8065
50.0889	31.7663
50.1693	31.7261
50.2498	31.6457
50.2096	31.5653
50.1291	31.5251
50.0487	31.4849
49.9683	31.4446
49.8477	31.4446
49.7672	31.3642
49.6868	31.3240
49.6064	31.2838
49.5260	31.2436
49.4053	31.2436
49.3249	31.2034
49.2847	31.1230
49.3249	31.0827
49.3651	30.9621
49.4858	30.9621
49.5662	30.9219
49.6466	30.8415
49.7270	30.7611
49.8075	30.7209
49.8477	30.6404
49.8879	30.5198
49.8879	30.4394
49.9281	30.4394
50.0487	30.4394
50.1291	30.4394
50.2096	30.4394
50.2900	30.4394
50.3704	30.4394
50.4508	30.4394
50.5312	30.3992
50.5312	30.2785
50.5312	30.1981
50.4910	30.1177
50.4106	30.1177
50.3302	30.1579
50.2498	30.1579
50.1693	30.1579
50.0889	30.1579
49.9683	30.1177
49.8879	30.1177
49.8075	30.1177
49.7270	30.0775
49.6466	30.0373
49.5662	30.0373
49.4456	29.9971
49.4053	29.9166
49.4456	29.8764
49.5260	29.8362
49.6064	29.7558
49.6466	29.6754
49.7270	29.5950
49.8075	29.5145
49.8879	29.4743
49.9683	29.3537
50.0085	29.2733
50.0889	29.1929
50.1693	29.1124
50.1291	29.0320
50.0487	28.9918
49.9281	28.9918
49.8879	29.0722
49.8075	29.1929
49.6868	29.2331
49.6064	29.3135
49.5260	29.3939
49.4456	29.4743
49.3249	29.5547
49.2445	29.5950
49.1641	29.7156
49.0837	29.7156
49.0032	29.7960
48.9228	29.8362
48.8424	29.7960
48.7218	29.7558
48.6413	29.7156
48.6011	29.6352
48.4805	29.5547
48.4001	29.5950
48.3197	29.6754
48.2795	29.7558
48.2392	29.8362
48.1186	29.8362
48.0382	29.8362
47.9578	29.8362
47.9176	29.8764
47.8371	29.8362
47.7567	29.8362
47.6763	29.8362
47.5557	29.7558
47.4752	29.7558
47.3948	29.7558
47.3144	29.7156
47.2742	29.6352
47.1938	29.5950
47.1133	29.5950
47.0731	29.5145
46.9927	29.4743
46.9123	29.4743
46.8319	29.4743
46.7112	29.4341
46.6308	29.3939
46.6308	29.3135
46.5504	29.2331
46.4700	29.1929
46.3493	29.1526
46.3493	29.0722
46.3091	28.9516
46.2689	28.8712
46.1885	28.8712
46.1081	28.8712
46.0277	28.8712
45.9472	28.8310
45.9472	28.7505
45.9472	28.6299
45.9472	28.5495
45.8668	28.5495
45.7864	28.5495
45.7060	28.5495
45.6256	28.5093
45.5049	28.4691
45.4245	28.4289
45.3843	28.3484
45.3039	28.3082
45.1832	28.3082
45.1028	28.3082
45.0224	28.2680
44.9420	28.2278
44.8616	28.2278
44.7811	28.2278
44.6605	28.1474
44.5801	28.1072
44.4997	28.1072
44.4997	28.0267
44.5399	27.9865
44.5801	27.9061
44.5399	27.9061
44.4595	27.9061
44.3388	27.9463
44.2584	27.9463
44.1780	27.9463
44.2182	28.0267
44.2182	28.1072
44.2584	28.1876
44.2986	28.2680
44.2986	28.3886
44.2986	28.4691
44.2986	28.5495
44.2986	28.5093
44.2584	28.3886
44.1780	28.3484
44.1780	28.2680
44.1378	28.1876
44.0976	28.0670
44.0573	27.9865
43.9769	27.9463
43.8965	27.8659
43.8965	27.7855
43.8161	27.7051
43.7357	27.6246
43.6552	27.5442
43.6150	27.4638
43.6150	27.3834
43.5346	27.3834
43.4542	27.3834
43.4140	27.3030
43.4140	27.2225
43.3738	27.1421
43.3336	27.0215
43.2531	26.9411
43.2933	26.9411
43.3738	26.9009
43.4944	26.8606
43.5748	26.8606
43.6552	26.8606
43.7357	26.8606
43.8161	26.8606
43.8965	26.8204
44.0171	26.8204
44.0976	26.8204
44.1780	26.8204
44.2584	26.8204
44.3388	26.8204
44.3790	26.6998
44.4595	26.6596
44.5399	26.6596
44.6605	26.6194
44.7409	26.5792
44.8213	26.5390
44.9018	26.4585
44.9822	26.3781
45.0626	26.3379
45.1430	26.3379
45.2235	26.3379
45.3039	26.2575
45.3843	26.1771
45.4647	26.1771
45.5451	26.1771
45.6256	26.1771
45.7462	26.1771
45.8266	26.1369
45.9070	26.0966
45.9875	26.0966
46.0679	26.0564
46.1081	25.9760
46.1483	25.8956
46.2287	25.8554
46.3091	25.8554
46.3896	25.8554
46.5102	25.7750
46.5504	25.6945
46.5906	25.6141
46.6710	25.5337
46.7515	25.5337
46.8319	25.4935
46.9525	25.4131
46.9927	25.2924
46.9927	25.2120
47.0329	25.1316
47.0731	25.0512
47.1133	24.9707
47.1938	24.8903
47.3144	24.8501
47.3948	24.8099
47.4350	24.7295
47.3948	24.7295
47.3144	24.7697
47.3144	24.7295
47.3948	24.6089
47.4350	24.5284
47.4350	24.4480
47.4350	24.3676
47.4350	24.2872
47.4350	24.1665
47.3546	24.1665
47.2742	24.2470
47.1938	24.2872
47.1133	24.3274
47.0329	24.4078
46.9123	24.4882
46.8721	24.5686
46.7917	24.6491
46.6710	24.6893
46.6308	24.7697
46.5504	24.8501
46.4700	24.8501
46.4700	24.8099
46.4700	24.6893
46.4700	24.6089
46.4700	24.5284
46.4700	24.4480
46.5102	24.3676
46.5102	24.2872
46.4298	24.2067
46.4298	24.1263
46.4298	24.0459
46.3896	23.9655
46.3091	23.8448
46.3091	23.7644
46.2287	23.8046
46.1885	23.8851
46.1483	23.9655
46.1081	24.0459
46.1081	24.1263
46.1081	24.2470
46.1081	24.3274
46.0679	24.4078
46.0679	24.4882
46.0679	24.5686
46.0277	24.6491
46.0277	24.7697
46.0277	24.8501
46.0277	24.9305
46.0277	24.8903
46.0277	24.8099
45.9875	24.6893
45.9472	24.6089
45.8668	24.5284
45.8266	24.5686
45.8266	24.6491
45.8266	24.7295
45.7864	24.8501
45.7462	24.9305
45.7462	25.0110
45.7060	25.0914
45.6658	25.1718
45.6658	25.2522
45.6658	25.3729
45.6658	25.4533
45.6256	25.4935
45.5049	25.5739
45.4245	25.5739
45.3441	25.6141
45.3441	25.5337
45.3039	25.6141
45.1832	25.6141
45.1832	25.5739
45.1430	25.5739
45.0626	25.6543
44.9822	25.7347
44.9822	25.6543
44.9420	25.6945
44.8616	25.7750
44.7811	25.8554
44.7007	25.9358
44.6203	25.9760
44.6203	25.9358
44.5801	25.9358
44.4997	25.9760
44.4192	26.0564
44.3388	26.0966
44.2986	26.0564
44.2182	26.0564
44.1378	26.0966
44.0171	26.1369
43.9367	26.1771
43.8563	26.2173
43.7759	26.2173
43.6955	26.2173
43.6150	26.2173
43.4944	26.2173
43.4140	26.2173
43.3336	26.1771
43.2531	26.1771
43.1727	26.2173
43.0521	26.2173
42.9717	26.2173
42.8912	26.2173
42.8108	26.2173
42.7304	26.2173
42.6500	26.1369
42.5696	26.0564
42.5293	25.9760
42.4087	25.9358
42.3283	25.9358
42.2479	25.8956
42.1675	25.8152
42.0870	25.7347
42.0066	25.6945
41.9262	25.6945
41.8458	25.6945
41.7653	25.6945
41.6447	25.6945
41.5643	25.6543
41.4839	25.6141
41.4035	25.6141
41.3230	25.5739
41.2426	25.5739
41.1220	25.5739
41.0416	25.5739
40.9611	25.5739
40.8807	25.5337
40.8003	25.4533
40.6797	25.4533
40.5992	25.4131
40.5188	25.3729
40.4384	25.3326
40.3580	25.3326
40.2373	25.2522
40.1569	25.2522
40.0765	25.2522
39.9961	25.2522
39.9157	25.2522
39.8352	25.2120
39.7146	25.2120
39.6342	25.2120
39.5538	25.1718
39.4733	25.1718
39.3929	25.1718
39.3527	25.2120
39.3125	25.1718
39.2321	25.0914
39.1517	25.0110
39.0712	24.9707
38.9506	24.8903
38.9104	24.8099
38.8300	24.7295
38.7898	24.6089
38.7898	24.5284
38.7898	24.4480
38.7898	24.3676
38.7898	24.2872
38.7898	24.2067
38.7898	24.1263
38.7898	24.0057
38.8300	23.9253
38.8702	23.8448
38.8702	23.7644
38.9104	23.6840
38.9908	23.6036
39.0310	23.5232
39.1115	23.4427
39.1517	23.3221
39.1517	23.2417
39.1919	23.1613
39.2321	23.0808
39.2321	23.0004
39.2321	22.9200
39.1919	22.7994
39.1919	22.7190
39.1919	22.6385
39.1517	22.5581
39.1517	22.4777
39.1115	22.3973
39.1115	22.2766
39.1517	22.1962
39.1517	22.1158
39.1517	22.0354
39.1517	21.9550
39.1919	21.8343
39.1919	21.7539
39.1919	21.6735
39.1919	21.5931
39.1919	21.5126
39.1919	21.4322
39.1919	21.3518
39.1919	21.2312
39.1919	21.1507
39.1919	21.0703
39.1517	20.9899
39.1115	20.9095
39.0712	20.8291
39.0712	20.7084
39.0310	20.6280
38.9908	20.5476
38.9506	20.4672
38.8702	20.3465
38.8300	20.2661
38.8300	20.1857
38.8300	20.1053
38.7898	20.0248
38.7898	19.9444
38.7898	19.8238
38.7496	19.7434
38.7496	19.6630
38.7496	19.5825
38.7496	19.5021
38.7093	19.4217
38.6691	19.3011
38.6289	19.2206
38.5485	19.1402
38.4681	19.0598
38.3877	18.9794
38.3877	18.8990
38.4681	18.8587
38.5887	18.8185
38.6691	18.7381
38.7496	18.6979
38.8300	18.6175
38.9104	18.5371
38.9506	18.4566
39.0310	18.3762
39.1115	18.3762
39.1919	18.3762
39.2723	18.2958
39.3527	18.2556
39.3929	18.1350
39.3929	18.0545
39.5136	18.0143
39.5940	18.0143
39.6744	17.9339
39.7548	17.8937
39.8352	17.8535
39.9157	17.8535
39.9961	17.7731
40.0765	17.7328
40.1569	17.7328
40.2373	17.7328
40.2776	17.6524
40.3580	17.6524
40.4786	17.6122
40.5590	17.6524
40.5992	17.5720
40.5992	17.4916
40.6797	17.4112
40.7601	17.3710
40.8405	17.3710
40.9209	17.3307
41.0416	17.2905
41.1220	17.2503
41.2024	17.2101
41.2828	17.1699
41.4035	17.0895
41.4437	17.0091
41.5241	17.0091
41.5643	17.0493
41.6045	17.1297
41.6849	17.1699
41.7653	17.1699
41.8056	17.0895
41.8458	17.0091
41.9664	16.9688
42.0468	16.9286
42.1272	16.8884
42.2077	16.8884
42.2881	16.8482
42.4087	16.8080
42.4891	16.8080
42.5696	16.8080
42.6500	16.8080
42.7304	16.8080
42.8108	16.8080
42.8912	16.8080
43.0119	16.8080
43.0521	16.8884
43.1325	16.9688
43.2129	16.9688
43.2129	16.8884
43.3336	16.8482
43.4140	16.8482
43.4944	16.8482
43.5748	16.8482
43.6552	16.8482
43.7357	16.8482
43.8563	16.8482
43.9367	16.8884
44.0171	16.8884
44.0976	16.8080
44.2182	16.7678
44.2986	16.7678
44.3790	16.7678
44.4595	16.7678
44.5399	16.7678
44.5399	16.6472
44.4595	16.6472
44.4192	16.5667
44.3388	16.5667
44.2182	16.5265
44.1378	16.5265
44.0573	16.4863
43.9769	16.4461
43.8965	16.4461
43.8965	16.3657
43.9367	16.2853
43.9769	16.2048
43.9769	16.0842
43.8965	16.0842
43.8161	16.0842
43.6955	16.0842
43.6150	16.1646
43.5748	16.2451
43.4542	16.2853
43.3738	16.4059
43.2933	16.4059
43.2129	16.3255
43.2531	16.2451
43.2933	16.1646
43.3738	16.0842
43.4140	15.9636
43.4542	15.8832
43.5346	15.8027
43.5346	15.7223
43.5748	15.6419
43.5346	15.6419
43.4542	15.6419
43.3738	15.6821
43.3336	15.7625
43.2531	15.8430
43.1727	15.9636
43.0923	16.0038
43.0119	16.0842
42.9717	16.2048
42.8912	16.2048
42.7706	16.1646
42.6902	16.1244
42.6098	16.1244
42.5696	16.2048
42.5696	16.2853
42.6098	16.3657
42.5293	16.4461
42.4489	16.4461
42.4087	16.4059
42.4087	16.3255
42.4087	16.2451
42.3283	16.2048
42.3283	16.2451
42.3283	16.3255
42.3685	16.4461
42.3283	16.4461
42.2077	16.4461
42.1675	16.3657
42.0870	16.3657
42.0066	16.2853
41.8860	16.2451
41.8056	16.2451
41.8056	16.3255
41.7251	16.4461
41.6849	16.5265
41.6447	16.4863
41.6447	16.3657
41.5241	16.3255
41.4437	16.3255
41.3632	16.3657
41.3230	16.4461
41.2828	16.5667
41.2426	16.5265
41.2024	16.4059
41.1622	16.3255
41.0818	16.2853
41.0818	16.3657
41.0013	16.4461
40.9611	16.5265
40.9209	16.6070
40.8405	16.6070
40.7199	16.6472
40.6395	16.7276
40.5590	16.8080
40.4786	16.8482
40.3982	16.8884
40.2776	16.8482
40.2373	16.8884
40.1167	16.9286
40.0363	17.0091
39.9559	17.0091
39.8755	17.0493
39.7950	17.1297
39.6744	17.1699
39.5940	17.2101
39.5136	17.2503
39.4331	17.2905
39.3527	17.2503
39.2321	17.2101
39.1517	17.2503
39.1115	17.3307
39.0712	17.4112
38.9908	17.4112
38.9506	17.5318
38.8702	17.6122
38.7898	17.6524
38.7898	17.7731
38.6691	17.7328
38.5887	17.7328
38.5485	17.8133
38.4681	17.7731
38.3877	17.7328
38.3072	17.7731
38.2670	17.8937
38.1866	17.9741
38.1062	17.9741
38.0258	18.0545
37.9453	18.0947
37.8247	18.1752
37.8247	18.1350
37.8247	18.0545
37.8247	17.9339
37.7845	17.8535
37.7041	17.7731
37.7041	17.6926
37.7041	17.6122
37.6639	17.4916
37.6237	17.4112
37.5835	17.3307
37.5835	17.2503
37.5432	17.1699
37.5030	17.0493
37.5030	16.9688
37.5030	16.8884
37.5030	16.8080
37.5030	16.7276
37.5030	16.6472
37.5030	16.5265
37.5030	16.4461
37.5030	16.3657
37.4628	16.2853
37.4226	16.2048
37.4226	16.1244
37.3824	16.0038
37.3824	15.9234
37.3824	15.8430
37.3422	15.7625
37.3422	15.6821
37.3422	15.6017
37.3422	15.4811
37.3422	15.4006
37.3422	15.3202
37.3422	15.2398
37.3422	15.1594
37.3422	15.0790
37.3422	14.9583
37.3422	14.8779
37.3422	14.7975
37.3422	14.7171
37.3422	14.6366
37.3422	14.5562
37.3020	14.4356
37.3020	14.3552
37.3020	14.2747
37.2618	14.1943
37.2618	14.1139
37.2216	14.0335
37.1411	13.9128
37.1411	13.8324
37.1009	13.7520
37.0205	13.7118
36.9401	13.7520
36.9401	13.8726
36.9401	13.9531
36.9401	14.0335
36.9401	14.1139
36.9401	14.1943
36.9401	14.2747
36.9803	14.3954
37.0205	14.4758
37.0205	14.5562
37.0205	14.6366
37.0205	14.7171
37.0205	14.7975
37.0205	14.8779
37.0205	14.9985
37.0205	15.0790
37.0205	15.1594
37.0205	15.2398
36.9803	15.3202
36.9803	15.4006
36.9401	15.5213
36.9401	15.6017
36.8999	15.6821
36.8999	15.7625
36.8999	15.8430
36.8999	15.9234
36.8999	16.0440
36.9803	16.1244
36.9803	16.2048
37.0205	16.2853
37.0205	16.3657
36.9803	16.4863
36.9803	16.5667
36.8999	16.5265
36.8195	16.4863
36.8195	16.5667
36.8195	16.6472
36.8999	16.6874
36.9401	16.7678
37.0205	16.8482
36.9401	16.8482
36.9401	16.8884
36.9401	16.9688
37.0205	17.0493
37.0607	17.1297
37.1411	17.2503
37.0607	17.2503
36.9803	17.2503
36.9803	17.2905
37.0607	17.3710
37.1009	17.4514
37.1411	17.5318
37.1411	17.6122
37.0607	17.7328
37.0607	17.8133
37.0607	17.8937
37.1009	17.9741
37.1411	18.0545
37.1411	18.1350
37.1411	18.2556
37.1411	18.3360
37.0607	18.3762
36.9803	18.4566
36.8999	18.4968
36.8195	18.5371
36.7390	18.5371
36.6988	18.4968
36.6184	18.4164
36.6184	18.2958
36.5380	18.2154
36.4978	18.1350
36.4173	18.0545
36.3369	17.9741
36.2967	17.8937
36.2163	17.8133
36.1359	17.7731
36.0957	17.6926
36.0152	17.6122
35.9750	17.4916
35.9348	17.4112
35.9348	17.3307
35.9348	17.2503
35.9348	17.1297
35.9348	17.0493
35.9750	16.9688
35.9750	16.8884
36.0152	16.8080
36.0555	16.7276
36.0555	16.6070
36.0555	16.5265
36.0555	16.4461
36.0555	16.3657
36.0555	16.2853
36.0555	16.2048
36.0555	16.1244
36.0555	16.0038
36.0555	15.9234
36.0555	15.8430
36.0152	15.7625
35.9348	15.7223
35.8544	15.7223
35.8142	15.7625
35.8142	15.8832
35.8142	15.9636
35.8142	16.0440
35.8142	16.1244
35.8142	16.2048
35.7740	16.2853
35.7740	16.3657
35.7338	16.4863
35.6936	16.5667
35.6936	16.6472
35.6533	16.7276
35.6131	16.8080
35.6131	16.9286
35.4925	17.0091
35.4523	17.0895
35.4121	17.1699
35.3317	17.1699
35.2512	17.1699
35.1306	17.1699
35.0502	17.1699
34.9698	17.1699
34.8893	17.1699
34.8089	17.1699
34.7285	17.2101
34.6079	17.2101
34.5274	17.2503
34.4470	17.2905
34.3666	17.3307
34.2862	17.3307
34.1656	17.3307
34.0851	17.3307
34.0047	17.3307
33.9243	17.3307
33.8439	17.3307
33.7634	17.3307
33.6428	17.2905
33.5624	17.2905
33.4820	17.2503
33.4016	17.2503
33.3211	17.2503
33.2407	17.2503
33.1201	17.2905
33.0397	17.2905
33.0397	17.2101
33.0397	17.1297
33.0397	17.0493
32.9994	16.9688
32.9994	16.8884
32.9994	16.8080
32.9994	16.6874
33.0799	16.6070
33.1201	16.5265
33.1603	16.4461
33.2005	16.3657
33.2005	16.2451
33.2809	16.1646
33.3211	16.0842
33.3211	16.0038
33.4016	15.8832
33.4418	15.8027
33.5624	15.7625
33.6428	15.7625
33.6830	15.8430
33.6830	15.9234
33.7232	16.0038
33.7634	16.0842
33.8037	16.1646
33.8841	16.1646
33.8841	16.2853
33.8841	16.3657
33.8841	16.4461
33.9243	16.4461
33.9645	16.4863
34.0047	16.6070
34.0851	16.6472
34.1253	16.7276
34.2460	16.7276
34.2460	16.6874
34.2460	16.6070
34.2460	16.5265
34.2460	16.4461
34.2460	16.3255
34.2058	16.2451
34.1656	16.1646
34.1656	16.0842
34.1656	16.0038
34.1253	15.8832
34.1253	15.8027
34.0851	15.7223
34.1253	15.6821
34.2058	15.6821
34.3264	15.7223
34.4068	15.7625
34.4872	15.8027
34.5677	15.8430
34.6883	15.8832
34.6883	15.8430
34.7285	15.7625
34.7285	15.6821
34.6883	15.6017
34.6079	15.5213
34.5274	15.4811
34.4872	15.3604
34.4068	15.2800
34.3666	15.1996
34.3666	15.1192
34.3666	14.9985
34.4470	14.9985
34.5677	14.9181
34.6481	14.8779
34.7285	14.7573
34.8089	14.7171
34.8491	14.6366
34.9296	14.5562
34.9698	14.4758
35.0502	14.4356
35.1306	14.3150
35.1708	14.2345
35.2512	14.1541
35.2915	14.0737
35.4121	13.9933
35.4121	13.9128
35.4523	13.8324
35.4925	13.7520
35.5327	13.6314
35.6131	13.5510
35.6131	13.4705
35.6131	13.3901
35.6131	13.3097
35.7338	13.3097
35.8142	13.2293
35.8544	13.1488
35.8544	13.0684
35.8544	12.9880
35.8544	12.8674
35.8544	12.7870
35.8946	12.7065
35.8946	12.6261
35.8946	12.5457
35.8946	12.4653
35.9750	12.3446
36.0555	12.3044
36.0555	12.2240
36.0555	12.1034
36.0957	12.0230
36.0957	11.9425
36.0957	11.8621
36.0957	11.7817
36.0957	11.6611
36.0555	11.5806
36.0555	11.5002
36.0152	11.4198
36.0152	11.3394
35.9750	11.2590
35.9750	11.1383
36.0152	11.0579
36.0957	11.0177
36.1761	10.9373
36.1761	10.8568
36.2163	10.7764
36.2967	10.6960
36.4173	10.6960
36.4978	10.6558
36.4978	10.5754
36.5380	10.4547
36.5782	10.3743
36.6586	10.3341
36.6988	10.2537
36.6988	10.1733
36.6988	10.0928
