30.3044	11.2320
30.2696	11.2669
30.1651	11.3366
30.0954	11.3714
30.0605	11.4760
30.0257	11.5457
29.9908	11.6153
30.0257	11.6850
30.0605	11.7547
30.1302	11.8244
30.1302	11.8941
30.1302	11.9638
30.0954	12.0683
30.0605	12.1380
30.0257	12.2077
30.0257	12.2774
30.0605	12.3820
30.1302	12.4517
30.1651	12.5213
30.2348	12.5213
30.3044	12.5910
30.3393	12.6607
30.3741	12.7304
30.3741	12.8001
30.3393	12.8698
30.2696	12.8698
30.1651	12.8698
30.1302	12.8001
30.0605	12.7304
29.9908	12.6607
29.9211	12.5910
29.8514	12.5562
29.8166	12.4865
29.8166	12.4168
29.7818	12.3123
29.7469	12.2426
29.7469	12.1729
29.6772	12.1380
29.6075	12.1380
29.6075	12.0335
29.5727	11.9638
29.5378	11.8941
29.5378	11.8244
29.4681	11.7896
29.3636	11.7547
29.2939	11.7547
29.2242	11.8244
29.1894	11.9290
29.1894	11.9987
29.1894	12.0683
29.1894	12.1380
29.1894	12.2077
29.1894	12.2774
29.2242	12.3471
29.2242	12.4517
29.2591	12.5213
29.3288	12.5910
29.3636	12.6607
29.3985	12.7653
29.3985	12.8350
29.4333	12.9047
29.4333	12.9743
29.4333	13.0440
29.4333	13.1137
29.4333	13.1834
29.3985	13.2880
29.3985	13.3577
29.4333	13.3925
29.5378	13.3577
29.6075	13.3577
29.6075	13.3925
29.6075	13.4622
29.5378	13.5667
29.5378	13.6364
29.6075	13.6713
29.6772	13.6713
29.7469	13.7061
29.7469	13.7758
29.7818	13.8455
29.8166	13.9500
29.8166	14.0197
29.8514	14.0894
29.8166	14.0894
29.7469	14.1243
29.6424	14.1591
29.5727	14.2288
29.5378	14.3333
29.4333	14.3682
29.4333	14.4379
29.4333	14.5424
29.4333	14.6121
29.4333	14.6818
29.5030	14.7166
29.5727	14.7166
29.6424	14.6818
29.7121	14.6470
29.7818	14.6470
29.8863	14.6470
29.9560	14.6121
30.0257	14.6121
30.0954	14.6121
30.1651	14.5773
30.2348	14.5773
30.2696	14.6121
30.3393	14.7166
30.3741	14.7863
30.4090	14.8560
30.4090	14.9257
30.3741	14.9954
30.4090	15.1000
30.4787	15.1000
30.5484	15.2045
30.5484	15.2742
30.5135	15.3439
30.5135	15.4136
30.5135	15.4833
30.5484	15.5530
30.6181	15.5530
30.7226	15.5530
30.7923	15.5530
30.8620	15.5878
30.8271	15.6226
30.7574	15.6575
30.6878	15.7272
30.7226	15.7969
30.7226	15.8666
30.7226	15.9711
30.6529	15.9711
30.5832	15.9711
30.5832	15.9014
30.5484	15.8317
30.4787	15.7969
30.4090	15.7272
30.3393	15.6923
30.2696	15.6226
30.2696	15.5530
30.1651	15.5878
30.1651	15.6923
30.0605	15.6923
30.0605	15.6226
29.9560	15.5530
29.9560	15.4833
29.9560	15.4136
29.8863	15.4136
29.7818	15.4136
29.7121	15.3439
29.6424	15.3439
29.5727	15.3090
29.5378	15.3439
29.5378	15.4136
29.5378	15.4833
29.4681	15.4833
29.4681	15.4136
29.3985	15.3439
29.3636	15.2393
29.2939	15.1696
29.1894	15.1348
29.1545	15.1696
29.0848	15.1696
29.0500	15.1348
28.9803	15.0651
28.9106	15.1000
28.8758	15.2045
28.8758	15.2742
28.8758	15.2393
28.8409	15.1348
28.8061	15.0651
28.7364	15.0651
28.6667	15.0651
28.5970	15.0303
28.5273	14.9606
28.4576	14.9606
28.4228	14.9954
28.3182	15.0303
28.2834	14.9954
28.2137	14.9257
28.2137	14.8560
28.1440	14.7863
28.0743	14.8212
28.0046	14.9257
27.9349	14.8560
27.9001	14.7863
27.9001	14.7166
27.8652	14.6470
27.7955	14.5773
27.6910	14.5773
27.6213	14.6121
27.5516	14.6818
27.5168	14.7515
27.4471	14.7515
27.3774	14.6818
27.3077	14.6470
27.2380	14.6470
27.1683	14.6470
27.0986	14.6470
27.0289	14.6470
26.9244	14.5773
26.8547	14.5424
26.7850	14.5424
26.7153	14.5424
26.6456	14.5076
26.5411	14.4379
26.4714	14.4379
26.4017	14.3682
26.3320	14.3682
26.2623	14.3682
26.1578	14.3333
26.0881	14.2985
26.0184	14.2985
25.9487	14.2636
25.8790	14.2636
25.7745	14.2985
25.7048	14.3333
25.6351	14.4030
25.5654	14.4379
25.4957	14.5424
25.4260	14.5773
25.3912	14.6470
25.3912	14.7166
25.4608	14.7515
25.5305	14.7515
25.6002	14.7515
25.7048	14.7863
25.7745	14.7863
25.8442	14.8212
25.9138	14.8212
25.9835	14.8909
26.0532	14.9606
26.1229	14.9954
26.1926	15.0303
26.2972	15.0303
26.3668	14.9954
26.4365	14.9954
26.4365	15.0303
26.4017	15.1000
26.4017	15.2045
26.4365	15.2393
26.5062	15.2393
26.5759	15.2393
26.6456	15.2393
26.7502	15.2045
26.8198	15.2045
26.8547	15.2393
26.8547	15.3090
26.8547	15.4136
26.9244	15.4833
26.9941	15.4833
27.0638	15.4833
27.0986	15.5530
27.1335	15.6226
27.1335	15.6923
27.0986	15.6923
27.0289	15.6923
26.9592	15.7272
26.9244	15.7969
26.9592	15.9014
26.9592	15.9711
26.8895	15.9711
26.7850	15.9711
26.7850	16.0408
26.7850	16.1105
26.7502	16.1802
26.6805	16.1802
26.6456	16.2499
26.6108	16.3544
26.5759	16.4241
26.5411	16.4938
26.5411	16.5635
26.5759	16.6680
26.6456	16.6680
26.7502	16.6680
26.8198	16.6680
26.8895	16.6680
26.9592	16.6332
26.9941	16.5635
27.0289	16.4938
27.0638	16.3893
27.1335	16.3893
27.2031	16.3893
27.2031	16.3196
27.2031	16.2499
27.2031	16.1802
27.2728	16.1105
27.3425	16.1105
27.4122	16.1105
27.4819	16.1105
27.5168	16.0408
27.5168	15.9363
27.5865	15.9363
27.6213	15.9014
27.6213	15.8317
27.6910	15.7620
27.7607	15.7620
27.8304	15.7620
27.9001	15.7620
27.9698	15.7620
28.0395	15.7620
28.1440	15.7620
28.2137	15.7620
28.2834	15.7620
28.3531	15.7620
28.4228	15.7620
28.4925	15.7620
28.5621	15.7620
28.6667	15.7620
28.7364	15.7969
28.8061	15.7969
28.8061	15.8666
28.8061	15.9711
28.7364	16.0408
28.7364	16.1105
28.7712	16.1802
28.8409	16.1802
28.9455	16.1802
29.0151	16.1105
29.0848	16.1105
29.1545	16.1453
29.2242	16.1802
29.2242	16.2499
29.3288	16.2847
29.3636	16.3893
29.4333	16.3893
29.5378	16.4590
29.6075	16.4938
29.6772	16.5286
29.7469	16.5286
29.8166	16.5635
29.8863	16.6332
29.9560	16.6680
30.0257	16.7377
30.1302	16.7726
30.1999	16.8074
30.2696	16.8074
30.3393	16.7726
30.4438	16.7029
30.5135	16.7029
30.5832	16.7029
30.6529	16.7029
30.7226	16.7726
30.7226	16.8771
30.7226	16.9468
30.7574	16.9816
30.8271	16.9816
30.8968	17.0513
30.9665	17.1210
31.0014	17.1907
30.9317	17.2604
30.8620	17.2604
30.7923	17.2604
30.8271	17.3649
30.8968	17.4346
30.9317	17.5043
30.9317	17.5740
30.9317	17.6786
30.8968	17.6786
30.8968	17.7483
30.8620	17.8528
30.7923	17.8528
30.7574	17.9573
30.6878	18.0270
30.6529	18.0967
30.5832	18.1664
30.5135	18.2709
30.5135	18.3406
30.5484	18.4103
30.5135	18.4103
30.4438	18.4103
30.3741	18.4103
30.2696	18.4452
30.2696	18.5149
30.2348	18.5846
30.2348	18.6543
30.1651	18.7239
30.0954	18.6891
30.0257	18.6891
29.9908	18.7239
29.9908	18.7936
30.0257	18.8633
30.0605	18.9679
30.0954	19.0376
30.0605	19.0376
29.9908	19.0376
29.9211	19.1421
29.8863	19.2118
29.8863	19.2815
29.8863	19.3512
29.9211	19.4209
29.9211	19.5254
29.9211	19.5951
29.8863	19.6648
29.8863	19.7345
29.8863	19.8042
29.8514	19.7693
29.7818	19.7345
29.7818	19.7693
29.7818	19.8390
29.8166	19.9087
29.8514	19.9784
29.9211	20.0132
29.9908	20.0829
29.9908	20.1526
29.9908	20.2223
29.9908	20.2920
30.0605	20.2920
30.1302	20.2920
30.1999	20.1875
30.2696	20.1526
30.3393	20.0829
30.3393	19.9784
30.3741	19.9087
30.4090	19.8390
30.4787	19.8042
30.5484	19.8042
30.6181	19.8042
30.7226	19.7693
30.7226	19.6996
30.7226	19.6299
30.7226	19.5602
30.7923	19.5254
30.8620	19.5254
30.8620	19.4906
30.8620	19.4209
30.8968	19.4557
30.9665	19.4557
31.0014	19.4209
31.0014	19.3163
31.0362	19.3163
31.1059	19.3163
31.2104	19.3512
31.2801	19.3860
31.3150	19.4557
31.3847	19.4209
31.3847	19.3163
31.4544	19.2815
31.4195	19.3163
31.3847	19.3860
31.3498	19.4906
31.3498	19.5602
31.3498	19.6299
31.3498	19.6996
31.3498	19.7693
31.3498	19.8390
31.3498	19.9436
31.3498	20.0132
31.3498	20.0829
31.3498	20.1526
31.3498	20.2223
31.3847	20.3269
31.3847	20.3966
31.4195	20.4662
31.4892	20.5359
31.4892	20.6056
31.4892	20.7102
31.4892	20.7799
31.4892	20.8496
31.4892	20.9192
31.4892	20.9889
31.4892	21.0586
31.4892	21.1283
31.4892	21.2329
31.5241	21.3026
31.5589	21.3722
31.5241	21.4419
31.4544	21.4419
31.3847	21.4419
31.3150	21.4419
31.2453	21.4419
31.1756	21.4419
31.0711	21.4071
31.0014	21.4071
30.9317	21.4071
30.8620	21.3722
30.7923	21.3722
30.7226	21.4419
30.7226	21.5116
30.6181	21.5116
30.5484	21.5116
30.4787	21.4419
30.4090	21.4071
30.3044	21.3374
30.2348	21.3026
30.1651	21.2329
30.0954	21.2329
30.0257	21.2329
29.9211	21.2329
29.8514	21.1980
29.7818	21.1632
29.7121	21.1632
29.6424	21.1632
29.5378	21.1283
29.4681	21.0935
29.3985	21.0586
29.3288	21.0586
29.2591	21.0586
29.1894	21.0238
29.0848	20.9541
29.0151	20.8844
28.9455	20.8147
28.8758	20.7450
28.8409	20.6405
28.8061	20.5708
28.7712	20.5011
28.7712	20.4314
28.7364	20.3269
28.6667	20.3269
28.5621	20.2920
28.4925	20.2572
28.4228	20.2572
28.3531	20.2572
28.2834	20.2223
28.1788	20.2223
28.1091	20.2223
28.0395	20.2223
27.9698	20.2223
27.9001	20.2223
27.8304	20.2223
27.7607	20.2223
27.6561	20.2223
27.5865	20.2223
27.5168	20.2223
27.4471	20.2223
27.3774	20.2223
27.3077	20.2223
27.2380	20.2223
27.1335	20.1875
27.0638	20.1526
26.9941	20.1526
26.9244	20.1178
26.8895	20.0481
26.8198	19.9784
26.7502	19.9087
26.6805	19.8390
26.6108	19.8042
26.5411	19.7693
26.4365	19.7693
26.3668	19.7693
26.2972	19.7693
26.2275	19.7693
26.1578	19.7345
26.0881	19.6996
25.9835	19.6996
25.9138	19.6648
25.8442	19.6648
25.7745	19.6648
25.7048	19.6648
25.6351	19.6648
25.5654	19.7345
25.5305	19.8390
25.4957	19.9087
25.4260	19.9784
25.4260	20.0481
25.4260	20.1178
25.4260	20.2223
25.4260	20.2920
25.4260	20.3617
25.4608	20.4314
25.4957	20.5011
25.5654	20.5359
25.6351	20.5708
25.7048	20.6056
25.7745	20.6056
25.8790	20.7102
25.9487	20.7450
25.9835	20.8147
26.0881	20.8844
26.1578	20.8844
26.2275	20.8844
26.2972	20.9541
26.3668	20.9541
26.4365	20.9889
26.5411	20.9889
26.5759	21.0935
26.6456	21.1283
26.7502	21.1980
26.7502	21.3026
26.8547	21.3026
26.9244	21.3026
26.9941	21.3026
27.0638	21.3374
27.1335	21.3374
27.2031	21.3374
27.3077	21.4071
27.3077	21.4768
27.3774	21.5465
27.4122	21.6162
27.4122	21.6859
27.4471	21.7904
27.5168	21.8601
27.5865	21.8601
27.6561	21.8601
27.7258	21.8252
27.7955	21.7904
27.8652	21.7556
27.9698	21.7207
28.0395	21.7207
28.1091	21.7207
28.1788	21.7556
28.2137	21.8252
28.2834	21.8949
28.2834	21.9995
28.3531	22.0692
28.3531	22.1389
28.4576	22.2085
28.5273	22.2085
28.5970	22.2085
28.6667	22.2085
28.7015	22.3131
28.7364	22.3828
28.7712	22.4525
28.8061	22.5222
28.8409	22.5919
28.8758	22.6964
28.9455	22.7661
29.0151	22.8009
29.0848	22.8009
29.1545	22.8009
29.2242	22.8009
29.3288	22.7661
29.3985	22.7312
29.4681	22.7312
29.5030	22.8009
29.5378	22.9055
29.5727	22.9752
29.6075	23.0449
29.6772	23.0449
29.7121	23.0100
29.8166	22.9403
29.8863	22.9403
29.9211	22.9752
29.9908	23.0797
30.0605	23.1145
30.1302	23.1145
30.1999	23.1842
30.1999	23.2888
30.1999	23.3585
30.1302	23.3585
30.0605	23.3236
29.9908	23.3236
29.9211	23.2888
29.8514	23.2539
29.7469	23.2539
29.6772	23.2191
29.6075	23.2191
29.5378	23.1842
29.4681	23.1842
29.3985	23.1494
29.2939	23.1494
29.2242	23.1494
29.1545	23.0797
29.0848	23.0449
29.0151	23.0449
28.9106	23.0449
28.8409	23.0449
28.7712	23.0100
28.7015	23.0100
28.6318	23.0100
28.5621	23.0100
28.4576	23.0100
28.3879	23.0100
28.3182	23.0100
28.2485	23.0100
28.1788	23.0100
28.1091	23.0100
28.0046	23.0100
27.9349	23.0797
27.8652	23.1145
27.7955	23.1494
27.7258	23.1494
27.6910	23.1145
27.6213	23.0449
27.5516	22.9403
27.4819	22.9403
27.4819	22.9752
27.4122	23.0797
27.3425	23.0797
27.3077	23.0449
27.2380	22.9752
27.2031	22.9055
27.0986	22.9055
27.0638	22.9752
26.9941	22.9752
26.9592	22.9055
26.8895	22.8706
26.8198	22.8706
26.7153	22.9055
26.6805	22.8706
26.6456	22.8009
26.6108	22.7312
26.6108	22.6267
26.6108	22.5570
26.5759	22.4873
26.5411	22.4176
26.5062	22.3479
26.4365	22.2434
26.4017	22.1737
26.3668	22.1040
26.3668	22.0343
26.4365	21.9646
26.4017	21.9995
26.3320	21.9298
26.3320	21.8601
26.3320	21.7904
26.3320	21.7207
26.3320	21.6510
26.3320	21.5813
26.3320	21.4768
26.2972	21.4071
26.2623	21.3374
26.2275	21.2677
26.1926	21.1980
26.1229	21.0935
26.0532	21.0935
25.9835	21.0935
25.9487	21.1283
25.9487	21.1980
25.9487	21.2677
25.9487	21.3374
25.9487	21.4419
25.9835	21.5116
25.9835	21.5813
26.0184	21.6510
26.0532	21.7207
26.0881	21.8252
26.0881	21.8949
26.0881	21.9646
26.0881	22.0343
26.1229	22.1040
26.1229	22.1737
26.1229	22.2782
26.1229	22.3479
26.0532	22.4176
25.9835	22.4525
26.0184	22.5222
26.0881	22.5570
26.0881	22.6267
26.0881	22.6964
26.0881	22.7661
26.0881	22.8358
26.0184	22.9055
25.9138	22.9055
25.8442	22.8706
25.7745	22.8706
25.7048	22.8706
25.6351	22.8706
25.5654	22.8706
25.4608	22.8358
25.3912	22.8009
25.3215	22.8009
25.2518	22.7661
25.1821	22.7661
25.0775	22.7661
25.0078	22.7661
24.9382	22.7661
24.8685	22.7661
24.7988	22.7661
24.7291	22.7661
24.6245	22.7661
24.5548	22.7661
24.4852	22.7661
24.4155	22.7661
24.3458	22.7661
24.2761	22.7661
24.2064	22.8009
24.1019	22.8009
24.0322	22.8358
23.9625	22.8358
23.8928	22.8358
23.8231	22.8358
23.7534	22.8706
23.6489	22.8706
23.5792	22.9403
23.5095	22.9752
23.4398	23.0449
23.3352	23.0797
23.3004	23.1494
23.3004	23.2539
23.4049	23.3236
23.4746	23.3585
23.5443	23.3585
23.6140	23.4282
23.7185	23.4630
23.7882	23.4630
23.8579	23.4630
23.9276	23.4979
23.9973	23.5675
24.0670	23.5675
24.1715	23.5675
24.2412	23.5675
24.3109	23.5675
24.3806	23.5675
24.4503	23.5675
24.5200	23.5675
24.5897	23.5675
24.5897	23.6372
24.5548	23.6721
24.4503	23.7418
24.3806	23.7418
24.3109	23.8115
24.2412	23.8463
24.2761	23.9160
24.3458	23.9160
24.4155	23.9160
24.4852	23.9160
24.5548	23.9160
24.6594	23.9160
24.7291	23.8812
24.7988	23.8463
24.8685	23.8115
24.9382	23.7766
25.0427	23.7069
25.1124	23.7069
25.1821	23.7418
25.2518	23.8463
25.2518	23.9160
25.3563	23.9509
25.4260	23.9509
25.4957	23.9509
25.5654	23.9160
25.6351	23.9160
25.7396	23.8812
25.8093	23.8812
25.8790	23.8812
25.9487	23.8812
26.0184	23.8812
26.0881	23.8812
26.1926	23.8812
26.2623	23.8812
26.2623	23.9509
26.3668	23.9857
26.4365	23.9857
26.5062	23.9160
26.5759	23.9509
26.5759	24.0554
26.6456	24.1251
26.7153	24.1251
26.7850	24.0902
26.8547	24.0554
26.9592	23.9857
27.0289	24.0205
27.0986	24.0554
27.1683	24.0902
27.2728	24.1251
27.3425	24.1251
27.4122	24.0902
27.4819	24.0902
27.5516	24.0902
27.6561	24.1599
27.5865	24.2296
27.5168	24.2645
27.4471	24.3342
27.3774	24.4039
27.3077	24.4735
27.2728	24.5432
27.2380	24.6129
27.2031	24.6826
27.1683	24.7523
27.0638	24.8220
26.9941	24.8220
26.9592	24.8917
26.9592	24.9614
26.9244	25.0311
26.8547	25.0659
26.7502	25.0659
26.7502	25.1356
26.7502	25.2053
26.7502	25.2750
26.7153	25.2750
26.6456	25.3098
26.5759	25.3795
26.5759	25.4492
26.5759	25.5538
26.4714	25.5886
26.4017	25.5886
26.3320	25.6235
26.3320	25.6932
26.3320	25.7628
26.2623	25.7977
26.2623	25.8674
26.2275	25.9371
26.1578	26.0068
26.1578	26.1113
26.1578	26.1810
26.1578	26.2507
26.1578	26.3204
26.2275	26.3552
26.2972	26.3204
26.3668	26.2855
26.4365	26.2158
26.5411	26.1810
26.6108	26.1113
26.6805	26.1113
26.7502	26.1462
26.8198	26.1462
26.8198	26.0765
26.8547	26.0068
26.9244	26.0068
27.0289	25.9719
27.0638	25.9022
27.1335	25.8325
27.2031	25.8325
27.2728	25.7977
27.3077	25.7280
27.3077	25.6235
27.3077	25.5538
27.2380	25.5189
27.2728	25.5189
27.3774	25.5189
27.4471	25.4841
27.5168	25.4841
27.5865	25.4492
27.6561	25.4492
27.6910	25.3447
27.6910	25.2750
27.7258	25.2053
27.7607	25.1356
27.8304	25.1008
27.8652	25.0311
27.9001	24.9614
27.9349	24.8568
28.0395	24.8568
28.0743	24.7523
28.1440	24.6826
28.1788	24.6129
28.2485	24.5432
28.3182	24.5432
28.3879	24.5432
28.4576	24.4735
28.5273	24.4387
28.6318	24.3342
28.6318	24.2645
28.7015	24.1948
28.7712	24.1251
28.8409	24.1251
28.9455	24.0902
29.0151	24.0902
29.0848	24.0902
29.1545	24.0902
29.2242	24.1251
29.2939	24.1599
29.3985	24.1948
29.4681	24.1948
29.5378	24.2645
29.6075	24.2993
29.6772	24.4039
29.7469	24.4387
29.8166	24.5084
29.8863	24.6129
29.9560	24.6478
29.9908	24.7175
30.0257	24.8220
30.0257	24.8917
30.0954	24.9614
30.1302	25.0311
30.1302	25.1008
30.1651	25.2053
30.1999	25.2750
30.1999	25.3447
30.2348	25.4144
30.2348	25.4841
30.2348	25.5538
30.2348	25.6583
30.2696	25.7280
30.2696	25.7977
30.2348	25.8325
30.1651	25.8674
30.0605	25.9022
29.9908	25.9371
29.9211	26.0068
29.8514	26.0416
29.7818	26.0416
29.6772	26.0416
29.6772	26.0765
29.6772	26.1462
29.5727	26.1462
29.5030	26.1810
29.4681	26.2507
29.3985	26.2507
29.2939	26.2507
29.2242	26.2507
29.1545	26.2507
29.0848	26.3204
29.0848	26.4249
29.0151	26.4249
28.9106	26.4598
28.8409	26.4946
28.7712	26.4946
28.7015	26.5295
28.6318	26.5643
28.5273	26.5643
28.4576	26.5643
28.3879	26.5992
28.3182	26.6340
28.2485	26.6340
28.1788	26.5992
28.0743	26.5643
28.0046	26.5643
27.9349	26.5643
27.8652	26.5643
27.8304	26.5992
27.8304	26.6688
27.8304	26.7385
27.8304	26.8082
27.7955	26.8082
27.7258	26.8082
27.6213	26.8082
27.5516	26.8082
27.5168	26.9128
27.4471	26.9825
27.4122	27.0521
27.3425	27.0521
27.2728	27.0870
27.2728	27.1567
27.1683	27.1567
27.0986	27.1218
27.0289	27.1218
26.9592	27.1567
26.8547	27.1915
26.7850	27.2612
26.7153	27.2961
26.6456	27.3658
26.5411	27.4006
26.4714	27.4703
26.4017	27.5051
26.3320	27.5748
26.2623	27.6097
26.1578	27.6445
26.0881	27.6445
26.0184	27.6445
25.9487	27.7142
25.8790	27.7491
25.7745	27.8188
25.7048	27.8188
25.6351	27.8536
25.5654	27.8885
25.4608	27.9233
25.3912	27.9930
25.3215	28.0627
25.2518	28.0975
25.1821	28.0627
25.1124	27.9930
25.0427	27.9581
24.9730	27.9581
24.8685	27.9233
24.7988	27.9233
24.7291	27.9233
24.6594	27.9233
24.5897	27.9581
24.4852	27.9581
24.4155	27.9233
24.3458	27.8885
24.2761	27.8536
24.2064	27.8536
24.1019	27.7839
24.0322	27.7491
23.9625	27.7491
23.8928	27.7491
23.8231	27.7142
23.7185	27.6794
23.6489	27.6445
23.5792	27.6445
23.5095	27.6445
23.4398	27.6445
23.3701	27.6445
23.3004	27.6445
23.1959	27.6445
23.1262	27.6097
23.0565	27.6097
22.9868	27.5748
22.9171	27.5748
22.8474	27.5400
22.7429	27.5051
22.6732	27.5051
22.6383	27.5400
22.6383	27.6097
22.6383	27.7142
22.6383	27.7839
22.6383	27.8536
22.6732	27.8885
22.7429	27.8885
22.8125	27.9233
22.8822	27.9581
22.9868	28.0278
22.9868	28.0975
23.0913	28.1672
23.0913	28.2369
23.1959	28.2718
23.2307	28.3415
23.3004	28.3763
23.4049	28.4111
23.4746	28.4111
23.5443	28.4111
23.6140	28.4111
23.6837	28.4111
23.7534	28.4111
23.8579	28.4111
23.9276	28.4808
23.9973	28.5157
24.0670	28.5505
24.1019	28.6202
24.1367	28.6899
24.1367	28.7945
24.1715	28.7945
24.2412	28.7248
24.2761	28.7945
24.3458	28.8641
24.3458	28.9338
24.4155	29.0035
24.4852	29.0732
24.5548	29.1429
24.6245	29.1429
24.6942	29.1429
24.7639	29.1081
24.8336	29.1081
24.9382	29.0732
24.9382	29.0035
25.0427	28.9338
25.1124	28.9338
25.1821	28.9687
25.2518	29.0035
25.3215	29.0035
25.3912	28.9338
25.4260	28.8641
25.5305	28.8293
25.6002	28.8293
25.6699	28.7596
25.7048	28.7945
25.7745	28.8990
25.8442	28.8990
25.8790	28.8293
25.9138	28.7596
25.9138	28.6899
26.0184	28.6551
26.0881	28.6551
26.1578	28.6899
26.2275	28.7248
26.2623	28.6551
26.3320	28.7248
26.4017	28.7596
26.5062	28.7945
26.5759	28.7945
26.6456	28.7596
26.7153	28.6899
26.8198	28.6551
26.8895	28.5854
26.9592	28.5505
27.0289	28.5505
27.0986	28.5505
27.1683	28.5505
27.2380	28.5157
27.3077	28.4460
27.3425	28.3763
27.4122	28.3415
27.4819	28.3415
27.5865	28.2718
27.6561	28.2718
27.7258	28.2718
27.7955	28.2369
27.8652	28.1672
27.9698	28.1324
28.0395	28.0627
28.1091	28.0627
28.1788	28.0975
28.2485	28.1324
28.3182	28.1324
28.3182	28.0627
28.3531	27.9581
28.4228	27.8885
28.4925	27.8536
28.5621	27.8536
28.6667	27.8536
28.7364	27.8188
28.8061	27.7491
28.8758	27.7491
28.9455	27.7142
29.0500	27.6794
29.1197	27.6445
29.1894	27.6445
29.1894	27.5748
29.1894	27.4703
29.2242	27.4703
29.3288	27.4703
29.3985	27.4703
29.4681	27.4703
29.5378	27.4355
29.5727	27.3658
29.5727	27.2961
29.6424	27.2264
29.7121	27.1915
29.7818	27.1567
29.8863	27.1567
29.9560	27.0870
29.9560	27.0173
30.0257	27.0173
30.0954	26.9476
30.1651	26.9128
30.2696	26.9128
30.3393	26.8779
30.4090	26.8082
30.4090	26.8779
30.3741	26.9476
30.3393	27.0173
30.3393	27.0870
30.3393	27.1567
30.3393	27.2264
30.3393	27.3309
30.3393	27.4006
30.3393	27.4703
30.3393	27.5400
30.3393	27.6097
30.3044	27.6794
30.3044	27.7491
30.1999	27.8536
30.1999	27.9233
30.1651	27.9930
30.1302	28.0627
30.1302	28.1672
30.1302	28.2369
30.0954	28.3066
30.0954	28.3763
30.0954	28.4460
30.0954	28.5157
30.0954	28.5854
30.0605	28.6899
30.0605	28.7596
30.0257	28.8293
29.9560	28.8990
29.9211	28.9687
29.9211	29.0384
29.9211	29.1081
29.9211	29.1778
29.9211	29.2475
29.9211	29.3520
29.9908	29.3520
29.9908	29.4217
29.9560	29.4217
29.8863	29.4565
29.8166	29.4565
29.7818	29.5262
29.7818	29.6308
29.7121	29.6308
29.6772	29.5959
29.6075	29.5959
29.5727	29.6656
29.5727	29.7353
29.5727	29.8050
29.5727	29.9095
29.5378	29.9792
29.5378	30.0489
29.5727	30.1186
29.5727	30.1883
29.6075	30.2580
29.6075	30.3277
29.5378	30.3625
29.4681	30.4322
29.4333	30.5019
29.3636	30.5716
29.3288	30.6413
29.2939	30.7110
29.2939	30.7807
29.2939	30.8852
29.3985	30.9201
29.3985	30.9898
29.3288	31.0594
29.2591	31.0943
29.2242	31.1640
29.2591	31.2337
29.3288	31.3034
29.3985	31.3731
29.3985	31.4428
29.3636	31.5124
29.2939	31.5124
29.2242	31.5473
29.1545	31.5821
29.0500	31.6170
29.0500	31.6867
29.0848	31.7912
29.1197	31.8609
29.0848	31.8609
29.0151	31.8958
28.9803	31.9654
29.0151	32.0351
29.0500	32.1048
29.0848	32.1745
29.0848	32.2791
28.9803	32.3139
28.9106	32.3139
28.8409	32.3487
28.8758	32.3836
28.9455	32.4533
28.9803	32.5230
28.9455	32.5927
28.8758	32.5927
28.7712	32.6624
28.7015	32.6972
28.6318	32.7321
28.5970	32.8017
28.5970	32.8714
28.5970	32.9760
28.5970	33.0457
28.5970	33.1154
28.5273	33.1851
28.4925	33.2547
28.3879	33.3593
28.3182	33.3941
28.2485	33.4638
28.1788	33.5335
28.1440	33.6032
28.1091	33.6729
28.0743	33.7774
28.0395	33.8471
27.9698	33.9168
27.9698	33.9865
27.9698	34.0562
27.9001	34.1607
27.9001	34.2304
27.9001	34.3001
27.8304	34.3001
27.7607	34.3350
27.6561	34.4047
27.5865	34.4395
27.5168	34.4744
27.4819	34.5441
27.3774	34.6137
27.3774	34.6834
27.3077	34.7531
27.2728	34.8577
27.2728	34.9274
27.2728	34.9970
27.1683	35.0319
27.0986	35.0667
27.0638	35.1364
26.9941	35.2410
26.9592	35.3107
26.9244	35.3804
26.9244	35.4500
26.8895	35.5197
26.8895	35.6243
26.8895	35.6940
26.9244	35.7637
26.9592	35.8334
26.9592	35.9030
26.9244	36.0076
26.8895	36.0773
26.8547	36.1470
26.8547	36.2167
26.8895	36.2864
26.9244	36.3909
27.0289	36.3909
27.0986	36.4257
27.1683	36.4606
27.2380	36.4606
27.3425	36.4257
27.3425	36.3212
27.4122	36.2515
27.4471	36.1818
27.5168	36.1121
27.5516	36.0076
27.6213	35.9379
27.6910	35.9030
27.7607	35.8334
27.8304	35.7637
27.9001	35.7288
27.9698	35.6591
28.0395	35.5894
28.1091	35.5197
28.1440	35.4500
28.2485	35.3804
28.2834	35.3107
28.3531	35.2758
28.4228	35.2061
28.4925	35.1713
28.5621	35.0667
28.6318	34.9970
28.7015	34.9622
28.7712	34.8925
28.8061	34.8228
28.8409	34.7531
28.9106	34.7531
28.9803	34.7880
29.0500	34.8228
29.1545	34.8228
29.2242	34.8577
29.2939	34.8925
29.3288	34.8577
29.3288	34.7880
29.3636	34.6834
29.3288	34.6834
29.2591	34.6486
29.1894	34.5789
29.1197	34.5789
29.0848	34.5092
29.0848	34.4395
29.1894	34.3698
29.1894	34.3001
29.1894	34.2304
29.2242	34.1956
29.2939	34.0911
29.2939	34.0214
29.2939	33.9517
29.3288	33.8820
29.3985	33.8123
29.3985	33.7426
29.4333	33.6729
29.4681	33.6032
29.5030	33.5335
29.5378	33.5684
29.5727	33.6381
29.6075	33.7077
29.6772	33.7774
29.7121	33.8820
29.7121	33.9517
29.7818	34.0214
29.7818	34.0911
29.8514	34.1259
29.9211	34.1607
29.9560	34.2653
29.9211	34.3001
29.8863	34.3698
29.8166	34.4395
29.8166	34.5092
29.8863	34.5441
29.9560	34.5441
29.9560	34.6486
29.9560	34.7183
29.8863	34.7880
29.9560	34.8228
30.0257	34.8228
30.0954	34.8577
30.1302	34.9274
30.1999	35.0319
30.2348	35.1016
30.2348	35.1713
30.1999	35.2410
30.1302	35.3107
30.0954	35.3804
30.0954	35.4500
30.1651	35.5197
30.1999	35.5894
30.1999	35.6591
30.1999	35.7288
30.2348	35.7985
30.3044	35.8334
30.3741	35.8334
30.4438	35.8682
30.4438	35.9379
30.4438	36.0076
30.4438	36.0773
30.4438	36.1470
30.4438	36.2515
30.4438	36.3212
30.4787	36.3909
30.5135	36.4606
30.5135	36.5303
30.5135	36.6000
30.5484	36.7045
30.5484	36.7742
30.6529	36.8439
30.6529	36.9136
30.6878	37.0181
30.7574	37.0530
30.8620	37.0530
30.9317	37.0530
31.0014	36.9484
31.0711	36.9136
31.0711	36.8439
31.0362	36.7742
31.0014	36.7045
31.0014	36.6348
30.9317	36.5303
30.8968	36.4606
30.8968	36.3909
30.9317	36.3909
31.0014	36.3212
31.0362	36.2515
31.0362	36.1470
31.0362	36.0773
31.0014	36.0076
30.9317	35.9727
30.8620	35.9727
30.8968	35.9727
30.9317	35.8682
30.9317	35.7985
30.9317	35.7288
30.8968	35.6591
30.8271	35.6243
30.8620	35.6243
30.9317	35.6243
30.9317	35.5894
30.8620	35.5197
30.7923	35.4849
30.7574	35.3804
30.7574	35.3107
30.7923	35.2410
30.7923	35.1713
30.8620	35.1713
30.8620	35.1016
30.8620	35.0319
30.8271	34.9622
30.8271	34.8925
30.8271	34.8228
30.7574	34.7183
30.6878	34.6486
30.6181	34.6137
30.6181	34.5092
30.6181	34.4395
30.6878	34.4395
30.7574	34.4395
30.7574	34.4047
30.7574	34.3350
30.7226	34.2653
30.6529	34.2304
30.6181	34.1607
30.6181	34.0562
30.6181	33.9865
30.6181	33.9168
30.6181	33.8471
30.6181	33.7774
30.6181	33.7077
30.6529	33.6032
30.6529	33.5335
30.5832	33.4987
30.5135	33.4290
30.4090	33.3593
30.3393	33.2896
30.3393	33.2199
30.3044	33.1502
30.3044	33.0805
30.3044	33.0108
30.3044	32.9411
30.3044	32.8366
30.2348	32.7669
30.1651	32.7321
30.1302	32.6275
30.0605	32.5578
30.0605	32.4881
30.0605	32.4184
30.0605	32.3487
30.0954	32.2442
30.1302	32.1745
30.1302	32.1048
30.1651	32.0351
30.1999	31.9654
30.2696	31.8609
30.3393	31.8261
30.4090	31.8261
30.4438	31.8958
30.4787	31.9654
30.5832	32.0003
30.6529	32.0351
30.7226	32.0351
30.7923	32.0351
30.8271	31.9654
30.8271	31.8958
30.8271	31.7912
30.8271	31.7215
30.7923	31.6518
30.7923	31.5821
30.7226	31.5124
30.6529	31.4428
30.6529	31.3731
30.6529	31.3034
30.6529	31.2337
30.6529	31.1291
30.6529	31.0594
30.6529	30.9898
30.7574	30.9549
30.8271	30.8852
30.8968	30.8504
30.9665	30.8504
30.9665	30.9201
31.0014	30.9898
31.0362	31.0943
31.0711	31.1640
31.0711	31.2337
31.0711	31.3034
31.0711	31.3731
31.0711	31.4428
31.0711	31.5473
31.0711	31.6170
31.1059	31.6867
31.1059	31.7564
31.1756	31.8261
31.1756	31.8958
31.2104	32.0003
31.2801	32.0700
31.2801	32.1397
31.2801	32.2094
31.2801	32.2791
31.2801	32.3836
31.2801	32.4533
31.2801	32.5230
31.3150	32.5927
31.3847	32.6624
31.4892	32.6624
31.4892	32.7321
31.4892	32.8017
31.4892	32.8714
31.4892	32.9411
31.5241	33.0457
31.5589	33.1154
31.5589	33.1851
31.5241	33.2547
31.5241	33.3244
31.5241	33.3941
31.4892	33.4987
31.4892	33.5684
31.4892	33.6381
31.4544	33.7077
31.4544	33.7774
31.4544	33.8471
31.4544	33.9517
31.4892	33.9517
31.5589	33.9517
31.6286	34.0214
31.5938	34.0911
31.5938	34.1607
31.5589	34.2304
31.4892	34.2653
31.3847	34.3350
31.3847	34.4047
31.3847	34.4744
31.3847	34.5441
31.4195	34.6137
31.4892	34.6137
31.5589	34.5789
31.6634	34.5441
31.6983	34.6137
31.7331	34.6834
31.7680	34.7531
31.7331	34.8228
31.6983	34.8925
31.7331	34.9622
31.7680	35.0319
31.7331	35.1016
31.7331	35.1713
31.7680	35.2410
31.8377	35.2758
31.9074	35.2758
31.9074	35.3455
31.8725	35.3455
31.8028	35.3455
31.7680	35.4152
31.7331	35.4849
31.7680	35.5894
31.8377	35.5894
31.9074	35.5894
31.9074	35.6591
31.8725	35.6940
31.8028	35.7985
31.8725	35.8334
31.9422	35.8334
31.9422	35.9030
31.9422	35.9727
31.9074	36.0773
31.9074	36.1470
31.9422	36.2167
32.0119	36.2864
32.0816	36.3560
32.1513	36.3909
32.2210	36.4954
32.2558	36.5651
32.3255	36.6348
32.3952	36.6348
32.4301	36.5651
32.4649	36.4954
32.4301	36.4257
32.4649	36.3560
32.5346	36.3212
32.5694	36.2515
32.5694	36.1818
32.5694	36.1121
32.6391	36.0424
32.6740	35.9727
32.6740	35.9030
32.5694	35.8682
32.5694	35.7637
32.5694	35.6940
32.5694	35.6243
32.6043	35.5546
32.6391	35.4849
32.6391	35.3804
32.6043	35.3107
32.5694	35.2410
32.5694	35.1713
32.5346	35.1016
32.5346	34.9970
32.6043	34.9274
32.6391	34.8577
32.6391	34.7880
32.6391	34.7183
32.6391	34.6137
32.6043	34.5789
32.6043	34.5092
32.6043	34.4047
32.6391	34.4047
32.7088	34.3350
32.6740	34.3001
32.5694	34.2304
32.4997	34.1956
32.4997	34.1259
32.5346	34.0214
32.6043	33.9517
32.6391	33.8820
32.7437	33.8123
32.8134	33.7774
32.8482	33.7077
32.9527	33.7077
33.0224	33.6381
33.0224	33.5684
33.0224	33.4987
33.0224	33.4290
32.9876	33.3244
32.9876	33.2547
32.9876	33.1851
32.9876	33.1154
33.0224	33.0457
33.0573	32.9411
33.1270	32.9063
33.1618	32.8366
33.1967	32.7321
33.2664	32.6624
33.3361	32.6275
33.3709	32.5578
33.4057	32.4881
33.4406	32.4184
33.4754	32.3487
33.5451	32.2442
33.5800	32.1745
33.6148	32.1048
33.6148	32.0351
33.6845	32.0351
33.7542	32.0351
33.8587	32.0351
33.8587	31.9654
33.8587	31.8609
33.8587	31.7912
33.9284	31.7912
33.9633	31.6867
34.0330	31.6170
34.0330	31.5473
34.0330	31.4776
34.0330	31.4079
34.0678	31.3382
34.1375	31.3034
34.2072	31.2337
34.2072	31.1640
34.2072	31.0943
34.2072	31.0246
34.2421	30.9201
34.3117	30.8852
34.3814	30.8504
34.4511	30.8504
34.5208	30.8852
34.5208	30.9898
34.5208	31.0594
34.4860	31.1291
34.5208	31.1291
34.6254	31.1291
34.6602	31.1988
34.6602	31.2685
34.6602	31.3382
34.6602	31.4079
34.6950	31.4079
34.7647	31.4079
34.8344	31.4079
34.8344	31.4776
34.7299	31.5473
34.7299	31.6170
34.7299	31.6867
34.7647	31.6867
34.8344	31.6867
34.9041	31.6867
34.9390	31.7564
35.0087	31.8261
35.0087	31.8958
35.0087	31.9654
35.0435	32.0351
35.1132	32.0351
35.1829	32.0003
35.2874	32.0351
35.3571	32.0351
35.4268	32.1397
35.4617	32.2094
35.4617	32.2791
35.4268	32.3487
35.3571	32.4533
35.3571	32.5230
35.4268	32.5578
35.4965	32.6275
35.5314	32.6972
35.5662	32.7669
35.6010	32.8366
35.6010	32.9411
35.6359	33.0108
35.7056	33.0805
35.7753	33.1154
35.8101	33.1851
35.8798	33.2199
35.9495	33.2896
36.0192	33.3593
36.0540	33.4290
36.1237	33.4290
36.1934	33.4290
36.2631	33.4638
36.3677	33.4638
36.4374	33.4638
36.5070	33.4638
36.5767	33.4290
36.6464	33.3593
36.6813	33.2547
36.7161	33.1851
36.7510	33.1154
36.7510	33.0457
36.7510	32.9760
36.6813	32.9411
36.6116	32.8714
36.5767	32.8017
36.5070	32.7321
36.5070	32.6624
36.5419	32.5927
36.5419	32.4881
36.5419	32.4184
36.5767	32.3487
36.5419	32.2791
36.4722	32.2791
36.3677	32.2094
36.2980	32.2094
36.2631	32.1397
36.1934	32.1048
36.1237	32.0351
36.1237	31.9654
36.1237	31.8958
36.1586	31.7912
36.1586	31.7215
36.1586	31.6518
36.1586	31.5821
36.1586	31.5124
36.1237	31.4428
36.0889	31.3382
36.0540	31.2685
35.9844	31.2337
35.8798	31.2337
35.8101	31.2685
35.7753	31.2337
35.7753	31.1291
35.7753	31.0594
35.8101	30.9898
35.7753	30.9549
35.6707	30.9201
35.6010	30.8852
35.5314	30.8504
35.5314	30.7458
35.4617	30.6761
35.4617	30.6064
35.3920	30.5368
35.3920	30.4671
35.3920	30.3625
35.3223	30.2928
35.2874	30.2231
35.2874	30.1534
35.2874	30.0838
35.3223	30.0489
35.3920	30.0141
35.4617	30.0141
35.5314	30.0489
35.5662	30.0141
35.5662	29.9444
35.6359	29.9444
35.7404	29.9792
35.8101	30.0838
35.8798	30.0838
35.8798	30.0489
35.8798	29.9792
35.9147	29.9095
35.9844	29.9095
36.0540	29.9792
36.1237	30.0141
36.1934	30.0141
36.1934	29.9444
36.1934	29.8747
36.2631	29.8398
36.3328	29.8398
36.3677	29.9095
36.4374	29.9444
36.5070	30.0141
36.5419	30.1186
36.6116	30.1534
36.7161	30.2231
36.7858	30.2231
36.7858	30.1534
36.7858	30.0489
36.7510	29.9792
36.7510	29.9095
36.7510	29.8398
36.8207	29.8050
36.8904	29.8050
36.9600	29.8050
37.0297	29.8050
37.0994	29.8050
37.1691	29.8050
37.2040	29.8398
37.2737	29.8398
37.3085	29.8050
37.3433	29.7004
37.4130	29.7004
37.4827	29.7004
37.5524	29.7004
37.6221	29.7004
37.6570	29.7353
37.7267	29.7353
37.7963	29.7353
37.9009	29.7004
37.9706	29.6656
38.0403	29.6656
38.1100	29.6656
38.1797	29.6656
38.2842	29.5959
38.3539	29.5959
38.4236	29.5959
38.4933	29.6308
38.5630	29.6308
38.5978	29.5959
38.6327	29.4914
38.7023	29.4914
38.7720	29.4914
38.8417	29.4565
38.9463	29.4565
39.0160	29.4565
39.0160	29.3868
39.1205	29.3171
39.1553	29.2475
39.1902	29.1778
39.1902	29.1081
39.1205	29.1081
39.0508	29.0732
38.9811	29.0384
38.8766	29.0384
38.8069	29.0384
38.7372	29.0035
38.6675	29.0035
38.5978	28.9687
38.5281	28.9687
38.4236	28.9338
38.3539	28.9338
38.3190	28.8641
38.2493	28.8293
38.1448	28.8293
38.0751	28.7945
38.0054	28.7945
37.9357	28.7945
37.9009	28.8641
37.8660	28.9338
37.8312	29.0035
37.7615	28.9687
37.6570	28.9687
37.5873	28.9687
37.5873	28.8990
37.5873	28.8293
37.5176	28.7596
37.4479	28.7248
37.3782	28.7248
37.2737	28.7248
37.2388	28.7945
37.1691	28.8293
37.0994	28.8293
36.9949	28.7945
36.9252	28.7945
36.8555	28.7945
36.7858	28.7945
36.7161	28.7945
36.6464	28.7945
36.6116	28.8641
36.5419	28.8990
36.4374	28.9338
36.4025	28.8990
36.3328	28.8641
36.2980	28.8990
36.2631	28.9687
36.1934	29.0384
36.1237	29.0732
36.0540	29.0732
35.9844	29.0035
35.9844	28.9338
35.9844	28.8641
35.9147	28.8641
35.8450	28.8990
35.7404	28.9338
35.6707	28.9687
35.6010	29.0035
35.5662	29.0732
35.5662	29.1429
35.4965	29.1778
35.4268	29.1778
35.3920	29.1081
35.3571	29.0384
35.2874	29.0384
35.2526	29.1081
35.1480	29.1429
35.0784	29.1429
35.0435	29.1778
35.0435	29.2475
34.9738	29.2475
34.9390	29.2126
34.8693	29.1778
34.7647	29.1778
34.7647	29.2823
34.7647	29.3520
34.6950	29.3868
34.6602	29.3520
34.6254	29.2823
34.5905	29.2126
34.5905	29.1081
34.6254	29.0384
34.6254	28.9687
34.5557	28.9338
34.4860	28.9338
34.4163	28.9338
34.3814	28.8293
34.4511	28.7596
34.4860	28.6899
34.4860	28.6202
34.4511	28.5157
34.3814	28.4460
34.3117	28.4111
34.2421	28.3415
34.1724	28.3415
34.1027	28.3763
33.9981	28.3415
33.9981	28.2718
34.0678	28.2021
34.0678	28.1324
34.0678	28.0627
34.0678	27.9581
33.9981	27.9581
33.9284	27.8885
33.8936	27.8188
33.7891	27.7491
33.7891	27.6794
33.7194	27.6097
33.6497	27.5400
33.6148	27.4703
33.6148	27.4006
33.6148	27.3309
33.6497	27.2612
33.6497	27.1567
33.6497	27.0870
33.6497	27.0173
33.6148	26.9825
33.5103	27.0173
33.4406	27.0870
33.3709	27.1567
33.3709	27.2264
33.3361	27.1915
33.3012	27.0870
33.2664	27.0173
33.1967	27.0173
33.0921	26.9825
33.0921	26.9128
33.0921	26.8431
33.0573	26.8431
32.9876	26.8082
32.9179	26.7734
32.8482	26.7037
32.7785	26.6340
32.7088	26.5643
32.7088	26.4946
32.6043	26.4249
32.5346	26.3901
32.4649	26.2855
32.3952	26.2855
32.2907	26.2158
32.2210	26.2158
32.1513	26.1810
32.0816	26.0765
32.0119	26.0068
31.9422	25.9371
31.8725	25.8674
31.9422	25.8325
32.0119	25.8325
32.0816	25.8325
32.1513	25.7977
32.2210	25.7628
32.2907	25.6932
32.2907	25.6235
32.2907	25.5538
32.2907	25.4841
32.2558	25.3795
32.2558	25.3098
32.2210	25.2402
32.1513	25.1705
32.1164	25.1008
32.0468	25.0311
31.9422	24.9962
31.8725	24.9614
31.8028	24.9614
31.7331	24.9265
31.6634	24.8917
31.5938	24.8220
31.5589	24.7523
31.5241	24.6826
31.4892	24.5781
31.4544	24.5084
31.4544	24.4387
31.4195	24.3690
31.3847	24.2993
31.3847	24.2296
31.3847	24.1251
31.3847	24.0554
31.4195	23.9857
31.4195	23.9160
31.4544	23.8463
31.5241	23.7418
31.5241	23.6721
31.6286	23.6372
31.6634	23.5327
31.7331	23.4979
31.8377	23.4282
31.9074	23.4282
31.9771	23.4282
32.0468	23.4282
32.1164	23.4630
32.2210	23.4979
32.2907	23.6024
32.3255	23.6721
32.3952	23.7418
32.3952	23.8115
32.3604	23.9160
32.2558	23.9160
32.2210	23.9857
32.1513	24.0205
32.1513	24.0902
32.1513	24.1599
32.1513	24.2296
32.1513	24.2993
32.2210	24.3690
32.2907	24.4387
32.3604	24.5084
32.4301	24.5432
32.5346	24.5432
32.6043	24.5432
32.6740	24.5432
32.7437	24.5432
32.8134	24.5084
32.8831	24.4387
32.8831	24.3342
32.8831	24.2645
32.8831	24.1948
32.8831	24.1251
32.8831	24.0554
32.9876	24.0205
33.0573	24.0205
33.1270	24.0205
33.1270	24.1251
33.1270	24.1948
33.1967	24.2645
33.2315	24.3342
33.3012	24.3342
33.3012	24.4039
33.3012	24.4735
33.3361	24.5432
33.4057	24.5432
33.4754	24.5432
33.4754	24.5781
33.4406	24.6478
33.4057	24.7175
33.4057	24.8220
33.4754	24.7872
33.5800	24.7523
33.6497	24.7523
33.6497	24.7872
33.6497	24.8568
33.6497	24.9265
33.6845	24.9962
33.7542	25.0311
33.8239	25.1008
33.8936	25.1356
33.9633	25.1356
34.0678	25.2053
34.0678	25.2750
34.1027	25.3447
34.1724	25.3795
34.2769	25.4492
34.2769	25.5189
34.2769	25.5886
34.2769	25.6932
34.3117	25.7280
34.3814	25.7280
34.4860	25.7280
34.4860	25.7628
34.5557	25.8325
34.6254	25.8674
34.6950	25.8674
34.7647	25.9371
34.8693	25.9719
34.9390	25.9719
35.0087	26.0068
35.0784	26.0416
35.1480	26.0765
35.2526	26.0765
35.3223	26.0765
35.3223	26.0068
35.2874	25.9371
35.1829	25.8674
35.1132	25.8325
35.0435	25.8325
34.9738	25.7280
34.9041	25.6583
34.9041	25.5886
34.8693	25.5189
34.9041	25.4144
34.9041	25.3447
34.9041	25.2750
34.9041	25.2053
34.8344	25.1705
34.7647	25.1356
34.6950	25.1356
34.5905	25.1008
34.6254	25.0311
34.6602	24.9265
34.6602	24.8568
34.6254	24.8568
34.5557	24.8220
34.4860	24.8220
34.4511	24.7523
34.4511	24.6478
34.4511	24.5781
34.3814	24.5432
34.3117	24.5432
34.3117	24.4735
34.3117	24.3690
34.3117	24.2993
34.2421	24.2645
34.1375	24.2296
34.1375	24.1599
34.1724	24.1251
34.2421	24.1251
34.3117	24.0902
34.3814	24.0902
34.4511	24.0902
34.4860	24.1251
34.4860	24.1948
34.5557	24.2296
34.5905	24.3342
34.6602	24.4039
34.6602	24.4735
34.6602	24.5432
34.7647	24.5781
34.7996	24.5432
34.8344	24.5781
34.8344	24.6478
34.8344	24.7175
34.9041	24.7523
34.9738	24.7523
35.0435	24.7523
35.1480	24.7872
35.1480	24.8568
35.2526	24.9265
35.2526	24.9962
35.3223	24.9962
35.4268	25.0659
35.4965	25.1008
35.5314	25.1705
35.6359	25.2053
35.6707	25.3098
35.7404	25.3098
35.8450	25.3098
35.9147	25.2750
35.9147	25.2053
35.9844	25.1356
36.0192	25.0311
36.0192	24.9614
35.9844	24.9265
35.9147	24.8568
35.8450	24.8220
35.8101	24.7523
35.7404	24.6826
35.6707	24.6129
35.6707	24.5432
35.6359	24.4387
35.6010	24.3690
35.5314	24.2993
35.4965	24.2296
35.4268	24.1599
35.3571	24.1251
35.2874	24.0554
35.2177	23.9857
35.1480	23.9509
35.1829	23.8812
35.2526	23.8463
35.3223	23.8463
35.3920	23.8115
35.4965	23.7766
35.5662	23.7766
35.6359	23.8115
35.7056	23.8812
35.8101	23.8463
35.8798	23.8115
35.9147	23.7418
35.9844	23.7069
36.0540	23.7069
36.1237	23.6721
36.1934	23.6721
36.2631	23.6372
36.3677	23.6024
36.4374	23.5675
36.5070	23.5327
36.5767	23.4630
36.6813	23.4630
36.6813	23.3585
36.6813	23.2888
36.6813	23.2191
36.6464	23.1494
36.6116	23.0797
36.5767	22.9752
36.5070	22.9752
36.4025	22.9752
36.3328	22.9752
36.2631	22.9752
36.1934	22.9752
36.1237	22.9752
36.0192	22.9752
35.9495	22.9752
35.8798	22.9752
35.8101	23.0100
35.7404	23.0449
35.6707	23.0449
35.5662	23.0449
35.4965	23.0449
35.4268	23.0449
35.3571	23.0449
35.2874	23.0449
35.2177	23.0449
35.1480	23.0797
35.0435	23.0797
34.9738	23.0797
34.9041	23.0797
34.8344	23.0797
34.7647	23.0449
34.6602	23.0100
34.5905	22.9752
34.5208	22.9752
34.4511	22.9752
34.3814	22.9752
34.3117	22.9403
34.2072	22.9403
34.1375	22.9403
34.0678	22.9403
33.9981	22.9055
33.9284	22.9055
33.8587	22.8706
33.7542	22.8706
33.6845	22.8706
33.6148	22.8358
33.5451	22.7661
33.4754	22.7661
33.3709	22.7312
33.3012	22.6964
33.2315	22.6964
33.1618	22.6615
33.1967	22.6615
33.2664	22.6267
33.3361	22.5919
33.4057	22.5919
33.5103	22.5919
33.5800	22.5919
33.6497	22.5570
33.7194	22.5222
33.7891	22.4873
33.8936	22.4873
33.9633	22.4873
34.0330	22.4525
34.1027	22.4176
34.1724	22.4176
34.2421	22.4176
34.3466	22.4176
34.4163	22.4176
34.4860	22.3828
34.5557	22.3828
34.6254	22.3828
34.6950	22.3479
34.7996	22.3479
34.8693	22.3131
34.9390	22.3131
35.0087	22.3828
35.0784	22.3131
35.0784	22.2434
35.1132	22.2085
35.1829	22.2085
35.2526	22.2085
35.3571	22.2085
35.4268	22.2085
35.4965	22.2085
35.5662	22.2085
35.6359	22.2085
35.7056	22.1737
35.8101	22.1389
35.8798	22.1040
35.9495	22.1040
36.0192	22.0692
36.0889	21.9995
36.1586	21.9298
36.2283	21.8601
36.2283	21.7904
36.1586	21.6859
36.1237	21.6162
36.0540	21.5813
35.9844	21.5116
35.9495	21.4419
35.9495	21.3722
35.9495	21.3026
35.9495	21.1980
35.9844	21.1283
36.0192	21.0586
36.0889	21.0586
36.0889	20.9889
36.0889	20.9192
36.0889	20.8147
36.0192	20.8147
35.9495	20.8147
35.8450	20.8147
35.7753	20.8147
35.7056	20.8496
35.6359	20.8844
35.5662	20.9541
35.4617	20.9541
35.4617	20.9192
35.5314	20.8496
35.6010	20.7799
35.6359	20.7102
35.6707	20.6405
35.7056	20.5359
35.7404	20.4662
35.7753	20.3966
35.8101	20.3269
35.8101	20.2572
35.8798	20.1526
35.9147	20.0829
35.9147	20.0132
35.9844	19.9436
35.9844	19.8739
35.9844	19.7693
35.9844	19.6996
35.9844	19.6299
35.9844	19.5602
35.9147	19.5254
35.8450	19.5254
35.7753	19.4906
35.7056	19.4906
35.6010	19.4906
35.5314	19.4906
35.4617	19.4906
35.3920	19.5602
35.3223	19.6648
35.2874	19.7345
35.1829	19.7693
35.1132	19.8390
35.0435	19.9087
34.9738	19.9784
34.9041	20.0829
34.8344	20.0829
34.7647	20.1875
34.6950	20.2572
34.6602	20.3269
34.5557	20.3966
34.5208	20.4662
34.4860	20.5359
34.4511	20.6056
34.4163	20.7102
34.3466	20.7799
34.2769	20.8147
34.2421	20.9192
34.1375	20.9541
34.0678	21.0238
33.9981	21.0238
33.9633	20.9889
33.9284	20.9192
33.9284	20.8496
33.8587	20.7450
33.8587	20.6753
33.8587	20.6056
33.8587	20.5359
33.8936	20.4662
33.8936	20.3966
33.8936	20.2920
33.9284	20.2223
33.9633	20.1526
33.9633	20.0829
33.9633	20.0132
33.9633	19.9436
33.9284	19.8390
33.9284	19.7693
33.9633	19.8390
33.9981	19.9087
34.0330	19.9784
34.1027	20.0132
34.2072	20.0481
34.2769	20.0481
34.2769	19.9784
34.3117	19.9087
34.3117	19.8390
34.3466	19.7693
34.3466	19.6996
34.3466	19.5951
34.3466	19.5254
34.3466	19.4557
34.3466	19.3860
34.3814	19.3163
34.4163	19.2466
34.4163	19.1421
34.5208	19.1073
34.5905	19.0376
34.5905	18.9679
34.5905	18.8982
34.5905	18.8285
34.5905	18.7588
34.6950	18.6891
34.7647	18.6891
34.8344	18.6543
34.9041	18.6543
34.9738	18.6194
35.0784	18.6194
35.1480	18.5846
35.2177	18.5846
35.2874	18.5497
35.3571	18.5149
35.4617	18.5149
35.5314	18.5149
35.6010	18.5149
35.6707	18.5149
35.6707	18.5497
35.7056	18.6194
35.7056	18.7239
35.7056	18.7936
35.8101	18.7936
35.8798	18.7588
35.9147	18.6543
35.9495	18.5846
35.9495	18.5149
35.9495	18.4452
36.0192	18.4103
36.0889	18.3755
36.1934	18.3406
36.2631	18.3058
36.3328	18.3058
36.4025	18.2709
36.4722	18.2709
36.5767	18.2361
36.6464	18.2361
36.7161	18.2013
36.7858	18.2013
36.8555	18.2013
36.9252	18.2013
37.0297	18.2361
37.0994	18.3058
37.1343	18.3755
37.2040	18.4452
37.2388	18.5497
37.2737	18.6194
37.3433	18.6543
37.4479	18.6891
37.5176	18.7588
37.5873	18.7588
37.6570	18.7588
37.7267	18.7239
37.8312	18.6891
37.8312	18.6194
37.8312	18.5497
37.8312	18.4800
37.9009	18.4452
37.9706	18.4452
38.0403	18.4452
38.1100	18.4800
38.1797	18.4800
38.2842	18.4800
38.3539	18.5149
38.3887	18.5846
38.4236	18.6891
38.4933	18.7588
38.5281	18.7239
38.5978	18.7239
38.6675	18.7588
38.7372	18.7936
38.8069	18.7936
38.8766	18.8982
38.8417	18.9679
38.8069	19.0376
38.8766	19.1073
38.9463	19.1073
39.0160	19.1073
39.0857	19.1421
39.1553	19.1421
39.1553	19.2118
39.1902	19.2815
39.2250	19.3860
39.2947	19.3860
39.3644	19.4557
39.3993	19.5254
39.3993	19.5951
39.4341	19.5951
39.5038	19.5951
39.5038	19.6648
39.5038	19.7345
39.5735	19.7693
39.6432	19.7693
39.7129	19.7345
39.7129	19.7693
39.7477	19.8390
39.7477	19.9436
39.7477	20.0132
39.7826	20.0132
39.8523	20.0132
39.9220	20.0132
39.9916	20.0481
40.0613	20.0829
40.1310	20.1526
40.2007	20.2223
40.2704	20.2572
40.3750	20.2920
40.4446	20.3269
40.4795	20.3966
40.5840	20.4314
40.6537	20.4314
40.6886	20.5011
40.7583	20.5359
40.8628	20.5359
40.9325	20.5359
41.0022	20.5011
41.0719	20.4662
41.0719	20.3966
41.0719	20.2920
41.0370	20.2223
40.9673	20.1875
40.8976	20.1875
40.8280	20.0829
40.7583	20.0829
40.6886	20.0132
40.7234	19.9087
40.7931	19.8739
40.7583	19.8390
40.6886	19.8390
40.5840	19.8739
40.5840	19.8042
40.6189	19.7345
40.5840	19.6996
40.5143	19.6996
40.4098	19.6996
40.4446	19.6648
40.4795	19.5951
40.4446	19.5951
40.3750	19.5602
40.3053	19.5602
40.3053	19.4906
40.3053	19.4209
40.3053	19.3512
40.2356	19.3163
40.1659	19.3163
40.0613	19.3163
40.0613	19.2118
40.1310	19.1421
40.2007	19.1073
40.2704	19.1073
40.3401	19.1073
40.3401	19.1421
40.4098	19.1769
40.5143	19.1769
40.5840	19.1769
40.6537	19.1769
40.7234	19.1769
40.7931	19.2466
40.8628	19.2466
40.9673	19.2815
41.0370	19.2815
41.1067	19.2815
41.1764	19.2815
41.2461	19.2815
41.3158	19.2815
41.3855	19.2466
41.4203	19.1769
41.4552	19.1073
41.4900	19.0027
41.4900	18.9330
41.4900	18.8633
41.4203	18.7936
41.3506	18.7239
41.2461	18.6891
41.1764	18.5846
41.1067	18.5846
41.0719	18.5149
41.0370	18.4103
40.9673	18.3406
40.9673	18.2709
41.0022	18.2361
41.0719	18.2709
41.1067	18.3755
41.1764	18.4452
41.2461	18.4800
41.3158	18.4452
41.3506	18.3755
41.3506	18.3058
41.3855	18.2361
41.4552	18.2361
41.5249	18.2361
41.5946	18.2361
41.6643	18.2361
41.6991	18.2013
41.7688	18.2013
41.8385	18.2013
41.9430	18.2013
42.0127	18.2013
42.0824	18.1664
42.1173	18.0967
42.1870	18.0967
42.2566	18.0967
42.3263	18.0270
42.3612	17.9573
42.4309	17.9225
42.4657	17.8528
42.4657	17.7483
42.3960	17.7483
42.3263	17.7483
42.2566	17.7483
42.1870	17.7483
42.1173	17.7483
42.0476	17.7134
41.9779	17.6786
41.9082	17.7134
41.8385	17.7831
41.8036	17.8528
41.8036	17.8179
41.8036	17.7483
41.6991	17.6786
41.6294	17.6786
41.5597	17.7134
41.5597	17.6786
41.4900	17.6437
41.4203	17.6437
41.3158	17.6437
41.3158	17.6089
41.3158	17.5392
41.2113	17.4695
41.1416	17.4695
41.0719	17.4695
41.0022	17.4695
40.9673	17.5392
40.9673	17.6437
40.8976	17.6437
40.8976	17.5740
40.8280	17.5043
40.7234	17.5043
40.6537	17.5043
40.5840	17.5392
40.5143	17.5392
40.4795	17.4695
40.4098	17.4346
40.3401	17.4695
40.2704	17.4695
40.1659	17.4695
40.0962	17.4695
40.0265	17.4695
39.9568	17.4695
39.8871	17.4695
39.7826	17.3998
39.7826	17.3301
39.8523	17.2604
39.8523	17.1907
39.8871	17.0862
39.9220	17.0165
39.9220	16.9468
39.8871	16.8771
39.8174	16.8074
39.7477	16.8074
39.6780	16.7726
39.6083	16.7377
39.5038	16.7029
39.4341	16.7029
39.3644	16.7029
39.3296	16.7726
39.2599	16.8423
39.2250	16.9119
39.1902	16.9816
39.1902	17.0862
39.1902	17.1559
39.2250	17.2256
39.2250	17.2953
39.1902	17.3649
39.1205	17.3649
39.0857	17.2953
39.0508	17.2256
38.9811	17.2604
38.9463	17.3301
38.8766	17.3649
38.8069	17.3998
38.7372	17.3998
38.6327	17.3998
38.5630	17.3998
38.5281	17.3301
38.4584	17.2953
38.3887	17.1907
38.3539	17.1210
38.3190	17.0513
38.2493	16.9816
38.2493	16.9119
38.3190	16.8423
38.3887	16.7726
38.4584	16.7377
38.5281	16.7029
38.5978	16.6680
38.7023	16.6332
38.7720	16.5983
38.8417	16.5983
38.8766	16.4938
38.9114	16.4241
38.9811	16.4241
39.0857	16.4241
39.1553	16.3893
39.2250	16.3893
39.2250	16.3196
39.2250	16.2150
39.2250	16.1453
39.2599	16.1453
39.3296	16.1453
39.4341	16.1453
39.4341	16.1105
39.4341	16.0408
39.3993	15.9363
39.3993	15.8666
39.4341	15.8666
39.5038	15.8666
39.6083	15.8666
39.6780	15.8317
39.7477	15.7969
39.7826	15.7272
39.7826	15.6575
39.7826	15.5530
39.7826	15.4833
39.8174	15.4833
39.8871	15.4833
39.9568	15.4833
40.0613	15.4833
40.0613	15.3787
40.0265	15.3439
40.0265	15.2742
40.0613	15.2045
40.1310	15.2045
40.2356	15.2045
40.3053	15.2045
40.3750	15.1696
40.4446	15.1000
40.4446	14.9954
40.4795	14.9954
40.5492	14.9954
40.5492	14.8909
40.5492	14.8212
40.5492	14.7515
40.6189	14.7515
40.6886	14.7515
40.7583	14.7166
40.7931	14.6121
40.8976	14.5773
40.9673	14.5424
41.0370	14.5424
41.1067	14.5773
41.1764	14.5773
41.2810	14.5773
41.3506	14.5773
41.4203	14.5773
41.4900	14.6121
41.5597	14.6470
41.6294	14.6470
41.7340	14.6818
41.8036	14.6818
41.8733	14.6818
41.9430	14.7166
42.0127	14.7166
42.0127	14.6470
41.9430	14.5773
41.9082	14.4727
41.8385	14.4727
41.7340	14.4379
41.6643	14.4030
41.5946	14.4030
41.5249	14.2985
41.4552	14.2985
41.3506	14.2636
41.3158	14.1940
41.3506	14.0894
41.4203	14.0546
41.5249	14.0197
41.5597	13.9500
41.6294	13.8803
41.7340	13.8455
41.8036	13.8455
41.8733	13.8455
41.8733	13.7758
41.8733	13.6713
41.8036	13.6016
41.7688	13.5319
41.7688	13.4622
41.8385	13.3925
41.9430	13.3228
41.9779	13.2531
42.0476	13.1486
42.1173	13.1486
42.1521	13.0440
42.1870	12.9743
42.2218	12.9047
42.2218	12.8350
42.2218	12.7653
42.2218	12.6956
42.2218	12.5910
42.1870	12.5910
42.1173	12.5910
42.0476	12.6259
41.9779	12.6607
41.8733	12.7653
41.8036	12.7653
41.7340	12.8350
41.6643	12.9047
41.5946	12.9743
41.5597	13.0440
41.4552	13.0789
41.4552	13.1834
41.3855	13.1137
41.3158	13.0789
41.2461	13.0440
41.2113	13.0789
41.1764	13.1834
41.1067	13.2531
41.1067	13.3228
41.1067	13.3925
41.0719	13.4273
40.9673	13.4273
40.8976	13.4622
40.8280	13.4970
40.7583	13.5667
40.6886	13.6016
40.5840	13.6713
40.5492	13.7410
40.4795	13.8107
40.4446	13.8803
40.3750	13.9152
40.3401	13.8803
40.2704	13.8107
40.2007	13.7410
40.1310	13.7410
40.0962	13.8107
40.0613	13.8803
40.0613	13.9500
40.0962	14.0197
40.1310	14.0894
40.1310	14.1591
40.2007	14.2636
40.1659	14.2985
40.0962	14.2985
39.9916	14.2636
39.9220	14.2636
39.8523	14.2636
39.7826	14.3682
39.7129	14.3682
39.7129	14.4379
39.6432	14.5076
39.5735	14.5424
39.5038	14.5424
39.3993	14.5424
39.3993	14.6121
39.3296	14.6470
39.2250	14.7166
39.1902	14.7863
39.1205	14.8560
39.0160	14.8909
38.9463	14.9606
38.9463	14.9257
38.9463	14.8212
38.9463	14.7515
38.9463	14.6818
38.9463	14.6121
38.9463	14.5424
38.9463	14.4727
38.9463	14.4030
38.9811	14.2985
39.0508	14.2288
39.0857	14.1591
39.0508	14.1243
38.9811	14.1243
38.9463	14.0546
38.9463	13.9849
38.9811	13.8803
38.9463	13.8803
38.8417	13.9152
38.7720	13.9500
38.7720	13.8803
38.8069	13.8107
38.9114	13.7758
38.9114	13.7061
38.9463	13.6016
38.9114	13.6016
38.8417	13.6713
38.8417	13.6016
38.8417	13.5319
38.9114	13.4622
38.9114	13.3925
38.8766	13.3577
38.8766	13.2880
38.9114	13.2183
38.9463	13.1137
38.9114	13.0789
38.8417	13.0440
38.7372	13.0440
38.6675	13.0092
38.6675	12.9395
38.7023	12.8698
38.7023	12.8001
38.7372	12.7304
38.7720	12.6259
38.8069	12.5562
38.7372	12.5562
38.7023	12.5213
38.7023	12.4517
38.7023	12.3471
38.7023	12.2774
38.7023	12.2077
38.6675	12.1380
38.6675	12.0683
38.6675	11.9638
38.6327	11.8941
38.6327	11.8244
38.6327	11.7547
38.5978	11.6850
38.5630	11.5805
38.5281	11.5108
38.4584	11.4760
38.3539	11.4760
38.3190	11.5457
38.2842	11.6153
38.2842	11.6850
38.2842	11.7547
38.2842	11.8244
38.2842	11.8941
38.2842	11.9987
38.2842	12.0683
38.2842	12.1380
38.2493	12.2077
38.2493	12.2774
38.1797	12.2774
38.1448	12.3471
38.1797	12.4168
38.2145	12.4865
38.1797	12.5562
38.1448	12.6259
38.1448	12.6956
38.1448	12.7653
38.1448	12.8350
38.1448	12.9395
38.1448	13.0092
38.1448	13.0789
38.1797	13.1486
38.2145	13.2183
38.1448	13.2183
38.0751	13.2183
38.1100	13.2531
38.1100	13.3228
38.1448	13.3925
38.1448	13.4970
38.2145	13.5319
38.2493	13.6016
38.3190	13.7061
38.2842	13.7758
38.2145	13.7758
38.1448	13.7410
38.0751	13.7410
38.0403	13.8107
38.0403	13.8803
38.1100	13.9849
38.1797	14.0197
38.2493	14.0894
38.2493	14.1940
38.2493	14.2636
38.1797	14.2636
38.1100	14.2636
38.0751	14.3682
38.0751	14.4379
38.1100	14.5076
38.1448	14.5773
38.1448	14.6818
38.1100	14.7515
38.1448	14.8212
38.2145	14.8560
38.2493	14.9606
38.2493	15.0303
38.2145	15.0303
38.1100	15.0303
38.1100	15.1000
38.1100	15.1696
38.1448	15.2393
38.2145	15.2742
38.2493	15.3439
38.2493	15.4136
38.2493	15.5181
38.2145	15.5878
38.2145	15.6575
38.2145	15.7272
38.1797	15.7969
38.1448	15.9014
38.0751	15.9014
38.0403	15.8317
37.9706	15.8317
37.9357	15.8666
37.9357	15.9363
37.9357	16.0060
37.9009	16.0756
37.8312	16.0756
37.7615	16.0756
37.6918	16.1802
37.6570	16.2499
37.6570	16.3196
37.5524	16.3893
37.4827	16.3893
37.4479	16.4241
37.3782	16.4938
37.3782	16.5983
37.2737	16.5983
37.2040	16.5983
37.1343	16.6332
37.1343	16.7029
37.1343	16.7726
37.1343	16.8423
37.1343	16.9468
37.1343	17.0165
37.0994	17.0862
37.0646	17.1559
36.9949	17.1559
36.8904	17.1210
36.8207	17.1210
36.7510	17.1210
36.6813	17.1210
36.6116	17.1210
36.5419	17.1210
36.4374	17.1210
36.3677	17.1210
36.2980	17.1559
36.2283	17.2256
36.1586	17.2256
36.0889	17.2256
36.0540	17.1907
36.0540	17.0862
36.0540	17.0165
36.1586	16.9816
36.2283	16.9119
36.2631	16.8423
36.3677	16.7726
36.2980	16.7377
36.2980	16.6680
36.3677	16.5983
36.4025	16.5286
36.3677	16.4938
36.3328	16.4241
36.3677	16.3893
36.4025	16.2847
36.4722	16.2150
36.4025	16.1802
36.3328	16.1802
36.4025	16.1105
36.4722	16.0756
36.5070	15.9711
36.5767	15.9711
36.5767	15.9014
36.5419	15.8666
36.5419	15.7969
36.6116	15.6923
36.6813	15.6923
36.6813	15.5878
36.6813	15.5181
36.6116	15.4484
36.6116	15.3787
36.6813	15.3439
36.7510	15.3439
36.8207	15.3439
36.8555	15.2742
36.8555	15.2045
36.8207	15.1348
36.7510	15.1000
36.6813	15.1000
36.6116	15.0651
36.6116	14.9954
36.6116	14.9257
36.6813	14.8212
36.6813	14.7515
36.6813	14.6818
36.6813	14.6121
36.6813	14.5424
36.6813	14.4727
36.6813	14.3682
36.6464	14.2985
36.6116	14.2288
36.5070	14.1940
36.4374	14.1940
36.4025	14.2636
36.4025	14.3333
36.3328	14.4379
36.3328	14.5076
36.2980	14.5773
36.2631	14.6470
36.2283	14.7166
36.2283	14.8212
36.2283	14.8909
36.2283	14.9606
36.2283	15.0303
36.2283	14.9954
36.2283	14.9257
36.1237	14.9257
36.0889	14.9606
36.0192	15.0303
35.9844	14.9954
35.9147	14.9606
35.8450	14.9606
35.8101	14.9954
35.7753	15.1000
35.7753	15.1696
35.8101	15.2393
35.8798	15.3090
35.9147	15.3787
35.8450	15.3787
35.7753	15.3090
35.7056	15.3090
35.6707	15.3787
35.6707	15.4484
35.6707	15.5181
35.6707	15.5878
35.6359	15.6575
35.5662	15.6923
35.5662	15.6575
35.4965	15.6226
35.4268	15.6226
35.3571	15.5878
35.2526	15.5181
35.2177	15.4484
35.1480	15.3787
35.1480	15.3090
35.0784	15.2742
34.9738	15.2045
34.9041	15.2045
34.8344	15.2045
34.7647	15.1000
34.7647	15.0303
34.7647	14.9606
34.8344	14.9257
34.9041	14.8909
34.9390	14.8212
35.0435	14.7863
35.1132	14.6818
35.1480	14.6121
35.2526	14.5773
35.3223	14.5076
35.3920	14.5076
35.4617	14.4379
35.4268	14.4030
35.3571	14.3682
35.3920	14.3333
35.4617	14.3333
35.5314	14.2985
35.6359	14.2985
35.7056	14.2636
35.7753	14.2636
35.7753	14.1940
35.7404	14.0894
35.7753	14.0894
35.8450	14.0546
35.9147	14.0197
35.9844	13.9849
36.0192	13.9152
36.0192	13.8455
36.0540	13.8107
36.1237	13.8107
36.1586	13.7061
36.1934	13.6364
36.2631	13.6016
36.3328	13.5667
36.3328	13.4970
36.4025	13.4273
36.4722	13.4273
36.5767	13.3925
36.6116	13.3228
36.6116	13.2183
36.6813	13.1834
36.7510	13.1137
36.7858	13.0440
36.8555	12.9743
36.8904	12.9047
36.9600	12.8001
36.9949	12.7304
37.0994	12.6956
37.1343	12.5910
37.1691	12.5213
37.1691	12.4517
37.0994	12.4517
37.0297	12.4168
36.9600	12.4517
36.8555	12.4865
36.7858	12.5562
36.7161	12.6259
36.6464	12.6956
36.5419	12.7304
36.5070	12.8001
36.4374	12.8350
36.4025	12.8001
36.3328	12.8350
36.3328	12.9047
36.2980	13.0092
36.2283	13.0092
36.1237	13.0789
36.1237	13.0440
36.1237	12.9395
36.0192	12.9743
36.0192	13.0440
35.9844	13.1137
35.9147	13.1486
35.8450	13.1137
35.8101	13.1486
35.8101	13.2183
35.7404	13.2531
35.6359	13.2531
35.5662	13.2531
35.5314	13.3228
35.4617	13.3925
35.4617	13.4970
35.3920	13.4970
35.3223	13.4970
35.2526	13.4970
35.1829	13.4970
35.1480	13.5667
35.0784	13.6713
35.0087	13.6713
34.9390	13.7410
34.8693	13.7758
34.7647	13.8803
34.6950	13.8803
34.6254	13.9500
34.5557	13.9849
34.4511	14.0546
34.3814	14.0894
34.3117	14.1940
34.2421	14.2288
34.1375	14.3333
34.0678	14.3682
34.0330	14.4379
33.9284	14.5076
33.8936	14.5773
33.8239	14.5773
33.7542	14.5773
33.7194	14.6470
33.6845	14.7166
33.6497	14.8212
33.5800	14.8909
33.5451	14.9606
33.5103	15.0303
33.4754	15.1348
33.4406	15.2045
33.4406	15.1696
33.3709	15.1000
33.3012	15.0651
33.2664	15.1000
33.2664	15.1696
33.2664	15.2393
33.2315	15.3090
33.1618	15.3090
33.0921	15.3439
33.0224	15.3787
32.9527	15.3787
32.8831	15.4833
32.8482	15.5530
32.7785	15.6226
32.7088	15.6923
32.6391	15.7272
32.5694	15.7272
32.4997	15.7969
32.4301	15.8666
32.3604	15.9014
32.2907	15.9711
32.2558	16.0408
32.1513	16.1105
32.0816	16.1802
32.0119	16.2150
31.9074	16.3196
31.8377	16.3544
31.7680	16.4241
31.7680	16.3893
31.7331	16.3196
31.7331	16.2499
31.7331	16.1802
31.7680	16.0756
31.7680	16.0060
31.7331	15.9363
31.7331	15.8666
31.7331	15.7969
31.7331	15.7272
31.7331	15.6226
31.7331	15.5530
31.7680	15.4833
31.7680	15.4136
31.7680	15.3439
31.7680	15.2742
31.6983	15.2045
31.6983	15.2393
31.6634	15.2045
31.6286	15.1348
31.5938	15.0651
31.5938	14.9954
31.5589	14.8909
31.5241	14.8212
31.5241	14.7515
31.5241	14.6818
31.5241	14.6121
31.4892	14.5076
31.4544	14.4379
31.4195	14.3682
31.4195	14.2985
31.4195	14.2288
31.4195	14.1591
31.4195	14.0546
31.4195	13.9849
31.4195	13.9152
31.4195	13.8455
31.4195	13.7758
31.4195	13.7061
31.3498	13.6364
31.3150	13.5319
31.2453	13.4970
31.2104	13.4273
31.2104	13.3577
31.2801	13.3577
31.3498	13.2880
31.3847	13.2183
31.4195	13.1486
31.4195	13.0440
31.4544	12.9743
31.4544	12.9047
31.4195	12.9047
31.3498	12.9743
31.2801	13.0440
31.2104	13.0440
31.2104	12.9743
31.2104	12.9047
31.2104	12.8350
31.2104	12.7653
31.1756	12.6956
31.1756	12.6259
31.1756	12.5562
31.1756	12.4517
31.1756	12.3820
31.1408	12.3820
31.1059	12.4517
31.0362	12.4865
31.0014	12.4517
31.0014	12.2774
31.0014	12.2077
31.0014	12.1380
31.0014	12.0683
31.0014	11.9987
31.0014	11.9290
31.0014	11.8593
30.9665	11.8593
30.8968	11.8593
30.8271	11.8593
30.7574	11.8941
30.7574	11.8593
30.7574	11.7547
30.7574	11.6850
30.7923	11.6153
30.7923	11.5457
30.7574	11.4760
30.6878	11.4411
30.6529	11.3714
30.5484	11.3017
