28.0151	10.7771
27.9972	10.7503
27.9883	10.7145
27.9525	10.6877
27.9436	10.6699
27.9168	10.6431
27.8900	10.6162
27.8810	10.5984
27.8542	10.5716
27.8453	10.5358
27.8185	10.5090
27.8096	10.4911
27.7827	10.4643
27.7738	10.4286
27.7381	10.4018
27.7291	10.3839
27.7023	10.3571
27.6666	10.3482
27.6398	10.3213
27.6219	10.3124
27.5951	10.2945
27.5593	10.2856
27.5325	10.2856
27.5147	10.2767
27.4879	10.2767
27.4610	10.2588
27.4432	10.2588
27.4074	10.2588
27.3806	10.2588
27.3538	10.2588
27.3359	10.2588
27.3091	10.2588
27.2823	10.2588
27.2466	10.2767
27.2287	10.2767
27.2019	10.2856
27.1751	10.2856
27.1572	10.2945
27.1304	10.3124
27.0947	10.3124
27.0678	10.3303
27.0500	10.3482
27.0232	10.3571
26.9874	10.3660
26.9606	10.3839
26.9427	10.4018
26.9159	10.4196
26.8891	10.4375
26.8534	10.4643
26.8355	10.4911
26.8087	10.5090
26.7730	10.5269
26.7461	10.5448
26.7283	10.5626
26.7015	10.5805
26.6657	10.5984
26.6389	10.6073
26.6210	10.6341
26.5942	10.6431
26.5674	10.6699
26.5317	10.6788
26.5138	10.6877
26.4870	10.7145
26.4512	10.7414
26.4244	10.7771
26.4066	10.7860
26.3798	10.8128
26.3440	10.8218
26.3172	10.8486
26.2993	10.8486
26.2725	10.8665
26.2457	10.8843
26.2100	10.9201
26.1921	10.9290
26.1653	10.9558
26.1385	10.9737
26.1206	11.0005
26.0938	11.0273
26.0581	11.0631
26.0312	11.0809
26.0134	11.1077
25.9776	11.1435
25.9508	11.1524
25.9240	11.1792
25.9061	11.2060
25.8704	11.2239
25.8436	11.2507
25.8168	11.2597
25.7989	11.2954
25.7721	11.3133
25.7632	11.3311
25.7364	11.3669
25.7095	11.3848
25.6917	11.4026
25.6649	11.4384
25.6381	11.4563
25.6202	11.4741
25.5934	11.5099
25.5666	11.5277
25.5308	11.5456
25.5129	11.5814
25.4861	11.6082
25.4593	11.6350
25.4236	11.6439
25.4057	11.6707
25.3878	11.7065
25.3521	11.7154
25.3342	11.7422
25.3074	11.7780
25.2717	11.7869
25.2627	11.8137
25.2359	11.8316
25.2002	11.8584
25.1912	11.8852
25.1644	11.9209
25.1376	11.9388
25.1198	11.9567
25.0929	11.9924
25.0572	12.0014
25.0304	12.0371
25.0125	12.0639
24.9857	12.0818
24.9589	12.1086
24.9410	12.1354
24.9142	12.1533
24.8874	12.1890
24.8695	12.2158
24.8338	12.2248
24.8159	12.2605
24.7802	12.2873
24.7623	12.3141
24.7355	12.3320
24.7087	12.3499
24.6729	12.3677
24.6551	12.3946
24.6283	12.4035
24.6014	12.4303
24.5657	12.4392
24.5478	12.4750
24.5210	12.4929
24.4942	12.5107
24.4585	12.5286
24.4406	12.5465
24.4138	12.5733
24.3870	12.6001
24.3512	12.6090
24.3334	12.6358
24.3066	12.6537
24.2797	12.6716
24.2440	12.7073
24.2261	12.7163
24.1993	12.7431
24.1636	12.7609
24.1368	12.7877
24.1189	12.8235
24.0921	12.8324
24.0563	12.8592
24.0295	12.8950
24.0117	12.9039
23.9848	12.9307
23.9491	12.9575
23.9223	12.9665
23.9044	13.0022
23.8687	13.0112
23.8419	13.0380
23.8151	13.0648
23.7972	13.0826
23.7704	13.1095
23.7614	13.1363
23.7257	13.1541
23.6989	13.1899
23.6721	13.2078
23.6542	13.2256
23.6185	13.2524
23.5917	13.2614
23.5827	13.2971
23.5470	13.3150
23.5291	13.3329
23.5112	13.3597
23.4755	13.3865
23.4576	13.4043
23.4219	13.4312
23.4040	13.4580
23.3772	13.4758
23.3504	13.4937
23.3146	13.5116
23.2968	13.5384
23.2700	13.5473
23.2431	13.5741
23.2074	13.6009
23.1895	13.6188
23.1627	13.6456
23.1359	13.6724
23.1002	13.6903
23.0823	13.7082
23.0555	13.7439
23.0287	13.7529
22.9929	13.7797
22.9751	13.8154
22.9482	13.8333
22.9214	13.8601
22.9036	13.8958
22.8678	13.9227
22.8499	13.9405
22.8321	13.9673
22.8053	13.9941
22.7963	14.0120
22.7606	14.0388
22.7338	14.0478
22.7070	14.0656
22.6891	14.0746
22.6623	14.0746
22.6355	14.0746
22.5997	14.0746
22.5819	14.0746
22.5551	14.0746
22.5282	14.0746
22.5104	14.0746
22.4836	14.0746
22.4568	14.0746
22.4210	14.0746
22.4031	14.0746
22.3763	14.0746
22.3495	14.0746
22.3316	14.0835
22.3048	14.1014
22.2691	14.1014
22.2423	14.1103
22.2244	14.1103
22.1976	14.1192
22.1708	14.1371
22.1350	14.1461
22.1172	14.1550
22.0904	14.1818
22.0636	14.1907
22.0278	14.2175
22.0099	14.2533
21.9831	14.2622
21.9563	14.2890
21.9206	14.3158
21.9027	14.3248
21.8848	14.3605
21.8491	14.3695
21.8402	14.3963
21.8133	14.4231
21.7955	14.4410
21.7776	14.4678
21.7687	14.5035
21.7419	14.5303
21.7419	14.5482
21.7240	14.5750
21.7061	14.6018
21.6972	14.6375
21.6882	14.6554
21.6704	14.6822
21.6525	14.7090
21.6346	14.7448
21.6167	14.7627
21.5989	14.7895
21.5810	14.8163
21.5542	14.8341
21.5274	14.8610
21.5095	14.8878
21.4827	14.8967
21.4559	14.9235
21.4202	14.9324
21.4023	14.9414
21.3755	14.9414
21.3487	14.9593
21.3308	14.9593
21.3040	14.9593
21.2682	14.9682
21.2414	14.9682
21.2236	14.9771
21.1967	14.9771
21.1699	14.9950
21.1342	15.0039
21.1163	15.0129
21.0895	15.0129
21.0627	15.0307
21.0448	15.0397
21.0091	15.0486
20.9823	15.0665
20.9555	15.0844
20.9376	15.1022
20.9018	15.1201
20.8750	15.1469
20.8482	15.1559
20.8304	15.1916
20.7946	15.2184
20.7767	15.2452
20.7589	15.2810
20.7321	15.2988
20.7231	15.3256
20.7053	15.3524
20.6874	15.3703
20.6874	15.4061
20.6695	15.4329
20.6606	15.4597
20.6516	15.4776
20.6516	15.5044
20.6338	15.5401
20.6338	15.5669
20.6248	15.5848
20.6248	15.6116
20.6248	15.6384
20.6248	15.6563
20.6248	15.6920
20.6248	15.7188
20.6248	15.7456
20.6248	15.7635
20.6248	15.7903
20.6248	15.8171
20.6248	15.8350
20.6338	15.8707
20.6338	15.8976
20.6516	15.9244
20.6606	15.9422
20.6695	15.9690
20.6695	16.0048
20.6874	16.0316
20.6874	16.0495
20.6606	16.0673
20.6338	16.0673
20.6159	16.0763
20.5891	16.0852
20.5533	16.1031
20.5265	16.1120
20.5176	16.1388
20.5087	16.1746
20.4908	16.1925
20.4818	16.2193
20.4818	16.2461
20.4818	16.2639
20.4818	16.2908
20.4908	16.3265
20.5176	16.3265
20.5444	16.3265
20.5623	16.3265
20.5980	16.3265
20.6248	16.3265
20.6516	16.3176
20.6695	16.2997
20.6963	16.2997
20.7231	16.2997
20.7589	16.2908
20.7767	16.2908
20.8036	16.2818
20.8304	16.2818
20.8482	16.2908
20.8750	16.3265
20.8840	16.3533
20.8840	16.3712
20.8840	16.3980
20.8840	16.4248
20.8840	16.4605
20.8840	16.4784
20.8840	16.5052
20.8840	16.5320
20.8840	16.5499
20.8840	16.5767
20.8840	16.6035
20.8840	16.6393
20.8840	16.6571
20.9018	16.6839
20.9197	16.7108
20.9197	16.7286
20.9376	16.7644
20.9555	16.7912
20.9823	16.8001
21.0091	16.8359
21.0270	16.8359
21.0627	16.8537
21.0895	16.8537
21.1163	16.8537
21.1342	16.8627
21.1610	16.8716
21.1878	16.8716
21.2057	16.8716
21.2414	16.8716
21.2682	16.8716
21.2950	16.8895
21.3129	16.9074
21.3397	16.9252
21.3665	16.9431
21.3844	16.9699
21.4112	16.9967
21.4202	17.0146
21.4470	17.0414
21.4738	17.0682
21.4916	17.0861
21.5184	17.1039
21.5453	17.1218
21.5631	17.1486
21.5899	17.1576
21.6257	17.1754
21.6525	17.1844
21.6704	17.1844
21.6972	17.1933
21.7240	17.2112
21.7597	17.2112
21.7776	17.2112
21.8044	17.2112
21.8312	17.2112
21.8491	17.2112
21.8848	17.2112
21.9116	17.2112
21.9385	17.2112
21.9742	17.2112
21.9921	17.1933
22.0189	17.1933
22.0457	17.1933
22.0636	17.1933
22.0904	17.1844
22.1261	17.1754
22.1529	17.1576
22.1708	17.1397
22.1976	17.1129
22.2333	17.0861
22.2602	17.0503
22.2780	17.0325
22.3138	17.0146
22.3406	17.0146
22.3674	17.0057
22.3853	17.0057
22.4121	17.0057
22.4389	16.9967
22.4746	16.9788
22.4925	16.9788
22.5193	16.9788
22.5461	16.9788
22.5640	16.9699
22.5908	16.9699
22.6265	16.9788
22.6265	17.0057
22.6355	17.0414
22.6534	17.0682
22.6623	17.0861
22.6712	17.1129
22.6891	17.1397
22.6980	17.1754
22.7070	17.1933
22.7338	17.2201
22.7695	17.2469
22.7963	17.2648
22.8142	17.2827
22.8410	17.3005
22.8768	17.3184
22.9036	17.3363
22.9214	17.3542
22.9482	17.3631
22.9840	17.3720
23.0108	17.3899
23.0287	17.3899
23.0555	17.3899
23.0823	17.3899
23.1002	17.3899
23.1359	17.3988
23.1627	17.3988
23.1895	17.3988
23.2074	17.3988
23.2342	17.3988
23.2610	17.3988
23.2789	17.3988
23.3146	17.3988
23.3414	17.3988
23.3682	17.3988
23.3861	17.3988
23.4129	17.3899
23.4397	17.3899
23.4576	17.3899
23.4934	17.3720
23.5202	17.3720
23.5470	17.3631
23.5648	17.3631
23.5917	17.3631
23.6185	17.3631
23.6542	17.3542
23.6721	17.3363
23.6989	17.3274
23.7257	17.3274
23.7436	17.3184
23.7793	17.3005
23.8061	17.3005
23.8329	17.2916
23.8508	17.2827
23.8776	17.2648
23.9134	17.2648
23.9402	17.2648
23.9580	17.2559
23.9848	17.2469
24.0117	17.2469
24.0474	17.2291
24.0653	17.2291
24.0921	17.2291
24.1189	17.2201
24.1368	17.2201
24.1636	17.1933
24.1993	17.1844
24.2261	17.1576
24.2351	17.1397
24.2619	17.1218
24.2797	17.1039
24.3066	17.1039
24.3423	17.0861
24.3780	17.0682
24.4049	17.0503
24.4227	17.0414
24.4585	17.0146
24.4942	17.0057
24.5210	16.9967
24.5478	16.9788
24.5657	16.9699
24.5925	16.9431
24.6283	16.9342
24.6551	16.9074
24.6729	16.8716
24.6997	16.8627
24.7087	16.8359
24.7266	16.8001
24.7444	16.7822
24.7623	16.7554
24.7802	16.7286
24.7980	16.6929
24.8159	16.6750
24.8338	16.6482
24.8427	16.6214
24.8517	16.6035
24.8695	16.5678
24.8785	16.5410
24.8874	16.5142
24.9142	16.4963
24.9142	16.4605
24.9232	16.4337
24.9500	16.4069
24.9500	16.3891
24.9589	16.3622
24.9857	16.3265
24.9857	16.2997
24.9946	16.2818
25.0125	16.2550
25.0215	16.2282
25.0304	16.1925
25.0572	16.1746
25.0661	16.1478
25.0929	16.1210
25.1198	16.1031
25.1287	16.0763
25.1644	16.0495
25.1912	16.0137
25.2002	15.9959
25.2270	15.9690
25.2359	15.9422
25.2717	15.9065
25.2806	15.8886
25.2985	15.8618
25.3074	15.8350
25.3163	15.7993
25.3432	15.7814
25.3432	15.7546
25.3521	15.7278
25.3700	15.7099
25.3789	15.6742
25.3789	15.6473
25.3789	15.6205
25.3878	15.6027
25.3878	15.5759
25.3878	15.5490
25.4057	15.5133
25.4057	15.4954
25.4146	15.4686
25.4146	15.4418
25.4236	15.4239
25.4415	15.3882
25.4415	15.3614
25.4593	15.3346
25.4772	15.3167
25.4772	15.2899
25.4951	15.2541
25.5129	15.2273
25.5129	15.2095
25.5129	15.1827
25.5219	15.1559
25.5219	15.1201
25.5308	15.1022
25.5308	15.0754
25.5487	15.0486
25.5487	15.0307
25.5487	15.0039
25.5576	14.9682
25.5666	14.9414
25.5666	14.9235
25.5844	14.8967
25.5934	14.8699
25.6023	14.8341
25.6023	14.8163
25.6291	14.7895
25.6559	14.7805
25.6738	14.7448
25.7006	14.7269
25.7274	14.7180
25.7453	14.7090
25.7721	14.7090
25.8078	14.6912
25.8346	14.6733
25.8525	14.6733
25.8793	14.6375
25.9061	14.6107
25.9151	14.5839
25.9419	14.5661
25.9508	14.5303
25.9598	14.5035
25.9866	14.4767
26.0134	14.4588
26.0312	14.4320
26.0581	14.4052
26.0938	14.3963
26.1206	14.3873
26.1385	14.3605
26.1653	14.3516
26.2010	14.3337
26.2278	14.3248
26.2457	14.3158
26.2725	14.2980
26.2993	14.2801
26.3351	14.2801
26.3530	14.2533
26.3798	14.2444
26.4066	14.2265
26.4423	14.2086
26.4602	14.2086
26.4870	14.1818
26.5138	14.1729
26.5495	14.1461
26.5674	14.1371
26.5942	14.1103
26.6210	14.0835
26.6568	14.0656
26.6657	14.0299
26.6925	14.0031
26.7015	13.9763
26.7104	13.9584
26.7283	13.9227
26.7283	13.8958
26.7283	13.8690
26.7283	13.8512
26.7015	13.8244
26.6925	13.7975
26.6747	13.7797
26.6747	13.7529
26.6747	13.7261
26.6925	13.6903
26.7104	13.6724
26.7283	13.6456
26.7640	13.6188
26.7819	13.6099
26.8087	13.5831
26.8355	13.5831
26.8713	13.5652
26.8891	13.5473
26.9159	13.5116
26.9427	13.5026
26.9785	13.4758
26.9964	13.4669
27.0232	13.4401
27.0500	13.4222
27.0857	13.3954
27.1036	13.3686
27.1304	13.3597
27.1572	13.3329
27.1930	13.3239
27.2108	13.2971
27.2376	13.2882
27.2644	13.2614
27.3002	13.2614
27.3181	13.2435
27.3449	13.2256
27.3717	13.1899
27.4074	13.1899
27.4253	13.1541
27.4521	13.1363
27.4789	13.1184
27.5147	13.0826
27.5325	13.0737
27.5593	13.0380
27.5862	13.0290
27.6219	13.0022
27.6398	12.9754
27.6666	12.9665
27.6934	12.9307
27.7113	12.9039
27.7381	12.8860
27.7649	12.8592
27.7738	12.8235
27.8096	12.7967
27.8185	12.7788
27.8453	12.7520
27.8721	12.7163
27.8810	12.6895
27.8900	12.6716
27.9168	12.6448
27.9168	12.6090
27.9436	12.5822
27.9525	12.5643
27.9615	12.5375
27.9793	12.5018
27.9883	12.4750
27.9883	12.4571
27.9972	12.4303
28.0151	12.4035
28.0151	12.3856
28.0151	12.3499
28.0151	12.3231
28.0151	12.2963
27.9972	12.2784
27.9972	12.2516
27.9972	12.2248
28.0151	12.1890
28.0151	12.1711
28.0240	12.1443
28.0508	12.1175
28.0687	12.0997
28.0955	12.0729
28.1313	12.0460
28.1581	12.0282
28.1759	12.0014
28.2028	11.9746
28.2296	11.9567
28.2474	11.9299
28.2742	11.9031
28.2742	11.8673
28.3010	11.8494
28.3100	11.8226
28.3100	11.7958
28.3100	11.7780
28.3189	11.7422
28.3189	11.7154
28.3368	11.6886
28.3457	11.6707
28.3457	11.6439
28.3457	11.6171
28.3457	11.5814
28.3547	11.5635
28.3547	11.5367
28.3725	11.5099
28.3725	11.4920
28.3725	11.4652
28.3725	11.4294
28.3547	11.4026
28.3547	11.3848
28.3547	11.3580
28.3547	11.3311
28.3457	11.3133
28.3368	11.2775
28.3189	11.2507
28.3189	11.2239
28.3100	11.2060
28.3010	11.1792
28.2832	11.1435
28.2832	11.1167
28.2742	11.0988
28.2653	11.0720
28.2474	11.0452
28.2385	11.0094
28.2296	10.9916
28.2296	10.9648
