16.7555	12.9977
16.7726	12.9634
16.7555	12.9462
16.7040	12.8948
16.6697	12.8776
16.6354	12.8433
16.6010	12.8261
16.5496	12.7918
16.5152	12.7746
16.4809	12.7575
16.4466	12.7403
16.4123	12.7232
16.3780	12.6889
16.3437	12.6545
16.3093	12.6545
16.2579	12.6202
16.2235	12.6031
16.1892	12.5687
16.1549	12.5516
16.1034	12.5173
16.0691	12.5001
16.0348	12.4829
16.0005	12.4658
15.9662	12.4486
15.9147	12.4315
15.8975	12.3972
15.8632	12.3457
15.8461	12.3114
15.8289	12.2770
15.8117	12.2427
15.8117	12.2084
15.7946	12.1569
15.7946	12.1226
15.7946	12.0883
15.7946	12.0540
15.7946	12.0197
15.8289	11.9682
15.8461	11.9339
15.8975	11.8996
15.9318	11.8652
15.9662	11.8138
16.0176	11.7966
16.0520	11.7966
16.0863	11.7794
16.1206	11.7623
16.1549	11.7623
16.1892	11.7623
16.2407	11.7623
16.2750	11.7623
16.3093	11.7623
16.3437	11.7623
16.3780	11.7623
16.4123	11.7623
16.4466	11.7623
16.4981	11.7623
16.5324	11.7623
16.5667	11.7623
16.6010	11.7623
16.6354	11.7794
16.6697	11.7966
16.7211	11.7966
16.7555	11.7966
16.7898	11.8309
16.8241	11.8309
16.8584	11.8652
16.9099	11.8824
16.9442	11.8824
16.9785	11.8996
16.9785	11.8824
16.9785	11.8481
16.9785	11.8138
16.9785	11.7623
16.9785	11.7280
16.9614	11.6936
16.9442	11.6593
16.9442	11.6250
16.9442	11.5907
16.9442	11.5392
16.9614	11.5049
16.9614	11.4706
16.9614	11.4363
16.9614	11.4020
16.9785	11.3676
17.0128	11.3505
17.0472	11.3162
17.0986	11.3162
17.1330	11.2990
17.1673	11.2818
17.2016	11.2647
17.2359	11.2647
17.2874	11.2647
17.3217	11.2475
17.3560	11.2304
17.3903	11.2132
17.4247	11.2132
17.4761	11.1960
17.5104	11.1789
17.5448	11.1789
17.5791	11.1617
17.6134	11.1617
17.6649	11.1446
17.6992	11.1446
17.7335	11.1274
17.7678	11.1274
17.8021	11.1274
17.8365	11.1103
17.8879	11.1103
17.9051	11.1446
17.9394	11.1789
17.9394	11.2132
17.9737	11.2475
17.9909	11.2990
18.0252	11.3333
18.0424	11.3676
18.0424	11.4020
18.0767	11.4534
18.1110	11.4706
18.1282	11.5049
18.1796	11.5392
18.2140	11.5564
18.2483	11.5564
18.2826	11.5564
18.3341	11.5564
18.3684	11.5221
18.3855	11.4877
18.4027	11.4534
18.4027	11.4191
18.4199	11.3848
18.4713	11.3505
18.5056	11.3333
18.5400	11.3162
18.5743	11.3162
18.6086	11.3162
18.6601	11.3162
18.6944	11.3162
18.7287	11.3162
18.7630	11.3162
18.7973	11.3333
18.8317	11.3333
18.8831	11.3505
18.9175	11.3505
18.9518	11.3505
18.9861	11.3676
19.0204	11.3676
19.0547	11.3676
19.1062	11.3676
19.1062	11.3162
19.1405	11.2818
19.1577	11.2475
19.1748	11.2132
19.2092	11.1789
19.2092	11.1274
19.2435	11.0931
19.2778	11.0759
19.3121	11.0588
19.3464	11.0588
19.3979	11.0588
19.4322	11.0588
19.4665	11.0588
19.5009	11.0588
19.5352	11.0759
19.5695	11.0931
19.6210	11.1103
19.6553	11.1103
19.6896	11.1103
19.7239	11.1274
19.7582	11.1446
19.8097	11.1446
19.8440	11.1446
19.8783	11.1617
19.9127	11.1617
19.9470	11.1617
19.9813	11.1789
20.0328	11.1789
20.0499	11.1617
20.0671	11.1274
20.0671	11.0759
20.0842	11.0416
20.0842	11.0073
20.0842	10.9730
20.0842	10.9387
20.0842	10.9043
20.0842	10.8529
20.0842	10.8186
20.0842	10.7842
20.0842	10.7499
20.0842	10.7156
20.0842	10.6813
20.0842	10.6470
20.0842	10.5955
20.0842	10.5612
20.0842	10.5269
20.0842	10.4925
20.0842	10.4582
20.0842	10.4239
20.0842	10.3896
20.1014	10.3381
20.1014	10.3038
20.1014	10.2695
20.1014	10.2352
20.1014	10.2008
20.1014	10.1665
20.1014	10.1322
20.1014	10.0979
20.1014	10.0464
20.1014	10.0121
20.1186	9.9778
20.1186	9.9435
20.1186	9.9091
20.1186	9.8748
20.1186	9.8405
20.1186	9.7890
20.1186	9.7547
20.1186	9.7204
20.1014	9.6861
20.1014	9.6518
20.1014	9.6174
20.1014	9.5660
20.1014	9.5317
20.1014	9.4973
20.1014	9.4630
20.1014	9.4287
20.1186	9.3772
20.1700	9.3601
20.2044	9.3257
20.2387	9.3257
20.2730	9.3257
20.3073	9.3257
20.3588	9.3257
20.3931	9.3257
20.4274	9.3429
20.4617	9.3601
20.4961	9.3601
20.5475	9.3944
20.5819	9.4115
20.6162	9.4630
20.6505	9.4802
20.7020	9.5145
20.7363	9.5660
20.7706	9.6003
20.8049	9.6346
20.8221	9.6861
20.8392	9.7204
20.8564	9.7547
20.8564	9.7890
20.8564	9.8234
20.8564	9.8577
20.8564	9.9091
20.8564	9.9435
20.8564	9.9778
20.8564	10.0121
20.8564	10.0464
20.8564	10.0807
20.8564	10.1150
20.8564	10.1494
20.8564	10.2008
20.8564	10.2352
20.8735	10.2695
20.8735	10.3038
20.8735	10.3381
20.8735	10.3724
20.8735	10.4239
20.8735	10.4582
20.8735	10.4925
20.8735	10.5269
20.8735	10.5612
20.8735	10.5955
20.8735	10.6298
20.8735	10.6641
20.8735	10.7156
20.8735	10.7499
20.8735	10.7842
20.8907	10.8186
20.8907	10.8529
20.8907	10.8872
20.9079	10.9387
20.9079	10.9730
20.9079	11.0073
20.9079	11.0416
20.9250	11.0759
20.9422	11.1103
20.9593	11.1617
20.9765	11.1960
21.0108	11.2304
21.0280	11.2647
21.0623	11.3162
21.0623	11.3505
21.0966	11.3848
21.1138	11.4191
21.1481	11.4706
21.1824	11.4877
21.2167	11.5221
21.2339	11.5735
21.2682	11.6079
21.2854	11.6422
21.3197	11.6765
21.3368	11.7108
21.3540	11.7623
21.3712	11.7966
21.4055	11.8309
21.4226	11.8652
21.4569	11.9167
21.4913	11.9510
21.5256	11.9682
21.5599	12.0197
21.5942	12.0368
21.6114	12.0711
21.6114	12.1226
21.6114	12.1569
21.5942	12.1913
21.5771	12.2256
21.5942	12.2599
21.6285	12.2599
21.6628	12.2599
21.7143	12.2599
21.7486	12.2599
21.7830	12.2599
21.8173	12.2599
21.8516	12.2599
21.8859	12.2599
21.9202	12.2599
21.9717	12.2599
22.0060	12.2427
22.0403	12.2256
22.0747	12.2256
22.1090	12.2256
22.1433	12.2084
22.1948	12.2084
22.2291	12.1913
22.2634	12.1913
22.2977	12.1569
22.3320	12.1398
22.3835	12.1398
22.4178	12.1226
22.4521	12.1226
22.4865	12.1055
22.5208	12.0883
22.5723	12.0540
22.6066	12.0368
22.6409	12.0025
22.6752	11.9853
22.7267	11.9510
22.7438	11.9167
22.7782	11.8824
22.8125	11.8481
22.8296	11.8138
22.8811	11.7794
22.9154	11.7451
22.9498	11.7280
22.9841	11.6936
23.0355	11.6765
23.0699	11.6250
23.1042	11.6079
23.1385	11.5907
23.1900	11.5735
23.2243	11.5735
23.2586	11.5735
23.2929	11.5564
23.3272	11.5221
23.3616	11.4877
23.3787	11.4534
23.4130	11.4191
23.4302	11.3676
23.4645	11.3333
23.4817	11.2990
23.5160	11.2647
23.5331	11.2132
23.5675	11.1789
23.5846	11.1446
23.6361	11.1103
23.6533	11.0588
23.6876	11.0245
23.7047	10.9901
23.7391	10.9558
23.7734	10.9043
23.7905	10.8700
23.8248	10.8357
23.8592	10.8014
23.8935	10.7499
23.9278	10.7156
23.9450	10.6813
23.9964	10.6470
24.0307	10.5955
24.0651	10.5612
24.0822	10.5269
24.1165	10.4754
24.1337	10.4411
24.1680	10.4239
24.2023	10.3896
24.2367	10.3381
24.2710	10.3038
24.3224	10.2695
24.3396	10.2180
24.3911	10.1837
24.4254	10.1494
24.4597	10.0979
24.4940	10.0807
24.5455	10.0464
24.5798	10.0293
24.6141	10.0121
24.6485	10.0121
24.6828	10.0121
24.7343	10.0293
24.7686	10.0464
24.7857	10.0807
24.8372	10.1150
24.8544	10.1494
24.8887	10.1837
24.9402	10.2008
24.9745	10.2352
25.0088	10.2523
25.0431	10.2695
25.0774	10.3038
25.0946	10.3381
25.0946	10.3896
25.0774	10.4239
25.0603	10.4582
25.0431	10.4925
25.0260	10.5269
25.0088	10.5783
25.0088	10.6127
24.9916	10.6470
24.9573	10.6813
24.9573	10.7156
24.9402	10.7671
24.9230	10.8014
24.9058	10.8357
24.8887	10.8700
24.8544	10.9215
24.8544	10.9558
24.8200	10.9901
24.8029	11.0245
24.8029	11.0588
24.7686	11.1103
24.7686	11.1446
24.7343	11.1789
24.7171	11.2132
24.6999	11.2475
24.6828	11.2990
24.6656	11.3333
24.6485	11.3676
24.6141	11.4020
24.6141	11.4534
24.5798	11.4877
24.5627	11.5221
24.5284	11.5564
24.5112	11.6079
24.4769	11.6422
24.4597	11.6765
24.4254	11.7108
24.4082	11.7451
24.3911	11.7966
24.3739	11.8309
24.3568	11.8652
24.3568	11.8996
24.3396	11.9339
24.3224	11.9853
24.3224	12.0197
24.3224	12.0540
24.3224	12.0883
24.3396	12.1226
24.3396	12.1741
24.3568	12.2084
24.3739	12.2427
24.3739	12.2770
24.3739	12.3114
24.3739	12.3457
24.3911	12.3972
24.3911	12.4315
24.4426	12.4486
24.4597	12.4829
24.4940	12.5173
24.5284	12.5516
24.5627	12.5859
24.5970	12.6202
24.5970	12.6545
24.6141	12.6889
24.6313	12.7403
24.6485	12.7746
24.6828	12.7918
24.7171	12.8261
24.7343	12.8604
24.7686	12.8948
24.7857	12.9291
24.7857	12.9806
24.8029	13.0149
24.8200	13.0492
24.8372	13.0835
24.8544	13.1178
24.8715	13.1693
24.8887	13.2036
24.9230	13.2379
24.9573	13.2722
24.9745	13.3237
24.9916	13.3580
25.0088	13.3924
25.0260	13.4267
25.0431	13.4610
25.0431	13.5125
25.0774	13.5468
25.0946	13.5811
25.1117	13.6154
25.1461	13.6669
25.1632	13.7012
25.1975	13.7355
25.2319	13.7699
25.2490	13.8213
25.2662	13.8556
25.3005	13.8900
25.3177	13.9243
25.3520	13.9758
25.3520	14.0101
25.3691	14.0444
25.3863	14.0787
25.3863	14.1130
25.3863	14.1473
25.3863	14.1988
25.3863	14.2331
25.4034	14.2675
25.4378	14.3018
25.4549	14.3361
25.5064	14.3704
25.5407	14.3876
25.5750	14.4390
25.6093	14.4734
25.6437	14.4905
25.6608	14.5420
25.6951	14.5763
25.7295	14.5935
25.7466	14.6449
25.7809	14.6793
25.8153	14.7136
25.8496	14.7479
25.8667	14.7822
25.8667	14.8165
25.8667	14.8508
25.8667	14.8852
25.8667	14.9366
25.8496	14.9710
25.8324	15.0053
25.8324	15.0396
25.8153	15.0739
25.7981	15.1254
25.7809	15.1597
25.7809	15.1940
25.7466	15.2283
25.7295	15.2627
25.7123	15.3141
25.6780	15.3485
25.6437	15.3656
25.6093	15.3828
25.5750	15.3828
25.5407	15.3828
25.5064	15.3999
25.4549	15.3999
25.4206	15.3999
25.3863	15.3999
25.3520	15.3999
25.3177	15.3999
25.2833	15.3999
25.2490	15.3999
25.1975	15.3999
25.1632	15.3999
25.1289	15.4171
25.0946	15.4171
25.0603	15.4171
25.0260	15.4171
24.9745	15.4342
24.9402	15.4514
24.9058	15.4686
24.8715	15.4857
24.8372	15.5029
24.7857	15.5029
24.7514	15.5200
24.7171	15.5372
24.6828	15.5372
24.6485	15.5372
24.6141	15.5372
24.5798	15.5372
24.5284	15.5544
24.4940	15.5544
24.4597	15.5544
24.4254	15.5544
24.3911	15.5544
24.3568	15.5715
24.3053	15.5887
24.2710	15.6058
24.2367	15.6058
24.2023	15.6401
24.1852	15.6745
24.1509	15.7088
24.1509	15.7431
24.1337	15.7946
24.1165	15.8289
24.1165	15.8632
24.0822	15.8975
24.0651	15.9490
24.0479	15.9833
24.0136	16.0176
23.9793	16.0348
23.9450	16.0348
23.9106	16.0348
23.8763	16.0348
23.8248	16.0348
23.7905	16.0348
23.7562	16.0176
23.7219	16.0176
23.6876	16.0005
23.6361	15.9833
23.6018	15.9662
23.5675	15.9662
23.5331	15.9662
23.4988	15.9662
23.4645	15.9662
23.4130	15.9833
23.3787	16.0005
23.3616	16.0348
23.3444	16.0691
23.3101	16.1034
23.3101	16.1378
23.3101	16.1892
23.3101	16.2235
23.2758	16.2579
23.2586	16.2922
23.2586	16.3265
23.2586	16.3608
23.2414	16.4123
23.2243	16.4466
23.2243	16.4809
23.2071	16.5152
23.1728	16.5667
23.1385	16.5839
23.1213	16.6182
23.0870	16.6697
23.0527	16.6868
23.0184	16.7211
22.9669	16.7211
22.9326	16.7211
22.8983	16.7211
22.8640	16.7211
22.8296	16.7211
22.7782	16.7211
22.7438	16.7211
22.7095	16.7211
22.6752	16.6868
22.6409	16.6697
22.5894	16.6525
22.5551	16.6354
22.5208	16.6354
22.4865	16.6010
22.4693	16.5667
22.4521	16.5324
22.4521	16.4809
22.4178	16.4466
22.4007	16.4123
22.4007	16.3780
22.3835	16.3437
22.3492	16.3437
22.3149	16.3437
22.2634	16.3437
22.2291	16.3437
22.1948	16.3437
22.1605	16.3437
22.1261	16.3437
22.0918	16.3437
22.0575	16.3437
22.0060	16.3608
21.9717	16.3780
21.9717	16.4123
21.9717	16.4466
21.9717	16.4809
21.9545	16.5152
21.9202	16.5667
21.8859	16.5667
21.8516	16.5839
21.8173	16.6010
21.7658	16.6182
21.7315	16.6354
21.6972	16.6354
21.6628	16.6697
21.6285	16.6697
21.5771	16.7040
21.5427	16.7040
21.5084	16.7383
21.4741	16.7555
21.4226	16.7555
21.3883	16.7898
21.3540	16.8069
21.3197	16.8069
21.2854	16.8069
21.2510	16.8069
21.1996	16.8069
21.1824	16.7898
21.1481	16.7726
21.0966	16.7383
21.0623	16.7211
21.0280	16.7040
20.9937	16.6697
20.9765	16.6182
20.9593	16.5839
20.9593	16.5496
20.9079	16.5324
20.8735	16.4809
20.8392	16.4638
20.8049	16.4294
20.8049	16.3780
20.7706	16.3437
20.7534	16.3093
20.7534	16.2750
20.7363	16.2407
20.7191	16.1892
20.7020	16.1549
20.6848	16.1206
20.6505	16.0863
20.6162	16.0520
20.5819	16.0176
20.5475	15.9833
20.4961	15.9833
20.4617	15.9833
20.4274	15.9833
20.3931	15.9833
20.3588	15.9833
20.3245	15.9833
20.2730	16.0005
20.2387	16.0176
20.2044	16.0176
20.1700	16.0176
20.1357	16.0176
20.1014	16.0176
20.0499	16.0348
20.0156	16.0348
19.9813	16.0348
19.9470	16.0348
19.9127	16.0348
19.8783	16.0348
19.8440	16.0348
19.8097	16.0348
19.7582	16.0348
19.7239	16.0348
19.6896	16.0348
19.6553	16.0348
19.6210	16.0348
19.5866	16.0348
19.5523	16.0348
19.5009	16.0348
19.4665	16.0348
19.4322	16.0348
19.3979	16.0348
19.3636	16.0348
19.3293	16.0348
19.2778	16.0520
19.2263	16.0520
19.1920	16.0520
19.1577	16.0520
19.1234	16.0520
19.0890	16.0520
19.0547	16.0520
19.0204	16.0520
18.9689	16.0520
18.9346	16.0520
18.9003	16.0520
18.8660	16.0348
18.8317	16.0348
18.7973	16.0176
18.7459	16.0005
18.7116	15.9833
18.6772	15.9662
18.6429	15.9490
18.6086	15.9318
18.5571	15.9147
18.5228	15.8975
18.4885	15.8804
18.4542	15.8289
18.4199	15.8117
18.3855	15.7774
18.3512	15.7774
18.2997	15.7259
18.2826	15.6916
18.2483	15.6745
18.1968	15.6916
18.1625	15.7088
18.1282	15.7431
18.0938	15.7603
18.0595	15.8117
18.0252	15.8117
17.9909	15.8461
17.9566	15.8632
17.9051	15.8804
17.8708	15.9147
17.8365	15.9147
17.8021	15.9490
17.7507	15.9662
17.7163	15.9662
17.6820	15.9662
17.6477	15.9833
17.6134	15.9833
17.5791	15.9833
17.5276	15.9833
17.4933	15.9833
17.4590	15.9490
17.4247	15.9318
17.3903	15.8975
17.3389	15.8804
17.3045	15.8461
17.2702	15.8289
17.2359	15.7946
17.1844	15.7603
17.1501	15.7259
17.1158	15.7088
17.0815	15.6745
17.0472	15.6401
17.0128	15.6230
16.9785	15.5887
16.9785	15.5544
16.9785	15.5200
16.9785	15.4857
17.0128	15.4342
17.0643	15.3999
17.0986	15.3656
17.1330	15.3485
17.1673	15.3141
17.2016	15.2627
17.2187	15.2283
17.2359	15.1940
17.2702	15.1597
17.2702	15.1254
17.2874	15.0739
17.3045	15.0396
17.3045	15.0053
17.3217	14.9710
17.3217	14.9366
17.3217	14.8852
17.3217	14.8508
17.3217	14.8165
17.3217	14.7822
17.3217	14.7479
17.2874	14.7136
17.2702	14.6621
17.2531	14.6278
17.2359	14.5935
17.2359	14.5592
17.2187	14.5248
17.2187	14.4734
17.2016	14.4390
17.2016	14.4047
17.1844	14.3704
17.1673	14.3361
17.1673	14.2846
17.1501	14.2503
17.1501	14.2160
17.1330	14.1817
17.1330	14.1473
17.1158	14.1130
17.0986	14.0615
17.0986	14.0272
17.0986	13.9929
17.0815	13.9586
17.0815	13.9243
17.0643	13.8728
17.0472	13.8385
17.0472	13.8042
17.0472	13.7699
17.0472	13.7355
17.0300	13.7012
17.0128	13.6497
17.0128	13.6154
16.9785	13.5811
16.9442	13.5468
16.9099	13.5125
16.8927	13.4782
16.8584	13.4438
16.8413	13.3924
16.8413	13.3580
16.8241	13.3237
16.8241	13.2894
16.8241	13.2551
16.8413	13.2208
16.8413	13.1693
