24.6066	9.8101
24.6066	9.8192
24.5615	9.8192
24.5615	9.8282
24.5524	9.8282
24.5524	9.8372
24.5344	9.8372
24.5344	9.8463
24.5344	9.8553
24.5163	9.8553
24.5163	9.8643
24.5163	9.8734
24.5073	9.8734
24.5073	9.8824
24.4982	9.8824
24.4982	9.8914
24.4892	9.8914
24.4892	9.9005
24.4892	9.9095
24.4802	9.9095
24.4802	9.9185
24.4711	9.9185
24.4711	9.9276
24.4621	9.9276
24.4621	9.9366
24.4621	9.9456
24.4440	9.9456
24.4440	9.9547
24.4440	9.9637
24.4350	9.9637
24.4350	9.9818
24.4260	9.9818
24.4260	9.9908
24.4169	9.9908
24.4169	9.9998
24.4079	9.9998
24.4079	10.0089
24.4079	10.0179
24.3898	10.0179
24.3898	10.0269
24.3898	10.0360
24.3808	10.0360
24.3808	10.0450
24.3808	10.0540
24.3718	10.0540
24.3718	10.0631
24.3718	10.0721
24.3627	10.0721
24.3627	10.0811
24.3627	10.0902
24.3537	10.0902
24.3537	10.0992
24.3537	10.1082
24.3537	10.1173
24.3447	10.1173
24.3447	10.1263
24.3447	10.1353
24.3447	10.1444
24.3356	10.1444
24.3356	10.1534
24.3356	10.1624
24.3266	10.1715
24.3266	10.1805
24.3266	10.1895
24.3266	10.1986
24.3176	10.1986
24.3176	10.2076
24.3176	10.2166
24.3176	10.2257
24.3176	10.2347
24.3085	10.2347
24.3085	10.2437
24.3085	10.2528
24.2995	10.2528
24.2995	10.2618
24.2995	10.2708
24.2995	10.2799
24.2905	10.2799
24.2905	10.2889
24.2905	10.2979
24.2814	10.3070
24.2814	10.3160
24.2814	10.3250
24.2724	10.3250
24.2724	10.3341
24.2724	10.3431
24.2634	10.3431
24.2634	10.3521
24.2634	10.3612
24.2634	10.3702
24.2634	10.3792
24.2453	10.3792
24.2453	10.3883
24.2453	10.3973
24.2453	10.4063
24.2363	10.4063
24.2363	10.4154
24.2363	10.4244
24.2272	10.4244
24.2272	10.4334
24.2182	10.4425
24.2182	10.4515
24.2092	10.4515
24.2092	10.4605
24.2092	10.4696
24.2092	10.4786
24.2001	10.4786
24.2001	10.4876
24.1911	10.4967
24.1911	10.5057
24.1911	10.5147
24.1911	10.5238
24.1911	10.5328
24.1911	10.5418
24.1821	10.5418
24.1821	10.5509
24.1821	10.5599
24.1821	10.5689
24.1821	10.5780
24.1821	10.5870
24.1821	10.5960
24.1911	10.5960
24.1911	10.6051
24.1911	10.6141
24.1911	10.6231
24.1911	10.6322
24.1911	10.6412
24.1911	10.6502
24.1911	10.6593
24.2001	10.6683
24.2001	10.6773
24.2001	10.6864
24.2001	10.6954
24.2001	10.7044
24.2001	10.7135
24.2001	10.7225
24.2001	10.7315
24.2001	10.7406
24.2001	10.7496
24.2001	10.7586
24.2001	10.7677
24.2001	10.7767
24.2001	10.7857
24.2001	10.7948
24.2092	10.8038
24.2092	10.8128
24.2092	10.8219
24.2092	10.8309
24.2092	10.8399
24.2092	10.8490
24.2092	10.8580
24.2092	10.8670
24.2092	10.8761
24.2182	10.8761
24.2182	10.8851
24.2182	10.8941
24.2182	10.9032
24.2272	10.9032
24.2272	10.9122
24.2272	10.9212
24.2272	10.9303
24.2272	10.9393
24.2363	10.9393
24.2363	10.9483
24.2453	10.9483
24.2453	10.9574
24.2453	10.9664
24.2453	10.9754
24.2543	10.9754
24.2543	10.9845
24.2543	10.9935
24.2634	10.9935
24.2634	11.0025
24.2634	11.0116
24.2724	11.0206
24.2724	11.0296
24.2814	11.0296
24.2814	11.0387
24.2814	11.0477
24.2814	11.0567
24.2905	11.0567
24.2905	11.0658
24.2995	11.0748
24.2995	11.0838
24.2995	11.0929
24.2995	11.1019
24.3085	11.1019
24.3085	11.1109
24.3176	11.1200
24.3176	11.1290
24.3176	11.1380
24.3266	11.1380
24.3266	11.1471
24.3266	11.1561
24.3356	11.1561
24.3356	11.1651
24.3356	11.1742
24.3447	11.1742
24.3447	11.1832
24.3447	11.1922
24.3537	11.1922
24.3537	11.2013
24.3537	11.2103
24.3627	11.2193
24.3627	11.2284
24.3718	11.2284
24.3718	11.2374
24.3718	11.2464
24.3808	11.2464
24.3808	11.2555
24.3808	11.2645
24.3808	11.2735
24.3898	11.2735
24.3898	11.2826
24.3898	11.2916
24.3898	11.3006
24.3898	11.3097
24.3898	11.3187
24.3898	11.3277
24.3898	11.3368
24.3898	11.3458
24.3898	11.3548
24.3898	11.3639
24.3898	11.3729
24.3808	11.3729
24.3808	11.3819
24.3718	11.3819
24.3718	11.3910
24.3718	11.4000
24.3718	11.4090
24.3718	11.4181
24.3718	11.4271
24.3627	11.4271
24.3627	11.4361
24.3537	11.4361
24.3537	11.4452
24.3537	11.4542
24.3447	11.4542
24.3447	11.4632
24.3356	11.4632
24.3356	11.4723
24.3266	11.4723
24.3266	11.4813
24.3176	11.4813
24.3176	11.4903
24.3176	11.4994
24.2995	11.4994
24.2995	11.5084
24.2995	11.5174
24.2814	11.5174
24.2814	11.5265
24.2814	11.5355
24.2724	11.5355
24.2724	11.5445
24.2634	11.5445
24.2634	11.5536
24.2543	11.5536
24.2543	11.5626
24.2453	11.5626
24.2453	11.5716
24.2363	11.5716
24.2363	11.5807
24.2272	11.5807
24.2272	11.5897
24.2272	11.5987
24.2182	11.5987
24.2182	11.6078
24.2092	11.6078
24.2092	11.6168
24.2001	11.6168
24.2001	11.6258
24.1911	11.6258
24.1911	11.6349
24.1911	11.6439
24.1730	11.6439
24.1730	11.6529
24.1730	11.6620
24.1730	11.6710
24.1640	11.6710
24.1640	11.6800
24.1550	11.6800
24.1550	11.6891
24.1550	11.6981
24.1459	11.6981
24.1459	11.7071
24.1369	11.7071
24.1369	11.7162
24.1369	11.7252
24.1279	11.7252
24.1279	11.7342
24.1188	11.7342
24.1188	11.7433
24.1188	11.7523
24.1188	11.7613
24.1098	11.7704
24.1008	11.7704
24.1008	11.7794
24.1008	11.7884
24.1008	11.7975
24.0917	11.7975
24.0917	11.8065
24.0917	11.8155
24.0827	11.8246
24.0827	11.8336
24.0737	11.8336
24.0737	11.8426
24.0737	11.8517
24.0646	11.8517
24.0646	11.8607
24.0646	11.8697
24.0646	11.8788
24.0556	11.8788
24.0556	11.8878
24.0556	11.8968
24.0466	11.8968
24.0466	11.9059
24.0466	11.9149
24.0466	11.9239
24.0375	11.9239
24.0375	11.9330
24.0285	11.9330
24.0285	11.9420
24.0285	11.9510
24.0195	11.9691
24.0104	11.9691
24.0104	11.9781
24.0104	11.9872
24.0104	11.9962
24.0014	11.9962
24.0014	12.0052
23.9924	12.0143
23.9924	12.0233
23.9924	12.0323
23.9924	12.0414
23.9833	12.0414
23.9833	12.0504
23.9743	12.0504
23.9743	12.0594
23.9743	12.0685
23.9743	12.0775
23.9653	12.0865
23.9653	12.0956
23.9653	12.1046
23.9562	12.1046
23.9562	12.1136
23.9562	12.1227
23.9562	12.1317
23.9472	12.1317
23.9472	12.1407
23.9472	12.1498
23.9382	12.1498
23.9382	12.1588
23.9382	12.1678
23.9291	12.1678
23.9291	12.1769
23.9201	12.1769
23.9201	12.1859
23.9201	12.1949
23.9111	12.1949
23.9111	12.2040
23.9020	12.2040
23.9020	12.2130
23.9020	12.2220
23.8930	12.2220
23.8930	12.2311
23.8840	12.2311
23.8840	12.2401
23.8749	12.2401
23.8749	12.2491
23.8659	12.2491
23.8659	12.2582
23.8659	12.2672
23.8569	12.2672
23.8478	12.2762
23.8388	12.2762
23.8388	12.2853
23.8388	12.2943
23.8298	12.2943
23.8298	12.3033
23.8207	12.3033
23.8207	12.3124
23.8117	12.3124
23.8027	12.3214
23.7936	12.3214
23.7936	12.3304
23.7846	12.3304
23.7756	12.3395
23.7756	12.3485
23.7485	12.3485
23.7485	12.3575
23.7394	12.3575
23.7394	12.3666
23.7033	12.3666
23.7033	12.3756
23.6852	12.3756
23.6852	12.3846
23.6672	12.3846
23.6672	12.3937
23.6401	12.3937
23.6401	12.4027
23.5949	12.4027
23.5949	12.4117
23.5769	12.4117
23.5769	12.4208
23.5046	12.4208
23.5046	12.4298
23.4865	12.4298
23.4865	12.4388
23.4594	12.4388
23.4594	12.4479
23.4504	12.4479
23.4504	12.4569
23.4323	12.4569
23.4323	12.4659
23.4143	12.4659
23.4143	12.4750
23.3962	12.4750
23.3962	12.4840
23.3781	12.4840
23.3781	12.4930
23.3601	12.4930
23.3601	12.5021
23.3510	12.5021
23.3510	12.5111
23.3330	12.5111
23.3239	12.5201
23.3239	12.5292
23.3059	12.5292
23.3059	12.5382
23.2878	12.5382
23.2878	12.5472
23.2697	12.5472
23.2697	12.5563
23.2697	12.5653
23.2426	12.5653
23.2426	12.5743
23.2246	12.5743
23.2246	12.5834
23.2065	12.5834
23.2065	12.5924
23.1975	12.5924
23.1884	12.6014
23.1252	12.6014
23.1252	12.6105
23.0710	12.6105
23.0710	12.6195
22.9626	12.6195
22.9626	12.6285
22.9265	12.6285
22.9265	12.6376
22.8903	12.6376
22.8903	12.6466
22.8723	12.6466
22.8723	12.6556
22.8542	12.6556
22.8542	12.6647
22.8361	12.6647
22.8361	12.6737
22.8090	12.6737
22.8000	12.6827
22.8000	12.6918
22.7819	12.6918
22.7819	12.7008
22.7639	12.7008
22.7639	12.7098
22.7548	12.7098
22.7548	12.7189
22.7458	12.7189
22.7458	12.7279
22.7368	12.7369
22.7277	12.7369
22.7277	12.7460
22.7097	12.7460
22.7097	12.7550
22.7097	12.7640
22.6916	12.7640
22.6916	12.7731
22.6916	12.7821
22.6826	12.7821
22.6826	12.7911
22.6735	12.7911
22.6735	12.8002
22.6735	12.8092
22.6645	12.8092
22.6645	12.8182
22.6555	12.8182
22.6555	12.8273
22.6555	12.8363
22.6464	12.8363
22.6464	12.8453
22.6464	12.8544
22.6374	12.8544
22.6374	12.8634
22.6374	12.8724
22.6284	12.8724
22.6284	12.8815
22.6193	12.8905
22.6193	12.8995
22.6103	12.8995
22.6103	12.9086
22.6103	12.9176
22.6013	12.9176
22.6013	12.9266
22.6013	12.9357
22.6013	12.9447
22.6013	12.9537
22.5922	12.9537
22.5922	12.9628
22.5832	12.9628
22.5832	12.9718
22.5832	12.9808
22.5832	12.9899
22.5832	12.9989
22.5832	13.0079
22.5832	13.0170
22.5832	13.0260
22.5832	13.0350
22.5922	13.0350
22.5922	13.0441
22.5922	13.0531
22.5922	13.0621
22.5922	13.0712
22.6013	13.0712
22.6013	13.0802
22.6013	13.0892
22.6103	13.0892
22.6103	13.0983
22.6193	13.0983
22.6193	13.1073
22.6193	13.1163
22.6193	13.1254
22.6284	13.1254
22.6284	13.1344
22.6374	13.1434
22.6374	13.1524
22.6374	13.1615
22.6555	13.1615
22.6555	13.1705
22.6555	13.1795
22.6555	13.1886
22.6555	13.1976
22.6645	13.1976
22.6735	13.2066
22.6735	13.2157
22.6735	13.2247
22.6826	13.2247
22.6826	13.2337
22.6916	13.2337
22.6916	13.2428
22.6916	13.2518
22.6916	13.2563
22.6871	13.2563
22.6871	13.2608
22.6826	13.2608
22.6826	13.2654
22.6826	13.2699
22.6780	13.2699
22.6780	13.2744
22.6780	13.2789
22.6780	13.2834
22.6735	13.2834
22.6735	13.2879
22.6735	13.2925
22.6735	13.2970
22.6690	13.2970
22.6690	13.3015
22.6690	13.3060
22.6645	13.3060
22.6645	13.3105
22.6645	13.3150
22.6645	13.3196
22.6645	13.3241
22.6645	13.3286
22.6645	13.3331
22.6645	13.3376
22.6645	13.3421
22.6645	13.3467
22.6645	13.3512
22.6645	13.3557
22.6645	13.3602
22.5380	13.3602
22.5335	13.3557
22.5154	13.3557
22.5109	13.3512
22.5019	13.3512
22.4974	13.3467
22.4883	13.3467
22.4883	13.3421
22.4748	13.3421
22.4748	13.3376
22.4612	13.3376
22.4612	13.3331
22.4567	13.3331
22.4567	13.3286
22.4477	13.3286
22.4477	13.3241
22.4387	13.3241
22.4387	13.3196
22.4341	13.3196
22.4296	13.3150
22.4206	13.3150
22.4206	13.3105
22.4161	13.3105
22.4161	13.3060
22.4025	13.3060
22.4025	13.3015
22.3935	13.3015
22.3935	13.2970
22.3845	13.2970
22.3845	13.2925
22.3799	13.2879
22.3664	13.2879
22.3664	13.2834
22.3257	13.2834
22.3212	13.2789
22.2896	13.2789
22.2896	13.2744
22.2761	13.2744
22.2761	13.2699
22.2490	13.2699
22.2490	13.2654
22.2083	13.2654
22.2038	13.2608
22.1677	13.2608
22.1677	13.2563
22.1586	13.2563
22.1586	13.2518
22.1451	13.2518
22.1406	13.2473
22.1315	13.2473
22.1270	13.2428
22.1135	13.2428
22.1135	13.2383
22.1089	13.2383
22.1044	13.2337
22.0954	13.2337
22.0954	13.2292
22.0818	13.2292
22.0818	13.2247
22.0683	13.2247
22.0683	13.2202
22.0638	13.2202
22.0638	13.2157
22.0502	13.2157
22.0502	13.2112
22.0367	13.2112
22.0322	13.2066
22.0276	13.2066
22.0231	13.2021
22.0186	13.2021
22.0186	13.1976
22.0051	13.1976
22.0051	13.1931
21.9915	13.1931
21.9870	13.1886
21.9825	13.1886
21.9825	13.1841
21.9734	13.1841
21.9734	13.1795
21.9644	13.1795
21.9644	13.1750
21.9509	13.1750
21.9509	13.1705
21.9463	13.1705
21.9373	13.1660
21.9283	13.1660
21.9238	13.1615
21.9192	13.1615
21.9147	13.1570
21.9012	13.1570
21.8967	13.1524
21.8921	13.1524
21.8831	13.1479
21.8741	13.1479
21.8741	13.1434
21.8696	13.1434
21.8696	13.1389
21.8515	13.1389
21.8515	13.1344
21.8379	13.1344
21.8379	13.1299
21.8289	13.1299
21.8244	13.1254
21.8199	13.1254
21.8199	13.1208
21.8108	13.1208
21.8108	13.1163
21.7973	13.1163
21.7973	13.1118
21.7837	13.1118
21.7837	13.1073
21.7792	13.1073
21.7792	13.1028
21.7657	13.1028
21.7657	13.0983
21.7476	13.0983
21.7476	13.0937
21.7386	13.0937
21.7341	13.0892
21.7295	13.0892
21.7295	13.0847
21.7205	13.0847
21.7205	13.0802
21.7070	13.0802
21.7024	13.0757
21.6889	13.0757
21.6889	13.0712
21.6844	13.0712
21.6844	13.0666
21.6753	13.0666
21.6708	13.0621
21.6618	13.0621
21.6573	13.0576
21.6528	13.0531
21.6437	13.0531
21.6392	13.0486
21.6302	13.0486
21.6257	13.0441
21.6121	13.0441
21.6121	13.0395
21.5940	13.0395
21.5940	13.0350
21.5760	13.0350
21.5715	13.0305
21.5444	13.0305
21.5444	13.0260
21.5263	13.0260
21.5263	13.0215
21.4992	13.0215
21.4992	13.0170
21.4721	13.0170
21.4721	13.0124
21.4631	13.0124
21.4631	13.0079
21.4360	13.0079
21.4314	13.0034
21.4089	13.0034
21.4089	12.9989
21.3908	12.9989
21.3863	12.9944
21.3772	12.9899
21.3592	12.9899
21.3547	12.9853
21.3456	12.9853
21.3411	12.9808
21.3321	12.9808
21.3321	12.9763
21.3276	12.9763
21.3276	12.9718
21.3050	12.9718
21.3005	12.9673
21.2959	12.9673
21.2869	12.9628
21.2734	12.9628
21.2688	12.9582
21.2643	12.9537
21.1379	12.9537
21.1379	12.9582
21.1198	12.9582
21.1198	12.9628
21.1017	12.9628
21.1017	12.9673
21.0972	12.9673
21.0927	12.9718
21.0837	12.9718
21.0837	12.9763
21.0791	12.9763
21.0746	12.9808
21.0656	12.9808
21.0611	12.9853
21.0520	12.9853
21.0475	12.9899
21.0385	12.9899
21.0385	12.9944
21.0340	12.9944
21.0340	12.9989
21.0159	12.9989
21.0159	13.0034
21.0069	13.0034
21.0069	13.0079
20.9979	13.0079
20.9979	13.0124
20.9888	13.0124
20.9843	13.0170
20.9798	13.0170
20.9798	13.0215
20.9662	13.0215
20.9662	13.0260
20.9527	13.0260
20.9482	13.0305
20.9482	13.0350
20.9437	13.0350
20.9391	13.0395
20.9301	13.0395
20.9301	13.0441
20.9211	13.0441
20.9166	13.0486
20.9120	13.0531
20.9075	13.0531
20.9030	13.0576
20.8940	13.0576
20.8940	13.0621
20.8849	13.0621
20.8804	13.0666
20.8759	13.0666
20.8759	13.0712
20.8669	13.0712
20.8669	13.0757
20.8533	13.0757
20.8533	13.0802
20.8398	13.0802
20.8398	13.0847
20.8353	13.0847
20.8353	13.0892
20.8217	13.0892
20.8217	13.0937
20.8127	13.0937
20.8127	13.0983
20.8036	13.0983
20.8036	13.1028
20.7991	13.1028
20.7991	13.1073
20.7946	13.1073
20.7901	13.1118
20.7811	13.1118
20.7811	13.1163
20.7720	13.1163
20.7675	13.1208
20.7630	13.1208
20.7630	13.1254
20.7585	13.1254
20.7585	13.1299
20.7494	13.1299
20.7449	13.1344
20.7404	13.1344
20.7404	13.1389
20.7359	13.1389
20.7359	13.1434
20.7314	13.1434
20.7314	13.1479
20.7269	13.1479
20.7269	13.1524
20.7223	13.1524
20.7223	13.1570
20.7178	13.1570
20.7178	13.1615
20.7178	13.1660
20.7088	13.1660
20.7088	13.1705
20.7043	13.1750
20.7043	13.1795
20.6998	13.1795
20.6998	13.1841
20.6998	13.1886
20.6952	13.1886
20.6952	13.1931
20.6907	13.1931
20.6907	13.1976
20.6907	13.2021
20.6862	13.2021
20.6817	13.2066
20.6817	13.2112
20.6772	13.2112
20.6772	13.2157
20.6727	13.2202
20.6727	13.2247
20.6681	13.2247
20.6681	13.2292
20.6681	13.2337
20.6681	13.2383
20.6636	13.2383
20.6636	13.2428
20.6636	13.2473
20.6636	13.2518
20.6591	13.2563
20.6591	13.2608
20.6546	13.2608
20.6546	13.2654
20.6546	13.2699
20.6546	13.2744
20.6546	13.2789
20.6546	13.2834
20.6546	13.2879
20.6501	13.2925
20.6501	13.2970
20.6501	13.3015
20.6501	13.3060
20.6501	13.3105
20.6501	13.3150
20.6501	13.3196
20.6501	13.3241
20.6501	13.3286
20.6456	13.3331
20.6456	13.3376
20.6456	13.3421
20.6456	13.3467
20.6456	13.3512
20.6456	13.3557
20.6456	13.3602
20.6456	13.3647
20.6456	13.3692
20.6456	13.3738
20.6456	13.3783
20.6456	13.3828
20.6456	13.3873
20.6456	13.3918
20.6456	13.3963
20.6456	13.4009
20.6456	13.4054
20.6456	13.4099
20.6456	13.4144
20.6456	13.4189
20.6456	13.4234
20.6456	13.4280
20.6456	13.4325
20.6456	13.4370
20.6456	13.4415
20.6456	13.4460
20.6456	13.4505
20.6456	13.4551
20.6456	13.4596
20.6501	13.4641
20.6501	13.4686
20.6501	13.4731
20.6546	13.4731
20.6546	13.4822
20.6591	13.4867
20.6591	13.4912
20.6636	13.4957
20.6636	13.5002
20.6636	13.5047
20.6681	13.5047
20.6681	13.5093
20.6727	13.5093
20.6727	13.5138
20.6727	13.5183
20.6772	13.5183
20.6772	13.5228
20.6817	13.5228
20.6817	13.5273
20.6862	13.5273
20.6862	13.5318
20.6862	13.5364
20.6952	13.5364
20.6952	13.5409
20.6998	13.5409
20.6998	13.5454
20.7043	13.5454
20.7043	13.5499
20.7133	13.5499
20.7133	13.5544
20.7178	13.5589
20.7178	13.5635
20.7223	13.5635
20.7223	13.5680
20.7314	13.5680
20.7314	13.5725
20.7314	13.5770
20.7359	13.5770
20.7359	13.5815
20.7404	13.5815
20.7404	13.5860
20.7494	13.5860
20.7494	13.5906
20.7494	13.5951
20.7540	13.5951
20.7540	13.5996
20.7585	13.6041
20.7585	13.6086
20.7630	13.6086
20.7630	13.6131
20.7720	13.6131
20.7720	13.6177
20.7765	13.6177
20.7765	13.6222
20.7811	13.6222
20.7811	13.6267
20.7811	13.6312
20.7901	13.6312
20.7901	13.6357
20.7946	13.6357
20.7946	13.6402
20.7991	13.6402
20.7991	13.6448
20.7991	13.6493
20.8082	13.6493
20.8082	13.6538
20.8127	13.6538
20.8127	13.6583
20.8217	13.6583
20.8262	13.6628
20.8262	13.6673
20.8307	13.6719
20.8353	13.6719
20.8353	13.6764
20.8443	13.6764
20.8443	13.6809
20.8488	13.6809
20.8488	13.6854
20.8533	13.6854
20.8624	13.6899
20.8669	13.6899
20.8669	13.6944
20.8714	13.6944
20.8714	13.6990
20.8849	13.6990
20.8849	13.7035
20.8895	13.7035
20.8895	13.7080
20.8985	13.7080
20.9030	13.7125
20.9075	13.7170
20.9120	13.7170
20.9120	13.7215
20.9166	13.7215
20.9211	13.7261
20.9256	13.7306
20.9301	13.7306
20.9391	13.7351
20.9437	13.7351
20.9437	13.7396
20.9482	13.7441
20.9527	13.7441
20.9572	13.7486
20.9662	13.7486
20.9662	13.7532
20.9753	13.7532
20.9753	13.7577
20.9753	13.7622
20.9798	13.7622
20.9798	13.7667
20.9843	13.7667
20.9933	13.7712
20.9979	13.7712
20.9979	13.7757
21.0024	13.7803
21.0069	13.7848
21.0114	13.7848
21.0159	13.7893
21.0204	13.7893
21.0249	13.7938
21.0295	13.7938
21.0295	13.7983
21.0340	13.7983
21.0340	13.8028
21.0385	13.8028
21.0385	13.8074
21.0430	13.8074
21.0430	13.8119
21.0430	13.8164
21.0520	13.8164
21.0520	13.8209
21.0566	13.8209
21.0566	13.8254
21.0611	13.8254
21.0611	13.8299
21.0701	13.8345
21.0746	13.8345
21.0746	13.8390
21.0791	13.8390
21.0837	13.8435
21.0882	13.8435
21.0882	13.8480
21.0927	13.8480
21.0972	13.8525
21.1017	13.8570
21.1062	13.8570
21.1108	13.8616
21.1153	13.8661
21.1198	13.8661
21.1243	13.8706
21.1243	13.8751
21.1288	13.8751
21.1288	13.8796
21.1379	13.8796
21.1424	13.8841
21.1469	13.8841
21.1469	13.8887
21.1469	13.8932
21.1559	13.8932
21.1559	13.8977
21.1604	13.8977
21.1604	13.9022
21.1695	13.9022
21.1695	13.9067
21.1740	13.9112
21.1830	13.9112
21.1830	13.9158
21.1875	13.9158
21.1875	13.9203
21.1966	13.9203
21.1966	13.9248
21.2056	13.9248
21.2056	13.9293
21.2192	13.9293
21.2192	13.9338
21.2327	13.9338
21.2327	13.9383
21.2417	13.9383
21.2463	13.9429
21.2508	13.9429
21.2553	13.9474
21.2688	13.9474
21.2688	13.9519
21.2914	13.9519
21.2914	13.9564
21.3140	13.9564
21.3140	13.9609
21.3185	13.9609
21.3230	13.9654
21.3456	13.9654
21.3501	13.9700
21.3682	13.9700
21.3682	13.9745
21.3818	13.9745
21.3818	13.9790
21.3998	13.9790
21.3998	13.9835
21.4089	13.9835
21.4089	13.9880
21.4134	13.9880
21.4179	13.9925
21.4269	13.9925
21.4269	13.9971
21.4314	13.9971
21.4314	14.0016
21.4360	14.0016
21.4405	14.0061
21.4450	14.0061
21.4495	14.0106
21.4585	14.0106
21.4585	14.0151
21.4721	14.0151
21.4721	14.0196
21.4721	14.0242
21.4811	14.0242
21.4856	14.0287
21.4902	14.0287
21.4947	14.0332
21.5037	14.0332
21.5037	14.0377
21.5082	14.0377
21.5082	14.0422
21.5173	14.0422
21.5173	14.0467
21.5263	14.0467
21.5263	14.0513
21.5353	14.0513
21.5353	14.0558
21.5444	14.0558
21.5444	14.0603
21.5534	14.0603
21.5579	14.0648
21.5715	14.0648
21.5715	14.0693
21.5850	14.0693
21.5850	14.0738
21.5895	14.0738
21.5940	14.0784
21.6031	14.0784
21.6076	14.0829
21.6121	14.0829
21.6121	14.0874
21.6257	14.0874
21.6302	14.0919
21.6302	14.0964
21.6437	14.0964
21.6482	14.1009
21.6618	14.1009
21.6663	14.1055
21.6753	14.1055
21.6799	14.1100
21.6844	14.1100
21.6844	14.1145
21.6934	14.1145
21.6934	14.1190
21.7070	14.1190
21.7115	14.1235
21.7160	14.1235
21.7205	14.1280
21.7250	14.1280
21.7295	14.1326
21.7341	14.1326
21.7386	14.1371
21.7476	14.1371
21.7521	14.1416
21.7612	14.1416
21.7657	14.1461
21.7702	14.1461
21.7702	14.1506
21.7792	14.1551
21.7837	14.1551
21.7883	14.1597
21.7928	14.1597
21.7973	14.1642
21.8018	14.1687
21.8108	14.1732
21.8154	14.1732
21.8154	14.1777
21.8244	14.1777
21.8244	14.1822
21.8289	14.1822
21.8334	14.1868
21.8379	14.1913
21.8425	14.1913
21.8425	14.1958
21.8470	14.1958
21.8515	14.2003
21.8560	14.2003
21.8560	14.2048
21.8605	14.2093
21.8696	14.2093
21.8696	14.2139
21.8741	14.2139
21.8741	14.2184
21.8786	14.2184
21.8831	14.2229
21.8876	14.2274
21.8921	14.2274
21.8921	14.2319
21.8967	14.2319
21.9012	14.2364
21.9057	14.2410
21.9102	14.2410
21.9102	14.2455
21.9147	14.2455
21.9147	14.2500
21.9192	14.2545
21.9238	14.2545
21.9283	14.2590
21.9283	14.2635
21.9328	14.2635
21.9373	14.2681
21.9373	14.2726
21.9418	14.2726
21.9463	14.2771
21.9509	14.2771
21.9509	14.2816
21.9554	14.2816
21.9554	14.2861
21.9599	14.2861
21.9644	14.2906
21.9689	14.2906
21.9689	14.2952
21.9734	14.2952
21.9825	14.2997
21.9870	14.3042
21.9870	14.3087
21.9960	14.3087
21.9960	14.3132
22.0051	14.3132
22.0051	14.3177
22.0096	14.3177
22.0096	14.3223
22.0186	14.3223
22.0186	14.3268
22.0231	14.3268
22.0231	14.3313
22.0322	14.3313
22.0367	14.3358
22.0412	14.3403
22.0457	14.3403
22.0457	14.3448
22.0502	14.3448
22.0502	14.3494
22.0593	14.3494
22.0593	14.3539
22.0638	14.3539
22.0638	14.3584
22.0683	14.3584
22.0683	14.3629
22.0773	14.3629
22.0773	14.3674
22.0818	14.3674
22.0818	14.3719
22.0864	14.3719
22.0864	14.3765
22.0954	14.3765
22.0999	14.3810
22.1044	14.3855
22.1089	14.3855
22.1135	14.3900
22.1180	14.3945
22.1225	14.3945
22.1270	14.3990
22.1360	14.3990
22.1406	14.4036
22.1451	14.4036
22.1496	14.4081
22.1541	14.4081
22.1586	14.4126
22.1586	14.4171
22.1722	14.4171
22.1722	14.4216
22.1812	14.4216
22.1857	14.4261
22.1902	14.4261
22.1948	14.4307
22.1948	14.4352
22.2083	14.4352
22.2128	14.4397
22.2219	14.4397
22.2264	14.4442
22.2354	14.4442
22.2354	14.4487
22.2444	14.4487
22.2444	14.4532
22.2535	14.4532
22.2535	14.4578
22.2670	14.4578
22.2670	14.4623
22.2715	14.4623
22.2715	14.4668
22.2761	14.4668
22.2806	14.4713
22.2851	14.4713
22.2851	14.4758
22.2986	14.4758
22.3032	14.4803
22.3077	14.4803
22.3077	14.4849
22.3122	14.4849
22.3167	14.4894
22.3212	14.4894
22.3212	14.4939
22.3303	14.4939
22.3303	14.4984
22.3393	14.4984
22.3393	14.5029
22.3438	14.5029
22.3438	14.5074
22.3528	14.5074
22.3574	14.5120
22.3664	14.5120
22.3664	14.5165
22.3799	14.5165
22.3799	14.5210
22.3845	14.5255
22.3935	14.5255
22.3935	14.5300
22.4025	14.5300
22.4025	14.5345
22.4116	14.5345
22.4116	14.5391
22.4161	14.5436
22.4251	14.5436
22.4296	14.5481
22.4387	14.5481
22.4387	14.5526
22.4477	14.5526
22.4477	14.5571
22.4522	14.5571
22.4567	14.5616
22.4612	14.5662
22.4703	14.5662
22.4748	14.5707
22.4748	14.5752
22.4838	14.5797
22.4883	14.5842
22.4929	14.5887
22.5019	14.5887
22.5064	14.5933
22.5154	14.5933
22.5154	14.5978
22.5154	14.6023
22.5245	14.6023
22.5245	14.6068
22.5290	14.6113
22.5335	14.6158
22.5335	14.6204
22.5425	14.6249
22.5425	14.6294
22.5516	14.6294
22.5516	14.6339
22.5516	14.6384
22.5606	14.6384
22.5606	14.6429
22.5606	14.6475
22.5651	14.6475
22.5651	14.6520
22.5696	14.6520
22.5696	14.6565
22.5742	14.6565
22.5787	14.6610
22.5787	14.6655
22.5832	14.6655
22.5832	14.6700
22.5832	14.6746
22.5922	14.6746
22.5922	14.6791
22.5967	14.6791
22.5967	14.6836
22.6013	14.6836
22.6013	14.6881
22.6058	14.6881
22.6058	14.6926
22.6148	14.6971
22.6193	14.6971
22.6193	14.7017
22.6238	14.7017
22.6284	14.7062
22.6329	14.7062
22.6329	14.7107
22.6374	14.7107
22.6374	14.7152
22.6464	14.7152
22.6464	14.7197
22.6509	14.7197
22.6509	14.7242
22.6555	14.7242
22.6600	14.7333
22.6645	14.7333
22.6690	14.7378
22.6780	14.7423
22.6826	14.7513
22.6916	14.7559
22.6961	14.7604
22.7006	14.7604
22.7051	14.7649
22.7097	14.7649
22.7097	14.7694
22.7142	14.7694
22.7187	14.7739
22.7232	14.7739
22.7277	14.7784
22.7322	14.7784
22.7322	14.7875
22.7368	14.7875
22.7368	14.7920
22.7368	14.7965
22.7413	14.7965
22.7458	14.8055
22.7458	14.8101
22.7503	14.8101
22.7503	14.8146
22.7503	14.8191
22.7503	14.8236
22.7503	14.8281
22.7548	14.8281
22.7548	14.8326
22.7548	14.8372
22.7548	14.8417
22.7548	14.8462
22.7548	14.8507
22.7548	14.8552
22.7548	14.8597
22.7548	14.8643
22.7548	14.8688
22.7548	14.8733
22.7548	14.8778
22.7548	14.8823
22.7548	14.8868
22.7548	14.8914
22.7503	14.8914
22.7503	14.8959
22.7503	14.9004
22.7503	14.9049
22.7503	14.9094
22.7458	14.9094
22.7458	14.9139
22.7458	14.9185
22.7413	14.9185
22.7413	14.9230
22.7413	14.9275
22.7368	14.9275
22.7368	14.9320
22.7368	14.9365
22.7368	14.9410
22.7368	14.9456
22.7322	14.9456
22.7322	14.9546
22.7277	14.9546
22.7277	14.9591
22.7232	14.9591
22.7232	14.9636
22.7232	14.9681
22.7187	14.9727
22.7187	14.9772
22.7142	14.9772
22.7142	14.9817
22.7142	14.9862
22.7097	14.9862
22.7097	14.9907
22.7097	14.9952
22.7051	14.9952
22.7051	14.9998
22.7051	15.0043
22.7051	15.0088
22.7051	15.0133
22.7006	15.0133
22.7006	15.0178
22.7006	15.0223
22.7006	15.0269
22.7006	15.0314
22.7006	15.0359
22.7006	15.0404
22.7006	15.0449
22.7006	15.0494
22.6961	15.0494
22.6961	15.0540
22.6961	15.0585
22.6961	15.0630
22.6961	15.0675
22.6961	15.0720
22.6961	15.0765
22.6961	15.0811
22.6961	15.0856
22.6961	15.0901
22.6961	15.0946
22.6961	15.0991
22.6961	15.1036
22.6961	15.1082
22.6961	15.1127
22.6961	15.1172
22.6961	15.1217
22.6961	15.1262
22.6961	15.1307
22.6961	15.1353
22.6961	15.1398
22.6961	15.1443
22.6961	15.1488
22.6961	15.1533
22.6961	15.1578
22.6961	15.1624
22.6961	15.1669
22.6961	15.1714
22.6961	15.1804
22.6961	15.1849
22.6961	15.1895
22.6961	15.1940
22.6961	15.1985
22.6961	15.2030
22.6961	15.2075
22.6961	15.2120
22.6961	15.2166
22.6961	15.2211
22.6961	15.2256
22.6961	15.2301
22.6961	15.2346
22.6961	15.2391
22.6961	15.2437
22.6916	15.2437
22.6916	15.2482
22.6916	15.2527
22.6871	15.2617
22.6871	15.2708
22.6871	15.2753
22.6871	15.2798
22.6871	15.2843
22.6871	15.2933
22.6871	15.2979
22.6826	15.3024
22.6826	15.3069
22.6826	15.3114
22.6826	15.3159
22.6826	15.3204
22.6826	15.3250
22.6826	15.3295
22.6826	15.3340
22.6826	15.3385
22.6826	15.3430
22.6826	15.3475
22.6826	15.3521
22.6780	15.3521
22.6780	15.3566
22.6780	15.3611
22.6780	15.3656
22.6780	15.3701
22.6780	15.3746
22.6780	15.3882
22.6780	15.3972
22.6780	15.4063
22.6780	15.4153
22.6780	15.4243
22.6780	15.4288
22.6780	15.4334
22.6780	15.4379
22.6780	15.4424
22.6780	15.4469
22.6780	15.4514
22.6780	15.4559
22.6780	15.4605
22.6780	15.4650
22.6780	15.4695
22.6780	15.4740
22.6780	15.4785
22.6780	15.4830
22.6780	15.4876
22.6780	15.4921
22.6780	15.4966
22.6780	15.5011
22.6780	15.5056
22.6780	15.5101
22.6780	15.5147
22.6780	15.5192
22.6780	15.5237
22.6780	15.5282
22.6780	15.5327
22.6780	15.5372
22.6780	15.5418
22.6780	15.5463
22.6780	15.5508
22.6780	15.5553
22.6780	15.5598
22.6780	15.5643
22.6780	15.5689
22.6735	15.5734
22.6735	15.5779
22.6735	15.5824
22.6735	15.5869
22.6735	15.5914
22.6690	15.5914
22.6690	15.5960
22.6690	15.6005
22.6690	15.6050
22.6690	15.6095
22.6690	15.6140
22.6645	15.6140
22.6645	15.6185
22.6645	15.6231
22.6645	15.6276
22.6600	15.6276
22.6600	15.6321
22.6600	15.6366
22.6600	15.6411
22.6600	15.6456
22.6555	15.6456
22.6555	15.6502
22.6555	15.6547
22.6555	15.6592
22.6555	15.6637
22.6509	15.6682
22.6509	15.6773
22.6509	15.6863
22.6509	15.6908
22.6464	15.6998
22.6464	15.7044
22.6464	15.7089
22.6464	15.7179
22.6419	15.7224
22.6419	15.7269
22.6419	15.7360
22.6419	15.7405
22.6419	15.7450
22.6419	15.7495
22.6419	15.7540
22.6419	15.7586
22.6419	15.7631
22.6374	15.7676
22.6374	15.7721
22.6374	15.7766
22.6374	15.7811
22.6329	15.7811
22.6329	15.7856
22.6329	15.7902
22.6329	15.7947
22.6329	15.7992
22.6329	15.8037
22.6329	15.8082
22.6329	15.8127
22.6329	15.8173
22.6329	15.8218
22.6329	15.8263
22.6329	15.8308
22.6329	15.8353
22.6329	15.8398
22.6329	15.8444
22.6329	15.8489
22.6329	15.8534
22.6329	15.8579
22.6329	15.8624
22.6329	15.8669
22.6329	15.8760
22.6329	15.8850
22.6329	15.8895
22.6329	15.8986
22.6329	15.9031
22.6329	15.9076
22.6329	15.9166
22.6329	15.9211
22.6329	15.9302
22.6329	15.9347
22.6329	15.9437
22.6329	15.9528
22.6329	15.9618
22.6374	15.9663
22.6374	15.9708
22.6374	15.9753
22.6374	15.9799
22.6374	15.9844
22.6374	15.9889
22.6374	15.9934
22.6419	15.9979
22.6419	16.0024
22.6419	16.0070
22.6419	16.0115
22.6419	16.0160
22.6419	16.0205
22.6419	16.0250
22.6419	16.0295
22.6419	16.0341
22.6419	16.0386
22.6419	16.0431
22.6419	16.0476
22.6419	16.0521
22.6419	16.0566
22.6419	16.0612
22.6419	16.0657
22.6419	16.0702
22.6419	16.0747
22.6419	16.0792
22.6419	16.0837
22.6374	16.0837
22.6374	16.0928
22.6329	16.0973
22.6329	16.1018
22.6329	16.1063
22.6329	16.1108
22.6284	16.1108
22.6284	16.1154
22.6284	16.1199
22.6284	16.1244
22.6284	16.1289
22.6238	16.1289
22.6238	16.1334
22.6238	16.1379
22.6193	16.1379
22.6193	16.1425
22.6193	16.1470
22.6148	16.1470
22.6148	16.1515
22.6103	16.1560
22.6103	16.1605
22.6103	16.1650
22.6058	16.1696
22.6058	16.1741
22.6013	16.1741
22.6013	16.1831
22.5967	16.1876
22.5967	16.1921
22.5922	16.1921
22.5922	16.1967
22.5922	16.2012
22.5922	16.2057
22.5877	16.2102
22.5877	16.2147
22.5832	16.2238
22.5832	16.2328
22.5832	16.2373
22.5787	16.2418
22.5742	16.2463
22.5742	16.2509
22.5742	16.2554
22.5742	16.2599
22.5696	16.2599
22.5696	16.2644
22.5696	16.2689
22.5651	16.2734
22.5651	16.2780
22.5651	16.2825
22.5651	16.2870
22.5651	16.2915
22.5651	16.2960
22.5606	16.3005
22.5606	16.3051
22.5561	16.3141
22.5561	16.3186
22.5561	16.3231
22.5561	16.3276
22.5561	16.3322
22.5516	16.3367
22.5516	16.3457
22.5516	16.3502
22.5516	16.3547
22.5471	16.3593
22.5471	16.3638
22.5471	16.3728
22.5471	16.3773
22.5471	16.3818
22.5425	16.3864
22.5425	16.3909
22.5425	16.3954
22.5380	16.3999
22.5380	16.4089
22.5380	16.4135
22.5380	16.4180
22.5380	16.4225
22.5380	16.4270
22.5380	16.4315
22.5335	16.4315
22.5335	16.4360
22.5335	16.4406
22.5335	16.4451
22.5335	16.4496
22.5335	16.4541
22.5335	16.4586
22.5335	16.4631
22.5335	16.4677
22.5335	16.4722
22.5335	16.4812
22.5290	16.4857
22.5290	16.4948
22.5290	16.5038
22.5290	16.5083
22.5245	16.5128
22.5245	16.5173
22.5245	16.5219
22.5245	16.5264
22.5200	16.5264
22.5200	16.5309
22.5200	16.5354
22.5200	16.5399
22.5200	16.5444
22.5200	16.5490
22.5200	16.5535
22.5200	16.5580
22.5200	16.5625
22.5200	16.5670
22.5200	16.5715
22.5200	16.5761
22.5154	16.5851
22.5154	16.5896
22.5154	16.5986
22.5154	16.6032
22.5154	16.6077
22.5154	16.6122
22.5154	16.6167
22.5154	16.6212
22.5154	16.6257
22.5154	16.6303
22.5154	16.6348
22.5154	16.6393
22.5154	16.6438
22.5154	16.6483
22.5154	16.6528
22.5154	16.6574
22.5154	16.6619
22.5154	16.6664
22.5154	16.6709
22.5154	16.6754
22.5154	16.6799
22.5154	16.6845
22.5154	16.6890
22.5154	16.6935
22.5154	16.6980
22.5154	16.7025
22.5154	16.7070
22.5154	16.7116
22.5154	16.7161
22.5154	16.7206
22.5154	16.7251
22.5154	16.7296
22.5154	16.7341
22.5154	16.7387
22.5154	16.7432
22.5154	16.7477
22.5154	16.7522
22.5154	16.7567
22.5154	16.7612
22.5154	16.7658
22.5154	16.7748
22.5200	16.7838
22.5200	16.7883
22.5200	16.7929
22.5200	16.7974
22.5200	16.8019
22.5200	16.8064
22.5200	16.8109
22.5200	16.8154
22.5200	16.8200
22.5245	16.8200
22.5245	16.8245
22.5245	16.8290
22.5245	16.8335
22.5245	16.8380
22.5245	16.8425
22.5245	16.8471
22.5245	16.8516
22.5245	16.8561
22.5245	16.8651
22.5245	16.8696
22.5200	16.8742
22.5200	16.8787
22.5200	16.8832
22.5200	16.8877
22.5200	16.8922
22.5154	16.8922
22.5154	16.8967
22.5154	16.9013
22.5109	16.9013
22.5109	16.9103
22.5109	16.9148
22.5064	16.9148
22.5064	16.9193
22.5019	16.9193
22.5019	16.9238
22.4974	16.9238
22.4974	16.9284
22.4929	16.9329
22.4929	16.9374
22.4883	16.9374
22.4838	16.9419
22.4838	16.9464
22.4793	16.9509
22.4793	16.9555
22.4748	16.9555
22.4748	16.9600
22.4703	16.9600
22.4703	16.9645
22.4703	16.9690
22.4703	16.9735
22.4658	16.9735
22.4658	16.9780
22.4612	16.9780
22.4612	16.9826
22.4612	16.9871
22.4567	16.9871
22.4567	16.9916
22.4567	16.9961
22.4567	17.0006
22.4567	17.0051
22.4567	17.0097
22.4522	17.0097
22.4522	17.0142
22.4522	17.0187
22.4522	17.0232
22.4522	17.0277
22.4477	17.0277
22.4477	17.0322
22.4432	17.0413
22.4432	17.0458
22.4432	17.0503
22.4432	17.0548
22.4432	17.0593
22.4432	17.0639
22.4432	17.0684
22.4432	17.0729
22.4432	17.0774
22.4432	17.0819
22.4432	17.0864
22.4432	17.0910
22.4432	17.1000
22.4432	17.1045
22.4387	17.1045
22.4387	17.1090
22.4387	17.1135
22.4387	17.1181
22.4387	17.1226
22.4387	17.1271
22.4387	17.1316
22.4387	17.1361
22.4387	17.1406
22.4387	17.1452
22.4387	17.1497
22.4387	17.1587
22.4387	17.1632
22.4387	17.1723
22.4387	17.1768
22.4387	17.1813
22.4387	17.1858
22.4387	17.1903
22.4387	17.1948
22.4387	17.1994
22.4387	17.2039
22.4387	17.2084
22.4387	17.2129
22.4387	17.2174
22.4387	17.2219
22.4387	17.2265
22.4387	17.2310
22.4387	17.2355
22.4387	17.2400
22.4387	17.2445
22.4387	17.2490
22.4387	17.2536
22.4387	17.2581
22.4432	17.2581
22.4432	17.2671
22.4432	17.2716
22.4432	17.2761
22.4477	17.2761
22.4477	17.2807
22.4477	17.2852
22.4477	17.2897
22.4477	17.2942
22.4477	17.2987
22.4522	17.3032
22.4522	17.3078
22.4522	17.3123
22.4522	17.3168
22.4522	17.3213
22.4567	17.3213
22.4567	17.3258
22.4567	17.3303
22.4567	17.3349
22.4567	17.3394
22.4612	17.3439
22.4612	17.3484
22.4658	17.3484
22.4658	17.3529
22.4658	17.3574
22.4658	17.3620
22.4658	17.3665
22.4703	17.3665
22.4703	17.3710
22.4703	17.3755
22.4703	17.3800
22.4748	17.3845
22.4748	17.3891
22.4748	17.3936
22.4793	17.3981
22.4793	17.4026
22.4838	17.4071
22.4883	17.4071
22.4883	17.4116
22.4883	17.4162
22.4883	17.4207
22.4929	17.4252
22.4929	17.4297
22.4929	17.4342
22.4929	17.4387
22.4974	17.4387
22.4974	17.4433
22.4974	17.4478
22.4974	17.4523
22.4974	17.4568
22.5019	17.4568
22.5019	17.4613
22.5064	17.4613
22.5064	17.4658
22.5064	17.4704
22.5064	17.4749
22.5109	17.4749
22.5109	17.4794
22.5109	17.4839
22.5154	17.4884
22.5154	17.4975
22.5245	17.5065
22.5245	17.5155
22.5290	17.5291
22.5290	17.5336
22.5290	17.5381
22.5335	17.5381
22.5335	17.5426
22.5380	17.5426
22.5380	17.5471
22.5425	17.5471
22.5471	17.5517
22.5516	17.5517
22.5516	17.5562
22.5561	17.5562
22.5606	17.5607
22.5651	17.5652
22.5696	17.5652
22.5696	17.5697
22.5787	17.5697
22.5787	17.5742
22.5832	17.5742
22.5832	17.5788
22.5877	17.5788
22.5877	17.5833
22.5922	17.5833
22.5967	17.5878
22.6013	17.5878
22.6013	17.5923
22.6058	17.5923
22.6103	17.5968
22.6148	17.5968
22.6148	17.6013
22.6193	17.6013
22.6193	17.6059
22.6284	17.6059
22.6284	17.6104
22.6374	17.6104
22.6374	17.6149
22.6419	17.6149
22.6464	17.6194
22.6509	17.6194
22.6555	17.6239
22.6600	17.6239
22.6645	17.6284
22.6735	17.6284
22.6780	17.6330
22.6826	17.6375
22.6961	17.6375
22.6961	17.6420
22.7142	17.6420
22.7232	17.6465
22.7368	17.6465
22.7413	17.6510
22.7593	17.6510
22.7639	17.6555
22.7684	17.6555
22.7684	17.6601
22.8045	17.6601
22.8135	17.6646
22.8316	17.6646
22.8406	17.6691
22.9039	17.6691
22.9039	17.6646
22.9265	17.6646
22.9265	17.6601
23.0620	17.6601
23.0665	17.6646
23.0845	17.6646
23.0891	17.6691
23.0981	17.6691
23.0981	17.6736
23.1026	17.6736
23.1026	17.6781
23.1071	17.6781
23.1116	17.6826
23.1162	17.6872
23.1252	17.6962
23.1297	17.6962
23.1342	17.7007
23.1387	17.7052
23.1433	17.7052
23.1478	17.7097
23.1478	17.7143
23.1568	17.7143
23.1568	17.7188
23.1613	17.7188
23.1613	17.7233
23.1749	17.7233
23.1794	17.7278
23.1839	17.7323
23.1884	17.7323
23.1929	17.7368
23.1975	17.7368
23.2020	17.7414
23.2110	17.7414
23.2155	17.7459
23.2200	17.7504
23.2336	17.7504
23.2336	17.7549
23.2471	17.7549
23.2517	17.7594
23.2607	17.7594
23.2652	17.7639
23.2697	17.7639
23.2697	17.7685
23.2788	17.7685
23.2878	17.7730
23.2968	17.7730
23.3013	17.7775
23.3239	17.7775
23.3239	17.7820
23.3510	17.7820
23.3510	17.7865
23.3736	17.7865
23.3736	17.7910
23.4639	17.7910
23.4730	17.7956
23.5091	17.7956
23.5136	17.8001
23.5498	17.8001
23.5543	17.8046
23.5633	17.8046
23.5723	17.8091
23.5949	17.8091
23.6040	17.8136
23.6762	17.8136
23.6807	17.8181
23.7123	17.8181
23.7169	17.8136
23.7214	17.8136
23.7214	17.8091
23.7259	17.8091
23.7259	17.8046
23.7304	17.8046
23.7304	17.8001
23.7349	17.8001
23.7349	17.7956
23.7394	17.7956
23.7394	17.7910
23.7485	17.7910
23.7530	17.7865
23.7530	17.7820
23.7620	17.7820
23.7620	17.7775
23.7756	17.7775
23.7756	17.7730
23.7846	17.7730
23.7846	17.7685
23.7846	17.7639
23.7982	17.7639
23.7982	17.7594
23.8072	17.7594
23.8117	17.7549
23.8207	17.7549
23.8253	17.7504
23.8298	17.7504
23.8298	17.7459
23.8388	17.7459
23.8388	17.7414
23.8524	17.7414
23.8569	17.7368
23.8614	17.7368
23.8659	17.7323
23.8704	17.7323
23.8704	17.7278
23.8795	17.7278
23.8840	17.7233
23.8885	17.7233
23.8885	17.7188
23.8930	17.7188
23.8930	17.7143
23.8975	17.7097
23.9066	17.7097
23.9066	17.7052
23.9111	17.7052
23.9111	17.7007
23.9201	17.7007
23.9201	17.6962
23.9201	17.6917
23.9246	17.6917
23.9246	17.6872
23.9291	17.6872
23.9291	17.6826
23.9337	17.6826
23.9337	17.6781
23.9337	17.6736
23.9427	17.6736
23.9472	17.6691
23.9517	17.6646
23.9517	17.6601
23.9562	17.6555
23.9608	17.6555
23.9608	17.6510
23.9653	17.6510
23.9653	17.6465
23.9698	17.6465
23.9698	17.6420
23.9788	17.6420
23.9788	17.6375
23.9788	17.6330
23.9833	17.6330
23.9833	17.6284
23.9879	17.6284
23.9879	17.6239
23.9969	17.6239
23.9969	17.6194
24.0014	17.6149
24.0104	17.6149
24.0104	17.6104
24.0195	17.6104
24.0195	17.6059
24.0421	17.6059
24.0466	17.6013
24.0511	17.6013
24.0556	17.5968
24.1505	17.5968
24.1505	17.6013
24.1776	17.6013
24.1866	17.6059
24.2137	17.6059
24.2182	17.6104
24.2498	17.6104
24.2498	17.6059
24.2589	17.6059
24.2589	17.6013
24.2634	17.5968
24.2679	17.5968
24.2679	17.5923
24.2769	17.5923
24.2769	17.5878
24.2814	17.5878
24.2814	17.5833
24.2814	17.5788
24.2860	17.5788
24.2905	17.5742
24.2950	17.5742
24.2950	17.5697
24.2995	17.5697
24.2995	17.5652
24.3040	17.5652
24.3040	17.5607
24.3040	17.5562
24.3131	17.5562
24.3131	17.5517
24.3176	17.5517
24.3221	17.5471
24.3221	17.5426
24.3311	17.5426
24.3311	17.5381
24.3356	17.5336
24.3402	17.5336
24.3402	17.5291
24.3492	17.5291
24.3492	17.5246
24.3537	17.5246
24.3537	17.5200
24.3582	17.5200
24.3582	17.5155
24.3627	17.5155
24.3718	17.5110
24.3718	17.5065
24.3808	17.5065
24.3808	17.5020
24.3898	17.5020
24.3898	17.4975
24.3989	17.4975
24.4034	17.4929
24.4079	17.4929
24.4124	17.4884
24.4124	17.4839
24.4260	17.4839
24.4260	17.4794
24.4305	17.4794
24.4305	17.4749
24.4395	17.4749
24.4440	17.4704
24.4440	17.4658
24.4531	17.4658
24.4531	17.4613
24.4621	17.4613
24.4621	17.4568
24.4666	17.4568
24.4666	17.4523
24.4711	17.4478
24.4802	17.4478
24.4802	17.4433
24.4847	17.4433
24.4892	17.4387
24.4937	17.4387
24.4982	17.4342
24.5028	17.4297
24.5073	17.4297
24.5073	17.4252
24.5118	17.4252
24.5118	17.4207
24.5208	17.4207
24.5208	17.4162
24.5253	17.4116
24.5299	17.4116
24.5299	17.4071
24.5389	17.4071
24.5389	17.4026
24.5434	17.4026
24.5434	17.3981
24.5479	17.3981
24.5479	17.3936
24.5479	17.3891
24.5524	17.3845
24.5570	17.3845
24.5615	17.3755
24.5660	17.3755
24.5660	17.3710
24.5705	17.3710
24.5750	17.3665
24.5750	17.3620
24.5795	17.3620
24.5795	17.3574
24.5841	17.3529
24.5886	17.3529
24.5886	17.3484
24.5931	17.3484
24.5931	17.3439
24.5976	17.3439
24.5976	17.3394
24.5976	17.3349
24.6021	17.3349
24.6021	17.3303
24.6021	17.3258
24.6066	17.3213
24.6112	17.3168
24.6157	17.3123
24.6157	17.3078
24.6202	17.3032
24.6202	17.2987
24.6202	17.2942
24.6247	17.2942
24.6292	17.2897
24.6292	17.2852
24.6337	17.2852
24.6337	17.2807
24.6337	17.2761
24.6383	17.2761
24.6383	17.2716
24.6383	17.2671
24.6428	17.2626
24.6428	17.2581
24.6518	17.2536
24.6518	17.2490
24.6563	17.2445
24.6563	17.2400
24.6608	17.2400
24.6608	17.2355
24.6654	17.2355
24.6699	17.2310
24.6699	17.2265
24.6744	17.2265
24.6744	17.2219
24.6744	17.2174
24.6789	17.2174
24.6789	17.2129
24.6834	17.2129
24.6879	17.2039
24.6925	17.1994
24.6970	17.1948
24.7015	17.1948
24.7060	17.1903
24.7060	17.1858
24.7105	17.1858
24.7105	17.1813
24.7150	17.1813
24.7150	17.1768
24.7150	17.1723
24.7196	17.1677
24.7241	17.1677
24.7241	17.1632
24.7286	17.1587
24.7331	17.1497
24.7421	17.1452
24.7421	17.1406
24.7467	17.1361
24.7512	17.1316
24.7557	17.1316
24.7557	17.1271
24.7602	17.1271
24.7602	17.1226
24.7647	17.1226
24.7647	17.1181
24.7647	17.1135
24.7692	17.1135
24.7692	17.1090
24.7738	17.1045
24.7783	17.1045
24.7828	17.0955
24.7873	17.0910
24.7918	17.0864
24.8009	17.0819
24.8009	17.0774
24.8054	17.0774
24.8099	17.0729
24.8099	17.0684
24.8189	17.0684
24.8189	17.0639
24.8189	17.0593
24.8189	17.0548
24.8234	17.0548
24.8234	17.0503
24.8234	17.0458
24.8280	17.0458
24.8280	17.0413
24.8280	17.0368
24.8280	17.0322
24.8325	17.0322
24.8325	17.0277
24.8370	17.0277
24.8370	17.0232
24.8415	17.0187
24.8415	17.0142
24.8460	17.0142
24.8460	17.0097
24.8460	17.0051
24.8505	17.0006
24.8505	16.9961
24.8551	16.9961
24.8551	16.9916
24.8596	16.9916
24.8596	16.9871
24.8596	16.9826
24.8641	16.9826
24.8641	16.9780
24.8641	16.9735
24.8731	16.9735
24.8731	16.9690
24.8731	16.9645
24.8776	16.9600
24.8822	16.9555
24.8867	16.9555
24.8867	16.9509
24.8912	16.9464
24.8957	16.9464
24.8957	16.9419
24.9002	16.9419
24.9002	16.9374
24.9047	16.9374
24.9093	16.9329
24.9138	16.9284
24.9183	16.9238
24.9273	16.9238
24.9273	16.9193
24.9364	16.9193
24.9364	16.9148
24.9409	16.9148
24.9409	16.9103
24.9454	16.9103
24.9454	16.9058
24.9499	16.9058
24.9499	16.9013
24.9544	16.9013
24.9589	16.8967
24.9635	16.8967
24.9680	16.8922
24.9725	16.8877
24.9770	16.8877
24.9815	16.8832
24.9860	16.8832
24.9906	16.8787
24.9951	16.8787
24.9951	16.8742
24.9996	16.8696
25.0041	16.8696
25.0041	16.8651
25.0086	16.8651
25.0086	16.8606
25.0177	16.8606
25.0222	16.8516
25.0267	16.8471
25.0312	16.8471
25.0357	16.8425
25.0402	16.8380
25.0448	16.8335
25.0493	16.8290
25.0538	16.8290
25.0628	16.8245
25.0628	16.8154
25.0673	16.8154
25.0673	16.8109
25.0719	16.8109
25.0719	16.8064
25.0809	16.8064
25.0809	16.8019
25.0809	16.7974
25.0854	16.7974
25.0854	16.7929
25.0899	16.7929
25.0899	16.7883
25.0944	16.7883
25.0944	16.7838
25.0990	16.7793
25.1035	16.7748
25.1080	16.7703
25.1080	16.7658
25.1125	16.7612
25.1125	16.7567
25.1170	16.7567
25.1170	16.7522
25.1215	16.7522
25.1215	16.7477
25.1215	16.7432
25.1215	16.7387
25.1261	16.7387
25.1261	16.7341
25.1261	16.7296
25.1351	16.7296
25.1351	16.7251
25.1351	16.7206
25.1396	16.7206
25.1396	16.7161
25.1486	16.7161
25.1532	16.7116
25.1532	16.7070
25.1577	16.7070
25.1577	16.7025
25.1577	16.6980
25.1667	16.6980
25.1667	16.6935
25.2796	16.6935
25.2796	16.6980
25.2887	16.6980
25.2887	16.7025
25.2932	16.7025
25.2932	16.7070
25.3067	16.7070
25.3067	16.7116
25.3112	16.7116
25.3248	16.7161
25.3293	16.7206
25.3429	16.7251
25.3474	16.7296
25.3519	16.7341
25.3609	16.7341
25.3654	16.7387
25.3700	16.7432
25.3790	16.7432
25.3835	16.7477
25.3925	16.7477
25.3925	16.7522
25.4738	16.7522
25.4738	16.7477
25.4784	16.7477
25.4784	16.7432
25.4964	16.7432
25.4964	16.7387
25.5055	16.7387
25.5055	16.7341
25.5190	16.7341
25.5235	16.7296
25.5371	16.7296
25.5371	16.7251
25.5461	16.7251
25.5461	16.7206
25.5597	16.7206
25.5597	16.7161
25.5822	16.7161
25.5822	16.7116
25.5913	16.7116
25.5958	16.7070
25.6048	16.7070
25.6184	16.7025
25.6952	16.7025
25.6997	16.6980
25.7177	16.6980
25.7177	16.6935
25.7494	16.6935
25.7494	16.6890
25.7494	16.6845
25.7584	16.6845
25.7584	16.6799
25.7629	16.6799
25.7629	16.6754
25.7674	16.6754
25.7674	16.6709
25.7719	16.6709
25.7719	16.6664
25.7765	16.6664
25.7765	16.6619
25.7810	16.6619
25.7855	16.6574
25.7855	16.6528
25.7900	16.6528
25.7900	16.6483
25.7945	16.6438
25.7990	16.6438
25.8036	16.6393
25.8081	16.6348
25.8126	16.6348
25.8126	16.6303
25.8126	16.6257
25.8171	16.6257
25.8171	16.6212
25.8216	16.6212
25.8216	16.6167
25.8216	16.6122
25.8261	16.6122
25.8261	16.6077
25.8261	16.6032
25.8261	16.5986
25.8307	16.5986
25.8307	16.5941
25.8307	16.5896
25.8307	16.5851
25.8307	16.5806
25.8352	16.5806
25.8352	16.5761
25.8352	16.5715
25.8352	16.5670
25.8397	16.5670
25.8397	16.5625
25.8397	16.5580
25.8397	16.5535
25.8442	16.5490
25.8442	16.5444
25.8442	16.5399
25.8487	16.5354
25.8487	16.5309
25.8578	16.5264
25.8578	16.5219
25.8578	16.5173
25.8623	16.5173
25.8623	16.5128
25.8623	16.5083
25.8668	16.5083
25.8668	16.4993
25.8713	16.4948
25.8758	16.4902
25.8803	16.4902
25.8803	16.4857
25.8803	16.4812
25.8803	16.4767
25.8849	16.4767
25.8849	16.4722
25.8894	16.4722
25.8894	16.4677
25.8894	16.4631
25.8894	16.4586
25.8939	16.4586
25.8984	16.4541
25.8984	16.4496
25.8984	16.4451
25.8984	16.4406
25.9029	16.4406
25.9029	16.4360
25.9029	16.4315
25.9074	16.4270
25.9120	16.4180
25.9165	16.4180
25.9165	16.4135
25.9210	16.4135
25.9210	16.4044
25.9210	16.3999
25.9255	16.3999
25.9255	16.3954
25.9255	16.3909
25.9300	16.3909
25.9300	16.3864
25.9345	16.3864
25.9345	16.3818
25.9345	16.3773
25.9391	16.3773
25.9391	16.3728
25.9391	16.3683
25.9391	16.3638
25.9436	16.3638
25.9436	16.3593
25.9436	16.3547
25.9436	16.3502
25.9436	16.3457
25.9481	16.3412
25.9526	16.3367
25.9526	16.3276
25.9571	16.3231
25.9571	16.3186
25.9571	16.3141
25.9616	16.3141
25.9616	16.3096
25.9616	16.3051
25.9616	16.3005
25.9616	16.2960
25.9616	16.2915
25.9616	16.2870
25.9616	16.2825
25.9616	16.2780
25.9616	16.2734
25.9616	16.2689
25.9616	16.2644
25.9616	16.2599
25.9616	16.2554
25.9616	16.2509
25.9616	16.2463
25.9616	16.2418
25.9616	16.2373
25.9571	16.2373
25.9571	16.2328
25.9571	16.2283
25.9526	16.2283
25.9526	16.2238
25.9526	16.2192
25.9481	16.2192
25.9481	16.2147
25.9481	16.2102
25.9481	16.2057
25.9436	16.2057
25.9436	16.2012
25.9436	16.1967
25.9436	16.1921
25.9436	16.1876
25.9391	16.1876
25.9391	16.1831
25.9391	16.1786
25.9345	16.1786
25.9345	16.1741
25.9300	16.1696
25.9300	16.1650
25.9255	16.1650
25.9255	16.1605
25.9255	16.1560
25.9210	16.1560
25.9210	16.1515
25.9165	16.1515
25.9120	16.1425
25.9120	16.1379
25.9074	16.1379
25.9074	16.1334
25.9029	16.1334
25.9029	16.1289
25.9029	16.1244
25.9029	16.1199
25.8984	16.1199
25.8939	16.1154
25.8939	16.1108
25.8939	16.1063
25.8849	16.1063
25.8849	16.1018
25.8758	16.1018
25.8713	16.0973
25.8713	16.0928
25.8713	16.0883
25.8623	16.0883
25.8623	16.0837
25.8578	16.0792
25.8532	16.0792
25.8532	16.0747
25.8487	16.0747
25.8442	16.0702
25.8352	16.0702
25.8352	16.0657
25.8352	16.0612
25.8307	16.0612
25.8307	16.0566
25.8307	16.0521
25.8307	16.0476
25.8307	16.0431
25.8261	16.0341
25.8261	16.0250
25.8261	16.0160
25.8261	16.0115
25.8261	16.0070
25.8261	15.9979
25.8261	15.9934
25.8261	15.9889
25.8261	15.9844
25.8216	15.9844
25.8216	15.9799
25.8216	15.9753
25.8216	15.9708
25.8216	15.9663
25.8216	15.9618
25.8216	15.9573
25.8216	15.9528
25.8216	15.9482
25.8216	15.9437
25.8216	15.9392
25.8216	15.9347
25.8216	15.9302
25.8216	15.9166
25.8216	15.9076
25.8216	15.8986
25.8216	15.8940
25.8216	15.8895
25.8216	15.8850
25.8216	15.8805
25.8216	15.8760
25.8216	15.8669
25.8216	15.8624
25.8216	15.8579
25.8216	15.8534
25.8216	15.8489
25.8216	15.8444
25.8216	15.8398
25.8216	15.8353
25.8216	15.8308
25.8216	15.8218
25.8216	15.8127
25.8216	15.8082
25.8216	15.8037
25.8216	15.7992
25.8216	15.7947
25.8216	15.7902
25.8216	15.7856
25.8261	15.7856
25.8261	15.7811
25.8261	15.7766
25.8261	15.7721
25.8261	15.7676
25.8307	15.7676
25.8307	15.7631
25.8307	15.7586
25.8307	15.7495
25.8352	15.7450
25.8352	15.7405
25.8397	15.7405
25.8397	15.7360
25.8397	15.7315
25.8442	15.7315
25.8442	15.7269
25.8442	15.7224
25.8487	15.7224
25.8487	15.7179
25.8487	15.7134
25.8487	15.7089
25.8532	15.7089
25.8578	15.7044
25.8578	15.6998
25.8578	15.6953
25.8578	15.6908
25.8623	15.6908
25.8623	15.6863
25.8623	15.6818
25.8623	15.6773
25.8623	15.6682
25.8668	15.6682
25.8668	15.6637
25.8668	15.6592
25.8668	15.6547
25.8668	15.6502
25.8668	15.6456
25.8713	15.6366
25.8713	15.6276
25.8713	15.6140
25.8713	15.6095
25.8713	15.6005
25.8713	15.5960
25.8713	15.5914
25.8713	15.5869
25.8713	15.5779
25.8713	15.5734
25.8713	15.5643
25.8713	15.5553
25.8713	15.5463
25.8668	15.5418
25.8668	15.5372
25.8668	15.5327
25.8668	15.5282
25.8668	15.5237
25.8668	15.5192
25.8668	15.5147
25.8623	15.5056
25.8623	15.5011
25.8578	15.4876
25.8532	15.4830
25.8532	15.4740
25.8487	15.4695
25.8487	15.4650
25.8487	15.4559
25.8487	15.4514
25.8442	15.4514
25.8442	15.4469
25.8442	15.4424
25.8442	15.4379
25.8397	15.4334
25.8352	15.4288
25.8352	15.4198
25.8307	15.4153
25.8307	15.4108
25.8307	15.4063
25.8261	15.4063
25.8261	15.4017
25.8261	15.3972
25.8261	15.3927
25.8216	15.3882
25.8171	15.3792
25.8171	15.3746
25.8171	15.3701
25.8171	15.3656
25.8126	15.3611
25.8126	15.3566
25.8126	15.3521
25.8081	15.3475
25.8081	15.3430
25.8081	15.3385
25.8036	15.3385
25.8036	15.3340
25.8036	15.3295
25.7990	15.3295
25.7990	15.3250
25.7990	15.3204
25.7945	15.3204
25.7900	15.3114
25.7855	15.3024
25.7810	15.2979
25.7765	15.2888
25.7765	15.2843
25.7719	15.2843
25.7719	15.2798
25.7719	15.2753
25.7674	15.2708
25.7629	15.2617
25.7584	15.2527
25.7539	15.2437
25.7539	15.2391
25.7494	15.2391
25.7494	15.2346
25.7448	15.2346
25.7448	15.2301
25.7448	15.2256
25.7403	15.2256
25.7403	15.2211
25.7403	15.2166
25.7403	15.2120
25.7358	15.2075
25.7313	15.1985
25.7223	15.1895
25.7223	15.1804
25.7223	15.1759
25.7177	15.1759
25.7177	15.1714
25.7177	15.1669
25.7177	15.1624
25.7132	15.1624
25.7132	15.1578
25.7087	15.1578
25.7087	15.1533
25.7087	15.1488
25.7042	15.1353
25.6997	15.1262
25.6952	15.1172
25.6906	15.1127
25.6906	15.1082
25.6906	15.1036
25.6861	15.1036
25.6861	15.0991
25.6861	15.0946
25.6861	15.0901
25.6816	15.0856
25.6816	15.0811
25.6816	15.0765
25.6816	15.0720
25.6771	15.0630
25.6726	15.0540
25.6726	15.0494
25.6726	15.0449
25.6681	15.0449
25.6681	15.0404
25.6681	15.0359
25.6681	15.0314
25.6681	15.0269
25.6681	15.0223
25.6635	15.0178
25.6590	15.0043
25.6590	14.9998
25.6545	14.9998
25.6545	14.9952
25.6545	14.9907
25.6545	14.9862
25.6545	14.9817
25.6500	14.9817
25.6500	14.9727
25.6455	14.9591
25.6455	14.9546
25.6410	14.9501
25.6410	14.9456
25.6410	14.9410
25.6410	14.9365
25.6364	14.9365
25.6364	14.9320
25.6319	14.9230
25.6319	14.9139
25.6274	14.9049
25.6274	14.9004
25.6274	14.8959
25.6229	14.8959
25.6229	14.8914
25.6229	14.8868
25.6229	14.8823
25.6229	14.8778
25.6184	14.8778
25.6184	14.8733
25.6184	14.8688
25.6139	14.8688
25.6139	14.8643
25.6139	14.8597
25.6139	14.8552
25.6093	14.8462
25.6048	14.8372
25.6048	14.8326
25.6048	14.8281
25.6048	14.8236
25.6003	14.8236
25.6003	14.8191
25.5958	14.8146
25.5958	14.8101
25.5958	14.8055
25.5958	14.8010
25.5913	14.8010
25.5913	14.7920
25.5868	14.7875
25.5868	14.7784
25.5868	14.7739
25.5868	14.7694
25.5777	14.7694
25.5777	14.7649
25.5777	14.7604
25.5777	14.7559
25.5777	14.7513
25.5732	14.7468
25.5687	14.7333
25.5687	14.7288
25.5642	14.7242
25.5642	14.7197
25.5597	14.7152
25.5597	14.7107
25.5551	14.7107
25.5551	14.7062
25.5551	14.7017
25.5416	14.6926
25.5371	14.6836
25.5371	14.6791
25.5326	14.6746
25.5326	14.6700
25.5280	14.6700
25.5235	14.6655
25.5190	14.6610
25.5100	14.6610
25.5055	14.6565
25.5009	14.6520
25.4964	14.6520
25.4964	14.6475
25.4919	14.6475
25.4919	14.6429
25.4784	14.6429
25.4784	14.6384
25.4693	14.6384
25.4648	14.6339
25.4603	14.6339
25.4603	14.6294
25.4558	14.6249
25.4467	14.6204
25.4332	14.6113
25.4242	14.6023
25.4196	14.5978
25.4151	14.5933
25.4106	14.5933
25.4106	14.5887
25.4061	14.5887
25.4061	14.5842
25.4016	14.5842
25.4016	14.5797
25.3925	14.5797
25.3925	14.5752
25.3880	14.5752
25.3880	14.5707
25.3835	14.5707
25.3835	14.5662
25.3745	14.5662
25.3700	14.5571
25.3564	14.5481
25.3519	14.5481
25.3519	14.5436
25.3429	14.5436
25.3383	14.5391
25.3158	14.5391
25.3158	14.5345
25.3112	14.5345
25.2977	14.5300
25.2841	14.5300
25.2751	14.5255
25.2570	14.5255
25.2480	14.5210
25.2074	14.5210
25.2074	14.5165
25.1757	14.5165
25.1712	14.5120
25.1396	14.5120
25.1396	14.5074
24.9996	14.5074
24.9951	14.5120
24.9815	14.5120
24.9815	14.5165
24.9635	14.5165
24.9589	14.5210
24.9409	14.5210
24.9364	14.5255
24.9228	14.5255
24.9138	14.5300
24.9047	14.5300
24.9002	14.5345
24.8867	14.5345
24.8822	14.5391
24.8551	14.5391
24.8505	14.5436
24.8189	14.5436
24.8144	14.5481
24.8009	14.5481
24.7963	14.5526
24.7692	14.5526
24.7647	14.5571
24.7196	14.5571
24.7196	14.5526
24.7150	14.5481
24.7150	14.5436
24.7105	14.5436
24.7105	14.5391
24.7060	14.5345
24.7015	14.5300
24.7015	14.5255
24.6970	14.5210
24.6970	14.5165
24.6970	14.5120
24.6925	14.5120
24.6925	14.5074
24.6925	14.5029
24.6925	14.4984
24.6879	14.4984
24.6879	14.4939
24.6879	14.4894
24.6879	14.4849
24.6879	14.4803
24.6879	14.4758
24.6879	14.4713
24.6879	14.4668
24.6879	14.4623
24.6879	14.4578
24.6879	14.4532
24.6879	14.4487
24.6879	14.4442
24.6879	14.4397
24.6879	14.4352
24.6879	14.4307
24.6925	14.4307
24.6925	14.4261
24.6925	14.4216
24.6925	14.4171
24.6925	14.4126
24.6925	14.4081
24.6970	14.4081
24.6970	14.4036
24.6970	14.3990
24.6970	14.3945
24.6970	14.3900
24.7015	14.3900
24.7015	14.3810
24.7015	14.3765
24.7060	14.3719
24.7060	14.3674
24.7060	14.3629
24.7060	14.3584
24.7105	14.3584
24.7105	14.3539
24.7105	14.3494
24.7105	14.3448
24.7105	14.3403
24.7150	14.3403
24.7150	14.3358
24.7150	14.3313
24.7150	14.3268
24.7150	14.3223
24.7150	14.3177
24.7196	14.3132
24.7196	14.3087
24.7196	14.3042
24.7196	14.2997
24.7196	14.2952
24.7196	14.2906
24.7241	14.2906
24.7241	14.2861
24.7241	14.2816
24.7241	14.2771
24.7241	14.2726
24.7241	14.2681
24.7241	14.2635
24.7286	14.2635
24.7286	14.2590
24.7286	14.2500
24.7286	14.2455
24.7286	14.2410
24.7286	14.2364
24.7286	14.2319
24.7286	14.2274
24.7286	14.2229
24.7331	14.2229
24.7331	14.2184
24.7331	14.2139
24.7331	14.2093
24.7331	14.2048
24.7331	14.1958
24.7331	14.1868
24.7331	14.1822
24.7331	14.1777
24.7331	14.1732
24.7331	14.1687
24.7331	14.1642
24.7331	14.1597
24.7331	14.1551
24.7331	14.1506
24.7331	14.1461
24.7331	14.1416
24.7331	14.1371
24.7331	14.1326
24.7331	14.1280
24.7331	14.1235
24.7331	14.1190
24.7331	14.1145
24.7331	14.1100
24.7331	14.1009
24.7331	14.0964
24.7331	14.0919
24.7331	14.0874
24.7331	14.0829
24.7331	14.0784
24.7376	14.0784
24.7376	14.0738
24.7376	14.0693
24.7376	14.0648
24.7376	14.0603
24.7421	14.0603
24.7421	14.0558
24.7467	14.0558
24.7467	14.0513
24.7467	14.0467
24.7512	14.0467
24.7512	14.0422
24.7512	14.0377
24.7557	14.0377
24.7557	14.0332
24.7557	14.0287
24.7557	14.0242
24.7602	14.0196
24.7602	14.0151
24.7647	14.0151
24.7647	14.0106
24.7647	14.0061
24.7647	14.0016
24.7647	13.9971
24.7692	13.9971
24.7692	13.9925
24.7692	13.9880
24.7692	13.9835
24.7738	13.9790
24.7738	13.9745
24.7738	13.9700
24.7738	13.9654
24.7783	13.9609
24.7783	13.9519
24.7783	13.9474
24.7828	13.9474
24.7828	13.9429
24.7828	13.9383
24.7828	13.9338
24.7873	13.9293
24.7873	13.9203
24.7873	13.9112
24.7873	13.9022
24.7873	13.8932
24.7873	13.8841
24.7963	13.8841
24.7963	13.8751
24.8054	13.8751
24.8054	13.8661
24.8054	13.8570
24.8054	13.8480
24.8054	13.8390
24.8144	13.8390
24.8144	13.8299
24.8144	13.8209
24.8144	13.8119
24.8144	13.8028
24.8144	13.7938
24.8144	13.7848
24.8144	13.7757
24.8144	13.7667
24.8144	13.7577
24.8144	13.7486
24.8144	13.7396
24.8144	13.7306
24.8144	13.7215
24.8144	13.7125
24.8144	13.7035
24.8234	13.7035
24.8234	13.6944
24.8234	13.6854
24.8234	13.6764
24.8325	13.6673
24.8415	13.6673
24.8415	13.6583
24.8415	13.6493
24.8415	13.6402
24.8415	13.6312
24.8415	13.6222
24.8505	13.6131
24.8505	13.6041
24.8596	13.6041
24.8596	13.5951
24.8686	13.5951
24.8686	13.5860
24.8686	13.5770
24.8776	13.5770
24.8776	13.5680
24.8776	13.5589
24.8776	13.5499
24.8776	13.5409
24.8776	13.5318
24.8776	13.5228
24.8776	13.5138
24.8776	13.5047
24.8776	13.4957
24.8867	13.4957
24.8867	13.4867
24.8867	13.4776
24.8957	13.4686
24.8957	13.4596
24.8957	13.4505
24.9047	13.4505
24.9047	13.4415
24.9138	13.4415
24.9138	13.4325
24.9138	13.4234
24.9138	13.4144
24.9138	13.4054
24.9138	13.3963
24.9228	13.3963
24.9318	13.3873
24.9318	13.3783
24.9409	13.3783
24.9409	13.3692
24.9409	13.3602
24.9499	13.3602
24.9499	13.3512
24.9499	13.3421
24.9680	13.3421
24.9680	13.3331
24.9680	13.3241
25.0222	13.3241
25.0222	13.3150
25.0673	13.3150
25.0764	13.3060
25.1215	13.3060
25.1306	13.2970
25.1667	13.2970
25.1667	13.2879
25.1848	13.2879
25.1848	13.2789
25.2209	13.2789
25.2209	13.2699
25.2751	13.2699
25.2751	13.2608
25.2841	13.2608
25.2841	13.2518
25.3112	13.2518
25.3112	13.2428
25.3203	13.2428
25.3203	13.2337
25.3383	13.2337
25.3383	13.2247
25.3474	13.2247
25.3474	13.2157
25.3654	13.2157
25.3745	13.2066
25.3835	13.2066
25.3835	13.1976
25.4467	13.1976
25.4467	13.2066
25.4648	13.2066
25.4648	13.2157
25.4919	13.2157
25.4919	13.2247
25.5100	13.2247
25.5100	13.2337
25.5642	13.2337
25.5732	13.2428
25.6635	13.2428
25.6635	13.2337
25.6906	13.2337
25.6906	13.2247
25.7177	13.2247
25.7177	13.2157
25.7448	13.2157
25.7448	13.2066
25.7629	13.2066
25.7629	13.1976
25.7810	13.1976
25.7810	13.1886
25.7810	13.1795
25.7990	13.1795
25.8081	13.1705
25.8081	13.1615
25.8171	13.1615
25.8171	13.1524
25.8261	13.1434
25.8352	13.1434
25.8352	13.1344
25.8352	13.1254
25.8532	13.1254
25.8532	13.1163
25.8532	13.1073
25.8713	13.1073
25.8713	13.0983
25.8713	13.0892
25.8713	13.0802
25.8803	13.0802
25.8803	13.0712
25.8894	13.0712
25.8894	13.0621
25.8894	13.0531
25.8984	13.0441
25.8984	13.0350
25.9074	13.0350
25.9074	13.0260
25.9074	13.0170
25.9074	13.0079
25.9074	12.9989
25.9074	12.9899
25.9074	12.9808
25.9074	12.9718
25.9074	12.9628
25.9074	12.9537
25.9074	12.9447
25.9074	12.9357
25.9074	12.9266
25.9074	12.9176
25.9074	12.9086
25.9074	12.8995
25.9074	12.8905
25.9074	12.8815
25.8984	12.8815
25.8984	12.8724
25.8984	12.8634
25.8984	12.8544
25.8984	12.8453
25.8984	12.8363
25.8984	12.8273
25.8984	12.8182
25.8984	12.8092
25.9074	12.8092
25.9074	12.8002
25.9074	12.7911
25.9074	12.7821
25.9165	12.7821
25.9165	12.7731
25.9255	12.7731
25.9255	12.7640
25.9255	12.7550
25.9255	12.7460
25.9255	12.7369
25.9255	12.7279
25.9255	12.7189
25.9255	12.7098
25.9074	12.7098
25.9074	12.7008
25.9074	12.6918
25.8984	12.6918
25.8984	12.6827
25.8894	12.6827
25.8894	12.6737
25.8803	12.6737
25.8803	12.6647
25.8803	12.6556
25.8803	12.6466
25.8803	12.6376
25.8803	12.6285
25.8713	12.6285
25.8713	12.6195
25.8713	12.6105
25.8713	12.6014
25.8713	12.5924
25.8713	12.5834
25.8713	12.5743
25.8713	12.5653
25.8713	12.5563
25.8713	12.5472
25.8713	12.5382
25.8713	12.5292
25.8803	12.5292
25.8803	12.5201
25.8803	12.5111
25.8803	12.5021
25.8894	12.5021
25.8894	12.4930
25.8894	12.4840
25.8894	12.4750
25.8894	12.4659
25.8894	12.4569
25.8984	12.4479
25.8984	12.4388
25.8984	12.4298
25.9074	12.4298
25.9074	12.4208
25.9074	12.4117
25.9074	12.4027
25.9074	12.3937
25.9074	12.3846
25.9074	12.3756
25.9074	12.3666
25.9074	12.3575
25.9074	12.3485
25.9074	12.3395
25.9074	12.3304
25.9074	12.3214
25.9074	12.3124
25.8984	12.3124
25.8984	12.3033
25.8984	12.2943
25.8984	12.2853
25.8984	12.2762
25.8894	12.2762
25.8894	12.2672
25.8894	12.2582
25.8894	12.2491
25.8894	12.2401
25.8894	12.2311
25.8894	12.2220
25.8894	12.2130
25.8894	12.2040
25.8894	12.1949
25.8984	12.1949
25.8984	12.1859
25.9074	12.1859
25.9074	12.1769
25.9074	12.1678
25.9074	12.1588
25.9074	12.1498
25.9616	12.1498
25.9616	12.1407
25.9887	12.1407
25.9887	12.1317
26.0429	12.1317
26.0520	12.1227
26.0700	12.1227
26.0700	12.1136
26.1062	12.1136
26.1062	12.1046
26.1242	12.1046
26.1242	12.0956
26.1694	12.0956
26.1694	12.0865
26.2146	12.0865
26.2146	12.0775
26.3410	12.0775
26.3410	12.0685
26.3681	12.0685
26.3681	12.0594
26.4765	12.0594
26.4765	12.0504
26.5127	12.0504
26.5127	12.0414
26.5759	12.0414
26.5759	12.0323
26.5940	12.0323
26.5940	12.0233
26.6391	12.0233
26.6391	12.0143
26.6482	12.0143
26.6482	12.0052
26.6843	12.0052
26.6843	11.9962
26.7024	11.9962
26.7024	11.9872
26.7295	11.9872
26.7385	11.9781
26.7566	11.9781
26.7566	11.9691
26.7746	11.9691
26.7746	11.9601
26.7927	11.9601
26.7927	11.9510
26.8379	11.9510
26.8379	11.9420
26.8469	11.9420
26.8469	11.9330
26.8830	11.9330
26.8830	11.9239
26.9192	11.9239
26.9192	11.9149
26.9553	11.9149
26.9643	11.9059
26.9914	11.9059
26.9914	11.8968
27.0095	11.8968
27.0095	11.8878
27.0276	11.8878
27.0276	11.8788
27.0637	11.8788
27.0637	11.8697
27.0727	11.8697
27.0727	11.8607
27.0998	11.8607
27.0998	11.8517
27.1179	11.8517
27.1179	11.8426
27.1360	11.8426
27.1360	11.8336
27.1540	11.8336
27.1540	11.8246
27.1902	11.8246
27.1902	11.8155
27.2082	11.8155
27.2082	11.8065
27.2534	11.8065
27.2534	11.7975
27.2715	11.7975
27.2715	11.7884
27.2986	11.7884
27.2986	11.7794
27.3166	11.7794
27.3166	11.7704
27.3347	11.7704
27.3347	11.7613
27.3528	11.7613
27.3528	11.7523
27.3889	11.7523
27.3889	11.7433
27.3889	11.7342
27.4250	11.7342
27.4250	11.7252
27.4341	11.7252
27.4341	11.7162
27.4612	11.7162
27.4612	11.7071
27.4702	11.7071
27.4702	11.6981
27.4973	11.6981
27.4973	11.6891
27.5063	11.6891
27.5063	11.6800
27.5334	11.6800
27.5334	11.6710
27.5334	11.6620
27.5515	11.6620
27.5515	11.6529
27.5696	11.6529
27.5696	11.6439
27.5876	11.6439
27.5876	11.6349
27.5967	11.6349
27.5967	11.6258
27.6238	11.6258
27.6238	11.6168
27.6238	11.6078
27.6509	11.6078
27.6509	11.5987
27.6599	11.5987
27.6599	11.5897
27.6780	11.5897
27.6780	11.5807
27.6960	11.5807
27.6960	11.5716
27.7051	11.5716
27.7051	11.5626
27.7141	11.5626
27.7231	11.5536
27.7502	11.5536
27.7502	11.5445
27.7502	11.5355
27.7683	11.5355
27.7683	11.5265
27.7864	11.5265
27.7864	11.5174
27.8044	11.5174
27.8044	11.5084
27.8044	11.4994
27.8225	11.4994
27.8225	11.4903
27.8406	11.4903
27.8406	11.4813
27.8586	11.4813
27.8586	11.4723
27.8767	11.4723
27.8767	11.4632
27.8857	11.4632
27.8857	11.4542
27.9038	11.4542
27.9038	11.4452
27.9309	11.4452
27.9309	11.4361
27.9490	11.4361
27.9490	11.4271
27.9670	11.4271
27.9670	11.4181
27.9761	11.4181
27.9761	11.4090
27.9941	11.4090
28.0032	11.4000
28.0032	11.3910
28.0212	11.3910
28.0303	11.3819
28.0393	11.3819
28.0393	11.3729
28.0574	11.3729
28.0574	11.3639
28.0664	11.3639
28.0664	11.3548
28.0935	11.3548
28.0935	11.3458
28.0935	11.3368
28.1296	11.3368
28.1296	11.3277
28.1387	11.3277
28.1387	11.3187
28.1658	11.3187
28.1658	11.3097
28.1838	11.3097
28.1838	11.3006
28.2019	11.3006
28.2019	11.2916
28.2200	11.2916
28.2200	11.2826
28.2471	11.2826
28.2471	11.2735
28.2742	11.2735
28.2742	11.2645
28.3193	11.2645
28.3193	11.2555
28.3555	11.2555
28.3645	11.2464
28.4187	11.2464
28.4187	11.2374
28.4390	11.2374
28.4413	11.2351
28.4458	11.2329
28.4458	11.2306
28.4480	11.2306
28.4480	11.2284
28.4503	11.2284
28.4503	11.2261
28.4526	11.2261
28.4526	11.2238
28.4571	11.2238
28.4571	11.2216
28.4571	11.2193
28.4593	11.2193
28.4616	11.2171
28.4639	11.2171
28.4639	11.2148
28.4661	11.2148
28.4661	11.2126
28.4684	11.2103
28.4706	11.2103
28.4706	11.2080
28.4729	11.2080
28.4729	11.2058
28.4751	11.2058
28.4774	11.2013
28.4797	11.2013
28.4797	11.1990
28.4819	11.1990
28.4842	11.1967
28.4864	11.1945
28.4864	11.1922
28.4910	11.1922
28.4910	11.1900
28.4910	11.1877
28.4932	11.1877
28.4955	11.1855
28.4955	11.1832
28.4977	11.1832
28.4977	11.1809
28.5000	11.1809
28.5022	11.1787
28.5045	11.1787
28.5045	11.1764
28.5068	11.1764
28.5090	11.1742
28.5113	11.1742
28.5113	11.1719
28.5135	11.1719
28.5135	11.1696
28.5158	11.1696
28.5158	11.1674
28.5226	11.1674
28.5226	11.1651
28.5226	11.1629
28.5271	11.1629
28.5271	11.1606
28.5316	11.1606
28.5316	11.1584
28.5361	11.1584
28.5384	11.1561
28.5384	11.1538
28.5429	11.1538
28.5452	11.1516
28.5497	11.1516
28.5497	11.1493
28.5519	11.1493
28.5519	11.1471
28.5564	11.1471
28.5564	11.1448
28.5587	11.1448
28.5587	11.1425
28.5610	11.1425
28.5632	11.1403
28.5677	11.1403
28.5677	11.1380
28.5677	11.1358
28.5700	11.1358
28.5723	11.1335
28.5768	11.1335
28.5768	11.1313
28.5790	11.1290
28.5790	11.1267
28.5813	11.1267
28.5813	11.1245
28.5858	11.1245
28.5858	11.1222
28.5881	11.1222
28.5881	11.1200
28.5903	11.1200
28.5903	11.1177
28.5926	11.1177
28.5926	11.1154
28.5948	11.1154
28.5948	11.1132
28.5971	11.1132
28.5971	11.1109
28.5971	11.1087
28.5994	11.1087
28.5994	11.1064
28.6016	11.1042
28.6039	11.1042
28.6039	11.1019
28.6061	11.0996
28.6061	11.0974
28.6061	11.0951
28.6084	11.0951
28.6084	11.0929
28.6084	11.0906
28.6106	11.0906
28.6106	11.0883
28.6129	11.0883
28.6129	11.0861
28.6129	11.0838
28.6129	11.0816
28.6129	11.0793
28.6152	11.0793
28.6152	11.0771
28.6152	11.0748
28.6152	11.0725
28.6152	11.0703
28.6174	11.0703
28.6174	11.0680
28.6174	11.0658
28.6197	11.0635
28.6197	11.0612
28.6219	11.0612
28.6219	11.0590
28.6242	11.0567
28.6242	11.0545
28.6242	11.0522
28.6242	11.0500
28.6265	11.0500
28.6265	11.0477
28.6310	11.0477
28.6310	11.0432
28.6332	11.0432
28.6332	11.0409
28.6355	11.0409
28.6355	11.0387
28.6355	11.0364
28.6377	11.0341
28.6400	11.0341
28.6400	11.0319
28.6423	11.0319
28.6423	11.0296
28.6445	11.0296
28.6445	11.0274
28.6468	11.0274
28.6468	11.0229
28.6490	11.0229
28.6490	11.0206
28.6513	11.0206
28.6513	11.0183
28.6536	11.0183
28.6558	11.0161
28.6558	11.0138
28.6603	11.0116
28.6603	11.0093
28.6626	11.0093
28.6626	11.0070
28.6648	11.0048
28.6648	11.0025
28.6694	11.0025
28.6694	11.0003
28.6694	10.9980
28.6716	10.9980
28.6716	10.9958
28.6739	10.9958
28.6739	10.9935
28.6761	10.9912
28.6784	10.9912
28.6784	10.9890
28.6784	10.9867
28.6807	10.9867
28.6807	10.9845
28.6829	10.9845
28.6829	10.9822
28.6852	10.9822
28.6852	10.9799
28.6874	10.9799
28.6874	10.9777
28.6874	10.9754
28.6919	10.9754
28.6919	10.9732
28.6942	10.9732
28.6965	10.9709
28.6965	10.9687
28.7010	10.9687
28.7010	10.9664
28.7055	10.9664
28.7055	10.9641
28.7078	10.9641
28.7078	10.9619
28.7145	10.9619
28.7145	10.9596
28.7145	10.9574
28.7190	10.9574
28.7190	10.9551
28.7213	10.9551
28.7213	10.9528
28.7258	10.9528
28.7258	10.9506
28.7281	10.9506
28.7281	10.9483
28.7303	10.9483
28.7303	10.9461
28.7349	10.9461
28.7349	10.9438
28.7371	10.9438
28.7371	10.9416
28.7394	10.9416
28.7394	10.9393
28.7439	10.9393
28.7439	10.9370
28.7461	10.9370
28.7461	10.9348
28.7529	10.9348
28.7529	10.9325
28.7529	10.9303
28.7574	10.9303
28.7574	10.9280
28.7597	10.9280
28.7597	10.9257
28.7620	10.9257
28.7620	10.9235
28.7642	10.9235
28.7642	10.9212
28.7642	10.9190
28.7665	10.9190
28.7665	10.9167
28.7665	10.9145
28.7665	10.9122
28.7687	10.9122
28.7687	10.9099
28.7687	10.9077
28.7687	10.9054
28.7687	10.9032
28.7687	10.9009
28.7687	10.8986
28.7687	10.8964
28.7687	10.8941
28.7687	10.8919
28.7687	10.8896
28.7687	10.8874
28.7687	10.8851
28.7687	10.8828
28.7687	10.8806
28.7687	10.8783
28.7687	10.8761
28.7687	10.8738
28.7687	10.8715
28.7687	10.8693
28.7687	10.8670
28.7687	10.8648
28.7687	10.8625
28.7687	10.8603
28.7687	10.8580
28.7687	10.8557
28.7687	10.8535
28.7687	10.8512
28.7687	10.8490
28.7687	10.8467
28.7687	10.8444
28.7687	10.8422
28.7687	10.8399
28.7687	10.8377
28.7687	10.8354
28.7687	10.8332
28.7687	10.8309
28.7687	10.8286
28.7687	10.8264
28.7687	10.8241
28.7687	10.8219
28.7687	10.8196
28.7687	10.8173
28.7687	10.8151
28.7687	10.8128
28.7687	10.8106
28.7687	10.8083
28.7687	10.8061
28.7687	10.8038
28.7687	10.8015
28.7687	10.7993
28.7687	10.7970
28.7687	10.7948
28.7687	10.7925
28.7687	10.7902
28.7687	10.7880
28.7687	10.7857
28.7687	10.7835
28.7687	10.7812
28.7687	10.7790
28.7687	10.7767
28.7687	10.7744
28.7687	10.7722
28.7687	10.7699
28.7687	10.7677
28.7687	10.7654
28.7687	10.7631
28.7687	10.7609
28.7710	10.7609
28.7710	10.7586
28.7710	10.7564
28.7710	10.7541
28.7710	10.7519
28.7710	10.7496
28.7710	10.7406
28.7710	10.7315
28.7620	10.7315
28.7620	10.7225
28.7620	10.7135
28.7529	10.7135
28.7529	10.7044
28.7439	10.7044
28.7439	10.6954
28.7439	10.6864
28.7439	10.6773
28.7349	10.6773
28.7349	10.6683
28.7258	10.6683
28.7258	10.6593
28.7258	10.6502
28.7168	10.6412
28.7168	10.6322
28.7078	10.6322
28.7078	10.6231
28.7078	10.6141
28.6897	10.6141
28.6897	10.6051
28.6897	10.5960
28.6716	10.5960
28.6716	10.5870
28.6716	10.5780
28.6626	10.5780
28.6626	10.5689
28.6536	10.5689
28.6536	10.5599
28.6355	10.5599
28.6355	10.5509
28.6355	10.5418
28.6174	10.5418
28.6174	10.5328
28.6084	10.5328
28.6084	10.5238
28.5994	10.5238
28.5994	10.5147
28.5903	10.5147
28.5903	10.5057
28.5723	10.5057
28.5723	10.4967
28.5632	10.4967
28.5632	10.4876
28.5452	10.4876
28.5452	10.4786
28.3284	10.4786
28.3284	10.4876
28.2651	10.4876
28.2651	10.4967
28.2380	10.4967
28.2380	10.5057
28.2019	10.5057
28.2019	10.5147
28.1748	10.5147
28.1658	10.5238
28.1116	10.5238
28.1116	10.5328
28.1025	10.5328
28.1025	10.5418
28.0664	10.5418
28.0664	10.5509
28.0483	10.5509
28.0483	10.5599
28.0212	10.5599
28.0212	10.5689
28.0122	10.5689
28.0122	10.5780
27.9941	10.5780
27.9941	10.5870
27.9851	10.5870
27.9851	10.5960
27.9580	10.5960
27.9580	10.6051
27.9490	10.6051
27.9490	10.6141
27.9038	10.6141
27.9038	10.6231
27.8406	10.6231
27.8406	10.6322
27.7683	10.6322
27.7683	10.6412
27.7322	10.6412
27.7322	10.6502
27.6960	10.6502
27.6960	10.6593
27.6599	10.6593
27.6599	10.6683
27.6147	10.6683
27.6147	10.6773
27.6057	10.6773
27.6057	10.6864
27.5515	10.6864
27.5425	10.6954
27.5244	10.6954
27.5244	10.7044
27.4973	10.7044
27.4973	10.7135
27.4792	10.7135
27.4792	10.7225
27.4250	10.7225
27.4250	10.7315
27.4250	10.7406
27.3889	10.7406
27.3889	10.7496
27.3708	10.7496
27.3708	10.7586
27.3528	10.7586
27.3528	10.7677
27.3437	10.7767
27.3347	10.7767
27.3347	10.7857
27.3257	10.7857
27.3257	10.7948
27.2986	10.7948
27.2986	10.8038
27.2986	10.8128
27.2805	10.8128
27.2805	10.8219
27.2715	10.8219
27.2715	10.8309
27.2534	10.8309
27.2534	10.8399
27.2444	10.8399
27.2444	10.8490
27.2263	10.8490
27.2263	10.8580
27.2173	10.8580
27.2173	10.8670
27.1992	10.8670
27.1992	10.8761
27.1902	10.8761
27.1902	10.8851
27.1721	10.8851
27.1721	10.8941
27.1721	10.9032
27.1540	10.9032
27.1540	10.9122
27.1450	10.9122
27.1450	10.9212
27.1360	10.9212
27.1269	10.9303
27.1269	10.9393
27.1179	10.9393
27.1179	10.9483
27.0998	10.9483
27.0998	10.9574
27.0908	10.9574
27.0908	10.9664
27.0818	10.9664
27.0818	10.9754
27.0727	10.9754
27.0727	10.9845
27.0637	10.9845
27.0637	10.9935
27.0456	10.9935
27.0456	11.0025
27.0366	11.0025
27.0366	11.0116
27.0185	11.0116
27.0185	11.0206
27.0005	11.0206
27.0005	11.0296
26.9824	11.0296
26.9824	11.0387
26.9734	11.0387
26.9734	11.0477
26.9553	11.0477
26.9553	11.0567
26.9282	11.0567
26.9282	11.0658
26.9056	11.0658
26.9056	11.0680
26.8988	11.0680
26.8988	11.0703
26.8966	11.0725
26.8921	11.0725
26.8921	11.0748
26.8875	11.0748
26.8853	11.0771
26.8830	11.0771
26.8808	11.0793
26.8785	11.0816
26.8740	11.0816
26.8740	11.0838
26.8672	11.0838
26.8672	11.0861
26.8627	11.0861
26.8627	11.0883
26.8604	11.0906
26.8582	11.0906
26.8559	11.0929
26.8514	11.0929
26.8514	11.0951
26.8492	11.0951
26.8492	11.0974
26.8469	11.0974
26.8446	11.0996
26.8401	11.0996
26.8401	11.1019
26.8333	11.1019
26.8333	11.1042
26.8243	11.1042
26.8243	11.1064
26.8198	11.1064
26.8175	11.1087
26.8062	11.1087
26.8062	11.1109
26.8017	11.1109
26.7995	11.1132
26.7904	11.1132
26.7882	11.1154
26.7859	11.1177
26.7701	11.1177
26.7701	11.1200
26.7543	11.1200
26.7543	11.1222
26.7430	11.1222
26.7408	11.1245
26.7340	11.1245
26.7340	11.1267
26.7159	11.1267
26.7159	11.1290
26.7069	11.1290
26.7046	11.1313
26.6978	11.1313
26.6956	11.1335
26.6888	11.1335
26.6866	11.1358
26.6843	11.1358
26.6820	11.1380
26.6730	11.1380
26.6730	11.1403
26.6640	11.1403
26.6617	11.1425
26.6527	11.1425
26.6504	11.1448
26.6482	11.1448
26.6459	11.1471
26.6369	11.1471
26.6346	11.1493
26.6211	11.1493
26.6211	11.1516
26.6098	11.1516
26.6098	11.1538
26.6053	11.1538
26.6030	11.1561
26.5872	11.1561
26.5849	11.1584
26.5714	11.1584
26.5714	11.1606
26.5556	11.1606
26.5533	11.1629
26.5398	11.1629
26.5375	11.1651
26.5262	11.1651
26.5262	11.1674
26.5081	11.1674
26.5081	11.1696
26.5036	11.1696
26.5036	11.1742
26.4494	11.1742
26.4404	11.1832
26.3772	11.1832
26.3772	11.1922
26.2959	11.1922
26.2959	11.2013
26.1062	11.2013
26.1062	11.2103
25.9978	11.2103
25.9978	11.2193
25.9797	11.2193
25.9797	11.2284
25.9526	11.2284
25.9526	11.2374
25.9345	11.2374
25.9345	11.2464
25.9074	11.2464
25.9074	11.2555
25.8984	11.2555
25.8894	11.2645
25.7358	11.2645
25.7358	11.2555
25.7268	11.2555
25.7268	11.2464
25.6997	11.2464
25.6997	11.2374
25.6816	11.2374
25.6816	11.2284
25.6364	11.2284
25.6364	11.2193
25.6274	11.2193
25.6184	11.2103
25.5822	11.2103
25.5822	11.2013
25.5732	11.2013
25.5732	11.1922
25.5551	11.1922
25.5551	11.1832
25.5461	11.1832
25.5461	11.1742
25.5280	11.1742
25.5280	11.1651
25.5009	11.1651
25.5009	11.1561
25.5009	11.1471
25.4919	11.1380
25.4919	11.1290
25.4829	11.1290
25.4829	11.1200
25.4738	11.1200
25.4738	11.1109
25.4648	11.1109
25.4648	11.1019
25.4467	11.1019
25.4467	11.0929
25.4377	11.0929
25.4377	11.0838
25.4377	11.0748
25.4377	11.0658
25.4377	11.0567
25.4467	11.0567
25.4467	11.0477
25.4558	11.0477
25.4558	11.0387
25.4558	11.0296
25.4648	11.0296
25.4648	11.0206
25.4738	11.0206
25.4738	11.0116
25.4738	11.0025
25.4829	11.0025
25.4829	10.9935
25.4919	10.9935
25.4919	10.9845
25.4919	10.9754
25.4919	10.9664
25.5009	10.9664
25.5009	10.9574
25.5100	10.9574
25.5100	10.9483
25.5100	10.9393
25.5100	10.9303
25.5100	10.9212
25.5100	10.9122
25.5100	10.9032
25.5100	10.8941
25.5100	10.8851
25.5100	10.8761
25.5100	10.8670
25.5100	10.8580
25.5100	10.8490
25.5100	10.8399
25.5100	10.8309
25.5100	10.8219
25.5100	10.8128
25.5100	10.8038
25.5100	10.7948
25.5009	10.7948
25.5009	10.7857
25.5009	10.7767
25.5009	10.7677
25.4919	10.7677
25.4919	10.7586
25.4919	10.7496
25.4919	10.7406
25.4919	10.7315
25.4919	10.7225
25.4829	10.7225
25.4829	10.7135
25.4738	10.7044
25.4738	10.6954
25.4738	10.6864
25.4648	10.6864
25.4648	10.6773
25.4558	10.6773
25.4558	10.6683
25.4558	10.6593
25.4377	10.6593
25.4377	10.6502
25.4287	10.6502
25.4287	10.6412
25.4196	10.6412
25.4196	10.6322
25.4016	10.6322
25.4016	10.6231
25.3925	10.6231
25.3925	10.6141
25.3745	10.6141
25.3745	10.6051
25.3654	10.6051
25.3654	10.5960
25.3474	10.5960
25.3474	10.5870
25.3383	10.5870
25.3383	10.5780
25.3293	10.5780
25.3293	10.5689
25.3112	10.5689
25.3112	10.5599
25.3112	10.5509
25.3112	10.5418
25.2932	10.5418
25.2932	10.5328
25.2932	10.5238
25.2841	10.5238
25.2841	10.5147
25.2751	10.5147
25.2751	10.5057
25.2570	10.4154
25.2570	10.4063
25.2570	10.3973
25.2570	10.3883
25.2570	10.3792
25.2570	10.3702
25.2570	10.3612
25.2570	10.3521
25.2480	10.3521
25.2480	10.3431
25.2480	10.3341
25.2480	10.3250
25.2390	10.3250
25.2390	10.3160
25.2390	10.3070
25.2390	10.2979
25.2390	10.2889
25.2390	10.2799
25.2299	10.2799
25.2299	10.2708
25.2299	10.2618
25.2209	10.2618
25.2209	10.2528
25.2209	10.2437
25.2209	10.2347
25.2119	10.2347
25.2119	10.2257
25.2119	10.2166
25.2028	10.2166
25.2028	10.2076
25.2028	10.1986
25.1938	10.1986
25.1938	10.1895
25.1938	10.1805
25.1848	10.1805
25.1848	10.1715
25.1848	10.1624
25.1757	10.1624
25.1757	10.1534
25.1667	10.1534
25.1667	10.1444
25.1667	10.1353
25.1577	10.1353
25.1577	10.1263
25.1486	10.1263
25.1486	10.1173
25.1486	10.1082
25.1306	10.1082
25.1306	10.0992
25.1215	10.0992
25.1215	10.0902
25.1125	10.0902
25.1125	10.0811
25.1125	10.0721
25.0944	10.0721
25.0944	10.0631
25.0944	10.0540
25.0764	10.0540
25.0764	10.0450
25.0673	10.0450
25.0673	10.0360
25.0583	10.0360
25.0583	10.0269
25.0583	10.0179
25.0402	10.0179
25.0402	10.0089
25.0312	10.0089
25.0312	9.9998
25.0222	9.9998
25.0222	9.9908
25.0131	9.9908
25.0131	9.9818
25.0041	9.9818
25.0041	9.9727
24.9951	9.9727
24.9951	9.9637
24.9860	9.9637
24.9770	9.9547
24.9680	9.9547
24.9680	9.9456
24.9589	9.9456
24.9589	9.9366
24.9499	9.9366
24.9499	9.9276
24.9318	9.9276
24.9318	9.9185
24.9228	9.9185
24.9228	9.9095
24.8957	9.9095
24.8957	9.9005
24.8957	9.8914
24.8776	9.8914
24.8776	9.8824
24.8686	9.8824
24.8596	9.8734
24.8415	9.8734
24.8415	9.8643
24.8325	9.8643
24.8325	9.8553
24.7963	9.8553
24.7963	9.8463
24.7783	9.8463
24.7692	9.8372
24.7421	9.8372
24.7421	9.8282
24.7241	9.8282
24.7241	9.8192
24.6789	9.8192
24.6789	9.8101
