22.8270	9.2585
22.8270	9.2669
22.8018	9.2669
22.8018	9.2753
22.7766	9.2753
22.7766	9.2837
22.7598	9.2837
22.7598	9.2921
22.7346	9.2921
22.7346	9.3005
22.7262	9.3005
22.7262	9.3089
22.7094	9.3089
22.7094	9.3173
22.6926	9.3173
22.6926	9.3257
22.6758	9.3257
22.6674	9.3341
22.6590	9.3341
22.6590	9.3425
22.6422	9.3425
22.6422	9.3509
22.6254	9.3509
22.6254	9.3593
22.5918	9.3593
22.5834	9.3677
22.5750	9.3677
22.5750	9.3761
22.4909	9.3761
22.4909	9.3845
22.4741	9.3845
22.4741	9.3929
22.4573	9.3929
22.4573	9.4013
22.4405	9.4013
22.4405	9.4097
22.4237	9.4097
22.4237	9.4181
22.4237	9.4265
22.4069	9.4265
22.4069	9.4349
22.3985	9.4349
22.3985	9.4433
22.3901	9.4433
22.3901	9.4517
22.3817	9.4517
22.3817	9.4601
22.3649	9.4601
22.3649	9.4685
22.3565	9.4685
22.3565	9.4769
22.3397	9.4769
22.3397	9.4853
22.3397	9.4938
22.3397	9.5022
22.3397	9.5106
22.3397	9.5190
22.3397	9.5274
22.3397	9.5358
22.3397	9.5442
22.3397	9.5526
22.3397	9.5610
22.3397	9.5694
22.3313	9.5694
22.3313	9.5778
22.3229	9.5778
22.3229	9.5862
22.2893	9.5862
22.2893	9.5946
22.2641	9.5946
22.2641	9.6030
22.2641	9.6114
22.2473	9.6114
22.2473	9.6198
22.2473	9.6282
22.2389	9.6282
22.2389	9.6366
22.2389	9.6450
22.2305	9.6450
22.2221	9.6534
22.2221	9.6618
22.2221	9.6702
22.2221	9.6786
22.2137	9.6786
22.2137	9.6870
22.2137	9.6954
22.2053	9.6954
22.2053	9.7038
22.2053	9.7122
22.2053	9.7206
22.2053	9.7290
22.2053	9.7374
22.2053	9.7458
22.1969	9.7458
22.1969	9.7542
22.1885	9.7542
22.1885	9.7626
22.1885	9.7710
22.1801	9.7710
22.1801	9.7794
22.1717	9.7794
22.1717	9.7878
22.1717	9.7962
22.1633	9.7962
22.1633	9.8046
22.1549	9.8046
22.1549	9.8130
22.1549	9.8214
22.1465	9.8214
22.1465	9.8298
22.1465	9.8382
22.1381	9.8382
22.1381	9.8466
22.1381	9.8550
22.1381	9.8634
22.1297	9.8634
22.1297	9.8718
22.1297	9.8802
22.1297	9.8886
22.1297	9.8970
22.1297	9.9054
22.1297	9.9138
22.1297	9.9222
22.1297	9.9306
22.1297	9.9390
22.1297	9.9474
22.1297	9.9558
22.1297	9.9642
22.1297	9.9726
22.1297	9.9810
22.1297	9.9894
22.1297	9.9978
22.1297	10.0062
22.1297	10.0146
22.1297	10.0230
22.1297	10.0314
22.1213	10.0314
22.1213	10.0399
22.1213	10.0483
22.1213	10.0567
22.1213	10.0651
22.1213	10.0735
22.1213	10.0819
22.1213	10.0903
22.1213	10.0987
22.1129	10.0987
22.1129	10.1071
22.1129	10.1155
22.1129	10.1239
22.1129	10.1323
22.1045	10.1323
22.1045	10.1407
22.1045	10.1491
22.1045	10.1575
22.1045	10.1659
22.1045	10.1743
22.1045	10.1827
22.1045	10.1911
22.1045	10.1995
22.1045	10.2079
22.1045	10.2163
22.0961	10.2163
22.0961	10.2247
22.0877	10.2247
22.0877	10.2331
22.0961	10.2331
22.0961	10.2415
22.0961	10.2499
22.0961	10.2583
22.0961	10.2667
22.0877	10.2667
22.0877	10.2751
22.0877	10.2835
22.0877	10.2919
22.0877	10.3003
22.0793	10.3003
22.0793	10.3087
22.0793	10.3171
22.0709	10.3171
22.0709	10.3255
22.0709	10.3339
22.0709	10.3423
22.0709	10.3507
22.0625	10.3507
22.0625	10.3591
22.0625	10.3675
22.0541	10.3675
22.0541	10.3759
22.0541	10.3843
22.0457	10.3843
22.0457	10.3927
22.0457	10.4011
22.0289	10.4011
22.0289	10.4095
22.0121	10.4095
22.0121	10.4179
21.9953	10.4179
21.9953	10.4263
21.9869	10.4263
21.9869	10.4347
21.8944	10.4347
21.8944	10.4263
21.8776	10.4263
21.8776	10.4179
21.8608	10.4179
21.8608	10.4095
21.8524	10.4095
21.8524	10.4011
21.8020	10.4011
21.8020	10.4095
21.7768	10.4095
21.7684	10.4179
21.7264	10.4179
21.7264	10.4263
21.7180	10.4263
21.7180	10.4347
21.7096	10.4347
21.7096	10.4431
21.7012	10.4431
21.7012	10.4515
21.6928	10.4515
21.6844	10.4599
21.6844	10.4683
21.5584	10.4683
21.5584	10.4767
21.5332	10.4767
21.5332	10.4851
21.5164	10.4851
21.5164	10.4935
21.4996	10.4935
21.4996	10.5019
21.4828	10.5019
21.4828	10.5103
21.4828	10.5187
21.4660	10.5187
21.4660	10.5271
21.4660	10.5355
21.4576	10.5355
21.4576	10.5439
21.4492	10.5439
21.4492	10.5523
21.4408	10.5523
21.4408	10.5607
21.4324	10.5607
21.4324	10.5691
21.4239	10.5691
21.4239	10.5775
21.4155	10.5775
21.4155	10.5860
21.3987	10.5860
21.3987	10.5944
21.3987	10.6028
21.3651	10.6028
21.3651	10.6112
21.3567	10.6112
21.3567	10.6196
21.3315	10.6196
21.3315	10.6280
21.3147	10.6280
21.3063	10.6364
21.2811	10.6364
21.2811	10.6322
21.2643	10.6322
21.2643	10.6280
21.2475	10.6280
21.2475	10.6238
21.1929	10.6238
21.1929	10.6280
21.1845	10.6280
21.1803	10.6322
21.1719	10.6322
21.1677	10.6364
21.1635	10.6364
21.1635	10.6406
21.1593	10.6406
21.1551	10.6448
21.1509	10.6448
21.1467	10.6490
21.1425	10.6490
21.1425	10.6532
21.1425	10.6574
21.1383	10.6574
21.1383	10.6616
21.1299	10.6616
21.1257	10.6658
21.1257	10.6700
21.1215	10.6700
21.1215	10.6742
21.1173	10.6742
21.1173	10.6784
21.1131	10.6784
21.1131	10.6826
21.1047	10.6826
21.1047	10.6868
21.1047	10.6910
21.1005	10.6910
21.1005	10.6952
21.0963	10.6952
21.0921	10.6994
21.0879	10.6994
21.0879	10.7036
21.0837	10.7036
21.0837	10.7078
21.0795	10.7078
21.0753	10.7120
21.0711	10.7120
21.0669	10.7162
21.0669	10.7204
21.0627	10.7246
21.0543	10.7246
21.0543	10.7288
21.0501	10.7330
21.0501	10.7372
21.0459	10.7372
21.0459	10.7414
21.0417	10.7414
21.0417	10.7456
21.0375	10.7498
21.0375	10.7540
21.0375	10.7582
21.0375	10.7624
21.0333	10.7624
21.0333	10.7666
21.0333	10.7708
21.0333	10.7750
21.0333	10.7792
21.0333	10.7834
21.0333	10.7876
21.0333	10.7918
21.0333	10.7960
21.0333	10.8002
21.0333	10.8044
21.0291	10.8044
21.0291	10.8086
21.0291	10.8128
21.0291	10.8170
21.0249	10.8212
21.0249	10.8254
21.0249	10.8296
21.0249	10.8338
21.0249	10.8380
21.0249	10.8422
21.0249	10.8464
21.0207	10.8506
21.0207	10.8548
21.0207	10.8590
21.0207	10.8632
21.0207	10.8674
21.0165	10.8674
21.0165	10.8716
21.0165	10.8758
21.0165	10.8800
21.0123	10.8842
21.0081	10.8842
21.0081	10.8884
21.0081	10.8926
21.0039	10.8968
21.0039	10.9010
21.0039	10.9052
20.9997	10.9052
20.9997	10.9094
20.9997	10.9136
20.9997	10.9178
20.9997	10.9220
20.9997	10.9262
20.9955	10.9262
20.9955	10.9346
20.9955	10.9388
20.9955	10.9430
20.9955	10.9472
20.9955	10.9514
20.9955	10.9556
20.9955	10.9598
20.9955	10.9640
20.9955	10.9682
20.9955	10.9724
20.9955	10.9766
20.9955	10.9808
20.9955	10.9850
20.9955	10.9892
20.9955	10.9934
20.9955	10.9976
20.9955	11.0018
20.9997	11.0018
20.9997	11.0060
20.9997	11.0102
20.9997	11.0144
20.9997	11.0228
21.0039	11.0270
21.0039	11.0312
21.0039	11.0396
21.0081	11.0438
21.0081	11.0480
21.0123	11.0522
21.0123	11.0606
21.0165	11.0648
21.0165	11.0732
21.0165	11.0774
21.0207	11.0816
21.0207	11.0858
21.0207	11.0900
21.0249	11.0900
21.0291	11.0942
21.0333	11.0942
21.0333	11.0984
21.0333	11.1026
21.0333	11.1068
21.0375	11.1110
21.0375	11.1152
21.0417	11.1152
21.0417	11.1237
21.0459	11.1237
21.0459	11.1279
21.0459	11.1321
21.0543	11.1321
21.0543	11.1363
21.0543	11.1405
21.0627	11.1405
21.0627	11.1447
21.0627	11.1489
21.0669	11.1489
21.0669	11.1531
21.0711	11.1531
21.0711	11.1573
21.0711	11.1615
21.0795	11.1615
21.0795	11.1657
21.0795	11.1699
21.0837	11.1699
21.0837	11.1741
21.0837	11.1783
21.0879	11.1783
21.0879	11.1825
21.0921	11.1825
21.0963	11.1867
21.0963	11.1909
21.1005	11.1909
21.1005	11.1951
21.1047	11.1993
21.1047	11.2035
21.1089	11.2077
21.1131	11.2119
21.1131	11.2161
21.1173	11.2203
21.1215	11.2203
21.1215	11.2245
21.1215	11.2287
21.1341	11.2287
21.1341	11.2329
21.1341	11.2371
21.1383	11.2371
21.1425	11.2413
21.1425	11.2455
21.1509	11.2455
21.1509	11.2497
21.1593	11.2497
21.1593	11.2539
21.1635	11.2539
21.1677	11.2581
21.1677	11.2623
21.1719	11.2623
21.1761	11.2665
21.1803	11.2665
21.1803	11.2707
21.1887	11.2707
21.1887	11.2749
21.1929	11.2749
21.1929	11.2791
21.2013	11.2791
21.2097	11.2833
21.2139	11.2875
21.2223	11.2875
21.2307	11.2959
21.2349	11.2959
21.2433	11.3001
21.2517	11.3001
21.2559	11.3043
21.2643	11.3043
21.2643	11.3085
21.2937	11.3085
21.3021	11.3127
21.3063	11.3127
21.3063	11.3169
21.3273	11.3169
21.3273	11.3211
21.3357	11.3211
21.3441	11.3253
21.3525	11.3253
21.3609	11.3337
21.3693	11.3337
21.3777	11.3379
21.3819	11.3379
21.3903	11.3421
21.3945	11.3421
21.3987	11.3463
21.4113	11.3463
21.4155	11.3505
21.4324	11.3505
21.4450	11.3547
21.4576	11.3589
21.4786	11.3589
21.4828	11.3631
21.4870	11.3631
21.4954	11.3673
21.5920	11.3673
21.5920	11.3715
21.6046	11.3715
21.6046	11.3757
21.6172	11.3757
21.6172	11.3799
21.6256	11.3799
21.6256	11.3841
21.6382	11.3841
21.6382	11.3883
21.6508	11.3883
21.6550	11.3925
21.6634	11.4009
21.6760	11.4051
21.6886	11.4135
21.7012	11.4219
21.7054	11.4261
21.7180	11.4303
21.7222	11.4345
21.7264	11.4387
21.7306	11.4387
21.7306	11.4429
21.7390	11.4429
21.7390	11.4471
21.7474	11.4471
21.7474	11.4513
21.7516	11.4513
21.7558	11.4555
21.7600	11.4555
21.7600	11.4597
21.7642	11.4597
21.7642	11.4639
21.7642	11.4681
21.7642	11.4723
21.7642	11.4765
21.7642	11.4807
21.7642	11.4849
21.7642	11.4891
21.7642	11.4933
21.7642	11.4975
21.7642	11.5017
21.7642	11.5059
21.7642	11.5101
21.7642	11.5185
21.7642	11.5227
21.7642	11.5311
21.7642	11.5395
21.7642	11.5437
21.7642	11.5479
21.7642	11.5521
21.7642	11.5563
21.7642	11.5605
21.7642	11.5647
21.7642	11.5689
21.7642	11.5731
21.7642	11.5773
21.7642	11.5815
21.7642	11.5857
21.7642	11.5899
21.7642	11.5941
21.7642	11.5983
21.7642	11.6025
21.7642	11.6067
21.7600	11.6067
21.7600	11.6109
21.7600	11.6151
21.7600	11.6193
21.7600	11.6235
21.7600	11.6277
21.7600	11.6319
21.7600	11.6361
21.7600	11.6403
21.7600	11.6445
21.7600	11.6487
21.7600	11.6529
21.7558	11.6529
21.7558	11.6571
21.7558	11.6613
21.7558	11.6656
21.7516	11.6656
21.7516	11.6740
21.7474	11.6740
21.7474	11.6782
21.7432	11.6782
21.7432	11.6824
21.7432	11.6866
21.7390	11.6866
21.7390	11.6908
21.7390	11.6950
21.7348	11.6950
21.7348	11.6992
21.7306	11.6992
21.7306	11.7034
21.7264	11.7034
21.7264	11.7076
21.7264	11.7118
21.7222	11.7118
21.7222	11.7160
21.7180	11.7160
21.7180	11.7202
21.7180	11.7244
21.7138	11.7244
21.7138	11.7286
21.7096	11.7286
21.7096	11.7328
21.7096	11.7370
21.7054	11.7370
21.7054	11.7412
21.7054	11.7454
21.7012	11.7454
21.7012	11.7496
21.7012	11.7538
21.7012	11.7580
21.7012	11.7622
21.6970	11.7664
21.6928	11.7664
21.6928	11.7706
21.6928	11.7748
21.6928	11.7790
21.6928	11.7832
21.6928	11.7874
21.6886	11.7874
21.6886	11.7916
21.6886	11.7958
21.6844	11.7958
21.6844	11.8000
21.6676	11.8000
21.6676	11.8042
21.6592	11.8042
21.6592	11.8084
21.6550	11.8084
21.6508	11.8126
21.6508	11.8168
21.6424	11.8168
21.6424	11.8210
21.6382	11.8210
21.6340	11.8252
21.6298	11.8252
21.6256	11.8294
21.6214	11.8336
21.6172	11.8336
21.6172	11.8378
21.6088	11.8378
21.6088	11.8420
21.6088	11.8462
21.6046	11.8504
21.6046	11.8546
21.6004	11.8546
21.6004	11.8588
21.6004	11.8630
21.6004	11.8672
21.6004	11.8714
21.5962	11.8714
21.5962	11.8756
21.5920	11.8756
21.5920	11.8798
21.5920	11.8840
21.5878	11.8840
21.5878	11.8882
21.5878	11.8924
21.5878	11.8966
21.5836	11.8966
21.5836	11.9008
21.5836	11.9050
21.5794	11.9050
21.5794	11.9092
21.5794	11.9134
21.5752	11.9134
21.5752	11.9176
21.5710	11.9176
21.5710	11.9218
21.5668	11.9260
21.5668	11.9302
21.5668	11.9344
21.5626	11.9344
21.5626	11.9386
21.5584	11.9386
21.5542	11.9428
21.5542	11.9470
21.5542	11.9512
21.5500	11.9512
21.5500	11.9554
21.5500	11.9596
21.5458	11.9596
21.5458	11.9638
21.5416	11.9680
21.5374	11.9680
21.5374	11.9722
21.5374	11.9764
21.5332	11.9764
21.5332	11.9806
21.5290	11.9848
21.5290	11.9890
21.5248	11.9890
21.5248	11.9932
21.5206	11.9932
21.5206	11.9974
21.5164	12.0016
21.5164	12.0058
21.5122	12.0058
21.5122	12.0100
21.5080	12.0100
21.5038	12.0142
21.5038	12.0184
21.4996	12.0184
21.4996	12.0226
21.4954	12.0268
21.4912	12.0268
21.4912	12.0310
21.4870	12.0310
21.4870	12.0352
21.4870	12.0394
21.4828	12.0394
21.4828	12.0436
21.4786	12.0436
21.4786	12.0478
21.4744	12.0478
21.4702	12.0520
21.4702	12.0562
21.4660	12.0562
21.4660	12.0604
21.4618	12.0646
21.4618	12.0688
21.4576	12.0688
21.4576	12.0730
21.4534	12.0772
21.4492	12.0772
21.4492	12.0814
21.4450	12.0814
21.4450	12.0856
21.4408	12.0898
21.4408	12.0940
21.4366	12.0940
21.4366	12.0982
21.4324	12.0982
21.4324	12.1024
21.4282	12.1024
21.4282	12.1066
21.4282	12.1108
21.4239	12.1108
21.4239	12.1150
21.4155	12.1150
21.4155	12.1192
21.4113	12.1192
21.4113	12.1234
21.4113	12.1276
21.4071	12.1276
21.4071	12.1318
21.4029	12.1318
21.3987	12.1360
21.3945	12.1444
21.3945	12.1486
21.3903	12.1486
21.3903	12.1528
21.3819	12.1528
21.3819	12.1570
21.3819	12.1612
21.3777	12.1612
21.3777	12.1654
21.3735	12.1654
21.3735	12.1696
21.3651	12.1696
21.3651	12.1738
21.3651	12.1780
21.3609	12.1780
21.3567	12.1822
21.3525	12.1864
21.3483	12.1906
21.3441	12.1906
21.3441	12.1948
21.3399	12.1948
21.3399	12.1990
21.3357	12.1990
21.3357	12.2032
21.3315	12.2032
21.3315	12.2075
21.3273	12.2075
21.3273	12.2117
21.3231	12.2159
21.3189	12.2201
21.3147	12.2201
21.3105	12.2243
21.3063	12.2243
21.3063	12.2285
21.3063	12.2327
21.3021	12.2327
21.3021	12.2369
21.2937	12.2369
21.2937	12.2411
21.2895	12.2411
21.2895	12.2453
21.2853	12.2495
21.2811	12.2537
21.2727	12.2537
21.2727	12.2579
21.2685	12.2579
21.2643	12.2621
21.2601	12.2621
21.2601	12.2663
21.2559	12.2663
21.2559	12.2705
21.2517	12.2705
21.2517	12.2747
21.2433	12.2747
21.2433	12.2789
21.2433	12.2831
21.2391	12.2831
21.2391	12.2873
21.2307	12.2873
21.2307	12.2915
21.2223	12.2915
21.2223	12.2957
21.1887	12.2957
21.1803	12.2999
21.0921	12.2999
21.0921	12.2957
21.0683	12.2957
21.0683	12.2943
21.0669	12.2943
21.0669	12.2915
21.0515	12.2915
21.0501	12.2901
21.0347	12.2901
21.0347	12.2915
21.0319	12.2929
21.0305	12.2943
21.0305	12.2957
21.0291	12.2971
21.0277	12.2971
21.0263	12.2985
21.0249	12.2985
21.0235	12.2999
21.0235	12.3013
21.0207	12.3027
21.0193	12.3027
21.0193	12.3041
21.0179	12.3041
21.0179	12.3055
21.0165	12.3069
21.0151	12.3069
21.0137	12.3083
21.0123	12.3083
21.0123	12.3097
21.0109	12.3111
21.0109	12.3125
21.0095	12.3125
21.0081	12.3139
21.0067	12.3139
21.0067	12.3153
21.0053	12.3153
21.0053	12.3167
21.0039	12.3167
21.0039	12.3181
21.0025	12.3181
21.0025	12.3195
21.0011	12.3195
21.0011	12.3209
20.9983	12.3209
20.9983	12.3223
20.9969	12.3237
20.9969	12.3251
20.9955	12.3251
20.9955	12.3265
20.9941	12.3265
20.9927	12.3279
20.9927	12.3293
20.9913	12.3293
20.9913	12.3307
20.9899	12.3307
20.9899	12.3321
20.9885	12.3321
20.9885	12.3335
20.9871	12.3335
20.9857	12.3349
20.9857	12.3363
20.9843	12.3363
20.9843	12.3377
20.9829	12.3377
20.9829	12.3391
20.9815	12.3391
20.9801	12.3405
20.9801	12.3419
20.9787	12.3419
20.9787	12.3433
20.9773	12.3447
20.9773	12.3461
20.9759	12.3475
20.9745	12.3489
20.9731	12.3489
20.9731	12.3503
20.9717	12.3517
20.9717	12.3531
20.9703	12.3531
20.9689	12.3545
20.9689	12.3559
20.9675	12.3573
20.9675	12.3587
20.9675	12.3601
20.9661	12.3601
20.9661	12.3615
20.9647	12.3615
20.9647	12.3629
20.9633	12.3643
20.9633	12.3657
20.9619	12.3657
20.9619	12.3671
20.9619	12.3685
20.9605	12.3699
20.9591	12.3699
20.9591	12.3713
20.9577	12.3713
20.9577	12.3727
20.9563	12.3741
20.9563	12.3755
20.9549	12.3755
20.9549	12.3769
20.9535	12.3783
20.9521	12.3783
20.9521	12.3797
20.9507	12.3811
20.9493	12.3825
20.9493	12.3839
20.9465	12.3839
20.9465	12.3853
20.9451	12.3867
20.9437	12.3881
20.9423	12.3895
20.9423	12.3909
20.9395	12.3909
20.9395	12.3923
20.9325	12.3923
20.9325	12.3881
20.9283	12.3881
20.9283	12.3839
20.9199	12.3839
20.9199	12.3797
20.9157	12.3797
20.9157	12.3755
20.9157	12.3713
20.9115	12.3713
20.9115	12.3671
20.9115	12.3629
20.9073	12.3545
20.9031	12.3545
20.9031	12.3503
20.9031	12.3461
20.8989	12.3461
20.8989	12.3419
20.8989	12.3377
20.8989	12.3335
20.8947	12.3335
20.8947	12.3293
20.8947	12.3251
20.8947	12.3209
20.8947	12.3167
20.8947	12.3125
20.8947	12.3083
20.8947	12.3041
20.8947	12.2999
20.8947	12.2957
20.8947	12.2915
20.8905	12.2873
20.8905	12.2831
20.8835	12.2831
20.8835	12.2803
20.8835	12.2775
20.8835	12.2747
20.8835	12.2719
20.8835	12.2691
20.8806	12.2691
20.8806	12.2663
20.8778	12.2663
20.8778	12.2635
20.8722	12.2635
20.8722	12.2607
20.8442	12.2607
20.8442	12.2635
20.8358	12.2635
20.8358	12.2663
20.8330	12.2663
20.8330	12.2691
20.8246	12.2691
20.8246	12.2719
20.8190	12.2719
20.8190	12.2747
20.8078	12.2747
20.8078	12.2775
20.7994	12.2775
20.7994	12.2803
20.7882	12.2803
20.7882	12.2831
20.7798	12.2831
20.7798	12.2859
20.7770	12.2859
20.7770	12.2887
20.7770	12.2915
20.7714	12.2915
20.7714	12.2943
20.7686	12.2943
20.7686	12.2971
20.7686	12.2999
20.7658	12.2999
20.7658	12.3027
20.7658	12.3055
20.7630	12.3055
20.7630	12.3083
20.7602	12.3111
20.7602	12.3139
20.7574	12.3139
20.7574	12.3167
20.7546	12.3167
20.7546	12.3195
20.7518	12.3195
20.7518	12.3223
20.7518	12.3251
20.7462	12.3251
20.7462	12.3279
20.7462	12.3307
20.7434	12.3307
20.7434	12.3314
20.7266	12.3335
20.6762	12.3335
20.6762	12.3293
20.6678	12.3293
20.6678	12.3251
20.6636	12.3251
20.6636	12.3209
20.5922	12.3209
20.5922	12.3251
20.5796	12.3251
20.5796	12.3293
20.5712	12.3293
20.5712	12.3335
20.5670	12.3335
20.5670	12.3377
20.5544	12.3377
20.5544	12.3419
20.5418	12.3419
20.5418	12.3461
20.5376	12.3461
20.5334	12.3503
20.5292	12.3503
20.5292	12.3545
20.5208	12.3545
20.5208	12.3587
20.5124	12.3587
20.5124	12.3629
20.5040	12.3629
20.5040	12.3671
20.4956	12.3671
20.4956	12.3713
20.4704	12.3713
20.4704	12.3755
20.3822	12.3755
20.3738	12.3713
20.2981	12.3713
20.2939	12.3671
20.1553	12.3671
20.1553	12.3629
20.1385	12.3629
20.1385	12.3587
20.1217	12.3587
20.1217	12.3545
20.0629	12.3545
20.0629	12.3587
20.0545	12.3587
20.0545	12.3629
20.0461	12.3629
20.0461	12.3671
20.0461	12.3713
20.0419	12.3713
20.0419	12.3755
20.0377	12.3755
20.0377	12.3797
20.0293	12.3797
20.0293	12.3839
20.0293	12.3881
20.0251	12.3881
20.0251	12.3923
20.0209	12.3923
20.0209	12.3965
20.0167	12.3965
20.0167	12.4007
20.0125	12.4007
20.0125	12.4049
20.0125	12.4091
20.0083	12.4091
20.0083	12.4133
20.0041	12.4133
20.0041	12.4175
19.9999	12.4217
19.9999	12.4259
19.9915	12.4259
19.9915	12.4301
19.9873	12.4343
19.9831	12.4385
19.9789	12.4427
19.9747	12.4469
19.9705	12.4511
19.9663	12.4553
19.9663	12.4595
19.9621	12.4637
19.9579	12.4637
19.9579	12.4679
19.9537	12.4679
19.9537	12.4721
19.9495	12.4763
19.9495	12.4805
19.9453	12.4805
19.9411	12.4847
19.9411	12.4889
19.9369	12.4931
19.9327	12.4931
19.9327	12.4973
19.9243	12.5015
19.9243	12.5057
19.9243	12.5099
19.9201	12.5099
19.9201	12.5141
19.9159	12.5141
19.9159	12.5183
19.9117	12.5225
19.9117	12.5267
19.9075	12.5267
19.9075	12.5309
19.9033	12.5309
19.9033	12.5351
19.8991	12.5351
19.8991	12.5393
19.8949	12.5393
19.8949	12.5435
19.8907	12.5477
19.8907	12.5519
19.8865	12.5519
19.8865	12.5561
19.8865	12.5603
19.8823	12.5603
19.8823	12.5645
19.8823	12.5687
19.8781	12.5687
19.8781	12.5729
19.8739	12.5729
19.8739	12.5771
19.8697	12.5771
19.8697	12.5813
19.8697	12.5855
19.8655	12.5855
19.8655	12.5897
19.8655	12.5939
19.8613	12.5939
19.8613	12.5981
19.8613	12.6023
19.8571	12.6023
19.8571	12.6065
19.8529	12.6065
19.8529	12.6107
19.8529	12.6149
19.8487	12.6149
19.8487	12.6191
19.8487	12.6233
19.8445	12.6233
19.8445	12.6275
19.8445	12.6317
19.8403	12.6317
19.8403	12.6359
19.8403	12.6401
19.8361	12.6401
19.8361	12.6443
19.8361	12.6485
19.8319	12.6485
19.8319	12.6527
19.8319	12.6569
19.8319	12.6611
19.8277	12.6653
19.8277	12.6695
19.8277	12.6737
19.8277	12.6779
19.8235	12.6779
19.8235	12.6821
19.8193	12.6821
19.8193	12.6863
19.8193	12.6905
19.8193	12.6947
19.8151	12.6947
19.8151	12.6989
19.8151	12.7031
19.8109	12.7073
19.8109	12.7115
19.8067	12.7157
19.8067	12.7199
19.8025	12.7241
19.8025	12.7283
19.7982	12.7283
19.7982	12.7325
19.7982	12.7367
19.7940	12.7367
19.7940	12.7409
19.7940	12.7451
19.7856	12.7451
19.7856	12.7494
19.7856	12.7536
19.7814	12.7536
19.7814	12.7578
19.7814	12.7620
19.7772	12.7620
19.7772	12.7662
19.7772	12.7704
19.7730	12.7704
19.7730	12.7746
19.7688	12.7746
19.7688	12.7788
19.7646	12.7788
19.7646	12.7830
19.7604	12.7872
19.7604	12.7914
19.7604	12.7956
19.7520	12.7956
19.7520	12.7998
19.7520	12.8040
19.7478	12.8082
19.7478	12.8124
19.7436	12.8124
19.7436	12.8166
19.7436	12.8208
19.7436	12.8250
19.7394	12.8250
19.7394	12.8292
19.7394	12.8334
19.7394	12.8376
19.7394	12.8418
19.7352	12.8418
19.7352	12.8460
19.7310	12.8460
19.7310	12.8502
19.7310	12.8544
19.7310	12.8586
19.7310	12.8628
19.7310	12.8670
19.7310	12.8712
19.7310	12.8754
19.7310	12.8796
19.7310	12.8838
19.7310	12.8880
19.7310	12.8922
19.7310	12.8964
19.7310	12.9006
19.7310	12.9048
19.7310	12.9090
19.7310	12.9132
19.7310	12.9174
19.7310	12.9216
19.7310	12.9258
19.7310	12.9300
19.7310	12.9342
19.7310	12.9384
19.7310	12.9426
19.7310	12.9468
19.7310	12.9510
19.7310	12.9552
19.7352	12.9552
19.7352	12.9594
19.7394	12.9636
19.7394	12.9678
19.7436	12.9678
19.7436	12.9720
19.7436	12.9762
19.7478	12.9762
19.7478	12.9804
19.7520	12.9804
19.7520	12.9846
19.7562	12.9846
19.7604	12.9888
19.7604	12.9930
19.7646	12.9930
19.7646	12.9972
19.7688	12.9972
19.7688	13.0014
19.7772	13.0014
19.7772	13.0056
19.7772	13.0098
19.7814	13.0140
19.7814	13.0182
19.7856	13.0182
19.7856	13.0266
19.7856	13.0308
19.7856	13.0350
19.7898	13.0350
19.7898	13.0392
19.7940	13.0392
19.7940	13.0434
19.7940	13.0476
19.7940	13.0518
19.7940	13.0560
19.7940	13.0602
19.7940	13.0644
19.7982	13.0686
19.7982	13.0728
19.7982	13.0770
19.7982	13.0812
19.7982	13.0854
19.7982	13.0896
19.8025	13.0896
19.8025	13.0938
19.8025	13.0980
19.8025	13.1022
19.8025	13.1064
19.8025	13.1106
19.8025	13.1148
19.8025	13.1190
19.8025	13.1232
19.8067	13.1274
19.8067	13.1316
19.8067	13.1358
19.8067	13.1400
19.8067	13.1442
19.8067	13.1484
19.8067	13.1526
19.8067	13.1568
19.8067	13.1610
19.8067	13.1652
19.8067	13.1694
19.8067	13.1736
19.8067	13.1778
19.8109	13.1778
19.8109	13.1820
19.8109	13.1862
19.8109	13.1904
19.8109	13.1946
19.8151	13.1946
19.8151	13.1988
19.8151	13.2030
19.8151	13.2072
19.8151	13.2114
19.8193	13.2114
19.8193	13.2156
19.8193	13.2198
19.8193	13.2240
19.8193	13.2324
19.8235	13.2324
19.8235	13.2366
19.8235	13.2408
19.8235	13.2450
19.8277	13.2450
19.8277	13.2492
19.8277	13.2534
19.8277	13.2576
19.8277	13.2618
19.8277	13.2660
19.8277	13.2702
19.8277	13.2744
19.8277	13.2786
19.8277	13.2828
19.8277	13.2870
19.8277	13.2913
19.8277	13.2955
19.8277	13.2997
19.8319	13.2997
19.8319	13.3039
19.8319	13.3081
19.8319	13.3123
19.8319	13.3165
19.8319	13.3207
19.8361	13.3207
19.8361	13.3249
19.8361	13.3291
19.8361	13.3333
19.8403	13.3333
19.8445	13.3375
19.8445	13.3417
19.8445	13.3459
19.8445	13.3543
19.8487	13.3543
19.8487	13.3585
19.8487	13.3627
19.8529	13.3669
19.8529	13.3711
19.8529	13.3753
19.8529	13.3795
19.8571	13.3795
19.8571	13.3879
19.8613	13.3879
19.8613	13.3921
19.8613	13.3963
19.8655	13.4005
19.8655	13.4047
19.8655	13.4089
19.8655	13.4131
19.8697	13.4131
19.8697	13.4173
19.8697	13.4215
19.8739	13.4257
19.8781	13.4299
19.8781	13.4341
19.8823	13.4383
19.8865	13.4383
19.8865	13.4425
19.8865	13.4467
19.8907	13.4467
19.8907	13.4509
19.8991	13.4509
19.8991	13.4551
19.9075	13.4551
19.9075	13.4593
19.9159	13.4593
19.9159	13.4635
19.9201	13.4635
19.9201	13.4677
19.9201	13.4719
19.9243	13.4719
19.9243	13.4761
19.9285	13.4761
19.9285	13.4803
19.9327	13.4803
19.9327	13.4845
19.9327	13.4887
19.9369	13.4887
19.9369	13.4929
19.9369	13.4971
19.9411	13.4971
19.9411	13.5013
19.9411	13.5055
19.9411	13.5097
19.9411	13.5139
19.9453	13.5181
19.9453	13.5223
19.9453	13.5265
19.9495	13.5307
19.9495	13.5349
19.9495	13.5391
19.9495	13.5433
19.9495	13.5475
19.9495	13.5517
19.9495	13.5559
19.9495	13.5601
19.9495	13.5643
19.9537	13.5685
19.9537	13.5769
19.9537	13.5811
19.9537	13.5853
19.9537	13.5937
19.9537	13.5979
19.9579	13.6021
19.9579	13.6105
19.9579	13.6147
19.9579	13.6189
19.9579	13.6231
19.9579	13.6273
19.9621	13.6315
19.9621	13.6357
19.9621	13.6399
19.9621	13.6441
19.9621	13.6483
19.9621	13.6525
19.9621	13.6567
19.9621	13.6609
19.9621	13.6651
19.9621	13.6693
19.9579	13.6693
19.9579	13.6735
19.9579	13.6777
19.9537	13.6777
19.9537	13.6819
19.9537	13.6861
19.9495	13.6861
19.9495	13.6903
19.9495	13.6945
19.9495	13.6987
19.9453	13.6987
19.9453	13.7029
19.9453	13.7071
19.9453	13.7113
19.9453	13.7155
19.9411	13.7155
19.9411	13.7197
19.9411	13.7239
19.9411	13.7281
19.9411	13.7323
19.9411	13.7365
19.9411	13.7407
19.9411	13.7449
19.9411	13.7491
19.9411	13.7533
19.9411	13.7575
19.9411	13.7617
19.9411	13.7659
19.9411	13.7701
19.9411	13.7743
19.9453	13.7827
19.9453	13.7869
19.9453	13.7911
19.9495	13.7911
19.9495	13.7953
19.9495	13.7995
19.9495	13.8037
19.9495	13.8079
19.9495	13.8121
19.9537	13.8121
19.9537	13.8163
19.9537	13.8205
19.9537	13.8247
19.9537	13.8289
19.9579	13.8289
19.9579	13.8331
19.9579	13.8374
19.9579	13.8416
19.9579	13.8458
19.9621	13.8500
19.9621	13.8542
19.9663	13.8542
19.9663	13.8584
19.9663	13.8626
19.9663	13.8668
19.9663	13.8710
19.9705	13.8710
19.9705	13.8752
19.9705	13.8794
19.9705	13.8836
19.9705	13.8878
19.9705	13.8920
19.9705	13.8962
19.9747	13.8962
19.9747	13.9004
19.9747	13.9046
19.9747	13.9088
19.9789	13.9088
19.9789	13.9130
19.9789	13.9172
19.9831	13.9214
19.9831	13.9256
19.9831	13.9298
19.9873	13.9298
19.9873	13.9340
19.9873	13.9382
19.9873	13.9424
19.9873	13.9466
19.9915	13.9466
19.9915	13.9508
19.9915	13.9550
19.9915	13.9592
19.9957	13.9592
19.9957	13.9634
19.9957	13.9676
19.9999	13.9676
19.9999	13.9718
20.0041	13.9718
20.0041	13.9760
20.0041	13.9802
20.0083	13.9802
20.0125	13.9844
20.0125	13.9886
20.0209	13.9928
20.0209	13.9970
20.0251	13.9970
20.0293	14.0012
20.0377	14.0012
20.0377	14.0054
20.0419	14.0054
20.0419	14.0096
20.0461	14.0096
20.0461	14.0138
20.0587	14.0138
20.0587	14.0180
20.0629	14.0180
20.0629	14.0222
20.0713	14.0264
20.0755	14.0306
20.0797	14.0306
20.0881	14.0348
20.0923	14.0390
20.0923	14.0432
20.1007	14.0432
20.1007	14.0474
20.1049	14.0474
20.1049	14.0516
20.1133	14.0516
20.1133	14.0558
20.1175	14.0600
20.1217	14.0600
20.1217	14.0642
20.1259	14.0642
20.1301	14.0684
20.1343	14.0684
20.1385	14.0726
20.1385	14.0768
20.1427	14.0768
20.1469	14.0810
20.1511	14.0852
20.1553	14.0852
20.1553	14.0894
20.1595	14.0894
20.1595	14.0936
20.1637	14.0936
20.1637	14.0978
20.1679	14.0978
20.1679	14.1020
20.1763	14.1020
20.1805	14.1062
20.1847	14.1104
20.1889	14.1146
20.1931	14.1146
20.1973	14.1188
20.1973	14.1230
20.2015	14.1230
20.2015	14.1272
20.2057	14.1314
20.2141	14.1314
20.2141	14.1356
20.2183	14.1356
20.2183	14.1398
20.2267	14.1398
20.2309	14.1482
20.2309	14.1524
20.2351	14.1524
20.2393	14.1566
20.2435	14.1566
20.2477	14.1608
20.2477	14.1650
20.2561	14.1650
20.2561	14.1692
20.2603	14.1692
20.2603	14.1734
20.2603	14.1776
20.2603	14.1818
20.2645	14.1860
20.2645	14.1902
20.2645	14.1944
20.2645	14.1986
20.2687	14.1986
20.2687	14.2028
20.2687	14.2070
20.2687	14.2112
20.2687	14.2154
20.2729	14.2154
20.2729	14.2196
20.2729	14.2238
20.2771	14.2280
20.2771	14.2322
20.2771	14.2364
20.2813	14.2364
20.2813	14.2406
20.2813	14.2448
20.2855	14.2448
20.2855	14.2490
20.2855	14.2532
20.2855	14.2574
20.2897	14.2574
20.2897	14.2616
20.2939	14.2616
20.2939	14.2658
20.2981	14.2658
20.2981	14.2700
20.2981	14.2742
20.3023	14.2742
20.3023	14.2784
20.3065	14.2826
20.3065	14.2868
20.3107	14.2868
20.3107	14.2910
20.3149	14.2910
20.3149	14.2952
20.3191	14.2952
20.3191	14.2994
20.3191	14.3036
20.3233	14.3036
20.3233	14.3078
20.3275	14.3078
20.3317	14.3120
20.3359	14.3162
20.3359	14.3204
20.3359	14.3246
20.3444	14.3246
20.3444	14.3288
20.3570	14.3288
20.3570	14.3330
20.3654	14.3330
20.3654	14.3372
20.3738	14.3372
20.3738	14.3414
20.3780	14.3414
20.3780	14.3456
20.3822	14.3498
20.3822	14.3540
20.3822	14.3582
20.3864	14.3582
20.3864	14.3624
20.3864	14.3666
20.3906	14.3666
20.3906	14.3708
20.3948	14.3750
20.3948	14.3793
20.3990	14.3835
20.3990	14.3877
20.4032	14.3919
20.4032	14.4003
20.4116	14.4003
20.4116	14.4045
20.4116	14.4129
20.4158	14.4129
20.4158	14.4171
20.4158	14.4213
20.4200	14.4213
20.4200	14.4255
20.4200	14.4297
20.4242	14.4297
20.4242	14.4339
20.4242	14.4381
20.4284	14.4381
20.4284	14.4423
20.4284	14.4465
20.4326	14.4465
20.4326	14.4507
20.4326	14.4549
20.4368	14.4591
20.4368	14.4633
20.4410	14.4675
20.4452	14.4717
20.4452	14.4759
20.4452	14.4801
20.4494	14.4843
20.4494	14.4885
20.4536	14.4969
20.4578	14.5053
20.4578	14.5095
20.4620	14.5095
20.4620	14.5179
20.4662	14.5179
20.4662	14.5221
20.4704	14.5263
20.4704	14.5305
20.4704	14.5347
20.4746	14.5347
20.4746	14.5389
20.4788	14.5431
20.4830	14.5431
20.4872	14.5473
20.4872	14.5515
20.4956	14.5557
20.5040	14.5599
20.5040	14.5641
20.5082	14.5683
20.5124	14.5683
20.5124	14.5725
20.5208	14.5725
20.5208	14.5767
20.5250	14.5767
20.5250	14.5809
20.5250	14.5851
20.5334	14.5851
20.5334	14.5893
20.5376	14.5893
20.5376	14.5935
20.5418	14.5935
20.5460	14.5977
20.5502	14.5977
20.5502	14.6019
20.5502	14.6061
20.5586	14.6061
20.5586	14.6103
20.5628	14.6145
20.5670	14.6145
20.5670	14.6187
20.5712	14.6229
20.5754	14.6229
20.5796	14.6271
20.5838	14.6271
20.5838	14.6355
20.5880	14.6355
20.5880	14.6397
20.5964	14.6397
20.5964	14.6439
20.6048	14.6481
20.6090	14.6565
20.6132	14.6565
20.6174	14.6607
20.6216	14.6649
20.6258	14.6649
20.6258	14.6691
20.6258	14.6733
20.6342	14.6733
20.6342	14.6775
20.6384	14.6775
20.6384	14.6817
20.6426	14.6817
20.6468	14.6859
20.6468	14.6901
20.6552	14.6901
20.6552	14.6943
20.6594	14.6943
20.6594	14.6985
20.6636	14.6985
20.6636	14.7027
20.6678	14.7069
20.6720	14.7069
20.6720	14.7111
20.6762	14.7111
20.6762	14.7153
20.6804	14.7153
20.6846	14.7237
20.6888	14.7237
20.6930	14.7279
20.6972	14.7321
20.7014	14.7321
20.7056	14.7405
20.7098	14.7447
20.7182	14.7489
20.7224	14.7531
20.7266	14.7573
20.7308	14.7615
20.7350	14.7615
20.7434	14.7657
20.7434	14.7699
20.7476	14.7741
20.7518	14.7783
20.7560	14.7825
20.7644	14.7825
20.7644	14.7867
20.7686	14.7867
20.7686	14.7909
20.7686	14.7951
20.7770	14.7951
20.7770	14.7993
20.7812	14.7993
20.7854	14.8035
20.7938	14.8077
20.7938	14.8119
20.8022	14.8161
20.8106	14.8203
20.8148	14.8245
20.8148	14.8287
20.8190	14.8287
20.8232	14.8329
20.8316	14.8329
20.8316	14.8371
20.8358	14.8371
20.8400	14.8413
20.8442	14.8413
20.8442	14.8455
20.8484	14.8455
20.8484	14.8497
20.8526	14.8497
20.8526	14.8539
20.8610	14.8539
20.8610	14.8581
20.8652	14.8623
20.8694	14.8665
20.8736	14.8665
20.8736	14.8707
20.8820	14.8707
20.8820	14.8749
20.8820	14.8791
20.8863	14.8791
20.8863	14.8833
20.8905	14.8833
20.8905	14.8875
20.8947	14.8875
20.8947	14.8959
20.8989	14.8959
20.9031	14.9001
20.9073	14.9043
20.9073	14.9085
20.9115	14.9127
20.9115	14.9169
20.9157	14.9169
20.9157	14.9212
20.9157	14.9254
20.9199	14.9254
20.9199	14.9296
20.9199	14.9338
20.9199	14.9380
20.9241	14.9380
20.9241	14.9422
20.9241	14.9464
20.9241	14.9506
20.9283	14.9506
20.9283	14.9548
20.9283	14.9590
20.9325	14.9590
20.9325	14.9674
20.9367	14.9674
20.9367	14.9758
20.9409	14.9758
20.9409	14.9800
20.9409	14.9842
20.9409	14.9884
20.9451	14.9884
20.9451	14.9926
20.9451	14.9968
20.9493	14.9968
20.9493	15.0010
20.9493	15.0052
20.9493	15.0094
20.9535	15.0094
20.9535	15.0136
20.9535	15.0178
20.9535	15.0220
20.9535	15.0262
20.9577	15.0262
20.9577	15.0304
20.9577	15.0346
20.9577	15.0388
20.9619	15.0388
20.9619	15.0430
20.9619	15.0472
20.9661	15.0472
20.9661	15.0514
20.9661	15.0556
20.9661	15.0598
20.9703	15.0598
20.9703	15.0640
20.9703	15.0682
20.9703	15.0724
20.9745	15.0724
20.9745	15.0766
20.9787	15.0766
20.9787	15.0808
20.9829	15.0808
20.9829	15.0850
20.9829	15.0892
20.9871	15.0892
20.9871	15.0934
20.9913	15.0934
20.9913	15.0976
20.9955	15.0976
20.9955	15.1018
21.0039	15.1060
21.0039	15.1102
21.0123	15.1102
21.0123	15.1144
21.0165	15.1144
21.0165	15.1186
21.0207	15.1186
21.0207	15.1228
21.0249	15.1228
21.0249	15.1270
21.0291	15.1270
21.0291	15.1312
21.0375	15.1312
21.0375	15.1354
21.0417	15.1396
21.0459	15.1396
21.0459	15.1438
21.0543	15.1438
21.0543	15.1480
21.0585	15.1480
21.0627	15.1522
21.0627	15.1564
21.0669	15.1564
21.0711	15.1606
21.0753	15.1606
21.0753	15.1648
21.0795	15.1648
21.0879	15.1690
21.0879	15.1732
21.0921	15.1774
21.0963	15.1774
21.1005	15.1816
21.1089	15.1816
21.1089	15.1858
21.1131	15.1858
21.1215	15.1900
21.1215	15.1942
21.1257	15.1942
21.1257	15.1984
21.1299	15.1984
21.1299	15.2026
21.1341	15.2026
21.1341	15.2068
21.1341	15.2110
21.1425	15.2110
21.1425	15.2152
21.1467	15.2194
21.1467	15.2236
21.1467	15.2278
21.1551	15.2320
21.1593	15.2362
21.1635	15.2404
21.1635	15.2446
21.1677	15.2446
21.1677	15.2488
21.1719	15.2488
21.1761	15.2530
21.1803	15.2530
21.1803	15.2572
21.1803	15.2614
21.1845	15.2614
21.1845	15.2656
21.1887	15.2656
21.1887	15.2698
21.1929	15.2698
21.1929	15.2740
21.1971	15.2740
21.1971	15.2782
21.2013	15.2782
21.2013	15.2824
21.2097	15.2824
21.2139	15.2866
21.2139	15.2908
21.2181	15.2950
21.2223	15.2992
21.2265	15.2992
21.2265	15.3034
21.2307	15.3034
21.2307	15.3076
21.2349	15.3076
21.2349	15.3118
21.2349	15.3160
21.2433	15.3160
21.2433	15.3202
21.2475	15.3202
21.2475	15.3244
21.2517	15.3244
21.2517	15.3286
21.2517	15.3328
21.2559	15.3328
21.2559	15.3370
21.2643	15.3370
21.2643	15.3412
21.2643	15.3496
21.2685	15.3496
21.2727	15.3538
21.2727	15.3580
21.2769	15.3580
21.2811	15.3622
21.2811	15.3664
21.2811	15.3706
21.2853	15.3706
21.2853	15.3748
21.2895	15.3748
21.2895	15.3790
21.2895	15.3832
21.2937	15.3832
21.2937	15.3874
21.2979	15.3874
21.2979	15.3916
21.3021	15.3916
21.3021	15.3958
21.3021	15.4000
21.3063	15.4000
21.3063	15.4042
21.3105	15.4084
21.3147	15.4126
21.3189	15.4168
21.3231	15.4210
21.3231	15.4252
21.3273	15.4252
21.3273	15.4294
21.3315	15.4294
21.3315	15.4336
21.3357	15.4336
21.3357	15.4378
21.3399	15.4420
21.3399	15.4462
21.3441	15.4462
21.3441	15.4504
21.3483	15.4546
21.3483	15.4588
21.3525	15.4588
21.3525	15.4631
21.3525	15.4673
21.3567	15.4673
21.3567	15.4715
21.3567	15.4757
21.3609	15.4757
21.3609	15.4799
21.3651	15.4799
21.3651	15.4841
21.3651	15.4883
21.3693	15.4883
21.3693	15.4925
21.3735	15.4967
21.3777	15.5009
21.3819	15.5051
21.3861	15.5093
21.3903	15.5135
21.3945	15.5135
21.4029	15.5219
21.4029	15.5261
21.4071	15.5261
21.4113	15.5303
21.4155	15.5303
21.4155	15.5345
21.4197	15.5345
21.4197	15.5387
21.4239	15.5387
21.4239	15.5429
21.4324	15.5429
21.4366	15.5471
21.4408	15.5513
21.4408	15.5555
21.4450	15.5555
21.4492	15.5597
21.4534	15.5597
21.4534	15.5639
21.4576	15.5639
21.4618	15.5681
21.4618	15.5723
21.4660	15.5723
21.4702	15.5765
21.4744	15.5765
21.4744	15.5807
21.4786	15.5807
21.4786	15.5849
21.4828	15.5849
21.4870	15.5891
21.4912	15.5933
21.4954	15.5933
21.4954	15.5975
21.5038	15.6017
21.5080	15.6017
21.5080	15.6101
21.5122	15.6101
21.5122	15.6143
21.5206	15.6143
21.5248	15.6185
21.5332	15.6185
21.5416	15.6227
21.5458	15.6269
21.5500	15.6269
21.5584	15.6311
21.5626	15.6311
21.5668	15.6353
21.5710	15.6353
21.5794	15.6395
21.5836	15.6437
21.5920	15.6437
21.5962	15.6479
21.6130	15.6479
21.6130	15.6437
21.6256	15.6437
21.6298	15.6395
21.6424	15.6395
21.6424	15.6353
21.7222	15.6353
21.7264	15.6395
21.7390	15.6395
21.7432	15.6437
21.7642	15.6437
21.7642	15.6479
21.7684	15.6479
21.7684	15.6521
21.7726	15.6521
21.7768	15.6563
21.7810	15.6605
21.7852	15.6605
21.7852	15.6647
21.7894	15.6647
21.7894	15.6689
21.7978	15.6689
21.7978	15.6731
21.8020	15.6731
21.8020	15.6773
21.8062	15.6773
21.8062	15.6815
21.8104	15.6815
21.8104	15.6857
21.8146	15.6857
21.8146	15.6899
21.8146	15.6941
21.8188	15.6941
21.8188	15.6983
21.8188	15.7025
21.8230	15.7025
21.8230	15.7067
21.8230	15.7109
21.8272	15.7109
21.8272	15.7151
21.8314	15.7151
21.8314	15.7193
21.8356	15.7193
21.8356	15.7235
21.8398	15.7235
21.8398	15.7277
21.8398	15.7319
21.9154	15.7319
21.9154	15.7277
21.9785	15.7277
21.9785	15.7319
21.9869	15.7319
21.9911	15.7361
21.9953	15.7361
21.9995	15.7403
22.0079	15.7403
22.0079	15.7445
22.0121	15.7445
22.0121	15.7487
22.0205	15.7487
22.0205	15.7529
22.0331	15.7529
22.0331	15.7571
22.0331	15.7613
22.0499	15.7613
22.0541	15.7571
22.0625	15.7571
22.0667	15.7529
22.0793	15.7529
22.0835	15.7487
22.1003	15.7487
22.1003	15.7445
22.1129	15.7445
22.1129	15.7403
22.1171	15.7403
22.1171	15.7361
22.1213	15.7361
22.1213	15.7319
22.1969	15.7319
22.1969	15.7361
22.2053	15.7361
22.2053	15.7403
22.2137	15.7403
22.2179	15.7445
22.2221	15.7445
22.2221	15.7487
22.2305	15.7487
22.2347	15.7529
22.2389	15.7529
22.2389	15.7571
22.2431	15.7571
22.2515	15.7613
22.2515	15.7655
22.2557	15.7655
22.2557	15.7697
22.2599	15.7697
22.2683	15.7739
22.2725	15.7823
22.2767	15.7865
22.2851	15.7865
22.2851	15.7907
22.2893	15.7907
22.2893	15.7949
22.2935	15.7949
22.2935	15.7991
22.3019	15.7991
22.3019	15.8033
22.3061	15.8033
22.3061	15.8075
22.3229	15.8075
22.3229	15.8117
22.4783	15.8117
22.4825	15.8075
22.4909	15.8075
22.4951	15.8033
22.5119	15.8033
22.5162	15.7991
22.5288	15.7991
22.5330	15.7949
22.6128	15.7949
22.6128	15.7991
22.6170	15.7991
22.6170	15.8033
22.6212	15.8033
22.6254	15.8075
22.6296	15.8075
22.6338	15.8117
22.6338	15.8159
22.6380	15.8159
22.6464	15.8201
22.6548	15.8243
22.6548	15.8285
22.6590	15.8327
22.6674	15.8327
22.6674	15.8369
22.6716	15.8369
22.6716	15.8411
22.6716	15.8453
22.6716	15.8495
22.6716	15.8537
22.6716	15.8579
22.6716	15.8621
22.6716	15.8663
22.6716	15.8705
22.6716	15.8747
22.6716	15.8789
22.6716	15.8831
22.6716	15.8873
22.6716	15.8915
22.6758	15.8915
22.6758	15.8957
22.6758	15.8999
22.6758	15.9041
22.6884	15.9041
22.6884	15.9083
22.6926	15.9083
22.6926	15.9125
22.7010	15.9125
22.7052	15.9167
22.7052	15.9209
22.7178	15.9209
22.7178	15.9251
22.7220	15.9251
22.7220	15.9293
22.7304	15.9293
22.7346	15.9335
22.7346	15.9377
22.7388	15.9377
22.7430	15.9419
22.7472	15.9461
22.7514	15.9461
22.7514	15.9503
22.7514	15.9545
22.7556	15.9545
22.7556	15.9587
22.7598	15.9587
22.7598	15.9629
22.7640	15.9629
22.7640	15.9671
22.7682	15.9671
22.7724	15.9713
22.7724	15.9755
22.7766	15.9755
22.7850	15.9797
22.7850	15.9839
22.7892	15.9839
22.7892	15.9881
22.7934	15.9881
22.7934	15.9923
22.8018	15.9923
22.8018	15.9965
22.8102	15.9965
22.8102	16.0007
22.8144	16.0007
22.8186	16.0092
22.8228	16.0092
22.8270	16.0134
22.8312	16.0134
22.8354	16.0176
22.8396	16.0218
22.8438	16.0260
22.8480	16.0302
22.8522	16.0302
22.8564	16.0344
22.8606	16.0344
22.8606	16.0386
22.8648	16.0386
22.8648	16.0428
22.8774	16.0428
22.8774	16.0470
22.9068	16.0470
22.9068	16.0512
22.9362	16.0512
22.9404	16.0554
22.9446	16.0596
22.9488	16.0596
22.9488	16.0638
22.9530	16.0638
22.9530	16.0680
22.9614	16.0680
22.9614	16.0722
22.9614	16.0764
22.9656	16.0764
22.9656	16.0806
22.9698	16.0806
22.9698	16.0848
22.9698	16.0890
22.9698	16.0932
22.9740	16.0932
22.9740	16.0974
22.9740	16.1016
22.9782	16.1016
22.9782	16.1058
22.9782	16.1100
22.9782	16.1142
22.9782	16.1184
22.9824	16.1184
22.9824	16.1226
22.9824	16.1268
22.9824	16.1310
23.0665	16.1310
23.0665	16.1268
23.0749	16.1268
23.0749	16.1226
23.0791	16.1226
23.0833	16.1184
23.0917	16.1184
23.0959	16.1142
23.1043	16.1142
23.1043	16.1100
23.1085	16.1100
23.1085	16.1058
23.1169	16.1058
23.1169	16.1016
23.1337	16.1016
23.1337	16.0974
23.1589	16.0974
23.1589	16.0932
23.1631	16.0890
23.1673	16.0890
23.1715	16.0848
23.1757	16.0806
23.1799	16.0764
23.1841	16.0764
23.1883	16.0722
23.1925	16.0680
23.1925	16.0638
23.1967	16.0638
23.2009	16.0596
23.2051	16.0596
23.2051	16.0554
23.2093	16.0554
23.2093	16.0512
23.2093	16.0470
23.2723	16.0470
23.2723	16.0512
23.2891	16.0512
23.2891	16.0554
23.2933	16.0554
23.2933	16.0596
23.3353	16.0596
23.3353	16.0638
23.3605	16.0638
23.3605	16.0680
23.3689	16.0680
23.3689	16.0722
23.3689	16.0764
23.3773	16.0764
23.3773	16.0806
23.3815	16.0806
23.3857	16.0848
23.3941	16.0890
23.3941	16.0932
23.3983	16.0932
23.3983	16.0974
23.4025	16.0974
23.4025	16.1016
23.4067	16.1016
23.4109	16.1058
23.4739	16.1058
23.4739	16.1016
23.4907	16.1016
23.4907	16.0974
23.4949	16.0974
23.4949	16.0932
23.5033	16.0932
23.5033	16.0890
23.5075	16.0890
23.5117	16.0848
23.5159	16.0848
23.5159	16.0806
23.5285	16.0806
23.5327	16.0764
23.5411	16.0764
23.5453	16.0722
23.5537	16.0722
23.5579	16.0680
23.5663	16.0680
23.5663	16.0638
23.6336	16.0638
23.6336	16.0596
23.6462	16.0596
23.6504	16.0554
23.6588	16.0554
23.6588	16.0512
23.6630	16.0512
23.6630	16.0470
23.6714	16.0470
23.6714	16.0428
23.6798	16.0428
23.6798	16.0386
23.6840	16.0386
23.6840	16.0344
23.6882	16.0344
23.6882	16.0302
23.6924	16.0302
23.6924	16.0260
23.6966	16.0260
23.6966	16.0218
23.7008	16.0218
23.7050	16.0176
23.7050	16.0134
23.7092	16.0134
23.7092	16.0092
23.7092	16.0050
23.7134	16.0050
23.7134	16.0007
23.7176	16.0007
23.7176	15.9965
23.7218	15.9965
23.7218	15.9923
23.7260	15.9923
23.7260	15.9881
23.7302	15.9881
23.7302	15.9839
23.7302	15.9797
23.7344	15.9797
23.7344	15.9755
23.7386	15.9755
23.7386	15.9713
23.7386	15.9671
23.7428	15.9671
23.7428	15.9629
23.7470	15.9587
23.7470	15.9545
23.7512	15.9545
23.7512	15.9503
23.7554	15.9503
23.7554	15.9461
23.7596	15.9461
23.7596	15.9419
23.7638	15.9419
23.7638	15.9377
23.7638	15.9335
23.7680	15.9335
23.7680	15.9293
23.7680	15.9251
23.7680	15.9209
23.7722	15.9209
23.7722	15.9167
23.7722	15.9125
23.7722	15.9083
23.7722	15.9041
23.7722	15.8999
23.7722	15.8957
23.7722	15.8915
23.7680	15.8915
23.7680	15.8873
23.7680	15.8831
23.7638	15.8789
23.7638	15.8747
23.7638	15.8705
23.7638	15.8663
23.7638	15.8621
23.7638	15.8579
23.7638	15.8537
23.7638	15.8495
23.7638	15.8453
23.7638	15.8411
23.7596	15.8411
23.7596	15.8369
23.7596	15.8327
23.7554	15.8327
23.7554	15.8285
23.7470	15.8285
23.7470	15.8243
23.7428	15.8243
23.7428	15.8201
23.6882	15.8201
23.6882	15.8243
23.6840	15.8243
23.6798	15.8285
23.6756	15.8285
23.6756	15.8327
23.6714	15.8327
23.6714	15.8369
23.6672	15.8369
23.6672	15.8411
23.6630	15.8411
23.6630	15.8453
23.6588	15.8453
23.6588	15.8495
23.6546	15.8495
23.6546	15.8537
23.6546	15.8579
23.6462	15.8579
23.6462	15.8621
23.6420	15.8621
23.6420	15.8663
23.6000	15.8663
23.6000	15.8621
23.5789	15.8621
23.5789	15.8579
23.5705	15.8579
23.5705	15.8537
23.5621	15.8537
23.5621	15.8495
23.5579	15.8495
23.5537	15.8453
23.5537	15.8411
23.5537	15.8369
23.5537	15.8327
23.5537	15.8285
23.5537	15.8243
23.5537	15.8201
23.5537	15.8159
23.5579	15.8159
23.5579	15.8117
23.5621	15.8117
23.5621	15.8075
23.5663	15.8033
23.5663	15.7991
23.5663	15.7949
23.5705	15.7949
23.5705	15.7907
23.5705	15.7865
23.5747	15.7865
23.5747	15.7823
23.5831	15.7823
23.5831	15.7781
23.5873	15.7781
23.5915	15.7739
23.6294	15.7739
23.6294	15.7781
23.7302	15.7781
23.7344	15.7739
23.7386	15.7739
23.7428	15.7697
23.7470	15.7697
23.7470	15.7655
23.7554	15.7655
23.7554	15.7613
23.7596	15.7613
23.7596	15.7571
23.7638	15.7529
23.7638	15.7487
23.7680	15.7487
23.7722	15.7445
23.7764	15.7445
23.7764	15.7403
23.7806	15.7361
23.7806	15.7319
23.8604	15.7319
23.8604	15.7361
23.8688	15.7361
23.8730	15.7403
23.8814	15.7403
23.8856	15.7445
23.8898	15.7445
23.8898	15.7487
23.9024	15.7487
23.9024	15.7529
23.9150	15.7529
23.9150	15.7571
23.9276	15.7571
23.9276	15.7613
23.9360	15.7613
23.9360	15.7655
24.0200	15.7655
24.0242	15.7613
24.0410	15.7613
24.0410	15.7571
24.0452	15.7571
24.0452	15.7529
24.0578	15.7529
24.0578	15.7487
24.0704	15.7487
24.0704	15.7445
24.0788	15.7445
24.0788	15.7403
24.0830	15.7361
24.0914	15.7361
24.0914	15.7319
24.0998	15.7319
24.0998	15.7277
24.1082	15.7277
24.1082	15.7235
24.1124	15.7235
24.1124	15.7193
24.1208	15.7193
24.1208	15.7151
24.1292	15.7151
24.1292	15.7109
24.1334	15.7109
24.1334	15.7067
24.1376	15.7067
24.1376	15.7025
24.1419	15.7025
24.1419	15.6983
24.1461	15.6983
24.1461	15.6941
24.1503	15.6941
24.1545	15.6899
24.1587	15.6899
24.1587	15.6857
24.1587	15.6815
24.1629	15.6815
24.1629	15.6773
24.1671	15.6773
24.1671	15.6731
24.1755	15.6731
24.1755	15.6689
24.1755	15.6647
24.1797	15.6647
24.1797	15.6605
24.1839	15.6605
24.1839	15.6563
24.1881	15.6563
24.1923	15.6521
24.1923	15.6479
24.1965	15.6479
24.1965	15.6437
24.2007	15.6395
24.2049	15.6353
24.2049	15.6311
24.2091	15.6311
24.2091	15.6269
24.2133	15.6269
24.2133	15.6227
24.2133	15.6185
24.2175	15.6185
24.2175	15.6143
24.2175	15.6101
24.2259	15.6101
24.2259	15.6059
24.2259	15.6017
24.2301	15.6017
24.2301	15.5975
24.2301	15.5933
24.2343	15.5933
24.2343	15.5891
24.2343	15.5849
24.2343	15.5807
24.2385	15.5807
24.2385	15.5765
24.2427	15.5765
24.2427	15.5723
24.2427	15.5681
24.2469	15.5681
24.2469	15.5639
24.2469	15.5597
24.2511	15.5597
24.2511	15.5555
24.2511	15.5513
24.2553	15.5513
24.2553	15.5471
24.2595	15.5471
24.2595	15.5429
24.2595	15.5387
24.2637	15.5387
24.2637	15.5345
24.2679	15.5303
24.2679	15.5261
24.2721	15.5261
24.2721	15.5219
24.2721	15.5177
24.2805	15.5177
24.2805	15.5135
24.2805	15.5093
24.2889	15.5093
24.2889	15.5051
24.2931	15.5051
24.2931	15.5009
24.3015	15.5009
24.3015	15.4967
24.3057	15.4967
24.3057	15.4925
24.3141	15.4925
24.3141	15.4883
24.3183	15.4883
24.3225	15.4841
24.3309	15.4841
24.3309	15.4799
24.3351	15.4799
24.3351	15.4757
24.3435	15.4757
24.3477	15.4715
24.3519	15.4715
24.3519	15.4673
24.3603	15.4673
24.3645	15.4631
24.3645	15.4588
24.3729	15.4588
24.3729	15.4546
24.4275	15.4546
24.4275	15.4588
24.4611	15.4588
24.4611	15.4631
24.4863	15.4631
24.4863	15.4673
24.4947	15.4673
24.4947	15.4715
24.5073	15.4715
24.5073	15.4757
24.5073	15.4841
24.5157	15.4841
24.5157	15.4925
24.5157	15.5009
24.5157	15.5093
24.5157	15.5177
24.5157	15.5261
24.5073	15.5261
24.5073	15.5345
24.5073	15.5429
24.5073	15.5513
24.5073	15.5597
24.5073	15.5681
24.4989	15.5681
24.4989	15.5765
24.4905	15.5765
24.4905	15.5849
24.4905	15.5933
24.4905	15.6017
24.4821	15.6017
24.4821	15.6101
24.4737	15.6101
24.4737	15.6185
24.4737	15.6269
24.4737	15.6353
24.4737	15.6437
24.4737	15.6521
24.4737	15.6605
24.4737	15.6689
24.4737	15.6773
24.4821	15.6773
24.4821	15.6857
24.4905	15.6857
24.4905	15.6941
24.5073	15.6941
24.5073	15.7025
24.5073	15.7109
24.5241	15.7109
24.5241	15.7151
24.5283	15.7151
24.5283	15.7193
24.5367	15.7193
24.5367	15.7235
24.5409	15.7235
24.5409	15.7277
24.5451	15.7277
24.5451	15.7319
24.5619	15.7319
24.5619	15.7361
24.5745	15.7361
24.5745	15.7403
24.6795	15.7403
24.6838	15.7361
24.6838	15.7319
24.7006	15.7319
24.7006	15.7277
24.7132	15.7277
24.7132	15.7235
24.7216	15.7235
24.7216	15.7193
24.7594	15.7193
24.7594	15.7277
24.7678	15.7277
24.7678	15.7361
24.7762	15.7445
24.7762	15.7529
24.7762	15.7613
24.7762	15.7697
24.7762	15.7781
24.7846	15.7781
24.7846	15.7865
24.7846	15.7949
24.8014	15.7949
24.8014	15.8033
24.9274	15.8033
24.9274	15.7949
24.9442	15.7949
24.9442	15.7865
24.9610	15.7865
24.9694	15.7781
25.0282	15.7781
25.0282	15.7697
25.0366	15.7697
25.0366	15.7613
25.0618	15.7613
25.0618	15.7529
25.0702	15.7529
25.0702	15.7445
25.0702	15.7361
25.0702	15.7277
25.0702	15.7193
25.0702	15.7109
25.0786	15.7109
25.0786	15.7025
25.0786	15.6941
25.0870	15.6941
25.0870	15.6857
25.0954	15.6857
25.0954	15.6773
25.1122	15.6773
25.1122	15.6689
25.1206	15.6605
25.1458	15.6605
25.1458	15.6521
25.1458	15.6437
25.2635	15.6437
25.2635	15.6521
25.2719	15.6521
25.2719	15.6605
25.4315	15.6605
25.4315	15.6521
25.4399	15.6521
25.4399	15.6437
25.4651	15.6437
25.4651	15.6353
25.4735	15.6353
25.4735	15.6269
25.4819	15.6269
25.4819	15.6185
25.4987	15.6185
25.4987	15.6101
25.5071	15.6101
25.5071	15.6017
25.5155	15.6017
25.5239	15.5933
25.5323	15.5933
25.5491	15.5849
25.5491	15.5765
25.5659	15.5765
25.5659	15.5681
25.5743	15.5681
25.5743	15.5597
25.5911	15.5597
25.5911	15.5513
25.5995	15.5513
25.5995	15.5429
25.6163	15.5429
25.6163	15.5345
25.6247	15.5345
25.6247	15.5261
25.6499	15.5261
25.6499	15.5177
25.6583	15.5177
25.6583	15.5093
25.6751	15.5093
25.6751	15.5009
25.6835	15.5009
25.6835	15.4925
25.6835	15.4841
25.6919	15.4841
25.6919	15.4757
25.7003	15.4757
25.7087	15.4673
25.7087	15.4588
25.7255	15.4588
25.7255	15.4504
25.7339	15.4504
25.7339	15.4420
25.7507	15.4420
25.7507	15.4336
25.7591	15.4336
25.7591	15.4252
25.7675	15.4252
25.7760	15.4168
25.7844	15.4168
25.7844	15.4084
25.8012	15.4084
25.8012	15.4000
25.8012	15.3916
25.8180	15.3916
25.8264	15.3832
25.8348	15.3832
25.8348	15.3748
25.8516	15.3748
25.8516	15.3664
25.8600	15.3664
25.8600	15.3580
25.8768	15.3580
25.8768	15.3496
25.8768	15.3412
25.8936	15.3412
25.8936	15.3328
25.8936	15.3244
25.9020	15.3244
25.9020	15.3160
25.9104	15.3160
25.9104	15.3076
25.9188	15.3076
25.9188	15.2992
25.9188	15.2908
25.9356	15.2908
25.9356	15.2824
25.9356	15.2740
25.9440	15.2740
25.9440	15.2656
25.9524	15.2656
25.9524	15.2572
25.9524	15.2488
25.9608	15.2488
25.9608	15.2404
25.9692	15.2404
25.9692	15.2320
25.9692	15.2236
25.9860	15.2236
25.9860	15.2152
25.9860	15.2068
25.9944	15.2068
25.9944	15.1984
26.0028	15.1984
26.0028	15.1900
26.0028	15.1816
26.0112	15.1816
26.0112	15.1732
26.0196	15.1732
26.0196	15.1648
26.0280	15.1648
26.0280	15.1564
26.0364	15.1564
26.0364	15.1480
26.0364	15.1396
26.0448	15.1396
26.0448	15.1312
26.0532	15.1312
26.0532	15.1228
26.0532	15.1144
26.0532	15.1060
26.0616	15.1060
26.0700	15.0976
26.0700	15.0892
26.0784	15.0892
26.0784	15.0808
26.0868	15.0808
26.0868	15.0724
26.0868	15.0640
26.0868	15.0556
26.0952	15.0556
26.0952	15.0472
26.1036	15.0472
26.1036	15.0388
26.1036	15.0304
26.1120	15.0220
26.1120	15.0136
26.1204	15.0136
26.1204	15.0052
26.1204	14.9968
26.1288	14.9884
26.1372	14.9884
26.1372	14.9800
26.1372	14.9716
26.1456	14.9716
26.1456	14.9632
26.1540	14.9632
26.1540	14.9548
26.1540	14.9464
26.1624	14.9464
26.1624	14.9380
26.1624	14.9296
26.1708	14.9296
26.1708	14.9212
26.1708	14.9127
26.1708	14.9043
26.1876	14.9043
26.1876	14.8959
26.1876	14.8875
26.1876	14.8791
26.1876	14.8707
26.1960	14.8707
26.1960	14.8623
26.1960	14.8539
26.2044	14.8539
26.2044	14.8455
26.2044	14.8371
26.2128	14.8371
26.2128	14.8287
26.2128	14.8203
26.2128	14.8119
26.2212	14.8119
26.2212	14.8035
26.2212	14.7951
26.2212	14.7867
26.2296	14.7867
26.2296	14.7783
26.2380	14.7783
26.2380	14.7699
26.2380	14.7615
26.2380	14.7531
26.2380	14.7447
26.2464	14.7447
26.2464	14.7363
26.2464	14.7279
26.2464	14.7195
26.2548	14.7195
26.2548	14.7111
26.2548	14.7027
26.2548	14.6943
26.2632	14.6943
26.2632	14.6859
26.2632	14.6775
26.2632	14.6691
26.2632	14.6607
26.2632	14.6523
26.2632	14.6439
26.2632	14.6355
26.2632	14.6271
26.2632	14.6187
26.2632	14.6103
26.2632	14.6019
26.2632	14.5935
26.2632	14.5851
26.2632	14.5767
26.2632	14.5683
26.2632	14.5599
26.2632	14.5515
26.2632	14.5431
26.2632	14.5347
26.2632	14.5263
26.2632	14.5179
26.2632	14.5095
26.2632	14.5011
26.2632	14.4927
26.2632	14.4843
26.2632	14.4759
26.2632	14.4675
26.2632	14.4591
26.2632	14.4507
26.2632	14.4423
26.2632	14.4339
26.2632	14.4255
26.2632	14.4171
26.2632	14.4087
26.2548	14.4087
26.2548	14.4003
26.2548	14.3919
26.2548	14.3835
26.2548	14.3750
26.2548	14.3666
26.2548	14.3582
26.2548	14.3498
26.2380	14.3498
26.2380	14.3414
26.2380	14.3330
26.2380	14.3246
26.2296	14.3246
26.2296	14.3162
26.2212	14.3162
26.2212	14.3078
26.2128	14.3078
26.2128	14.2994
26.2044	14.2994
26.2044	14.2910
26.2044	14.2826
26.1960	14.2826
26.1960	14.2742
26.1960	14.2658
26.1876	14.2658
26.1876	14.2574
26.1876	14.2490
26.1792	14.2490
26.1708	14.2406
26.1708	14.2322
26.1624	14.2322
26.1624	14.2238
26.1540	14.2238
26.1540	14.2154
26.1372	14.2154
26.1372	14.2070
26.1288	14.2070
26.1204	14.1986
26.1204	14.1902
26.1120	14.1902
26.1120	14.1818
26.0952	14.1818
26.0952	14.1734
26.0952	14.1650
26.0952	14.1566
26.1036	14.1566
26.1036	14.1482
26.1036	14.1398
26.1204	14.1398
26.1204	14.1314
26.1204	14.1230
26.1288	14.1230
26.1288	14.1146
26.1540	14.1146
26.1540	14.1062
26.1708	14.1062
26.1708	14.0978
26.2296	14.0978
26.2296	14.0894
26.2716	14.0894
26.2716	14.0810
26.3305	14.0810
26.3305	14.0726
26.3473	14.0726
26.3473	14.0642
26.3725	14.0642
26.3809	14.0558
26.3809	14.0474
26.4061	14.0474
26.4061	14.0390
26.4145	14.0390
26.4229	14.0306
26.4229	14.0222
26.4397	14.0222
26.4397	14.0138
26.4481	14.0138
26.4481	14.0054
26.4565	14.0054
26.4565	13.9970
26.4649	13.9970
26.4649	13.9886
26.4733	13.9886
26.4733	13.9802
26.4817	13.9802
26.4817	13.9718
26.4901	13.9718
26.4901	13.9634
26.4985	13.9634
26.4985	13.9550
26.5069	13.9550
26.5069	13.9466
26.5153	13.9382
26.5153	13.9298
26.5237	13.9298
26.5237	13.9214
26.5321	13.9214
26.5321	13.9130
26.5405	13.9130
26.5405	13.9046
26.5405	13.8962
26.5489	13.8878
26.5573	13.8878
26.5573	13.8794
26.5573	13.8710
26.5573	13.8626
26.5741	13.8626
26.5741	13.8542
26.5741	13.8458
26.5825	13.8458
26.5825	13.8374
26.5825	13.8289
26.5909	13.8289
26.5909	13.8205
26.5909	13.8121
26.5993	13.8121
26.5993	13.8037
26.6077	13.8037
26.6077	13.7953
26.6077	13.7869
26.6161	13.7869
26.6161	13.7785
26.6161	13.7701
26.6245	13.7701
26.6245	13.7617
26.6329	13.7617
26.6329	13.7533
26.6329	13.7449
26.6413	13.7449
26.6413	13.7365
26.6413	13.7281
26.6497	13.7281
26.6497	13.7197
26.6497	13.7113
26.6497	13.7029
26.6581	13.7029
26.6581	13.6945
26.6581	13.6861
26.6581	13.6777
26.6581	13.6693
26.6581	13.6609
26.6581	13.6525
26.6581	13.6441
26.6581	13.6357
26.6581	13.6273
26.6581	13.6189
26.6581	13.6105
26.6581	13.6021
26.6581	13.5937
26.6581	13.5853
26.6581	13.5769
26.6581	13.5685
26.6581	13.5601
26.6581	13.5517
26.6581	13.5433
26.6581	13.5349
26.6581	13.5265
26.6581	13.5181
26.6581	13.5097
26.6581	13.5013
26.6581	13.4929
26.6581	13.4845
26.6581	13.4761
26.6581	13.4677
26.6581	13.4593
26.6581	13.4509
26.6581	13.4425
26.6581	13.4341
26.6581	13.4257
26.6497	13.4257
26.6497	13.4173
26.6497	13.4089
26.6497	13.4005
26.6413	13.3921
26.6413	13.3837
26.6413	13.3753
26.6329	13.3753
26.6329	13.3669
26.6329	13.3585
26.6245	13.3585
26.6245	13.3501
26.6245	13.3417
26.6245	13.3333
26.6245	13.3249
26.6245	13.3165
26.6245	13.3081
26.6245	13.2997
26.6245	13.2913
26.6245	13.2828
26.6245	13.2744
26.6245	13.2660
26.6245	13.2576
26.6329	13.2576
26.6329	13.2492
26.6329	13.2408
26.6329	13.2324
26.6329	13.2240
26.6413	13.2156
26.6413	13.2072
26.6413	13.1988
26.6413	13.1904
26.6413	13.1820
26.6413	13.1736
26.6497	13.1736
26.6497	13.1652
26.6497	13.1568
26.6497	13.1484
26.6497	13.1400
26.6581	13.1400
26.6581	13.1316
26.6581	13.1232
26.6581	13.1148
26.6581	13.1064
26.6581	13.0980
26.6581	13.0896
26.6581	13.0812
26.6581	13.0728
26.6581	13.0644
26.6581	13.0560
26.6665	13.0560
26.6665	13.0476
26.6665	13.0392
26.6749	13.0392
26.6749	13.0308
26.6749	13.0224
26.6749	13.0140
26.6749	13.0056
26.6749	12.9972
26.6749	12.9888
26.6749	12.9804
26.6749	12.9720
26.6749	12.9636
26.6833	12.9636
26.6833	12.9552
26.6833	12.9468
26.6833	12.9384
26.6833	12.9300
26.6917	12.9300
26.6917	12.9216
26.6917	12.9132
26.6917	12.9048
26.6917	12.8964
26.6917	12.8880
26.7001	12.8880
26.7001	12.8796
26.7001	12.8712
26.7001	12.8628
26.7001	12.8544
26.7001	12.8460
26.7001	12.8376
26.7085	12.8376
26.7085	12.8292
26.7085	12.8208
26.7085	12.8124
26.7085	12.8040
26.7085	12.7956
26.7085	12.7872
26.7085	12.7788
26.7085	12.7704
26.7085	12.7620
26.7085	12.7536
26.7085	12.7451
26.7085	12.7367
26.7085	12.7283
26.7085	12.7199
26.7085	12.7115
26.7085	12.7031
26.7085	12.6947
26.7001	12.6863
26.7001	12.6779
26.7001	12.6695
26.7001	12.6611
26.7001	12.6527
26.7001	12.6443
26.7001	12.6359
26.7001	12.6275
26.7001	12.6191
26.6917	12.6107
26.6917	12.6023
26.6917	12.5939
26.6917	12.5855
26.6917	12.5771
26.6917	12.5687
26.6917	12.5603
26.6833	12.5603
26.6833	12.5519
26.6833	12.5435
26.6749	12.5435
26.6749	12.5351
26.6749	12.5267
26.6749	12.5183
26.6749	12.5099
26.6749	12.5015
26.6749	12.4931
26.6749	12.4847
26.6665	12.4847
26.6665	12.4763
26.6665	12.4679
26.6581	12.4679
26.6581	12.4595
26.6581	12.4511
26.6581	12.4427
26.6497	12.4427
26.6497	12.4343
26.6497	12.4259
26.6413	12.4259
26.6413	12.4175
26.6413	12.4091
26.6413	12.4007
26.6413	12.3923
26.6413	12.3839
26.6413	12.3755
26.6413	12.3671
26.6413	12.3587
26.6413	12.3503
26.6413	12.3419
26.6413	12.3335
26.6413	12.3251
26.6413	12.3167
26.6413	12.3083
26.6413	12.2999
26.6413	12.2915
26.6413	12.2831
26.6413	12.2747
26.6497	12.2747
26.6497	12.2663
26.6497	12.2579
26.6749	12.2579
26.6749	12.2663
26.6833	12.2663
26.6833	12.2747
26.6917	12.2747
26.6917	12.2831
26.7001	12.2915
26.7169	12.2915
26.7169	12.2999
26.7253	12.2999
26.7253	12.3083
26.7421	12.3083
26.7421	12.3167
26.7505	12.3167
26.7505	12.3251
26.7673	12.3251
26.7673	12.3335
26.7757	12.3335
26.7757	12.3419
26.7925	12.3419
26.7925	12.3503
26.8093	12.3503
26.8093	12.3587
26.8261	12.3587
26.8261	12.3671
26.8429	12.3671
26.8429	12.3755
26.8766	12.3755
26.8766	12.3839
26.8850	12.3839
26.8850	12.3923
26.9942	12.3923
26.9942	12.3839
27.0446	12.3839
27.0446	12.3755
27.0782	12.3755
27.0782	12.3671
27.0950	12.3671
27.0950	12.3587
27.1034	12.3587
27.1034	12.3503
27.1034	12.3419
27.1118	12.3419
27.1118	12.3335
27.1118	12.3251
27.1118	12.3167
27.1118	12.3083
27.1118	12.2999
27.1118	12.2915
27.1118	12.2831
27.1118	12.2747
27.1118	12.2663
27.1118	12.2579
27.1034	12.2579
27.1034	12.2495
27.0950	12.2495
27.0950	12.2411
27.0950	12.2327
27.0950	12.2243
27.0866	12.2243
27.0866	12.2159
27.0866	12.2075
27.0866	12.1990
27.0866	12.1906
27.0782	12.1906
27.0782	12.1822
27.0782	12.1738
27.0782	12.1654
27.0782	12.1570
27.0782	12.1486
27.0782	12.1402
27.0782	12.1318
27.0782	12.1234
27.0782	12.1150
27.0782	12.1066
27.0782	12.0982
27.0698	12.0982
27.0698	12.0898
27.0698	12.0814
27.0698	12.0730
27.0698	12.0646
27.0698	12.0562
27.0698	12.0478
27.0698	12.0394
27.0698	12.0310
27.0698	12.0226
27.0698	12.0142
27.0698	12.0058
27.0698	11.9974
27.0782	11.9890
27.0782	11.9806
27.0782	11.9722
27.0782	11.9638
27.0866	11.9554
27.0866	11.9470
27.0866	11.9386
27.0950	11.9386
27.0950	11.9302
27.0950	11.9218
27.0950	11.9134
27.1034	11.9134
27.1034	11.9050
27.1118	11.9050
27.1118	11.8966
27.1118	11.8882
27.1286	11.8882
27.1286	11.8798
27.1286	11.8714
27.1370	11.8714
27.1370	11.8630
27.1622	11.8630
27.1622	11.8546
27.2126	11.8546
27.2126	11.8462
27.2294	11.8462
27.2294	11.8378
27.2798	11.8378
27.2798	11.8294
27.2966	11.8294
27.3050	11.8210
27.3302	11.8210
27.3302	11.8126
27.3470	11.8126
27.3470	11.8042
27.3722	11.8042
27.3722	11.7958
27.3806	11.7958
27.3806	11.7874
27.4059	11.7874
27.4143	11.7790
27.4143	11.7706
27.4311	11.7706
27.4311	11.7622
27.4479	11.7622
27.4479	11.7538
27.4647	11.7538
27.4647	11.7454
27.4731	11.7454
27.4731	11.7370
27.4815	11.7370
27.4815	11.7286
27.4815	11.7202
27.4815	11.7118
27.4899	11.7118
27.4899	11.7034
27.4983	11.7034
27.4983	11.6950
27.4983	11.6866
27.4983	11.6782
27.4983	11.6698
27.5067	11.6698
27.5067	11.6613
27.5067	11.6529
27.5151	11.6529
27.5151	11.6445
27.5151	11.6361
27.5151	11.6277
27.5151	11.6193
27.5235	11.6193
27.5235	11.6109
27.5235	11.6025
27.5319	11.6025
27.5319	11.5941
27.5319	11.5857
27.5319	11.5773
27.5319	11.5689
27.5403	11.5689
27.5403	11.5605
27.5403	11.5521
27.5487	11.5521
27.5487	11.5437
27.5487	11.5353
27.5487	11.5269
27.5487	11.5185
27.5487	11.5101
27.5487	11.5017
27.5571	11.5017
27.5571	11.4933
27.5571	11.4849
27.5655	11.4849
27.5655	11.4765
27.5655	11.4681
27.5655	11.4597
27.5655	11.4513
27.5739	11.4513
27.5739	11.4429
27.5739	11.4345
27.5823	11.4345
27.5823	11.4261
27.5823	11.4177
27.5907	11.4177
27.5907	11.4093
27.5907	11.4009
27.5991	11.4009
27.5991	11.3925
27.5991	11.3841
27.5991	11.3757
27.5991	11.3673
27.6075	11.3673
27.6075	11.3589
27.6075	11.3505
27.6159	11.3505
27.6159	11.3421
27.6159	11.3337
27.6159	11.3253
27.6159	11.3169
27.6243	11.3169
27.6243	11.3085
27.6243	11.3001
27.6327	11.3001
27.6327	11.2917
27.6327	11.2833
27.6327	11.2749
27.6411	11.2749
27.6411	11.2665
27.6411	11.2581
27.6411	11.2497
27.6411	11.2413
27.6411	11.2329
27.6411	11.2245
27.6411	11.2161
27.6327	11.2161
27.6327	11.2077
27.6327	11.1993
27.6327	11.1909
27.6327	11.1825
27.6243	11.1825
27.6159	11.1741
27.6159	11.1657
27.6159	11.1573
27.6159	11.1489
27.5991	11.1489
27.5991	11.1405
27.5067	11.1405
27.5067	11.1489
27.4647	11.1489
27.4647	11.1573
27.4647	11.1657
27.4395	11.1657
27.4311	11.1741
27.4311	11.1825
27.4059	11.1825
27.4059	11.1909
27.3890	11.1909
27.3890	11.1993
27.3638	11.1993
27.3638	11.2077
27.3554	11.2077
27.3554	11.2161
27.3218	11.2161
27.3218	11.2245
27.3134	11.2245
27.3134	11.2329
27.2798	11.2329
27.2798	11.2413
27.2630	11.2413
27.2630	11.2497
27.2378	11.2497
27.2378	11.2581
27.2126	11.2581
27.2126	11.2665
27.0530	11.2665
27.0530	11.2581
27.0278	11.2581
27.0194	11.2497
26.9942	11.2497
26.9942	11.2413
26.9774	11.2413
26.9774	11.2329
26.9522	11.2329
26.9522	11.2245
26.9438	11.2245
26.9438	11.2161
26.9270	11.2161
26.9270	11.2077
26.9102	11.2077
26.9102	11.1993
26.8766	11.1993
26.8766	11.1909
26.7925	11.1909
26.7794	11.1966
26.7778	11.1951
26.7715	11.1951
26.7715	11.1930
26.7694	11.1930
26.7694	11.1909
26.7652	11.1909
26.7652	11.1888
26.7631	11.1888
26.7610	11.1867
26.7568	11.1867
26.7547	11.1825
26.7505	11.1825
26.7484	11.1804
26.7463	11.1804
26.7442	11.1783
26.7421	11.1783
26.7400	11.1762
26.7379	11.1762
26.7358	11.1741
26.7337	11.1720
26.7316	11.1720
26.7295	11.1699
26.7274	11.1699
26.7253	11.1678
26.7211	11.1678
26.7211	11.1657
26.7190	11.1657
26.7190	11.1636
26.7148	11.1636
26.7148	11.1615
26.7127	11.1615
26.7127	11.1594
26.7085	11.1594
26.7064	11.1573
26.7064	11.1552
26.7022	11.1552
26.7022	11.1531
26.7001	11.1531
26.6980	11.1510
26.6938	11.1510
26.6938	11.1489
26.6917	11.1489
26.6917	11.1468
26.6875	11.1468
26.6875	11.1447
26.6833	11.1447
26.6812	11.1426
26.6791	11.1426
26.6791	11.1405
26.6770	11.1405
26.6770	11.1384
26.6728	11.1384
26.6728	11.1363
26.6686	11.1363
26.6686	11.1342
26.6665	11.1342
26.6644	11.1321
26.6644	11.1300
26.6602	11.1300
26.6602	11.1279
26.6560	11.1279
26.6560	11.1258
26.6518	11.1258
26.6518	11.1237
26.6497	11.1237
26.6497	11.1216
26.6476	11.1216
26.6476	11.1194
26.6434	11.1194
26.6434	11.1173
26.6413	11.1173
26.6413	11.1152
26.6392	11.1152
26.6392	11.1131
26.6350	11.1131
26.6350	11.1110
26.6329	11.1110
26.6329	11.1089
26.6308	11.1089
26.6287	11.1068
26.6266	11.1068
26.6245	11.1047
26.6224	11.1047
26.6224	11.1026
26.6203	11.1026
26.6182	11.1005
26.6161	11.1005
26.6161	11.0984
26.6098	11.0984
26.6098	11.0963
26.6056	11.0963
26.6056	11.0942
26.5993	11.0942
26.5993	11.0921
26.5951	11.0921
26.5930	11.0900
26.5867	11.0900
26.5846	11.0879
26.5825	11.0879
26.5825	11.0858
26.5741	11.0858
26.5741	11.0837
26.5657	11.0837
26.5657	11.0816
26.5405	11.0816
26.5405	11.0900
26.4838	11.0900
26.4838	11.0921
26.4754	11.0921
26.4754	11.0942
26.4691	11.0942
26.4691	11.0963
26.4607	11.0963
26.4607	11.0984
26.4586	11.0984
26.4586	11.1005
26.4544	11.1005
26.4544	11.1026
26.4502	11.1026
26.4502	11.1047
26.4460	11.1047
26.4439	11.1068
26.4418	11.1068
26.4418	11.1089
26.4355	11.1089
26.4334	11.1110
26.4292	11.1110
26.4292	11.1131
26.4229	11.1131
26.4229	11.1152
26.4208	11.1152
26.4208	11.1173
26.4145	11.1173
26.4145	11.1194
26.4082	11.1194
26.4082	11.1216
26.4019	11.1216
26.4019	11.1237
26.3998	11.1237
26.3977	11.1258
26.3935	11.1258
26.3914	11.1279
26.3851	11.1279
26.3830	11.1300
26.3767	11.1300
26.3767	11.1321
26.3767	11.1342
26.3725	11.1342
26.3704	11.1363
26.3620	11.1363
26.3599	11.1384
26.3515	11.1384
26.3473	11.1405
26.3431	11.1405
26.3389	11.1426
26.3305	11.1426
26.3305	11.1447
26.2926	11.1447
26.2905	11.1426
26.2758	11.1426
26.2737	11.1405
26.2527	11.1405
26.2527	11.1384
26.2506	11.1384
26.2485	11.1363
26.2443	11.1363
26.2443	11.1342
26.2401	11.1342
26.2401	11.1321
26.2359	11.1321
26.2359	11.1300
26.2338	11.1300
26.2338	11.1279
26.2275	11.1279
26.2275	11.1258
26.2254	11.1258
26.2254	11.1237
26.2212	11.1237
26.2212	11.1216
26.2212	11.1194
26.2191	11.1194
26.2191	11.1173
26.2170	11.1173
26.2170	11.1152
26.2170	11.1131
26.2149	11.1131
26.2149	11.1110
26.2128	11.1110
26.2128	11.1089
26.2107	11.1089
26.2107	11.1068
26.2107	11.1047
26.2086	11.1047
26.2086	11.1026
26.2065	11.1026
26.2065	11.1005
26.2044	11.1005
26.2044	11.0984
26.2023	11.0963
26.2002	11.0963
26.2002	11.0942
26.2002	11.0921
26.1981	11.0921
26.1981	11.0900
26.1981	11.0879
26.1960	11.0879
26.1960	11.0858
26.1960	11.0837
26.1939	11.0837
26.1939	11.0816
26.1876	11.0816
26.1876	11.0732
26.1855	11.0732
26.1855	11.0711
26.1834	11.0711
26.1834	11.0690
26.1834	11.0669
26.1813	11.0669
26.1813	11.0648
26.1792	11.0648
26.1792	11.0627
26.1792	11.0606
26.1771	11.0606
26.1771	11.0585
26.1750	11.0585
26.1750	11.0564
26.1750	11.0543
26.1729	11.0543
26.1729	11.0522
26.1729	11.0501
26.1708	11.0501
26.1708	11.0480
26.1708	11.0459
26.1687	11.0459
26.1666	11.0438
26.1666	11.0417
26.1645	11.0417
26.1645	11.0396
26.1624	11.0396
26.1624	11.0375
26.1624	11.0354
26.1603	11.0354
26.1603	11.0333
26.1582	11.0312
26.1582	11.0291
26.1561	11.0291
26.1561	11.0270
26.1540	11.0270
26.1540	11.0249
26.1519	11.0249
26.1519	11.0228
26.1498	11.0228
26.1498	11.0207
26.1477	11.0207
26.1477	11.0186
26.1477	11.0165
26.1456	11.0165
26.1456	11.0144
26.1456	11.0123
26.1435	11.0123
26.1435	11.0102
26.1435	11.0081
26.1435	11.0060
26.1393	11.0060
26.1393	11.0039
26.1393	11.0018
26.1393	10.9997
26.1372	10.9997
26.1372	10.9976
26.1372	10.9955
26.1372	10.9934
26.1372	10.9913
26.1372	10.9892
26.1372	10.9871
26.1372	10.9850
26.1372	10.9829
26.1372	10.9808
26.1372	10.9724
26.1288	10.9724
26.1288	10.9640
26.1204	10.9640
26.1204	10.9556
26.1120	10.9556
26.1120	10.9472
26.1120	10.9388
26.1036	10.9388
26.1036	10.9304
26.0952	10.9220
26.0868	10.9220
26.0868	10.9136
26.0784	10.9136
26.0784	10.9052
26.0700	10.9052
26.0700	10.8968
26.0532	10.8968
26.0532	10.8884
26.0364	10.8884
26.0364	10.8800
26.0364	10.8716
26.0196	10.8716
26.0196	10.8632
26.0112	10.8632
26.0112	10.8548
26.0028	10.8548
26.0028	10.8464
25.9944	10.8464
25.9944	10.8380
25.9860	10.8380
25.9860	10.8296
25.9860	10.8212
25.9692	10.8212
25.9692	10.8128
25.9692	10.8044
25.9608	10.8044
25.9608	10.7960
25.9608	10.7876
25.9524	10.7876
25.9524	10.7792
25.9524	10.7708
25.9440	10.7708
25.9440	10.7624
25.9356	10.7624
25.9356	10.7540
25.9272	10.7540
25.9272	10.7456
25.9272	10.7372
25.9188	10.7372
25.9188	10.7288
25.9188	10.7204
25.9104	10.7204
25.9104	10.7120
25.9020	10.7120
25.9020	10.7036
25.8936	10.7036
25.8936	10.6952
25.8936	10.6868
25.8852	10.6868
25.8852	10.6784
25.8852	10.6700
25.8684	10.6700
25.8684	10.6616
25.8684	10.6532
25.8600	10.6448
25.8516	10.6448
25.8516	10.6364
25.8516	10.6280
25.8516	10.6196
25.8432	10.6196
25.8432	10.6112
25.8348	10.6112
25.8348	10.6028
25.8348	10.5944
25.8264	10.5944
25.8264	10.5860
25.8180	10.5860
25.8180	10.5775
25.8180	10.5691
25.8096	10.5691
25.8096	10.5607
25.8012	10.5607
25.8012	10.5523
25.8012	10.5439
25.8012	10.5355
25.7844	10.5355
25.7844	10.5271
25.7844	10.5187
25.7760	10.5187
25.7760	10.5103
25.7760	10.5019
25.7675	10.5019
25.7675	10.4935
25.7591	10.4935
25.7591	10.4851
25.7507	10.4851
25.7507	10.4767
25.7423	10.4767
25.7423	10.4683
25.7255	10.4683
25.7255	10.4599
25.7087	10.4599
25.7087	10.4515
25.6835	10.4515
25.6835	10.4431
25.6835	10.4347
25.6667	10.4347
25.6667	10.4263
25.6583	10.4263
25.6583	10.4179
25.6499	10.4179
25.6499	10.4095
25.6415	10.4095
25.6415	10.4011
25.6331	10.4011
25.6331	10.3927
25.6247	10.3927
25.6247	10.3843
25.6163	10.3843
25.6163	10.3759
25.6163	10.3675
25.5995	10.3675
25.5995	10.3591
25.5995	10.3507
25.5911	10.3507
25.5911	10.3423
25.5827	10.3423
25.5827	10.3339
25.5659	10.3339
25.5659	10.3255
25.5659	10.3171
25.5491	10.3171
25.5491	10.3087
25.5407	10.3087
25.5407	10.3003
25.5323	10.3003
25.5323	10.2919
25.5155	10.2919
25.5155	10.2835
25.4987	10.2835
25.4987	10.2751
25.4819	10.2751
25.4819	10.2667
25.4735	10.2667
25.4651	10.2583
25.4651	10.2499
25.4567	10.2499
25.4567	10.2415
25.4483	10.2415
25.4483	10.2331
25.4315	10.2331
25.4315	10.2247
25.4315	10.2163
25.4147	10.2163
25.4147	10.2079
25.4063	10.1995
25.3979	10.1995
25.3979	10.1911
25.3979	10.1827
25.3811	10.1827
25.3811	10.1743
25.3643	10.1743
25.3643	10.1659
25.3559	10.1659
25.3559	10.1575
25.3475	10.1575
25.3475	10.1491
25.3307	10.1491
25.3307	10.1407
25.3307	10.1323
25.3139	10.1323
25.3139	10.1239
25.3139	10.1155
25.2971	10.1155
25.2971	10.1071
25.2971	10.0987
25.2887	10.0987
25.2887	10.0903
25.2803	10.0819
25.2635	10.0819
25.2635	10.0735
25.2551	10.0735
25.2551	10.0651
25.2130	10.0651
25.2130	10.0567
25.1962	10.0567
25.1962	10.0483
25.1710	10.0483
25.1710	10.0399
25.1542	10.0399
25.1542	10.0314
25.1374	10.0314
25.1374	10.0230
25.1290	10.0230
25.1290	10.0146
25.1038	10.0146
25.1038	10.0062
25.0954	10.0062
25.0954	9.9978
25.0702	9.9978
25.0702	9.9894
25.0618	9.9894
25.0618	9.9810
25.0450	9.9810
25.0450	9.9726
25.0366	9.9726
25.0366	9.9642
25.0198	9.9642
25.0198	9.9558
25.0114	9.9558
25.0114	9.9474
24.9946	9.9474
24.9946	9.9390
24.9862	9.9390
24.9862	9.9306
24.9778	9.9306
24.9694	9.9222
24.9610	9.9222
24.9610	9.9138
24.9442	9.9138
24.9442	9.9054
24.9442	9.8970
24.9274	9.8970
24.9274	9.8886
24.9190	9.8886
24.9190	9.8802
24.8938	9.8802
24.8938	9.8718
24.8770	9.8718
24.8770	9.8634
24.8602	9.8634
24.8602	9.8550
24.8518	9.8550
24.8518	9.8466
24.8350	9.8466
24.8350	9.8382
24.8266	9.8382
24.8266	9.8298
24.7930	9.8298
24.7930	9.8214
24.7846	9.8214
24.7846	9.8130
24.7594	9.8130
24.7594	9.8046
24.7426	9.8046
24.7426	9.7962
24.7090	9.7962
24.7090	9.7878
24.6922	9.7878
24.6922	9.7794
24.6753	9.7794
24.6753	9.7710
24.6669	9.7626
24.6501	9.7626
24.6501	9.7542
24.6417	9.7542
24.6417	9.7458
24.6249	9.7458
24.6249	9.7374
24.6165	9.7290
24.5997	9.7290
24.5997	9.7206
24.5913	9.7206
24.5913	9.7122
24.5745	9.7122
24.5745	9.7038
24.5661	9.7038
24.5661	9.6954
24.5409	9.6954
24.5409	9.6870
24.5241	9.6870
24.5241	9.6786
24.4989	9.6786
24.4905	9.6702
24.4653	9.6702
24.4569	9.6618
24.4149	9.6618
24.4149	9.6534
24.4149	9.6450
24.3897	9.6450
24.3897	9.6366
24.3813	9.6366
24.3813	9.6282
24.3729	9.6282
24.3729	9.6198
24.3729	9.6114
24.3729	9.6030
24.3729	9.5946
24.3729	9.5862
24.3729	9.5778
24.3729	9.5694
24.3729	9.5610
24.3729	9.5526
24.3729	9.5442
24.3645	9.5442
24.3645	9.5358
24.3645	9.5274
24.3477	9.5274
24.3477	9.5190
24.3477	9.5106
24.3393	9.5106
24.3393	9.5022
24.3225	9.5022
24.3225	9.4938
24.3225	9.4853
24.3141	9.4853
24.3141	9.4769
24.2805	9.4769
24.2805	9.4685
24.2721	9.4601
24.2385	9.4601
24.2301	9.4517
24.2217	9.4517
24.2133	9.4433
24.1713	9.4433
24.1713	9.4349
24.1545	9.4349
24.1545	9.4265
24.1208	9.4265
24.1208	9.4181
24.1124	9.4181
24.1040	9.4097
24.0872	9.4097
24.0872	9.4013
24.0788	9.4013
24.0788	9.3929
24.0536	9.3929
24.0536	9.3845
24.0032	9.3845
24.0032	9.3929
24.0032	9.4013
24.0032	9.4097
23.9948	9.4097
23.9948	9.4181
23.9948	9.4265
23.9864	9.4265
23.9864	9.4349
23.9780	9.4349
23.9780	9.4433
23.9696	9.4517
23.9696	9.4601
23.9612	9.4601
23.9612	9.4685
23.9528	9.4685
23.9528	9.4769
23.9192	9.4769
23.9192	9.4685
23.9108	9.4685
23.9108	9.4601
23.8856	9.4601
23.8856	9.4517
23.8772	9.4517
23.8772	9.4433
23.8520	9.4433
23.8520	9.4349
23.8520	9.4265
23.8352	9.4265
23.8352	9.4181
23.8268	9.4181
23.8184	9.4097
23.8100	9.4097
23.8100	9.4013
23.8016	9.4013
23.8016	9.3929
23.7764	9.3929
23.7764	9.3845
23.7680	9.3845
23.7680	9.3761
23.7428	9.3761
23.7428	9.3677
23.7344	9.3677
23.7260	9.3593
23.7092	9.3593
23.7092	9.3509
23.7008	9.3509
23.7008	9.3425
23.6756	9.3425
23.6756	9.3341
23.6672	9.3341
23.6672	9.3257
23.6504	9.3257
23.6504	9.3173
23.6420	9.3089
23.5411	9.3089
23.5411	9.3173
23.5243	9.3173
23.5243	9.3257
23.5159	9.3257
23.5159	9.3341
23.4823	9.3341
23.4739	9.3425
23.3311	9.3425
23.3311	9.3341
23.2975	9.3341
23.2975	9.3257
23.0791	9.3257
23.0791	9.3173
23.0791	9.3089
23.0286	9.3089
23.0286	9.3005
23.0118	9.3005
23.0118	9.2921
22.9950	9.2921
22.9950	9.2837
22.9866	9.2837
22.9866	9.2753
22.9698	9.2753
22.9614	9.2669
22.9446	9.2669
22.9446	9.2585
