21.5600	12.4200
21.5600	12.4240
21.5480	12.4240
21.5480	12.4280
21.5360	12.4280
21.5360	12.4320
21.5320	12.4320
21.5320	12.4360
21.5240	12.4360
21.5240	12.4400
21.5200	12.4400
21.5160	12.4440
21.5080	12.4440
21.5080	12.4480
21.5040	12.4480
21.5040	12.4520
21.4960	12.4520
21.4960	12.4560
21.4840	12.4560
21.4840	12.4600
21.4760	12.4600
21.4760	12.4640
21.4680	12.4640
21.4680	12.4680
21.4600	12.4680
21.4560	12.4720
21.4440	12.4720
21.4440	12.4760
21.4240	12.4760
21.4240	12.4800
21.4200	12.4800
21.4200	12.4840
21.4120	12.4840
21.4120	12.4880
21.4040	12.4880
21.4040	12.4920
21.3960	12.4920
21.3920	12.4960
21.3880	12.4960
21.3880	12.5000
21.3800	12.5000
21.3800	12.4960
21.3640	12.4960
21.3600	12.4920
21.3520	12.4920
21.3480	12.4880
21.3240	12.4880
21.3200	12.4840
21.2720	12.4840
21.2720	12.4880
21.2680	12.4880
21.2680	12.4920
21.2640	12.4920
21.2640	12.4960
21.2600	12.4960
21.2600	12.5000
21.2560	12.5000
21.2560	12.5040
21.2520	12.5040
21.2520	12.5080
21.2480	12.5080
21.2440	12.5120
21.2400	12.5160
21.2360	12.5160
21.2360	12.5200
21.2160	12.5200
21.2160	12.5240
21.1920	12.5240
21.1880	12.5280
21.1840	12.5280
21.1800	12.5320
21.0720	12.5320
21.0720	12.5360
21.0640	12.5360
21.0640	12.5400
21.0560	12.5400
21.0560	12.5440
21.0520	12.5440
21.0520	12.5480
21.0480	12.5480
21.0480	12.5520
21.0400	12.5520
21.0400	12.5560
21.0360	12.5560
21.0360	12.5600
21.0320	12.5600
21.0320	12.5640
21.0320	12.5680
21.0240	12.5680
21.0240	12.5720
21.0200	12.5760
21.0160	12.5800
21.0160	12.5840
21.0120	12.5840
21.0120	12.5880
20.9440	12.5880
20.9440	12.5840
20.8280	12.5840
20.8240	12.5880
20.7960	12.5880
20.7960	12.5920
20.7760	12.5920
20.7760	12.5960
20.7720	12.5960
20.7720	12.6000
20.7640	12.6000
20.7600	12.6040
20.7560	12.6040
20.7560	12.6080
20.7480	12.6080
20.7480	12.6120
20.7440	12.6120
20.7440	12.6160
20.7360	12.6160
20.7360	12.6200
20.7240	12.6200
20.7240	12.6240
20.7160	12.6240
20.7160	12.6280
20.7120	12.6320
20.7040	12.6320
20.7040	12.6360
20.6840	12.6360
20.6840	12.6400
20.6640	12.6400
20.6640	12.6440
20.6560	12.6440
20.6560	12.6480
20.6440	12.6480
20.6400	12.6520
20.6280	12.6520
20.6280	12.6560
20.6160	12.6560
20.6160	12.6600
20.6080	12.6600
20.6080	12.6640
20.5960	12.6640
20.5920	12.6680
20.5840	12.6680
20.5840	12.6720
20.5760	12.6720
20.5760	12.6760
20.5680	12.6760
20.5680	12.6800
20.5680	12.6840
20.5600	12.6840
20.5600	12.6880
20.5560	12.6880
20.5560	12.6920
20.5520	12.6920
20.5520	12.6960
20.5480	12.6960
20.5440	12.7000
20.5440	12.7040
20.5400	12.7040
20.5360	12.7080
20.5360	12.7120
20.5320	12.7120
20.5320	12.7160
20.5280	12.7160
20.5280	12.7200
20.5240	12.7200
20.5240	12.7240
20.5160	12.7240
20.5160	12.7280
20.5120	12.7280
20.5120	12.7320
20.5080	12.7320
20.5080	12.7360
20.5040	12.7360
20.5040	12.7400
20.4960	12.7400
20.4960	12.7440
20.4960	12.7480
20.4880	12.7480
20.4880	12.7520
20.4840	12.7520
20.4840	12.7560
20.4760	12.7560
20.4760	12.7600
20.4720	12.7600
20.4720	12.7640
20.4680	12.7640
20.4680	12.7680
20.4600	12.7680
20.4560	12.7720
20.4520	12.7720
20.4520	12.7760
20.4440	12.7760
20.4440	12.7800
20.4400	12.7800
20.4400	12.7840
20.4320	12.7840
20.4320	12.7880
20.4200	12.7880
20.4200	12.7920
20.3520	12.7920
20.3520	12.7960
20.3120	12.7960
20.3120	12.8000
20.2920	12.8000
20.2920	12.8040
20.2680	12.8040
20.2680	12.8080
20.2520	12.8080
20.2520	12.8120
20.2480	12.8120
20.2480	12.8160
20.2440	12.8160
20.2440	12.8200
20.2400	12.8200
20.2400	12.8240
20.2320	12.8240
20.2320	12.8280
20.2280	12.8280
20.2280	12.8320
20.2240	12.8320
20.2240	12.8360
20.2200	12.8360
20.2200	12.8400
20.2120	12.8400
20.2120	12.8440
20.2120	12.8480
20.2080	12.8480
20.2080	12.8520
20.2040	12.8520
20.2040	12.8560
20.1960	12.8560
20.1960	12.8600
20.1960	12.8640
20.1920	12.8640
20.1920	12.8680
20.1880	12.8680
20.1880	12.8720
20.1840	12.8720
20.1840	12.8760
20.1800	12.8760
20.1800	12.8800
20.1760	12.8800
20.1760	12.8840
20.1760	12.8880
20.1720	12.8880
20.1720	12.8920
20.1720	12.8960
20.1640	12.8960
20.1640	12.9000
20.1640	12.9040
20.1600	12.9040
20.1600	12.9080
20.1600	12.9120
20.1560	12.9120
20.1560	12.9160
20.1560	12.9200
20.1520	12.9200
20.1520	12.9240
20.1480	12.9240
20.1480	12.9280
20.1480	12.9320
20.1440	12.9320
20.1440	12.9360
20.1400	12.9360
20.1400	12.9400
20.1360	12.9440
20.1320	12.9440
20.1320	12.9480
20.1320	12.9520
20.1280	12.9520
20.1280	12.9560
20.1240	12.9560
20.1240	12.9600
20.1240	12.9640
20.1160	12.9640
20.1160	12.9680
20.1080	12.9680
20.1080	12.9720
20.1000	12.9720
20.1000	12.9760
20.0960	12.9760
20.0960	12.9800
20.0840	12.9800
20.0840	12.9840
20.0760	12.9840
20.0720	12.9880
20.0560	12.9880
20.0560	12.9920
20.0480	12.9920
20.0480	12.9960
20.0400	12.9960
20.0400	13.0000
20.0320	13.0000
20.0320	13.0040
20.0280	13.0040
20.0280	13.0080
20.0240	13.0120
20.0240	13.0160
20.0160	13.0160
20.0160	13.0200
20.0120	13.0200
20.0120	13.0240
20.0120	13.0280
20.0080	13.0280
20.0080	13.0320
20.0040	13.0320
20.0040	13.0360
20.0000	13.0360
20.0000	13.0400
20.0000	13.0440
19.9960	13.0440
19.9960	13.0480
19.9920	13.0480
19.9920	13.0520
19.9920	13.0560
19.9880	13.0560
19.9840	13.0600
19.9840	13.0640
19.9800	13.0640
19.9800	13.0680
19.9720	13.0680
19.9720	13.0720
19.9720	13.0760
19.9640	13.0760
19.9640	13.0800
19.9600	13.0800
19.9600	13.0840
19.9560	13.0840
19.9560	13.0880
19.9520	13.0880
19.9520	13.0920
19.9480	13.0920
19.9480	13.0960
19.9440	13.0960
19.9440	13.1000
19.9400	13.1000
19.9400	13.1040
19.9320	13.1040
19.9320	13.1080
19.9320	13.1120
19.9240	13.1120
19.9240	13.1160
19.9200	13.1160
19.9200	13.1200
19.9160	13.1200
19.9160	13.1240
19.9120	13.1240
19.9120	13.1280
19.9080	13.1280
19.9080	13.1320
19.9040	13.1320
19.9000	13.1360
19.8960	13.1360
19.8960	13.1400
19.8960	13.1440
19.8920	13.1440
19.8920	13.1480
19.8840	13.1480
19.8840	13.1520
19.8800	13.1520
19.8800	13.1560
19.8800	13.1600
19.8760	13.1600
19.8760	13.1640
19.8720	13.1640
19.8720	13.1680
19.8680	13.1680
19.8680	13.1720
19.8680	13.1760
19.8640	13.1760
19.8640	13.1800
19.8640	13.1840
19.8600	13.1840
19.8600	13.1880
19.8600	13.1920
19.8600	13.1960
19.8560	13.1960
19.8560	13.2000
19.8560	13.2040
19.8560	13.2080
19.8560	13.2120
19.8520	13.2120
19.8520	13.2160
19.8520	13.2200
19.8480	13.2200
19.8480	13.2240
19.8480	13.2280
19.8480	13.2320
19.8480	13.2360
19.8440	13.2400
19.8440	13.2440
19.8440	13.2480
19.8440	13.2520
19.8400	13.2520
19.8400	13.2560
19.8400	13.2600
19.8400	13.2640
19.8400	13.2680
19.8360	13.2680
19.8360	13.2720
19.8360	13.2760
19.8320	13.2760
19.8320	13.2800
19.8320	13.2840
19.8320	13.2880
19.8280	13.2880
19.8280	13.2920
19.8280	13.2960
19.8240	13.3000
19.8240	13.3040
19.8240	13.3080
19.8200	13.3080
19.8200	13.3120
19.8160	13.3160
19.8160	13.3200
19.8160	13.3240
19.8160	13.3280
19.8120	13.3280
19.8120	13.3320
19.8120	13.3360
19.8080	13.3360
19.8080	13.3400
19.8080	13.3440
19.8080	13.3480
19.8040	13.3480
19.8040	13.3520
19.8000	13.3520
19.8000	13.3560
19.8000	13.3600
19.8000	13.3640
19.8000	13.3680
19.7960	13.3680
19.7960	13.3720
19.7960	13.3760
19.7960	13.3800
19.7960	13.3840
19.7960	13.3880
19.7920	13.3880
19.7920	13.3920
19.7920	13.3960
19.7920	13.4000
19.7880	13.4000
19.7880	13.4040
19.7840	13.4040
19.7840	13.4080
19.7840	13.4120
19.7840	13.4160
19.7800	13.4160
19.7800	13.4200
19.7800	13.4240
19.7760	13.4240
19.7760	13.4280
19.7760	13.4320
19.7720	13.4320
19.7720	13.4360
19.7680	13.4360
19.7680	13.4400
19.7680	13.4440
19.7640	13.4440
19.7640	13.4480
19.7640	13.4520
19.7640	13.4560
19.7600	13.4560
19.7600	13.4600
19.7600	13.4640
19.7560	13.4640
19.7560	13.4680
19.7520	13.4680
19.7520	13.4720
19.7520	13.4760
19.7520	13.4800
19.7480	13.4800
19.7480	13.4840
19.7480	13.4880
19.7480	13.4920
19.7440	13.4960
19.7440	13.5000
19.7440	13.5040
19.7440	13.5080
19.7440	13.5120
19.7440	13.5160
19.7440	13.5200
19.7440	13.5240
19.7480	13.5240
19.7480	13.5280
19.7480	13.5320
19.7480	13.5360
19.7480	13.5400
19.7480	13.5440
19.7520	13.5440
19.7520	13.5480
19.7520	13.5520
19.7560	13.5520
19.7560	13.5560
19.7600	13.5560
19.7600	13.5600
19.7640	13.5600
19.7640	13.5640
19.7680	13.5640
19.7680	13.5680
19.7800	13.5680
19.7800	13.5720
19.7800	13.5760
19.7880	13.5760
19.7880	13.5800
19.7920	13.5800
19.7920	13.5840
19.7920	13.5880
19.7880	13.5880
19.7880	13.5920
19.7840	13.5920
19.7840	13.5960
19.7800	13.5960
19.7760	13.6000
19.7720	13.6040
19.7680	13.6040
19.7680	13.6080
19.7640	13.6080
19.7640	13.6120
19.7600	13.6120
19.7600	13.6160
19.7560	13.6160
19.7520	13.6200
19.7480	13.6200
19.7480	13.6240
19.7480	13.6280
19.7400	13.6280
19.7400	13.6320
19.7360	13.6320
19.7360	13.6360
19.7360	13.6400
19.7360	13.6440
19.7360	13.6480
19.7360	13.6520
19.7360	13.6600
19.7360	13.6640
19.7320	13.6640
19.7320	13.6680
19.7320	13.6720
19.7320	13.6760
19.7320	13.6800
19.7320	13.6840
19.7320	13.6880
19.7320	13.6920
19.7320	13.6960
19.7320	13.7000
19.7320	13.7040
19.7320	13.7080
19.7320	13.7120
19.7320	13.7160
19.7320	13.7200
19.7320	13.7240
19.7320	13.7280
19.7320	13.7320
19.7280	13.7320
19.7280	13.7360
19.7280	13.7400
19.7280	13.7440
19.7280	13.7480
19.7280	13.7520
19.7280	13.7560
19.7280	13.7600
19.7280	13.7640
19.7280	13.7680
19.7240	13.7760
19.7240	13.7800
19.7240	13.7840
19.7240	13.7880
19.7240	13.7960
19.7240	13.8000
19.7240	13.8040
19.7240	13.8080
19.7240	13.8120
19.7240	13.8160
19.7240	13.8200
19.7240	13.8240
19.7240	13.8280
19.7240	13.8320
19.7200	13.8320
19.7200	13.8360
19.7200	13.8400
19.7200	13.8440
19.7200	13.8480
19.7200	13.8520
19.7160	13.8560
19.7160	13.8600
19.7160	13.8640
19.7160	13.8680
19.7160	13.8720
19.7160	13.8760
19.7120	13.8760
19.7120	13.8800
19.7080	13.8800
19.7080	13.8840
19.7080	13.8880
19.7080	13.8920
19.7080	13.8960
19.7040	13.8960
19.7040	13.9000
19.7040	13.9040
19.7000	13.9040
19.7000	13.9080
19.7000	13.9120
19.6960	13.9120
19.6960	13.9160
19.6960	13.9200
19.6920	13.9200
19.6920	13.9240
19.6920	13.9280
19.6880	13.9280
19.6880	13.9320
19.6840	13.9320
19.6840	13.9360
19.6800	13.9400
19.6800	13.9440
19.6760	13.9480
19.6720	13.9480
19.6720	13.9520
19.6680	13.9560
19.6680	13.9600
19.6640	13.9600
19.6640	13.9640
19.6640	13.9680
19.6560	13.9680
19.6560	13.9720
19.6520	13.9760
19.6480	13.9760
19.6480	13.9800
19.6400	13.9800
19.6400	13.9840
19.6360	13.9880
19.6320	13.9880
19.6320	13.9920
19.6280	13.9960
19.6200	13.9960
19.6200	14.0000
19.6160	14.0000
19.6160	14.0040
19.6120	14.0040
19.6120	14.0080
19.6040	14.0080
19.6040	14.0120
19.5880	14.0120
19.5880	14.0160
19.5800	14.0160
19.5800	14.0200
19.5360	14.0200
19.5360	14.0240
19.5000	14.0240
19.5000	14.0280
19.4720	14.0280
19.4720	14.0320
19.4480	14.0320
19.4480	14.0360
19.4400	14.0360
19.4400	14.0400
19.4360	14.0440
19.4320	14.0440
19.4320	14.0480
19.4280	14.0520
19.4240	14.0520
19.4240	14.0600
19.4200	14.0600
19.4200	14.0640
19.4160	14.0640
19.4160	14.0680
19.4120	14.0720
19.4080	14.0760
19.4040	14.0800
19.4040	14.0840
19.4000	14.0840
19.4000	14.0880
19.4000	14.0920
19.4000	14.0960
19.3960	14.0960
19.3960	14.1000
19.3920	14.1000
19.3920	14.1040
19.3920	14.1080
19.3920	14.1120
19.3920	14.1160
19.3920	14.1200
19.3920	14.1240
19.3920	14.1280
19.3920	14.1320
19.3920	14.1360
19.3920	14.1400
19.3920	14.1440
19.3920	14.1480
19.3920	14.1520
19.3920	14.1560
19.3920	14.1600
19.3920	14.1640
19.3920	14.1680
19.3920	14.1720
19.3960	14.1720
19.3960	14.1760
19.3960	14.1800
19.3960	14.1840
19.4000	14.1840
19.4000	14.1880
19.4040	14.1880
19.4040	14.1920
19.4040	14.1960
19.4040	14.2000
19.4080	14.2000
19.4080	14.2040
19.4080	14.2080
19.4080	14.2120
19.4080	14.2160
19.4080	14.2200
19.4080	14.2240
19.4080	14.2280
19.4080	14.2320
19.4040	14.2320
19.4040	14.2360
19.4040	14.2400
19.4040	14.2440
19.4040	14.2480
19.4040	14.2520
19.4040	14.2560
19.4040	14.2600
19.4040	14.2640
19.4040	14.2680
19.4040	14.2720
19.4040	14.2760
19.4040	14.2800
19.4040	14.2840
19.4040	14.2880
19.4040	14.2920
19.4000	14.2920
19.4000	14.2960
19.3960	14.3000
19.3920	14.3080
19.3880	14.3080
19.3840	14.3160
19.3840	14.3200
19.3800	14.3240
19.3760	14.3280
19.3720	14.3320
19.3680	14.3400
19.3640	14.3440
19.3600	14.3480
19.3560	14.3480
19.3520	14.3520
19.3520	14.3560
19.3440	14.3560
19.3440	14.3600
19.3160	14.3600
19.3160	14.3640
19.2960	14.3640
19.2960	14.3680
19.2880	14.3680
19.2880	14.3720
19.2760	14.3720
19.2760	14.3760
19.2720	14.3760
19.2680	14.3800
19.2680	14.3840
19.2640	14.3840
19.2640	14.3880
19.2600	14.3880
19.2600	14.3920
19.2600	14.3960
19.2560	14.4000
19.2560	14.4040
19.2560	14.4080
19.2520	14.4080
19.2520	14.4120
19.2520	14.4160
19.2520	14.4200
19.2480	14.4200
19.2480	14.4240
19.2440	14.4240
19.2440	14.4280
19.2440	14.4320
19.2400	14.4320
19.2400	14.4360
19.2400	14.4400
19.2360	14.4400
19.2360	14.4440
19.2240	14.4440
19.2240	14.4480
19.2200	14.4480
19.2160	14.4520
19.2160	14.4560
19.2120	14.4560
19.2120	14.4600
19.2120	14.4640
19.2080	14.4680
19.2080	14.4720
19.2080	14.4760
19.2080	14.4800
19.2080	14.4840
19.2080	14.4880
19.2040	14.4880
19.2040	14.4920
19.2040	14.4960
19.2040	14.5000
19.2040	14.5040
19.2040	14.5080
19.2040	14.5120
19.2040	14.5200
19.2040	14.5240
19.2040	14.5280
19.2040	14.5320
19.2040	14.5360
19.2040	14.5400
19.2040	14.5440
19.2000	14.5440
19.2000	14.5480
19.2000	14.5520
19.2000	14.5560
19.2000	14.5600
19.2000	14.5640
19.2000	14.5680
19.2000	14.5720
19.2000	14.5760
19.2000	14.5800
19.2000	14.5840
19.2000	14.5880
19.2000	14.5920
19.2000	14.5960
19.2000	14.6000
19.2000	14.6040
19.2000	14.6080
19.2000	14.6120
19.2000	14.6160
19.2000	14.6200
19.2040	14.6200
19.2040	14.6240
19.2080	14.6240
19.2080	14.6280
19.2080	14.6320
19.2080	14.6360
19.2080	14.6400
19.2120	14.6480
19.2120	14.6520
19.2120	14.6560
19.2160	14.6560
19.2160	14.6600
19.2160	14.6640
19.2160	14.6680
19.2160	14.6720
19.2160	14.6760
19.2200	14.6800
19.2240	14.6840
19.2240	14.6880
19.2240	14.6920
19.2240	14.6960
19.2280	14.7000
19.2280	14.7040
19.2280	14.7080
19.2320	14.7080
19.2320	14.7120
19.2320	14.7160
19.2320	14.7200
19.2360	14.7240
19.2400	14.7320
19.2400	14.7360
19.2400	14.7400
19.2400	14.7440
19.2400	14.7480
19.2400	14.7520
19.2440	14.7520
19.2440	14.7560
19.2440	14.7600
19.2440	14.7640
19.2440	14.7680
19.2440	14.7720
19.2440	14.7760
19.2440	14.7800
19.2440	14.7840
19.2440	14.7880
19.2480	14.7920
19.2480	14.8040
19.2480	14.8120
19.2520	14.8240
19.2520	14.8280
19.2520	14.8360
19.2520	14.8400
19.2520	14.8440
19.2560	14.8440
19.2560	14.8480
19.2560	14.8520
19.2560	14.8560
19.2560	14.8600
19.2560	14.8640
19.2560	14.8680
19.2560	14.8720
19.2560	14.8760
19.2600	14.8840
19.2600	14.8880
19.2600	14.8920
19.2600	14.9000
19.2600	14.9040
19.2600	14.9080
19.2600	14.9120
19.2600	14.9160
19.2600	14.9200
19.2600	14.9240
19.2600	14.9280
19.2640	14.9280
19.2640	14.9320
19.2640	14.9360
19.2640	14.9400
19.2640	14.9440
19.2640	14.9480
19.2640	14.9520
19.2640	14.9560
19.2640	14.9600
19.2640	14.9640
19.2640	14.9680
19.2680	14.9680
19.2680	14.9720
19.2680	14.9760
19.2680	14.9800
19.2720	14.9800
19.2720	14.9840
19.2720	14.9880
19.2720	14.9920
19.2720	14.9960
19.2720	15.0000
19.2720	15.0040
19.2720	15.0080
19.2720	15.0120
19.2720	15.0160
19.2720	15.0200
19.2720	15.0240
19.2720	15.0280
19.2720	15.0320
19.2720	15.0360
19.2720	15.0400
19.2720	15.0440
19.2720	15.0480
19.2720	15.0520
19.2720	15.0560
19.2720	15.0600
19.2720	15.0640
19.2720	15.0680
19.2720	15.0720
19.2720	15.0760
19.2720	15.0800
19.2720	15.0840
19.2760	15.0840
19.2760	15.0880
19.2760	15.0920
19.2760	15.0960
19.2760	15.1000
19.2800	15.1000
19.2800	15.1040
19.2800	15.1080
19.2800	15.1120
19.2840	15.1160
19.2880	15.1160
19.2880	15.1200
19.2880	15.1240
19.2920	15.1240
19.2920	15.1280
19.2920	15.1320
19.2920	15.1360
19.2960	15.1360
19.2960	15.1400
19.2960	15.1440
19.2960	15.1480
19.2960	15.1520
19.3000	15.1520
19.3000	15.1560
19.3040	15.1640
19.3040	15.1680
19.3040	15.1720
19.3080	15.1720
19.3080	15.1760
19.3080	15.1800
19.3080	15.1840
19.3120	15.1840
19.3120	15.1880
19.3120	15.1920
19.3120	15.1960
19.3120	15.2000
19.3120	15.2040
19.3160	15.2040
19.3160	15.2080
19.3160	15.2120
19.3200	15.2120
19.3200	15.2160
19.3240	15.2200
19.3240	15.2240
19.3240	15.2280
19.3280	15.2320
19.3280	15.2360
19.3320	15.2400
19.3320	15.2440
19.3360	15.2520
19.3400	15.2520
19.3400	15.2560
19.3440	15.2560
19.3440	15.2600
19.3440	15.2640
19.3440	15.2680
19.3480	15.2680
19.3480	15.2720
19.3480	15.2760
19.3480	15.2800
19.3480	15.2840
19.3480	15.2880
19.3520	15.2920
19.3520	15.2960
19.3520	15.3000
19.3520	15.3040
19.3520	15.3080
19.3560	15.3120
19.3560	15.3160
19.3560	15.3200
19.3560	15.3240
19.3560	15.3280
19.3560	15.3320
19.3560	15.3360
19.3560	15.3400
19.3560	15.3480
19.3600	15.3520
19.3600	15.3560
19.3600	15.3600
19.3600	15.3640
19.3600	15.3680
19.3600	15.3720
19.3640	15.3760
19.3640	15.3800
19.3640	15.3840
19.3640	15.3880
19.3640	15.3920
19.3680	15.3920
19.3680	15.3960
19.3680	15.4000
19.3720	15.4000
19.3720	15.4040
19.3720	15.4080
19.3720	15.4120
19.3760	15.4160
19.3760	15.4200
19.3760	15.4240
19.3760	15.4280
19.3760	15.4320
19.3800	15.4360
19.3800	15.4400
19.3800	15.4440
19.3800	15.4480
19.3840	15.4520
19.3840	15.4560
19.3840	15.4600
19.3880	15.4640
19.3880	15.4680
19.3880	15.4720
19.3920	15.4760
19.3920	15.4800
19.3920	15.4840
19.3960	15.4840
19.3960	15.4880
19.3960	15.4960
19.4000	15.5000
19.4000	15.5040
19.4040	15.5040
19.4040	15.5080
19.4040	15.5120
19.4040	15.5160
19.4080	15.5160
19.4080	15.5200
19.4080	15.5240
19.4080	15.5280
19.4120	15.5320
19.4120	15.5360
19.4160	15.5440
19.4160	15.5480
19.4200	15.5520
19.4200	15.5560
19.4240	15.5600
19.4240	15.5640
19.4280	15.5680
19.4280	15.5720
19.4280	15.5800
19.4320	15.5840
19.4360	15.5880
19.4360	15.5960
19.4400	15.5960
19.4400	15.6000
19.4400	15.6040
19.4400	15.6080
19.4400	15.6120
19.4400	15.6160
19.4400	15.6200
19.4400	15.6240
19.4400	15.6280
19.4400	15.6320
19.4440	15.6360
19.4440	15.6400
19.4440	15.6440
19.4440	15.6480
19.4440	15.6520
19.4440	15.6560
19.4440	15.6600
19.4440	15.6640
19.4480	15.6640
19.4480	15.6680
19.4480	15.6720
19.4480	15.6760
19.4520	15.6760
19.4520	15.6800
19.4520	15.6840
19.4520	15.6880
19.4520	15.6920
19.4560	15.6920
19.4560	15.6960
19.4560	15.7000
19.4560	15.7040
19.4600	15.7080
19.4600	15.7120
19.4600	15.7160
19.4600	15.7200
19.4640	15.7200
19.4640	15.7240
19.4640	15.7280
19.4640	15.7320
19.4680	15.7320
19.4680	15.7360
19.4720	15.7400
19.4720	15.7440
19.4720	15.7480
19.4760	15.7480
19.4760	15.7520
19.4760	15.7560
19.4800	15.7600
19.4800	15.7640
19.4800	15.7680
19.4840	15.7680
19.4880	15.7720
19.4880	15.7760
19.4880	15.7800
19.4920	15.7800
19.4920	15.7840
19.4920	15.7880
19.4960	15.7880
19.4960	15.7920
19.4960	15.7960
19.5000	15.7960
19.5000	15.8000
19.5040	15.8000
19.5040	15.8040
19.5040	15.8080
19.5040	15.8120
19.5080	15.8120
19.5080	15.8160
19.5080	15.8200
19.5080	15.8240
19.5120	15.8240
19.5120	15.8280
19.5120	15.8320
19.5120	15.8360
19.5120	15.8400
19.5120	15.8440
19.5120	15.8480
19.5160	15.8480
19.5160	15.8520
19.5160	15.8560
19.5160	15.8600
19.5160	15.8640
19.5160	15.8680
19.5160	15.8720
19.5160	15.8760
19.5160	15.8800
19.5160	15.8840
19.5160	15.8880
19.5160	15.8920
19.5160	15.8960
19.5160	15.9000
19.5160	15.9080
19.5160	15.9120
19.5160	15.9160
19.5160	15.9240
19.5160	15.9320
19.5160	15.9360
19.5160	15.9400
19.5160	15.9440
19.5160	15.9480
19.5160	15.9560
19.5160	15.9600
19.5160	15.9640
19.5160	15.9680
19.5160	15.9720
19.5160	15.9760
19.5160	15.9800
19.5160	15.9840
19.5160	15.9880
19.5160	15.9920
19.5160	15.9960
19.5160	16.0000
19.5120	16.0040
19.5120	16.0080
19.5120	16.0120
19.5120	16.0160
19.5080	16.0160
19.5080	16.0200
19.5080	16.0240
19.5080	16.0280
19.5080	16.0320
19.5080	16.0360
19.5080	16.0400
19.5040	16.0400
19.5040	16.0440
19.5040	16.0480
19.5040	16.0520
19.5040	16.0560
19.5040	16.0600
19.5040	16.0640
19.5040	16.0680
19.5000	16.0680
19.5000	16.0720
19.5000	16.0760
19.5000	16.0800
19.5000	16.0840
19.5000	16.0880
19.5000	16.0920
19.5000	16.0960
19.4960	16.0960
19.4960	16.1000
19.4960	16.1040
19.4960	16.1080
19.4960	16.1120
19.4960	16.1160
19.4960	16.1200
19.4960	16.1240
19.4960	16.1280
19.4960	16.1320
19.4960	16.1360
19.4960	16.1400
19.4960	16.1440
19.4960	16.1480
19.5000	16.1480
19.5000	16.1520
19.5000	16.1560
19.5000	16.1600
19.5000	16.1640
19.5000	16.1680
19.5000	16.1720
19.5000	16.1760
19.5040	16.1760
19.5040	16.1800
19.5040	16.1840
19.5040	16.1880
19.5040	16.1920
19.5040	16.1960
19.5040	16.2000
19.5040	16.2040
19.5040	16.2080
19.5040	16.2120
19.5080	16.2160
19.5080	16.2200
19.5080	16.2240
19.5080	16.2280
19.5120	16.2320
19.5120	16.2360
19.5120	16.2400
19.5160	16.2440
19.5200	16.2440
19.5200	16.2480
19.5200	16.2560
19.5240	16.2560
19.5240	16.2600
19.5280	16.2600
19.5280	16.2640
19.5320	16.2680
19.5320	16.2720
19.5360	16.2720
19.5360	16.2760
19.5400	16.2760
19.5400	16.2800
19.5440	16.2800
19.5440	16.2840
19.5480	16.2880
19.5520	16.2880
19.5520	16.2920
19.5560	16.2920
19.5560	16.2960
19.5600	16.3000
19.5600	16.3040
19.5680	16.3080
19.5720	16.3120
19.5760	16.3160
19.5760	16.3200
19.5800	16.3240
19.5840	16.3240
19.5840	16.3280
19.5920	16.3280
19.5920	16.3320
19.5960	16.3320
19.5960	16.3360
19.5960	16.3400
19.6040	16.3400
19.6040	16.3440
19.6080	16.3440
19.6080	16.3480
19.6120	16.3480
19.6120	16.3520
19.6160	16.3560
19.6200	16.3560
19.6200	16.3600
19.6280	16.3600
19.6280	16.3640
19.6320	16.3640
19.6360	16.3720
19.6400	16.3720
19.6400	16.3760
19.6440	16.3760
19.6440	16.3800
19.6520	16.3800
19.6520	16.3840
19.6520	16.3880
19.6560	16.3880
19.6560	16.3920
19.6600	16.3920
19.6640	16.3960
19.6680	16.3960
19.6680	16.4000
19.6680	16.4040
19.6720	16.4040
19.6720	16.4080
19.6760	16.4080
19.6760	16.4120
19.6800	16.4120
19.6840	16.4160
19.6840	16.4200
19.6880	16.4200
19.6920	16.4240
19.6960	16.4280
19.7040	16.4320
19.7080	16.4360
19.7160	16.4400
19.7200	16.4440
19.7240	16.4480
19.7240	16.4520
19.7320	16.4520
19.7320	16.4560
19.7360	16.4560
19.7400	16.4600
19.7440	16.4600
19.7480	16.4640
19.7560	16.4680
19.7600	16.4720
19.7680	16.4760
19.7760	16.4760
19.7800	16.4800
19.7880	16.4800
19.7880	16.4840
19.7880	16.4880
19.8000	16.4880
19.8040	16.4920
19.8080	16.4960
19.8120	16.5000
19.8160	16.5000
19.8200	16.5040
19.8240	16.5040
19.8240	16.5080
19.8320	16.5080
19.8320	16.5120
19.8360	16.5120
19.8360	16.5200
19.8400	16.5200
19.8400	16.5240
19.8440	16.5240
19.8440	16.5280
19.8480	16.5280
19.8520	16.5320
19.8520	16.5360
19.8560	16.5360
19.8560	16.5400
19.8560	16.5440
19.8600	16.5440
19.8600	16.5480
19.8640	16.5480
19.8640	16.5520
19.8680	16.5520
19.8680	16.5560
19.8720	16.5560
19.8720	16.5600
19.8760	16.5640
19.8760	16.5680
19.8760	16.5720
19.8800	16.5720
19.8840	16.5760
19.8880	16.5800
19.8880	16.5880
19.8920	16.5880
19.8920	16.5920
19.8920	16.5960
19.8960	16.5960
19.8960	16.6000
19.8960	16.6040
19.9000	16.6040
19.9000	16.6080
19.9000	16.6120
19.9040	16.6120
19.9040	16.6160
19.9040	16.6200
19.9040	16.6240
19.9080	16.6280
19.9080	16.6360
19.9080	16.6400
19.9120	16.6400
19.9120	16.6440
19.9120	16.6480
19.9160	16.6480
19.9160	16.6520
19.9160	16.6560
19.9160	16.6600
19.9200	16.6600
19.9200	16.6640
19.9200	16.6680
19.9200	16.6720
19.9240	16.6720
19.9240	16.6760
19.9280	16.6760
19.9320	16.6840
19.9320	16.6880
19.9360	16.6920
19.9360	16.6960
19.9360	16.7000
19.9400	16.7000
19.9400	16.7040
19.9440	16.7040
19.9440	16.7080
19.9480	16.7080
19.9480	16.7120
19.9520	16.7120
19.9520	16.7160
19.9520	16.7200
19.9560	16.7200
19.9560	16.7240
19.9640	16.7240
19.9640	16.7280
19.9680	16.7320
19.9680	16.7360
19.9720	16.7360
19.9720	16.7400
19.9760	16.7400
19.9800	16.7440
19.9840	16.7480
19.9840	16.7520
19.9880	16.7520
19.9880	16.7560
19.9960	16.7600
20.0000	16.7680
20.0040	16.7720
20.0080	16.7720
20.0080	16.7760
20.0120	16.7760
20.0160	16.7840
20.0200	16.7880
20.0240	16.7880
20.0240	16.7920
20.0280	16.7960
20.0320	16.8000
20.0320	16.8040
20.0360	16.8040
20.0360	16.8080
20.0360	16.8160
20.0400	16.8160
20.0400	16.8200
20.0400	16.8240
20.0440	16.8280
20.0480	16.8360
20.0520	16.8400
20.0520	16.8440
20.0520	16.8480
20.0520	16.8520
20.0560	16.8560
20.0560	16.8600
20.0560	16.8640
20.0560	16.8680
20.0600	16.8680
20.0640	16.8720
20.0640	16.8760
20.0640	16.8800
20.0640	16.8840
20.0640	16.8880
20.0680	16.8880
20.0680	16.8920
20.0680	16.8960
20.0680	16.9000
20.0680	16.9040
20.0720	16.9040
20.0720	16.9080
20.0720	16.9160
20.0720	16.9200
20.0760	16.9200
20.0760	16.9240
20.0800	16.9240
20.0800	16.9280
20.0800	16.9320
20.0800	16.9360
20.0800	16.9400
20.0800	16.9440
20.0840	16.9440
20.0840	16.9480
20.0840	16.9520
20.0840	16.9560
20.0840	16.9600
20.0880	16.9640
20.0880	16.9680
20.0880	16.9720
20.0880	16.9760
20.0880	16.9840
20.0920	16.9840
20.0920	16.9880
20.0920	16.9920
20.0920	16.9960
20.0920	17.0000
20.0960	17.0000
20.0960	17.0040
20.1000	17.0080
20.1000	17.0120
20.1000	17.0160
20.1040	17.0200
20.1040	17.0240
20.1080	17.0320
20.1080	17.0360
20.1160	17.0400
20.1160	17.0440
20.1200	17.0480
20.1200	17.0520
20.1200	17.0560
20.1240	17.0560
20.1240	17.0600
20.1240	17.0640
20.1280	17.0640
20.1280	17.0680
20.1320	17.0680
20.1320	17.0720
20.1360	17.0760
20.1360	17.0800
20.1400	17.0800
20.1400	17.0840
20.1400	17.0880
20.1440	17.0920
20.1480	17.0920
20.1480	17.1000
20.1520	17.1040
20.1520	17.1080
20.1560	17.1080
20.1560	17.1120
20.1560	17.1160
20.1600	17.1160
20.1600	17.1200
20.1640	17.1200
20.1640	17.1240
20.1640	17.1280
20.1640	17.1320
20.1680	17.1320
20.1680	17.1360
20.1680	17.1400
20.1720	17.1400
20.1720	17.1440
20.1720	17.1480
20.1720	17.1520
20.1760	17.1520
20.1760	17.1560
20.1800	17.1560
20.1800	17.1600
20.1800	17.1640
20.1840	17.1640
20.1840	17.1680
20.1840	17.1720
20.1880	17.1720
20.1880	17.1760
20.1920	17.1760
20.1920	17.1800
20.1960	17.1840
20.2000	17.1840
20.2000	17.1880
20.2040	17.1920
20.2080	17.1960
20.2120	17.1960
20.2120	17.2000
20.2160	17.2000
20.2160	17.2040
20.2200	17.2040
20.2200	17.2120
20.2240	17.2160
20.2280	17.2160
20.2320	17.2200
20.2360	17.2240
20.2360	17.2280
20.2360	17.2320
20.2400	17.2320
20.2400	17.2360
20.2400	17.2400
20.2440	17.2400
20.2480	17.2440
20.2480	17.2480
20.2480	17.2520
20.2520	17.2520
20.2520	17.2560
20.2520	17.2600
20.2560	17.2600
20.2560	17.2640
20.2560	17.2680
20.2600	17.2680
20.2640	17.2720
20.2680	17.2760
20.2680	17.2800
20.2680	17.2840
20.2720	17.2840
20.2720	17.2880
20.2760	17.2920
20.2800	17.2960
20.2800	17.3000
20.2800	17.3040
20.2840	17.3040
20.2840	17.3120
20.2880	17.3120
20.2880	17.3160
20.2960	17.3160
20.2960	17.3200
20.3000	17.3200
20.3000	17.3240
20.3000	17.3280
20.3040	17.3280
20.3040	17.3320
20.3120	17.3320
20.3120	17.3360
20.3160	17.3360
20.3160	17.3400
20.3160	17.3440
20.3200	17.3440
20.3200	17.3480
20.3240	17.3520
20.3280	17.3520
20.3280	17.3560
20.3320	17.3560
20.3320	17.3600
20.3360	17.3640
20.3360	17.3680
20.3400	17.3680
20.3400	17.3720
20.3440	17.3720
20.3440	17.3800
20.3480	17.3800
20.3480	17.3840
20.3520	17.3840
20.3520	17.3880
20.3560	17.3920
20.3560	17.3960
20.3600	17.4000
20.3640	17.4040
20.3680	17.4080
20.3680	17.4120
20.3680	17.4160
20.3720	17.4200
20.3760	17.4240
20.3800	17.4280
20.3800	17.4320
20.3840	17.4360
20.3840	17.4400
20.3840	17.4440
20.3880	17.4440
20.3880	17.4480
20.3920	17.4520
20.3960	17.4560
20.3960	17.4600
20.4000	17.4640
20.4040	17.4680
20.4040	17.4720
20.4120	17.4760
20.4120	17.4800
20.4160	17.4840
20.4200	17.4880
20.4200	17.4920
20.4240	17.4920
20.4240	17.4960
20.4280	17.4960
20.4280	17.5000
20.4320	17.5000
20.4320	17.5040
20.4360	17.5120
20.4400	17.5120
20.4440	17.5160
20.4440	17.5200
20.4480	17.5200
20.4480	17.5240
20.4520	17.5280
20.4520	17.5320
20.4600	17.5320
20.4600	17.5360
20.4640	17.5360
20.4640	17.5400
20.4640	17.5440
20.4680	17.5440
20.4720	17.5480
20.4760	17.5480
20.4760	17.5520
20.4800	17.5520
20.4840	17.5560
20.4840	17.5600
20.4880	17.5600
20.4880	17.5640
20.4880	17.5680
20.4920	17.5680
20.4920	17.5720
20.4960	17.5720
20.4960	17.5760
20.4960	17.5800
20.5000	17.5800
20.5000	17.5840
20.5040	17.5880
20.5040	17.5920
20.5120	17.5960
20.5120	17.6000
20.5147	17.6027
20.5147	17.6053
20.5173	17.6080
20.5173	17.6107
20.5173	17.6133
20.5200	17.6160
20.5200	17.6187
20.5227	17.6187
20.5227	17.6213
20.5227	17.6240
20.5227	17.6267
20.5253	17.6267
20.5253	17.6293
20.5253	17.6320
20.5253	17.6347
20.5280	17.6373
20.5280	17.6400
20.5280	17.6427
20.5307	17.6427
20.5307	17.6453
20.5333	17.6453
20.5333	17.6480
20.5333	17.6507
20.5333	17.6533
20.5360	17.6560
20.5360	17.6587
20.5360	17.6613
20.5387	17.6613
20.5387	17.6640
20.5387	17.6667
20.5413	17.6667
20.5413	17.6693
20.5440	17.6693
20.5440	17.6720
20.5440	17.6747
20.5440	17.6800
20.5467	17.6800
20.5467	17.6827
20.5467	17.6853
20.5493	17.6880
20.5493	17.6907
20.5493	17.6933
20.5520	17.6933
20.5520	17.6960
20.5520	17.6987
20.5547	17.6987
20.5547	17.7013
20.5547	17.7040
20.5547	17.7067
20.5573	17.7067
20.5573	17.7093
20.5573	17.7120
20.5573	17.7147
20.5600	17.7147
20.5600	17.7173
20.5627	17.7227
20.5627	17.7253
20.5653	17.7253
20.5653	17.7280
20.5653	17.7307
20.5680	17.7307
20.5680	17.7333
20.5680	17.7360
20.5680	17.7387
20.5707	17.7387
20.5707	17.7413
20.5707	17.7440
20.5707	17.7467
20.5733	17.7467
20.5733	17.7493
20.5760	17.7493
20.5760	17.7520
20.5760	17.7573
20.5787	17.7573
20.5787	17.7600
20.5787	17.7627
20.5813	17.7627
20.5813	17.7653
20.5813	17.7680
20.5813	17.7707
20.5840	17.7707
20.5840	17.7733
20.5867	17.7733
20.5867	17.7760
20.5867	17.7787
20.5893	17.7787
20.5893	17.7813
20.5920	17.7840
20.5920	17.7867
20.5920	17.7893
20.5947	17.7893
20.5947	17.7920
20.5973	17.7947
20.6000	17.7947
20.6000	17.8000
20.6027	17.8027
20.6053	17.8027
20.6053	17.8053
20.6080	17.8080
20.6107	17.8107
20.6107	17.8133
20.6133	17.8133
20.6133	17.8160
20.6160	17.8160
20.6160	17.8187
20.6160	17.8213
20.6187	17.8213
20.6213	17.8240
20.6213	17.8267
20.6240	17.8267
20.6267	17.8293
20.6293	17.8320
20.6347	17.8347
20.6373	17.8373
20.6427	17.8400
20.6453	17.8453
20.6480	17.8480
20.6507	17.8507
20.6533	17.8533
20.6560	17.8560
20.6587	17.8587
20.6613	17.8587
20.6640	17.8613
20.6667	17.8613
20.6693	17.8640
20.6720	17.8667
20.6747	17.8693
20.6800	17.8720
20.6827	17.8747
20.6880	17.8773
20.6933	17.8800
20.6933	17.8827
20.6987	17.8827
20.6987	17.8853
20.6987	17.8880
20.7013	17.8880
20.7013	17.8907
20.7040	17.8907
20.7067	17.8933
20.7093	17.8933
20.7093	17.8960
20.7120	17.8987
20.7147	17.9013
20.7173	17.9013
20.7173	17.9040
20.7200	17.9040
20.7200	17.9067
20.7227	17.9093
20.7253	17.9093
20.7280	17.9120
20.7307	17.9120
20.7307	17.9147
20.7333	17.9147
20.7360	17.9173
20.7387	17.9200
20.7413	17.9227
20.7467	17.9280
20.7493	17.9307
20.7520	17.9333
20.7547	17.9333
20.7547	17.9360
20.7573	17.9360
20.7573	17.9387
20.7600	17.9387
20.7600	17.9413
20.7627	17.9413
20.7653	17.9440
20.7680	17.9467
20.7707	17.9467
20.7733	17.9493
20.7760	17.9520
20.7787	17.9547
20.7813	17.9573
20.7867	17.9600
20.7867	17.9627
20.7893	17.9653
20.7920	17.9680
20.7947	17.9680
20.7973	17.9707
20.8000	17.9733
20.8000	17.9760
20.8000	17.9787
20.8027	17.9787
20.8053	17.9813
20.8080	17.9813
20.8080	17.9840
20.8107	17.9867
20.8133	17.9893
20.8160	17.9920
20.8187	17.9973
20.8213	18.0000
20.8240	18.0000
20.8240	18.0027
20.8267	18.0053
20.8293	18.0053
20.8293	18.0080
20.8320	18.0107
20.8347	18.0133
20.8347	18.0160
20.8400	18.0187
20.8427	18.0213
20.8453	18.0240
20.8480	18.0267
20.8480	18.0320
20.8533	18.0320
20.8533	18.0347
20.8560	18.0347
20.8560	18.0373
20.8587	18.0373
20.8613	18.0400
20.8613	18.0427
20.8640	18.0427
20.8667	18.0453
20.8693	18.0480
20.8720	18.0533
20.8747	18.0533
20.8773	18.0560
20.8800	18.0560
20.8800	18.0587
20.8827	18.0613
20.8853	18.0640
20.8880	18.0667
20.8880	18.0693
20.8907	18.0693
20.8933	18.0720
20.8933	18.0747
20.8960	18.0747
20.8960	18.0773
20.8960	18.0800
20.8987	18.0800
20.8987	18.0853
20.9013	18.0880
20.9013	18.0907
20.9040	18.0933
20.9067	18.0987
20.9067	18.1040
20.9093	18.1040
20.9093	18.1093
20.9120	18.1120
20.9120	18.1173
20.9147	18.1200
20.9147	18.1227
20.9173	18.1253
20.9173	18.1280
20.9200	18.1307
20.9200	18.1307
20.9227	18.1360
20.9227	18.1360
20.9280	18.1387
20.9307	18.1467
20.9387	18.1520
20.9387	18.1547
20.9413	18.1547
20.9413	18.1573
20.9440	18.1573
20.9467	18.1600
20.9493	18.1627
20.9493	18.1653
20.9520	18.1680
20.9547	18.1707
20.9573	18.1707
20.9627	18.1760
20.9653	18.1787
20.9680	18.1813
20.9707	18.1840
20.9733	18.1840
20.9733	18.1867
20.9760	18.1867
20.9760	18.1893
20.9787	18.1893
20.9813	18.1920
20.9840	18.1947
20.9840	18.1973
20.9893	18.1973
20.9920	18.2000
20.9920	18.2027
20.9947	18.2027
20.9973	18.2053
21.0000	18.2080
21.0027	18.2080
21.0027	18.2107
21.0053	18.2107
21.0053	18.2133
21.0080	18.2133
21.0080	18.2160
21.0080	18.2187
21.0133	18.2187
21.0133	18.2213
21.0160	18.2213
21.0160	18.2240
21.0187	18.2267
21.0187	18.2293
21.0213	18.2320
21.0240	18.2320
21.0240	18.2347
21.0267	18.2347
21.0267	18.2400
21.0293	18.2400
21.0293	18.2427
21.0320	18.2427
21.0320	18.2453
21.0347	18.2453
21.0347	18.2480
21.0373	18.2480
21.0373	18.2507
21.0400	18.2533
21.0453	18.2560
21.0453	18.2587
21.0480	18.2613
21.0507	18.2640
21.0507	18.2667
21.0560	18.2693
21.0587	18.2720
21.0587	18.2747
21.0613	18.2773
21.0613	18.2800
21.0640	18.2800
21.0667	18.2827
21.0667	18.2853
21.0693	18.2853
21.0693	18.2880
21.0720	18.2907
21.0747	18.2933
21.0773	18.2960
21.0800	18.2987
21.0827	18.3013
21.0827	18.3040
21.0827	18.3067
21.0880	18.3067
21.0880	18.3093
21.0907	18.3093
21.0907	18.3120
21.0907	18.3147
21.0933	18.3147
21.0933	18.3173
21.0960	18.3200
21.0960	18.3227
21.0987	18.3227
21.1013	18.3253
21.1013	18.3280
21.1013	18.3307
21.1040	18.3307
21.1040	18.3333
21.1067	18.3333
21.1067	18.3360
21.1093	18.3387
21.1120	18.3413
21.1120	18.3440
21.1147	18.3440
21.1147	18.3467
21.1173	18.3493
21.1173	18.3520
21.1173	18.3547
21.1200	18.3547
21.1200	18.3573
21.1227	18.3573
21.1227	18.3627
21.1253	18.3627
21.1280	18.3653
21.1307	18.3680
21.1333	18.3733
21.1387	18.3787
21.1413	18.3813
21.1440	18.3840
21.1467	18.3840
21.1467	18.3867
21.1493	18.3893
21.1547	18.3947
21.1547	18.3973
21.1573	18.4000
21.1600	18.4000
21.1627	18.4053
21.1653	18.4053
21.1653	18.4080
21.1680	18.4080
21.1680	18.4107
21.1707	18.4107
21.1707	18.4133
21.1733	18.4133
21.1733	18.4160
21.1733	18.4187
21.1760	18.4187
21.1787	18.4213
21.1813	18.4213
21.1813	18.4240
21.1840	18.4267
21.1893	18.4293
21.1893	18.4320
21.1920	18.4347
21.1947	18.4373
21.2000	18.4400
21.2027	18.4453
21.2080	18.4480
21.2107	18.4507
21.2107	18.4533
21.2133	18.4533
21.2133	18.4560
21.2160	18.4560
21.2160	18.4587
21.2160	18.4613
21.2213	18.4613
21.2213	18.4640
21.2240	18.4640
21.2240	18.4667
21.2267	18.4693
21.2293	18.4720
21.2320	18.4747
21.2347	18.4747
21.2347	18.4773
21.2373	18.4800
21.2427	18.4827
21.2453	18.4853
21.2480	18.4880
21.2507	18.4907
21.2533	18.4933
21.2533	18.4960
21.2560	18.4960
21.2560	18.4987
21.2587	18.4987
21.2613	18.5013
21.2667	18.5040
21.2693	18.5067
21.2720	18.5093
21.2773	18.5093
21.2800	18.5120
21.2853	18.5147
21.2907	18.5173
21.2933	18.5200
21.2987	18.5227
21.3013	18.5227
21.3013	18.5253
21.3040	18.5253
21.3040	18.5280
21.3093	18.5280
21.3093	18.5307
21.3147	18.5307
21.3147	18.5333
21.3200	18.5333
21.3227	18.5360
21.3253	18.5387
21.3307	18.5387
21.3333	18.5413
21.3387	18.5440
21.3440	18.5467
21.3440	18.5493
21.3467	18.5493
21.3493	18.5520
21.3573	18.5520
21.3573	18.5547
21.3680	18.5547
21.3733	18.5573
21.3787	18.5573
21.3867	18.5600
21.3947	18.5600
21.4027	18.5627
21.4213	18.5627
21.4320	18.5653
21.4427	18.5680
21.4613	18.5680
21.4640	18.5707
21.4747	18.5707
21.4773	18.5733
21.4853	18.5733
21.4880	18.5760
21.4933	18.5760
21.4987	18.5787
21.5547	18.5787
21.5573	18.5760
21.5653	18.5760
21.5653	18.5733
21.5707	18.5733
21.5707	18.5707
21.5760	18.5707
21.5760	18.5680
21.5840	18.5680
21.5840	18.5653
21.5893	18.5653
21.5893	18.5627
21.5893	18.5600
21.6240	18.5600
21.6293	18.5573
21.6453	18.5573
21.6453	18.5547
21.6613	18.5547
21.6640	18.5520
21.6693	18.5520
21.6693	18.5493
21.6800	18.5493
21.6800	18.5467
21.6853	18.5467
21.6853	18.5440
21.6907	18.5440
21.6907	18.5413
21.6933	18.5413
21.6933	18.5387
21.6960	18.5387
21.6960	18.5360
21.7013	18.5360
21.7013	18.5333
21.7040	18.5333
21.7040	18.5307
21.7040	18.5280
21.7067	18.5280
21.7067	18.5253
21.7120	18.5253
21.7120	18.5227
21.7147	18.5227
21.7147	18.5200
21.7147	18.5173
21.7200	18.5173
21.7200	18.5147
21.7200	18.5120
21.7227	18.5120
21.7253	18.5093
21.7253	18.5067
21.7280	18.5040
21.7280	18.5013
21.7307	18.5013
21.7307	18.4987
21.7333	18.4933
21.7360	18.4933
21.7360	18.4907
21.7360	18.4880
21.7387	18.4880
21.7387	18.4853
21.7387	18.4827
21.7387	18.4800
21.7413	18.4800
21.7413	18.4773
21.7413	18.4747
21.7413	18.4720
21.7440	18.4720
21.7440	18.4693
21.7467	18.4693
21.7467	18.4667
21.7467	18.4640
21.7467	18.4613
21.7493	18.4613
21.7493	18.4587
21.7493	18.4560
21.7520	18.4560
21.7520	18.4533
21.7520	18.4507
21.7547	18.4507
21.7547	18.4480
21.7573	18.4453
21.7573	18.4427
21.7573	18.4400
21.7600	18.4400
21.7600	18.4373
21.7600	18.4347
21.7627	18.4347
21.7627	18.4320
21.7627	18.4293
21.7653	18.4293
21.7653	18.4267
21.7680	18.4267
21.7680	18.4240
21.7707	18.4240
21.7707	18.4213
21.7707	18.4187
21.7733	18.4187
21.7733	18.4160
21.7733	18.4133
21.7760	18.4133
21.7760	18.4107
21.7787	18.4107
21.7787	18.4080
21.7787	18.4053
21.7813	18.4053
21.7813	18.4027
21.7813	18.4000
21.7840	18.4000
21.7840	18.3973
21.7840	18.3947
21.7867	18.3947
21.7867	18.3920
21.7893	18.3920
21.7893	18.3893
21.7893	18.3867
21.7893	18.3840
21.7893	18.3813
21.7893	18.3787
21.7893	18.3760
21.7893	18.3733
21.7893	18.3707
21.7893	18.3680
21.7893	18.3653
21.7893	18.3627
21.7893	18.3600
21.7893	18.3573
21.7893	18.3547
21.7893	18.3520
21.7893	18.3493
21.7893	18.3467
21.7893	18.3440
21.7867	18.3440
21.7867	18.3413
21.7867	18.3387
21.7867	18.3360
21.7867	18.3333
21.7867	18.3307
21.7867	18.3280
21.7867	18.3253
21.7867	18.3227
21.7867	18.3200
21.7867	18.3173
21.7867	18.3147
21.7867	18.3120
21.7867	18.3093
21.7867	18.3067
21.7867	18.3040
21.7840	18.3040
21.7840	18.3013
21.7813	18.3013
21.7813	18.2987
21.7813	18.2960
21.7760	18.2960
21.7760	18.2933
21.7707	18.2933
21.7707	18.2907
21.7680	18.2907
21.7680	18.2880
21.7680	18.2853
21.7653	18.2853
21.7653	18.2827
21.7653	18.2800
21.7627	18.2773
21.7600	18.2747
21.7707	18.2747
21.7733	18.2773
21.7840	18.2773
21.7840	18.2800
21.7920	18.2800
21.7920	18.2827
21.8053	18.2827
21.8053	18.2853
21.8373	18.2853
21.8400	18.2880
21.8480	18.2907
21.8533	18.2933
21.8560	18.2960
21.8587	18.2960
21.8613	18.2987
21.8693	18.2987
21.8693	18.3013
21.8720	18.3013
21.8747	18.3040
21.8827	18.3040
21.8827	18.3067
21.8987	18.3067
21.9040	18.3093
21.9707	18.3093
21.9733	18.3120
21.9733	18.3147
21.9760	18.3147
21.9760	18.3173
21.9787	18.3173
21.9813	18.3200
21.9840	18.3227
21.9840	18.3253
21.9867	18.3253
21.9867	18.3280
21.9893	18.3307
21.9920	18.3333
21.9920	18.3360
21.9920	18.3387
21.9920	18.3413
21.9920	18.3440
21.9920	18.3467
21.9920	18.3493
21.9947	18.3520
21.9973	18.3520
21.9973	18.3547
22.0027	18.3547
22.0027	18.3573
22.0107	18.3573
22.0133	18.3600
22.0187	18.3600
22.0240	18.3627
22.0293	18.3627
22.0320	18.3653
22.0533	18.3653
22.0533	18.3627
22.0533	18.3600
22.0533	18.3573
22.0560	18.3573
22.0560	18.3547
22.0587	18.3520
22.0587	18.3493
22.0587	18.3467
22.0613	18.3467
22.0613	18.3440
22.0613	18.3413
22.0613	18.3387
22.0640	18.3387
22.0640	18.3360
22.0693	18.3360
22.0693	18.3333
22.0720	18.3333
22.0720	18.3307
22.0720	18.3280
22.1253	18.3280
22.1280	18.3307
22.1867	18.3307
22.1920	18.3280
22.2400	18.3280
22.2427	18.3307
22.2640	18.3307
22.2640	18.3333
22.2693	18.3333
22.2693	18.3360
22.2773	18.3360
22.2773	18.3387
22.2827	18.3387
22.2827	18.3413
22.2853	18.3413
22.2880	18.3440
22.2880	18.3467
22.2907	18.3467
22.2907	18.3493
22.2933	18.3493
22.2933	18.3520
22.2960	18.3520
22.2987	18.3547
22.2987	18.3573
22.3013	18.3573
22.3013	18.3600
22.3040	18.3600
22.3040	18.3627
22.3067	18.3627
22.3067	18.3653
22.3093	18.3653
22.3093	18.3680
22.3120	18.3680
22.3120	18.3707
22.3120	18.3733
22.3147	18.3733
22.3173	18.3760
22.3173	18.3787
22.3200	18.3787
22.3200	18.3813
22.3227	18.3813
22.3227	18.3840
22.3280	18.3840
22.3280	18.3867
22.3333	18.3867
22.3333	18.3893
22.3333	18.3920
22.3413	18.3920
22.3413	18.3947
22.4027	18.3947
22.4053	18.3920
22.4240	18.3920
22.4267	18.3893
22.4427	18.3893
22.4427	18.3867
22.4480	18.3867
22.4507	18.3840
22.4613	18.3840
22.4613	18.3813
22.4693	18.3813
22.4693	18.3787
22.4773	18.3787
22.4800	18.3760
22.4907	18.3760
22.4907	18.3733
22.4960	18.3733
22.4960	18.3707
22.5067	18.3707
22.5067	18.3680
22.5120	18.3680
22.5120	18.3653
22.5200	18.3653
22.5200	18.3627
22.5227	18.3627
22.5227	18.3600
22.5280	18.3600
22.5280	18.3573
22.5307	18.3573
22.5333	18.3547
22.5333	18.3520
22.5387	18.3520
22.5387	18.3493
22.5413	18.3493
22.5413	18.3467
22.5440	18.3467
22.5440	18.3440
22.5493	18.3440
22.5493	18.3413
22.5493	18.3387
22.5520	18.3387
22.5520	18.3360
22.5547	18.3333
22.5547	18.3307
22.5573	18.3307
22.5573	18.3280
22.5573	18.3253
22.5573	18.3227
22.5573	18.3200
22.5573	18.3173
22.5600	18.3173
22.5600	18.3147
22.5600	18.3120
22.5627	18.3093
22.5627	18.3067
22.5627	18.3040
22.5627	18.3013
22.5627	18.2987
22.5627	18.2960
22.5627	18.2933
22.5653	18.2933
22.5653	18.2907
22.5653	18.2880
22.5733	18.2880
22.5760	18.2853
22.5787	18.2853
22.5787	18.2827
22.6080	18.2827
22.6080	18.2853
22.6107	18.2853
22.6107	18.2880
22.6107	18.2907
22.6533	18.2907
22.6560	18.2880
22.6613	18.2880
22.6613	18.2853
22.6640	18.2853
22.6640	18.2827
22.6667	18.2827
22.6667	18.2800
22.6693	18.2800
22.6693	18.2773
22.6720	18.2773
22.6720	18.2747
22.6747	18.2747
22.6747	18.2720
22.6747	18.2693
22.6773	18.2693
22.6773	18.2667
22.6827	18.2667
22.6853	18.2640
22.6880	18.2613
22.6987	18.2613
22.6987	18.2587
22.7067	18.2587
22.7067	18.2560
22.7200	18.2560
22.7200	18.2533
22.7307	18.2533
22.7307	18.2507
22.7627	18.2507
22.7653	18.2480
22.7760	18.2480
22.7760	18.2453
22.7973	18.2453
22.7973	18.2427
22.8027	18.2427
22.8027	18.2400
22.8053	18.2400
22.8053	18.2373
22.8107	18.2373
22.8107	18.2347
22.8187	18.2347
22.8187	18.2320
22.8213	18.2320
22.8213	18.2293
22.8293	18.2293
22.8293	18.2267
22.8347	18.2267
22.8373	18.2240
22.8400	18.2240
22.8400	18.2213
22.8480	18.2213
22.8480	18.2187
22.8587	18.2187
22.8613	18.2160
22.8800	18.2160
22.8827	18.2133
22.8933	18.2133
22.8933	18.2107
22.8960	18.2107
22.8987	18.2080
22.9067	18.2080
22.9067	18.2053
22.9093	18.2053
22.9093	18.2027
22.9147	18.2027
22.9147	18.2000
22.9200	18.2000
22.9200	18.1973
22.9200	18.1947
22.9253	18.1947
22.9253	18.1920
22.9280	18.1920
22.9280	18.1893
22.9307	18.1893
22.9307	18.1867
22.9333	18.1840
22.9360	18.1840
22.9387	18.1813
22.9413	18.1787
22.9440	18.1760
22.9440	18.1733
22.9493	18.1733
22.9493	18.1707
22.9520	18.1707
22.9520	18.1680
22.9573	18.1680
22.9600	18.1653
22.9600	18.1627
22.9627	18.1627
22.9627	18.1600
22.9653	18.1573
22.9680	18.1547
22.9680	18.1520
22.9733	18.1520
22.9733	18.1493
22.9760	18.1493
22.9760	18.1467
22.9813	18.1467
22.9813	18.1440
22.9840	18.1440
22.9840	18.1413
22.9867	18.1413
22.9867	18.1387
22.9920	18.1387
22.9920	18.1360
22.9947	18.1360
22.9947	18.1333
22.9973	18.1307
23.0000	18.1307
23.0000	18.1280
23.0027	18.1280
23.0027	18.1253
23.0080	18.1253
23.0080	18.1227
23.0133	18.1227
23.0133	18.1200
23.0133	18.1173
23.0160	18.1173
23.0160	18.1147
23.0213	18.1147
23.0213	18.1120
23.0267	18.1120
23.0293	18.1093
23.0320	18.1067
23.0373	18.1067
23.0373	18.1040
23.0427	18.1040
23.0427	18.1013
23.0480	18.1013
23.0480	18.0987
23.0507	18.0987
23.0507	18.0960
23.0560	18.0960
23.0560	18.0933
23.1120	18.0933
23.1120	18.0907
23.1227	18.0907
23.1227	18.0880
23.1280	18.0880
23.1280	18.0853
23.1360	18.0853
23.1360	18.0827
23.1413	18.0827
23.1413	18.0800
23.1440	18.0800
23.1467	18.0773
23.1467	18.0747
23.1493	18.0747
23.1493	18.0720
23.1520	18.0720
23.1520	18.0693
23.1573	18.0693
23.1573	18.0667
23.1573	18.0640
23.1600	18.0640
23.1600	18.0613
23.1627	18.0613
23.1627	18.0587
23.1653	18.0587
23.1653	18.0560
23.1653	18.0533
23.1680	18.0533
23.1680	18.0507
23.1707	18.0480
23.1707	18.0453
23.1707	18.0427
23.1733	18.0427
23.1733	18.0400
23.1733	18.0373
23.1760	18.0373
23.1760	18.0347
23.1787	18.0347
23.1787	18.0320
23.1787	18.0293
23.1813	18.0293
23.1813	18.0267
23.1840	18.0240
23.1840	18.0213
23.1840	18.0187
23.1893	18.0187
23.1893	18.0160
23.1920	18.0160
23.1920	18.0133
23.1947	18.0133
23.1947	18.0107
23.1947	18.0080
23.2000	18.0080
23.2000	18.0053
23.2027	18.0053
23.2027	18.0027
23.2053	18.0027
23.2053	18.0000
23.2053	17.9973
23.2107	17.9973
23.2107	17.9947
23.2187	17.9947
23.2213	17.9920
23.2267	17.9920
23.2293	17.9893
23.2347	17.9893
23.2347	17.9867
23.2427	17.9867
23.2453	17.9840
23.2587	17.9840
23.2587	17.9813
23.2827	17.9813
23.2827	17.9787
23.2907	17.9787
23.2907	17.9760
23.3040	17.9760
23.3040	17.9733
23.3093	17.9733
23.3093	17.9707
23.3173	17.9707
23.3173	17.9680
23.3200	17.9653
23.3227	17.9653
23.3227	17.9627
23.3253	17.9627
23.3280	17.9600
23.3307	17.9600
23.3307	17.9573
23.3333	17.9573
23.3333	17.9547
23.3360	17.9547
23.3360	17.9520
23.3387	17.9493
23.3413	17.9493
23.3413	17.9467
23.3440	17.9467
23.3440	17.9440
23.3467	17.9440
23.3467	17.9413
23.3493	17.9413
23.3493	17.9387
23.3493	17.9360
23.3520	17.9333
23.3547	17.9307
23.3573	17.9280
23.3573	17.9253
23.3600	17.9227
23.3600	17.9200
23.3627	17.9173
23.3653	17.9147
23.3653	17.9120
23.3680	17.9093
23.3680	17.9067
23.3707	17.9040
23.3707	17.8987
23.3733	17.8987
23.3733	17.8960
23.3760	17.8960
23.3760	17.8933
23.3760	17.8907
23.3760	17.8880
23.3787	17.8880
23.3787	17.8853
23.3787	17.8827
23.3787	17.8800
23.3787	17.8773
23.3787	17.8747
23.3813	17.8720
23.3813	17.8693
23.3813	17.8667
23.3813	17.8640
23.3840	17.8640
23.3840	17.8613
23.3867	17.8613
23.3867	17.8587
23.3867	17.8560
23.3867	17.8533
23.3893	17.8533
23.3893	17.8507
23.3893	17.8480
23.3893	17.8453
23.3920	17.8453
23.3920	17.8427
23.3920	17.8400
23.3920	17.8373
23.3947	17.8373
23.3947	17.8320
23.3973	17.8320
23.4000	17.8293
23.4000	17.8267
23.4027	17.8267
23.4027	17.8213
23.4053	17.8213
23.4053	17.8187
23.4080	17.8160
23.4107	17.8133
23.4133	17.8133
23.4133	17.8107
23.4133	17.8080
23.4160	17.8080
23.4187	17.8053
23.4213	17.8053
23.4213	17.8027
23.4213	17.8000
23.4240	17.8000
23.4240	17.7973
23.4267	17.7973
23.4267	17.7947
23.4320	17.7947
23.4320	17.7920
23.4347	17.7893
23.4373	17.7893
23.4373	17.7867
23.4400	17.7867
23.4400	17.7840
23.4453	17.7840
23.4453	17.7813
23.4480	17.7787
23.4480	17.7760
23.4533	17.7760
23.4533	17.7733
23.4560	17.7733
23.4560	17.7707
23.4587	17.7707
23.4587	17.7680
23.4587	17.7653
23.4640	17.7653
23.4667	17.7627
23.4693	17.7627
23.4693	17.7600
23.4720	17.7573
23.4747	17.7573
23.4747	17.7547
23.4773	17.7520
23.4800	17.7520
23.4800	17.7493
23.4827	17.7467
23.4827	17.7440
23.4853	17.7440
23.4853	17.7413
23.4907	17.7413
23.4907	17.7387
23.4933	17.7387
23.4933	17.7360
23.4933	17.7333
23.4960	17.7333
23.4987	17.7307
23.5013	17.7307
23.5013	17.7280
23.5040	17.7253
23.5040	17.7227
23.5067	17.7227
23.5093	17.7200
23.5120	17.7173
23.5120	17.7147
23.5147	17.7147
23.5147	17.7120
23.5147	17.7093
23.5200	17.7093
23.5200	17.7067
23.5200	17.7040
23.5227	17.7040
23.5227	17.7013
23.5227	17.6987
23.5253	17.6987
23.5280	17.6960
23.5280	17.6933
23.5307	17.6933
23.5307	17.6907
23.5307	17.6880
23.5333	17.6880
23.5333	17.6853
23.5333	17.6827
23.5360	17.6800
23.5360	17.6773
23.5360	17.6747
23.5387	17.6720
23.5387	17.6693
23.5387	17.6667
23.5413	17.6667
23.5413	17.6640
23.5413	17.6613
23.5440	17.6613
23.5440	17.6587
23.5440	17.6560
23.5440	17.6533
23.5440	17.6507
23.5467	17.6507
23.5467	17.6480
23.5467	17.6453
23.5467	17.6427
23.5467	17.6400
23.5467	17.6373
23.5467	17.6347
23.5493	17.6347
23.5493	17.6320
23.5493	17.6293
23.5520	17.6267
23.5520	17.6240
23.5520	17.6213
23.5520	17.6187
23.5520	17.6160
23.5520	17.6133
23.5520	17.6107
23.5520	17.6080
23.5520	17.6053
23.5520	17.6027
23.5520	17.6000
23.5520	17.5973
23.5520	17.5947
23.5520	17.5920
23.5520	17.5893
23.5520	17.5867
23.5520	17.5840
23.5520	17.5813
23.5520	17.5787
23.5520	17.5760
23.5520	17.5733
23.5520	17.5707
23.5520	17.5680
23.5520	17.5653
23.5520	17.5627
23.5520	17.5600
23.5520	17.5573
23.5493	17.5573
23.5493	17.5547
23.5493	17.5520
23.5493	17.5493
23.5493	17.5467
23.5493	17.5440
23.5493	17.5413
23.5493	17.5387
23.5493	17.5360
23.5493	17.5333
23.5493	17.5307
23.5493	17.5280
23.5467	17.5280
23.5467	17.5253
23.5467	17.5227
23.5440	17.5227
23.5440	17.5200
23.5440	17.5173
23.5440	17.5147
23.5440	17.5120
23.5440	17.5093
23.5440	17.5067
23.5440	17.5040
23.5440	17.5013
23.5440	17.4987
23.5440	17.4960
23.5440	17.4933
23.5440	17.4907
23.5440	17.4880
23.5440	17.4853
23.5440	17.4827
23.5440	17.4800
23.5440	17.4773
23.5440	17.4747
23.5440	17.4720
23.5440	17.4693
23.5440	17.4667
23.5467	17.4667
23.5467	17.4640
23.5467	17.4613
23.5467	17.4587
23.5467	17.4560
23.5467	17.4533
23.5467	17.4507
23.5467	17.4480
23.5493	17.4480
23.5493	17.4453
23.5493	17.4427
23.5520	17.4427
23.5520	17.4400
23.5520	17.4373
23.5520	17.4347
23.5547	17.4347
23.5547	17.4320
23.5547	17.4293
23.5573	17.4293
23.5573	17.4267
23.5573	17.4240
23.5600	17.4213
23.5600	17.4187
23.5627	17.4187
23.5627	17.4160
23.5627	17.4133
23.5653	17.4133
23.5653	17.4107
23.5653	17.4080
23.5680	17.4080
23.5680	17.4053
23.5680	17.4027
23.5680	17.4000
23.5707	17.4000
23.5707	17.3973
23.5733	17.3947
23.5760	17.3947
23.5760	17.3920
23.5760	17.3893
23.5787	17.3893
23.5787	17.3867
23.5813	17.3867
23.5813	17.3840
23.5840	17.3813
23.5867	17.3813
23.5867	17.3787
23.5893	17.3787
23.5893	17.3760
23.5920	17.3760
23.5947	17.3733
23.5973	17.3733
23.5973	17.3707
23.5973	17.3680
23.6000	17.3680
23.6000	17.3653
23.6027	17.3653
23.6053	17.3627
23.6080	17.3627
23.6080	17.3600
23.6107	17.3600
23.6107	17.3573
23.6133	17.3573
23.6160	17.3547
23.6187	17.3547
23.6187	17.3520
23.6240	17.3520
23.6240	17.3493
23.6267	17.3493
23.6267	17.3467
23.6320	17.3467
23.6320	17.3440
23.6347	17.3440
23.6373	17.3413
23.6427	17.3413
23.6427	17.3387
23.6453	17.3360
23.6480	17.3360
23.6507	17.3333
23.6533	17.3333
23.6560	17.3307
23.6587	17.3307
23.6640	17.3253
23.6693	17.3253
23.6693	17.3227
23.6720	17.3227
23.6747	17.3200
23.6773	17.3200
23.6773	17.3173
23.6800	17.3173
23.6800	17.3147
23.6853	17.3147
23.6853	17.3120
23.6907	17.3120
23.6933	17.3093
23.6987	17.3093
23.6987	17.3067
23.7013	17.3040
23.7067	17.3040
23.7093	17.3013
23.7120	17.3013
23.7173	17.2987
23.7200	17.2987
23.7200	17.2960
23.7227	17.2933
23.7280	17.2933
23.7280	17.2907
23.7307	17.2907
23.7333	17.2880
23.7387	17.2880
23.7387	17.2853
23.7413	17.2853
23.7413	17.2827
23.7440	17.2827
23.7440	17.2800
23.7520	17.2800
23.7520	17.2773
23.7573	17.2773
23.7573	17.2747
23.7600	17.2720
23.7627	17.2720
23.7653	17.2693
23.7680	17.2693
23.7707	17.2667
23.7760	17.2667
23.7787	17.2640
23.7840	17.2640
23.7867	17.2613
23.7867	17.2587
23.7920	17.2587
23.7947	17.2560
23.7973	17.2560
23.8000	17.2533
23.8053	17.2533
23.8053	17.2507
23.8080	17.2507
23.8080	17.2480
23.8107	17.2480
23.8133	17.2453
23.8187	17.2453
23.8187	17.2427
23.8240	17.2427
23.8240	17.2400
23.8267	17.2373
23.8320	17.2373
23.8320	17.2347
23.8373	17.2347
23.8373	17.2320
23.8427	17.2320
23.8427	17.2293
23.8453	17.2293
23.8453	17.2267
23.8533	17.2267
23.8533	17.2240
23.8560	17.2240
23.8587	17.2213
23.8640	17.2213
23.8640	17.2187
23.8667	17.2187
23.8667	17.2160
23.8720	17.2160
23.8747	17.2133
23.8800	17.2133
23.8800	17.2107
23.8853	17.2107
23.8853	17.2080
23.8880	17.2080
23.8880	17.2053
23.8960	17.2053
23.8960	17.2027
23.9013	17.2027
23.9013	17.2000
23.9093	17.2000
23.9093	17.1973
23.9120	17.1973
23.9147	17.1947
23.9200	17.1947
23.9227	17.1920
23.9307	17.1920
23.9307	17.1893
23.9360	17.1893
23.9387	17.1867
23.9440	17.1867
23.9440	17.1840
23.9467	17.1840
23.9467	17.1813
23.9547	17.1813
23.9573	17.1787
23.9653	17.1787
23.9653	17.1760
23.9733	17.1760
23.9733	17.1733
23.9760	17.1733
23.9787	17.1707
23.9867	17.1707
23.9867	17.1680
23.9920	17.1680
23.9920	17.1653
24.0000	17.1653
24.0000	17.1627
24.0027	17.1627
24.0053	17.1600
24.0107	17.1600
24.0107	17.1573
24.0160	17.1573
24.0160	17.1547
24.0213	17.1547
24.0240	17.1520
24.0267	17.1520
24.0267	17.1493
24.0320	17.1493
24.0320	17.1467
24.0400	17.1467
24.0400	17.1440
24.0453	17.1440
24.0480	17.1413
24.0507	17.1413
24.0507	17.1387
24.0533	17.1387
24.0560	17.1360
24.0613	17.1360
24.0613	17.1333
24.0640	17.1333
24.0640	17.1307
24.0693	17.1307
24.0693	17.1280
24.0747	17.1280
24.0747	17.1253
24.0800	17.1253
24.0800	17.1227
24.0827	17.1227
24.0853	17.1200
24.0880	17.1173
24.0907	17.1173
24.0933	17.1147
24.0960	17.1147
24.0960	17.1120
24.0987	17.1120
24.1013	17.1093
24.1040	17.1093
24.1040	17.1067
24.1067	17.1067
24.1093	17.1040
24.1120	17.1040
24.1147	17.1013
24.1173	17.1013
24.1173	17.0987
24.1200	17.0987
24.1227	17.0960
24.1253	17.0960
24.1253	17.0933
24.1307	17.0933
24.1307	17.0907
24.1360	17.0907
24.1360	17.0880
24.1387	17.0880
24.1413	17.0853
24.1440	17.0853
24.1440	17.0827
24.1493	17.0827
24.1493	17.0800
24.1520	17.0800
24.1520	17.0773
24.1573	17.0773
24.1600	17.0747
24.1600	17.0720
24.1627	17.0720
24.1653	17.0693
24.1680	17.0667
24.1707	17.0667
24.1733	17.0640
24.1733	17.0613
24.1760	17.0613
24.1760	17.0587
24.1813	17.0587
24.1813	17.0560
24.1840	17.0560
24.1840	17.0533
24.1867	17.0507
24.1920	17.0507
24.1920	17.0480
24.1947	17.0480
24.1947	17.0453
24.1973	17.0453
24.2000	17.0427
24.2027	17.0427
24.2027	17.0400
24.2053	17.0400
24.2053	17.0373
24.2107	17.0373
24.2107	17.0347
24.2133	17.0347
24.2133	17.0320
24.2160	17.0320
24.2160	17.0293
24.2187	17.0293
24.2187	17.0267
24.2213	17.0267
24.2240	17.0240
24.2267	17.0240
24.2267	17.0213
24.2293	17.0187
24.2293	17.0160
24.2347	17.0160
24.2347	17.0133
24.2373	17.0133
24.2373	17.0107
24.2400	17.0080
24.2427	17.0053
24.2453	17.0027
24.2480	17.0027
24.2507	17.0000
24.2507	16.9973
24.2533	16.9947
24.2587	16.9920
24.2587	16.9893
24.2613	16.9867
24.2613	16.9840
24.2640	16.9840
24.2667	16.9813
24.2693	16.9813
24.2693	16.9787
24.2720	16.9787
24.2720	16.9760
24.2747	16.9733
24.2747	16.9707
24.2800	16.9707
24.2800	16.9680
24.2827	16.9680
24.2827	16.9653
24.2853	16.9627
24.2880	16.9600
24.2907	16.9600
24.2907	16.9573
24.2933	16.9573
24.2960	16.9547
24.2960	16.9520
24.2987	16.9493
24.3040	16.9493
24.3040	16.9467
24.3067	16.9467
24.3067	16.9440
24.3093	16.9413
24.3120	16.9413
24.3120	16.9387
24.3147	16.9387
24.3147	16.9360
24.3173	16.9360
24.3200	16.9333
24.3227	16.9333
24.3227	16.9307
24.3253	16.9307
24.3253	16.9280
24.3280	16.9280
24.3280	16.9253
24.3307	16.9227
24.3333	16.9227
24.3360	16.9200
24.3360	16.9173
24.3413	16.9173
24.3413	16.9147
24.3440	16.9147
24.3467	16.9120
24.3493	16.9120
24.3493	16.9093
24.3520	16.9093
24.3520	16.9067
24.3547	16.9067
24.3547	16.9040
24.3600	16.9040
24.3600	16.9013
24.3627	16.9013
24.3627	16.8987
24.3627	16.8960
24.3653	16.8960
24.3680	16.8933
24.3680	16.8907
24.3707	16.8907
24.3733	16.8880
24.3733	16.8853
24.3787	16.8853
24.3787	16.8827
24.3813	16.8827
24.3813	16.8800
24.3840	16.8800
24.3840	16.8773
24.3840	16.8747
24.3893	16.8747
24.3893	16.8720
24.3920	16.8720
24.3920	16.8693
24.3947	16.8693
24.3947	16.8667
24.3947	16.8640
24.3973	16.8640
24.3973	16.8613
24.4000	16.8613
24.4000	16.8587
24.4027	16.8587
24.4027	16.8560
24.4027	16.8533
24.4053	16.8533
24.4053	16.8507
24.4053	16.8480
24.4080	16.8480
24.4080	16.8453
24.4107	16.8453
24.4107	16.8427
24.4133	16.8400
24.4133	16.8373
24.4160	16.8373
24.4160	16.8347
24.4187	16.8320
24.4187	16.8293
24.4187	16.8267
24.4213	16.8267
24.4213	16.8240
24.4240	16.8240
24.4240	16.8213
24.4240	16.8187
24.4240	16.8160
24.4267	16.8160
24.4267	16.8133
24.4293	16.8133
24.4293	16.8107
24.4293	16.8080
24.4347	16.8080
24.4347	16.8053
24.4373	16.8053
24.4373	16.8027
24.4400	16.8000
24.4400	16.7973
24.4427	16.7973
24.4453	16.7947
24.4453	16.7920
24.4480	16.7920
24.4480	16.7893
24.4507	16.7893
24.4507	16.7867
24.4533	16.7867
24.4533	16.7840
24.4560	16.7840
24.4560	16.7813
24.4587	16.7813
24.4587	16.7787
24.4587	16.7760
24.4613	16.7760
24.4613	16.7733
24.4640	16.7733
24.4640	16.7707
24.4667	16.7707
24.4667	16.7680
24.4693	16.7680
24.4693	16.7653
24.4693	16.7627
24.4720	16.7627
24.4720	16.7600
24.4773	16.7600
24.4773	16.7573
24.4800	16.7573
24.4800	16.7547
24.4800	16.7520
24.4827	16.7520
24.4827	16.7493
24.4853	16.7467
24.4880	16.7467
24.4880	16.7440
24.4880	16.7413
24.4907	16.7413
24.4907	16.7387
24.4933	16.7387
24.4933	16.7360
24.4960	16.7333
24.4987	16.7333
24.4987	16.7307
24.5013	16.7307
24.5013	16.7280
24.5040	16.7280
24.5040	16.7253
24.5067	16.7227
24.5067	16.7200
24.5093	16.7173
24.5120	16.7173
24.5120	16.7147
24.5120	16.7120
24.5147	16.7120
24.5147	16.7093
24.5147	16.7067
24.5173	16.7067
24.5173	16.7040
24.5200	16.7040
24.5200	16.7013
24.5200	16.6987
24.5227	16.6987
24.5227	16.6960
24.5227	16.6933
24.5253	16.6933
24.5253	16.6907
24.5253	16.6880
24.5360	16.6880
24.5360	16.6840
24.5440	16.6840
24.5440	16.6800
24.5480	16.6800
24.5480	16.6760
24.5480	16.6720
24.5480	16.6680
24.5480	16.6640
24.5480	16.6600
24.5440	16.6600
24.5440	16.6560
24.5400	16.6560
24.5400	16.6520
24.5360	16.6520
24.5360	16.6480
24.5360	16.6440
24.5320	16.6440
24.5320	16.6400
24.5360	16.6400
24.5360	16.6320
24.5400	16.6320
24.5400	16.6280
24.5400	16.6240
24.5440	16.6240
24.5440	16.6200
24.5440	16.6160
24.5480	16.6160
24.5480	16.6120
24.5480	16.6080
24.5520	16.6080
24.5520	16.6040
24.5560	16.6040
24.5560	16.6000
24.5560	16.5960
24.5560	16.5920
24.5560	16.5880
24.5560	16.5840
24.5560	16.5800
24.5560	16.5760
24.5600	16.5760
24.5600	16.5720
24.5600	16.5680
24.5600	16.5640
24.5600	16.5600
24.5600	16.5560
24.5600	16.5520
24.5600	16.5480
24.5640	16.5480
24.5640	16.5440
24.5680	16.5440
24.5680	16.5400
24.5720	16.5400
24.5720	16.5360
24.5760	16.5360
24.5760	16.5320
24.5760	16.5280
24.5800	16.5280
24.5800	16.5240
24.5880	16.5240
24.5880	16.5200
24.5880	16.5160
24.5880	16.5120
24.5880	16.5080
24.5880	16.5040
24.5880	16.5000
24.5880	16.4960
24.5880	16.4920
24.5880	16.4880
24.5880	16.4840
24.5880	16.4800
24.5840	16.4800
24.5840	16.4760
24.5840	16.4720
24.5840	16.4640
24.5800	16.4640
24.5800	16.4600
24.5760	16.4600
24.5760	16.4560
24.5760	16.4520
24.5720	16.4520
24.5720	16.4480
24.5640	16.4480
24.5640	16.4440
24.5520	16.4440
24.5520	16.4400
24.5400	16.4400
24.5400	16.4360
24.5360	16.4360
24.5360	16.4320
24.5160	16.4320
24.5160	16.4280
24.5040	16.4280
24.5040	16.4240
24.4880	16.4240
24.4880	16.4200
24.4720	16.4200
24.4720	16.4160
24.4680	16.4160
24.4640	16.4120
24.4560	16.4120
24.4560	16.4080
24.4440	16.4080
24.4440	16.4040
24.4400	16.4040
24.4400	16.4000
24.4240	16.4000
24.4240	16.3960
24.4160	16.3960
24.4120	16.3920
24.4040	16.3920
24.4040	16.3880
24.3960	16.3880
24.3960	16.3840
24.3880	16.3840
24.3880	16.3800
24.3720	16.3800
24.3720	16.3760
24.3720	16.3720
24.3720	16.3680
24.3720	16.3640
24.3720	16.3600
24.3720	16.3560
24.3720	16.3520
24.3720	16.3480
24.3720	16.3440
24.3720	16.3400
24.3760	16.3400
24.3800	16.3360
24.3800	16.3320
24.3840	16.3280
24.3880	16.3280
24.3880	16.3240
24.3920	16.3240
24.3920	16.3200
24.3920	16.3160
24.3960	16.3160
24.3960	16.3120
24.3960	16.3080
24.4080	16.3080
24.4080	16.3040
24.4200	16.3040
24.4200	16.3000
24.4280	16.3000
24.4280	16.2960
24.4320	16.2960
24.4320	16.2920
24.4360	16.2920
24.4400	16.2840
24.4440	16.2840
24.4440	16.2800
24.4480	16.2800
24.4480	16.2760
24.4560	16.2760
24.4560	16.2720
24.4560	16.2680
24.4600	16.2680
24.4640	16.2640
24.4760	16.2640
24.4760	16.2615
24.4763	16.2615
24.4765	16.2613
24.4767	16.2613
24.4767	16.2610
24.4770	16.2610
24.4773	16.2608
24.4775	16.2608
24.4775	16.2605
24.4820	16.2605
24.4820	16.2602
24.4827	16.2602
24.4830	16.2600
24.4830	16.2598
24.4835	16.2598
24.4838	16.2595
24.4840	16.2595
24.4840	16.2600
24.4880	16.2600
24.4880	16.2640
24.4960	16.2640
24.4960	16.2680
24.5040	16.2680
24.5040	16.2720
24.5120	16.2720
24.5120	16.2760
24.5160	16.2800
24.5240	16.2800
24.5240	16.2840
24.5280	16.2840
24.5280	16.2880
24.5400	16.2880
24.5400	16.2920
24.5440	16.2920
24.5440	16.2960
24.6440	16.2960
24.6440	16.2920
24.6560	16.2920
24.6560	16.2880
24.6600	16.2880
24.6600	16.2840
24.6640	16.2840
24.6640	16.2800
24.6720	16.2800
24.6720	16.2760
24.6760	16.2760
24.6760	16.2720
24.6760	16.2680
24.6760	16.2640
24.6800	16.2640
24.6800	16.2600
24.6800	16.2560
24.6840	16.2520
24.6880	16.2480
24.6880	16.2440
24.6880	16.2400
24.6920	16.2400
24.6920	16.2360
24.6920	16.2320
24.6920	16.2280
24.6960	16.2280
24.6960	16.2240
24.6960	16.2200
24.6960	16.2160
24.7000	16.2160
24.7000	16.2120
24.7040	16.2120
24.7040	16.2080
24.7040	16.2040
24.7040	16.2000
24.7040	16.1960
24.7040	16.1920
24.7080	16.1920
24.7080	16.1880
24.7080	16.1840
24.7080	16.1800
24.7120	16.1800
24.7120	16.1760
24.7120	16.1720
24.7120	16.1680
24.7120	16.1640
24.7120	16.1600
24.7160	16.1600
24.7200	16.1560
24.7200	16.1520
24.7200	16.1480
24.7240	16.1480
24.7240	16.1440
24.7240	16.1400
24.7240	16.1360
24.7280	16.1360
24.7280	16.1320
24.7280	16.1280
24.7320	16.1280
24.7360	16.1240
24.7360	16.1200
24.7360	16.1160
24.7360	16.1120
24.7400	16.1120
24.7400	16.1080
24.7400	16.1040
24.7400	16.1000
24.7440	16.1000
24.7440	16.0960
24.7440	16.0920
24.7440	16.0880
24.7480	16.0880
24.7480	16.0840
24.7480	16.0800
24.7520	16.0800
24.7520	16.0760
24.7520	16.0720
24.7520	16.0680
24.7520	16.0640
24.7520	16.0600
24.7560	16.0600
24.7560	16.0560
24.7560	16.0520
24.7560	16.0480
24.7600	16.0440
24.7600	16.0400
24.7600	16.0360
24.7600	16.0320
24.7600	16.0280
24.7600	16.0240
24.7600	16.0200
24.7640	16.0200
24.7640	16.0160
24.7640	16.0120
24.7680	16.0120
24.7720	16.0080
24.7760	16.0080
24.7760	16.0040
24.7880	16.0040
24.7880	16.0000
24.7960	16.0000
24.7960	15.9960
24.8080	15.9960
24.8080	15.9920
24.8120	15.9880
24.8160	15.9880
24.8200	15.9840
24.8280	15.9840
24.8280	15.9800
24.8360	15.9800
24.8360	15.9760
24.8440	15.9760
24.8440	15.9720
24.8560	15.9720
24.8560	15.9680
24.8640	15.9680
24.8640	15.9640
24.8680	15.9640
24.8720	15.9600
24.8720	15.9560
24.8760	15.9560
24.8760	15.9520
24.8840	15.9520
24.8840	15.9480
24.8920	15.9480
24.8920	15.9440
24.9000	15.9440
24.9000	15.9400
24.9000	15.9360
24.9040	15.9360
24.9040	15.9320
24.9080	15.9320
24.9080	15.9280
24.9120	15.9280
24.9120	15.9240
24.9160	15.9200
24.9200	15.9200
24.9200	15.9160
24.9200	15.9120
24.9240	15.9120
24.9240	15.9080
24.9240	15.9040
24.9240	15.9000
24.9240	15.8960
24.9240	15.8920
24.9240	15.8880
24.9280	15.8840
24.9280	15.8800
24.9280	15.8760
24.9280	15.8720
24.9280	15.8680
24.9280	15.8640
24.9280	15.8600
24.9280	15.8560
24.9280	15.8520
24.9280	15.8480
24.9320	15.8480
24.9320	15.8440
24.9320	15.8400
24.9360	15.8400
24.9360	15.8360
24.9360	15.8320
24.9400	15.8320
24.9400	15.8280
24.9400	15.8240
24.9400	15.8200
24.9440	15.8200
24.9440	15.8160
24.9440	15.8120
24.9480	15.8080
24.9480	15.8040
24.9520	15.8000
24.9520	15.7960
24.9520	15.7920
24.9560	15.7920
24.9560	15.7880
24.9560	15.7840
24.9600	15.7840
24.9600	15.7800
24.9600	15.7760
24.9600	15.7720
24.9640	15.7680
24.9680	15.7680
24.9680	15.7640
24.9720	15.7600
24.9720	15.7560
24.9760	15.7560
24.9760	15.7520
24.9800	15.7480
24.9840	15.7480
24.9840	15.7440
24.9840	15.7400
24.9880	15.7400
24.9880	15.7360
24.9920	15.7360
24.9920	15.7320
24.9960	15.7280
24.9960	15.7240
25.0000	15.7240
25.0000	15.7200
25.0040	15.7200
25.0040	15.7160
25.0040	15.7120
25.0040	15.7080
25.0080	15.7080
25.0080	15.7040
25.0080	15.7000
25.0080	15.6960
25.0120	15.6960
25.0120	15.6920
25.0120	15.6880
25.0120	15.6840
25.0120	15.6800
25.0120	15.6760
25.0120	15.6720
25.0120	15.6680
25.0120	15.6640
25.0120	15.6600
25.0120	15.6560
25.0120	15.6520
25.0120	15.6480
25.0120	15.6440
25.0120	15.6400
25.0120	15.6360
25.0160	15.6360
25.0160	15.6320
25.0160	15.6280
25.0160	15.6240
25.0160	15.6200
25.0200	15.6200
25.0200	15.6160
25.0200	15.6120
25.0200	15.6080
25.0240	15.6080
25.0240	15.6040
25.0240	15.6000
25.0280	15.5960
25.0280	15.5920
25.0320	15.5920
25.0320	15.5880
25.0320	15.5840
25.0320	15.5800
25.0360	15.5800
25.0360	15.5760
25.0360	15.5720
25.0360	15.5680
25.0400	15.5680
25.0400	15.5640
25.0400	15.5600
25.0440	15.5560
25.0480	15.5560
25.0480	15.5520
25.0680	15.5520
25.0680	15.5480
25.0840	15.5480
25.0840	15.5440
25.0840	15.5400
25.0960	15.5400
25.0960	15.5360
25.1000	15.5360
25.1000	15.5320
25.1040	15.5320
25.1040	15.5280
25.1080	15.5240
25.1120	15.5240
25.1160	15.5200
25.1160	15.5160
25.1200	15.5160
25.1200	15.5120
25.1240	15.5120
25.1240	15.5080
25.1320	15.5080
25.1320	15.5040
25.1400	15.5040
25.1400	15.5000
25.1440	15.4960
25.1480	15.4960
25.1480	15.4920
25.1480	15.4880
25.1520	15.4880
25.1520	15.4840
25.1520	15.4800
25.1560	15.4800
25.1560	15.4760
25.1600	15.4760
25.1600	15.4720
25.1600	15.4680
25.1600	15.4640
25.1640	15.4640
25.1640	15.4600
25.1680	15.4600
25.1680	15.4560
25.1680	15.4520
25.1720	15.4480
25.1720	15.4440
25.1720	15.4400
25.1720	15.4360
25.1760	15.4360
25.1760	15.4320
25.1760	15.4280
25.1760	15.4240
25.1760	15.4200
25.1760	15.4160
25.1760	15.4120
25.1760	15.4080
25.1760	15.4040
25.1800	15.4000
25.1800	15.3960
25.1800	15.3920
25.1840	15.3920
25.1840	15.3880
25.1840	15.3840
25.1880	15.3840
25.1880	15.3800
25.1880	15.3760
25.1880	15.3720
25.2040	15.3720
25.2040	15.3680
25.2160	15.3680
25.2160	15.3640
25.2160	15.3600
25.2280	15.3600
25.2320	15.3560
25.2400	15.3560
25.2400	15.3520
25.2520	15.3520
25.2520	15.3480
25.2560	15.3480
25.2560	15.3440
25.2640	15.3440
25.2640	15.3400
25.2680	15.3400
25.2680	15.3360
25.2760	15.3360
25.2760	15.3320
25.2760	15.3280
25.2760	15.3240
25.2800	15.3240
25.2800	15.3200
25.2800	15.3160
25.2800	15.3120
25.2800	15.3080
25.2800	15.3040
25.2800	15.3000
25.2800	15.2960
25.2800	15.2920
25.2800	15.2880
25.2800	15.2840
25.2800	15.2800
25.2800	15.2760
25.2800	15.2720
25.2760	15.2720
25.2760	15.2680
25.2760	15.2640
25.2760	15.2600
25.2760	15.2560
25.2720	15.2560
25.2720	15.2520
25.2680	15.2520
25.2680	15.2480
25.2680	15.2440
25.2680	15.2400
25.2680	15.2360
25.2680	15.2320
25.2680	15.2280
25.2680	15.2240
25.2680	15.2200
25.2680	15.2160
25.2680	15.2120
25.2680	15.2080
25.2680	15.2040
25.2680	15.2000
25.2680	15.1960
25.2680	15.1920
25.2680	15.1880
25.2720	15.1880
25.2720	15.1840
25.2720	15.1800
25.2720	15.1760
25.2760	15.1760
25.2760	15.1720
25.2800	15.1720
25.2800	15.1680
25.2880	15.1680
25.2880	15.1640
25.2920	15.1640
25.2920	15.1600
25.2920	15.1560
25.2960	15.1560
25.3000	15.1520
25.3040	15.1520
25.3040	15.1480
25.3040	15.1440
25.3040	15.1400
25.3080	15.1400
25.3080	15.1360
25.3160	15.1360
25.3160	15.1320
25.3160	15.1280
25.3200	15.1280
25.3200	15.1240
25.3240	15.1240
25.3240	15.1200
25.3280	15.1160
25.3320	15.1160
25.3320	15.1120
25.3360	15.1080
25.3360	15.1040
25.3400	15.1040
25.3400	15.1000
25.3400	15.0960
25.3440	15.0960
25.3440	15.0920
25.3480	15.0920
25.3480	15.0880
25.3480	15.0840
25.3520	15.0840
25.3520	15.0800
25.3520	15.0760
25.3560	15.0760
25.3560	15.0720
25.3560	15.0680
25.3600	15.0680
25.3600	15.0640
25.3600	15.0600
25.3640	15.0600
25.3640	15.0560
25.3640	15.0520
25.3680	15.0480
25.3680	15.0440
25.3680	15.0400
25.3680	15.0360
25.3720	15.0360
25.3720	15.0320
25.3720	15.0280
25.3720	15.0240
25.3760	15.0240
25.3760	15.0200
25.3800	15.0200
25.3800	15.0160
25.3800	15.0120
25.3840	15.0120
25.3840	15.0080
25.3840	15.0040
25.3840	15.0000
25.3840	14.9960
25.3880	14.9960
25.3880	14.9920
25.3920	14.9920
25.3960	14.9880
25.4000	14.9880
25.4000	14.9840
25.4040	14.9840
25.4040	14.9800
25.4080	14.9800
25.4080	14.9760
25.4080	14.9720
25.4080	14.9680
25.4080	14.9640
25.4080	14.9600
25.4080	14.9560
25.4080	14.9520
25.4080	14.9480
25.4080	14.9440
25.4080	14.9400
25.4080	14.9360
25.4000	14.9360
25.4000	14.9320
25.4000	14.9280
25.4000	14.9240
25.3960	14.9240
25.3960	14.9200
25.3960	14.9160
25.3960	14.9120
25.3960	14.9080
25.3960	14.9040
25.3960	14.9000
25.3960	14.8960
25.3920	14.8960
25.3920	14.8920
25.3920	14.8880
25.3920	14.8840
25.3920	14.8800
25.3920	14.8760
25.3880	14.8760
25.3880	14.8720
25.3880	14.8680
25.3880	14.8640
25.3840	14.8640
25.3840	14.8600
25.3840	14.8560
25.3800	14.8560
25.3800	14.8520
25.3800	14.8480
25.3800	14.8440
25.3800	14.8400
25.3760	14.8400
25.3760	14.8360
25.3760	14.8320
25.3760	14.8280
25.3720	14.8280
25.3720	14.8240
25.3680	14.8240
25.3680	14.8200
25.3680	14.8160
25.3640	14.8120
25.3600	14.8120
25.3600	14.8080
25.3600	14.8040
25.3600	14.8000
25.3600	14.7960
25.3520	14.7960
25.3520	14.7920
25.3520	14.7880
25.3520	14.7840
25.3480	14.7840
25.3480	14.7800
25.3480	14.7760
25.3440	14.7760
25.3440	14.7720
25.3360	14.7720
25.3360	14.7680
25.3360	14.7640
25.3320	14.7640
25.3320	14.7600
25.3240	14.7600
25.3240	14.7560
25.3200	14.7560
25.3160	14.7520
25.3120	14.7520
25.3080	14.7480
25.3040	14.7480
25.3000	14.7440
25.2920	14.7400
25.2840	14.7400
25.2840	14.7360
25.2800	14.7320
25.2720	14.7320
25.2680	14.7280
25.2600	14.7280
25.2560	14.7240
25.2520	14.7240
25.2440	14.7160
25.2320	14.7160
25.2320	14.7120
25.2280	14.7120
25.2280	14.7080
25.2160	14.7080
25.2160	14.7040
25.2120	14.7040
25.2120	14.7000
25.1960	14.7000
25.1960	14.6960
25.1880	14.6960
25.1880	14.6920
25.1800	14.6920
25.1680	14.6880
25.1640	14.6800
25.1400	14.6800
25.1400	14.6840
25.1360	14.6840
25.1360	14.6880
25.1360	14.6920
25.1040	14.6920
25.1000	14.6960
25.0800	14.6960
25.0800	14.7000
25.0280	14.7000
25.0280	14.6960
25.0040	14.6960
25.0040	14.6920
24.9960	14.6920
24.9960	14.6880
24.9960	14.6840
24.9960	14.6800
24.9960	14.6760
24.9960	14.6720
24.9960	14.6680
24.9960	14.6640
24.9960	14.6600
24.9960	14.6560
24.9960	14.6520
24.9960	14.6480
24.9960	14.6440
24.9960	14.6400
24.9960	14.6360
24.9960	14.6320
24.9960	14.6280
24.9920	14.6280
24.9920	14.6240
24.9880	14.6240
24.9880	14.6200
24.9880	14.6160
24.9840	14.6160
24.9840	14.6120
24.9800	14.6120
24.9800	14.6080
24.9800	14.6040
24.9760	14.6000
24.9760	14.5960
24.9720	14.5960
24.9720	14.5920
24.9720	14.5880
24.9720	14.5840
24.9680	14.5840
24.9680	14.5800
24.9680	14.5760
24.9640	14.5720
24.9640	14.5680
24.9640	14.5640
24.9600	14.5640
24.9600	14.5600
24.9600	14.5560
24.9560	14.5560
24.9520	14.5520
24.9520	14.5480
24.9520	14.5440
24.9480	14.5440
24.9480	14.5400
24.9440	14.5400
24.9440	14.5360
24.9400	14.5320
24.9400	14.5280
24.9400	14.5240
24.9400	14.5200
24.9400	14.5160
24.9360	14.5160
24.9360	14.5120
24.9360	14.5080
24.9360	14.5040
24.9360	14.5000
24.9360	14.4960
24.9320	14.4960
24.9320	14.4920
24.9240	14.4920
24.9240	14.4880
24.9200	14.4880
24.9200	14.4840
24.9120	14.4840
24.9120	14.4800
24.9080	14.4800
24.9080	14.4760
24.9040	14.4760
24.9040	14.4720
24.9040	14.4680
24.9000	14.4680
24.9000	14.4640
24.8960	14.4600
24.8920	14.4600
24.8880	14.4560
24.8840	14.4520
24.8840	14.4480
24.8800	14.4440
24.8760	14.4400
24.8720	14.4360
24.8680	14.4320
24.8640	14.4320
24.8640	14.4280
24.8560	14.4280
24.8560	14.4240
24.8520	14.4240
24.8520	14.4200
24.8480	14.4200
24.8480	14.4160
24.8400	14.4160
24.8400	14.4120
24.8320	14.4120
24.8320	14.4080
24.8160	14.4080
24.8160	14.4040
24.8080	14.4040
24.8080	14.4000
24.8000	14.4000
24.8000	14.3960
24.7920	14.3960
24.7920	14.3920
24.7880	14.3920
24.7880	14.3880
24.7880	14.3840
24.7840	14.3840
24.7840	14.3800
24.7840	14.3760
24.7800	14.3760
24.7760	14.3720
24.7760	14.3680
24.7760	14.3640
24.7720	14.3640
24.7720	14.3600
24.7720	14.3560
24.7720	14.3520
24.7680	14.3520
24.7680	14.3480
24.7640	14.3480
24.7640	14.3440
24.7640	14.3400
24.7640	14.3360
24.7640	14.3320
24.7600	14.3320
24.7600	14.3280
24.7560	14.3280
24.7560	14.3240
24.7560	14.3200
24.7520	14.3200
24.7520	14.3160
24.7480	14.3160
24.7480	14.3120
24.7440	14.3080
24.7400	14.3040
24.7400	14.3000
24.7360	14.3000
24.7320	14.2960
24.7280	14.2920
24.7280	14.2880
24.7240	14.2840
24.7200	14.2800
24.7200	14.2760
24.7160	14.2760
24.7160	14.2720
24.7080	14.2720
24.7080	14.2680
24.6960	14.2680
24.6960	14.2640
24.6760	14.2640
24.6760	14.2600
24.6720	14.2600
24.6680	14.2560
24.6560	14.2560
24.6560	14.2520
24.6400	14.2520
24.6400	14.2480
24.6320	14.2480
24.6320	14.2440
24.6240	14.2440
24.6240	14.2400
24.6240	14.2360
24.6200	14.2360
24.6200	14.2320
24.6200	14.2280
24.6160	14.2280
24.6160	14.2240
24.6160	14.2200
24.6120	14.2160
24.6080	14.2160
24.6080	14.2120
24.6080	14.2080
24.6080	14.2040
24.6040	14.2040
24.6040	14.2000
24.6000	14.2000
24.6000	14.1960
24.6000	14.1920
24.5920	14.1920
24.5920	14.1880
24.5880	14.1880
24.5880	14.1840
24.5840	14.1840
24.5840	14.1800
24.5760	14.1800
24.5760	14.1760
24.5760	14.1720
24.5760	14.1680
24.5720	14.1680
24.5720	14.1640
24.5680	14.1640
24.5680	14.1600
24.5680	14.1560
24.5640	14.1560
24.5640	14.1520
24.5600	14.1520
24.5600	14.1480
24.5600	14.1440
24.5560	14.1440
24.5560	14.1400
24.5560	14.1360
24.5520	14.1360
24.5520	14.1320
24.5520	14.1280
24.5480	14.1280
24.5440	14.1240
24.5440	14.1200
24.5440	14.1160
24.5400	14.1160
24.5400	14.1120
24.5400	14.1080
24.5400	14.1040
24.5360	14.1040
24.5360	14.1000
24.5320	14.1000
24.5320	14.0960
24.5280	14.0960
24.5280	14.0920
24.5280	14.0880
24.5240	14.0840
24.5200	14.0840
24.5200	14.0800
24.5160	14.0760
24.5160	14.0720
24.5120	14.0680
24.5080	14.0680
24.5080	14.0640
24.5040	14.0600
24.5040	14.0560
24.5000	14.0560
24.5000	14.0520
24.5000	14.0480
24.4960	14.0480
24.4960	14.0440
24.4920	14.0440
24.4920	14.0400
24.4880	14.0400
24.4880	14.0360
24.4880	14.0320
24.4840	14.0320
24.4840	14.0280
24.4840	14.0240
24.4840	14.0200
24.4840	14.0160
24.4800	14.0160
24.4800	14.0120
24.4800	14.0080
24.4800	14.0040
24.4760	14.0040
24.4760	14.0000
24.4760	13.9960
24.4760	13.9920
24.4760	13.9880
24.4720	13.9880
24.4720	13.9840
24.4720	13.9800
24.4680	13.9800
24.4640	13.9760
24.4640	13.9720
24.4600	13.9720
24.4560	13.9680
24.4520	13.9680
24.4520	13.9640
24.4480	13.9600
24.4440	13.9560
24.4400	13.9520
24.4360	13.9480
24.4360	13.9440
24.4280	13.9400
24.4280	13.9360
24.4240	13.9360
24.4240	13.9320
24.4200	13.9320
24.4200	13.9280
24.4200	13.9240
24.4120	13.9240
24.4120	13.9200
24.4080	13.9200
24.4080	13.9160
24.4040	13.9160
24.4040	13.9120
24.3960	13.9080
24.3960	13.9040
24.3920	13.9040
24.3920	13.9000
24.3880	13.8960
24.3880	13.8920
24.3840	13.8920
24.3840	13.8880
24.3800	13.8880
24.3800	13.8840
24.3760	13.8840
24.3760	13.8800
24.3720	13.8800
24.3680	13.8760
24.3680	13.8720
24.3640	13.8720
24.3640	13.8680
24.3600	13.8680
24.3600	13.8640
24.3560	13.8640
24.3560	13.8600
24.3560	13.8560
24.3520	13.8560
24.3520	13.8520
24.3440	13.8520
24.3440	13.8480
24.3360	13.8480
24.3360	13.8440
24.3320	13.8440
24.3280	13.8400
24.3200	13.8400
24.3200	13.8360
24.3080	13.8360
24.3080	13.8320
24.2960	13.8320
24.2960	13.8280
24.2920	13.8280
24.2920	13.8240
24.2760	13.8240
24.2760	13.8200
24.2720	13.8200
24.2720	13.8160
24.2720	13.8120
24.2640	13.8120
24.2640	13.8080
24.2600	13.8080
24.2600	13.8040
24.2600	13.8000
24.2560	13.8000
24.2560	13.7960
24.2520	13.7960
24.2520	13.7920
24.2520	13.7880
24.2480	13.7880
24.2480	13.7840
24.2480	13.7800
24.2480	13.7760
24.2480	13.7720
24.2480	13.7680
24.2480	13.7640
24.2480	13.7600
24.2480	13.7560
24.2480	13.7520
24.2520	13.7520
24.2520	13.7480
24.2520	13.7440
24.2520	13.7400
24.2520	13.7360
24.2520	13.7320
24.2520	13.7280
24.2520	13.7240
24.2480	13.7240
24.2480	13.7200
24.2480	13.7160
24.2480	13.7120
24.2480	13.7080
24.2480	13.7040
24.2440	13.7040
24.2440	13.7000
24.2440	13.6960
24.2440	13.6920
24.2440	13.6880
24.2440	13.6840
24.2440	13.6800
24.2400	13.6800
24.2400	13.6760
24.2400	13.6720
24.2400	13.6680
24.2360	13.6680
24.2360	13.6640
24.2360	13.6600
24.2360	13.6560
24.2360	13.6520
24.2320	13.6520
24.2320	13.6480
24.2280	13.6480
24.2280	13.6440
24.2280	13.6400
24.2280	13.6360
24.2280	13.6320
24.2240	13.6320
24.2240	13.6280
24.2240	13.6240
24.2240	13.6200
24.2200	13.6200
24.2200	13.6160
24.2200	13.6120
24.2200	13.6080
24.2160	13.6080
24.2160	13.6040
24.2120	13.6000
24.2120	13.5960
24.2120	13.5920
24.2080	13.5880
24.2080	13.5840
24.2080	13.5800
24.2040	13.5800
24.2040	13.5760
24.2040	13.5720
24.2000	13.5720
24.1960	13.5680
24.1960	13.5640
24.1960	13.5600
24.1960	13.5560
24.1960	13.5520
24.1960	13.5480
24.1960	13.5440
24.1960	13.5400
24.1960	13.5360
24.1960	13.5320
24.1920	13.5320
24.1920	13.5280
24.1920	13.5240
24.1920	13.5200
24.1920	13.5160
24.1920	13.5120
24.1920	13.5080
24.1880	13.5080
24.1880	13.5040
24.1880	13.5000
24.1840	13.5000
24.1840	13.4960
24.1840	13.4920
24.1800	13.4920
24.1800	13.4880
24.1760	13.4880
24.1760	13.4840
24.1760	13.4800
24.1760	13.4760
24.1720	13.4760
24.1720	13.4720
24.1720	13.4680
24.1680	13.4680
24.1640	13.4640
24.1640	13.4600
24.1600	13.4560
24.1600	13.4520
24.1520	13.4520
24.1520	13.4480
24.1480	13.4480
24.1480	13.4440
24.1480	13.4400
24.1440	13.4400
24.1440	13.4360
24.1400	13.4360
24.1400	13.4320
24.1400	13.4280
24.1400	13.4240
24.1400	13.4200
24.1400	13.4160
24.1400	13.4120
24.1400	13.4080
24.1400	13.4040
24.1360	13.4000
24.1360	13.3960
24.1360	13.3920
24.1360	13.3880
24.1360	13.3840
24.1360	13.3800
24.1320	13.3800
24.1320	13.3760
24.1320	13.3720
24.1280	13.3720
24.1280	13.3680
24.1280	13.3640
24.1280	13.3600
24.1240	13.3600
24.1240	13.3560
24.1240	13.3520
24.1200	13.3480
24.1200	13.3440
24.1160	13.3400
24.1120	13.3400
24.1080	13.3360
24.1040	13.3360
24.1040	13.3320
24.1000	13.3320
24.1000	13.3280
24.0960	13.3280
24.0960	13.3240
24.0920	13.3200
24.0920	13.3160
24.0920	13.3120
24.0920	13.3080
24.0880	13.3080
24.0880	13.3040
24.0880	13.3000
24.0880	13.2960
24.0840	13.2960
24.0840	13.2920
24.0840	13.2880
24.0840	13.2840
24.0800	13.2840
24.0800	13.2800
24.0800	13.2760
24.0800	13.2720
24.0800	13.2680
24.0800	13.2640
24.0800	13.2600
24.0800	13.2560
24.0800	13.2520
24.0760	13.2520
24.0760	13.2480
24.0760	13.2440
24.0720	13.2440
24.0720	13.2400
24.0720	13.2360
24.0680	13.2360
24.0640	13.2320
24.0640	13.2280
24.0640	13.2240
24.0600	13.2240
24.0600	13.2200
24.0560	13.2200
24.0560	13.2160
24.0560	13.2120
24.0520	13.2120
24.0480	13.2080
24.0480	13.2040
24.0440	13.2040
24.0440	13.2000
24.0440	13.1960
24.0400	13.1960
24.0400	13.1920
24.0320	13.1920
24.0320	13.1880
24.0280	13.1880
24.0280	13.1840
24.0240	13.1800
24.0240	13.1760
24.0160	13.1760
24.0160	13.1720
24.0120	13.1680
24.0120	13.1640
24.0080	13.1640
24.0080	13.1600
24.0040	13.1600
24.0040	13.1560
23.9960	13.1560
23.9960	13.1520
23.9920	13.1520
23.9920	13.1480
23.9920	13.1440
23.9880	13.1440
23.9880	13.1400
23.9840	13.1400
23.9840	13.1360
23.9800	13.1360
23.9800	13.1320
23.9800	13.1280
23.9760	13.1280
23.9760	13.1240
23.9720	13.1240
23.9720	13.1200
23.9600	13.1200
23.9600	13.1160
23.9560	13.1120
23.9480	13.1120
23.9440	13.1080
23.9400	13.1080
23.9360	13.1040
23.9280	13.1040
23.9240	13.1000
23.9160	13.0960
23.9120	13.0960
23.9080	13.0920
23.9000	13.0920
23.8920	13.0880
23.8880	13.0880
23.8840	13.0840
23.8760	13.0800
23.8600	13.0800
23.8520	13.0760
23.8480	13.0760
23.8400	13.0720
23.8360	13.0680
23.8160	13.0680
23.8120	13.0640
23.7960	13.0640
23.7920	13.0600
23.7760	13.0600
23.7760	13.0560
23.7640	13.0560
23.7600	13.0520
23.7560	13.0520
23.7480	13.0480
23.7320	13.0480
23.7320	13.0440
23.7240	13.0440
23.7240	13.0400
23.7120	13.0400
23.7120	13.0360
23.7080	13.0360
23.7080	13.0320
23.6960	13.0320
23.6920	13.0280
23.6840	13.0280
23.6840	13.0240
23.6760	13.0240
23.6720	13.0200
23.6680	13.0160
23.6640	13.0160
23.6600	13.0120
23.6280	13.0120
23.6280	13.0160
23.6240	13.0160
23.6240	13.0200
23.6200	13.0200
23.6160	13.0240
23.6160	13.0280
23.6040	13.0280
23.6040	13.0240
23.5840	13.0240
23.5840	13.0200
23.5760	13.0200
23.5720	13.0160
23.5160	13.0160
23.5160	13.0120
23.4680	13.0120
23.4680	13.0080
23.4640	13.0080
23.4640	13.0040
23.4600	13.0040
23.4600	13.0000
23.4560	13.0000
23.4560	12.9960
23.4520	12.9960
23.4520	12.9920
23.4480	12.9920
23.4480	12.9880
23.4480	12.9840
23.4400	12.9840
23.4400	12.9800
23.4280	12.9800
23.4240	12.9760
23.4000	12.9760
23.3960	12.9720
23.3880	12.9720
23.3840	12.9680
23.3680	12.9680
23.3600	12.9640
23.3480	12.9640
23.3400	12.9600
23.3280	12.9600
23.3240	12.9560
23.3200	12.9560
23.3200	12.9520
23.3080	12.9520
23.3080	12.9480
23.3000	12.9480
23.3000	12.9440
23.2960	12.9440
23.2960	12.9400
23.2920	12.9400
23.2920	12.9360
23.2840	12.9360
23.2840	12.9320
23.2800	12.9320
23.2760	12.9280
23.2680	12.9280
23.2680	12.9240
23.2600	12.9240
23.2600	12.9200
23.2560	12.9160
23.2520	12.9160
23.2520	12.9120
23.2440	12.9120
23.2400	12.9080
23.2320	12.9080
23.2240	12.9040
23.2200	12.9000
23.2160	12.9000
23.2080	12.8960
23.1960	12.8960
23.1920	12.8920
23.1800	12.8920
23.1720	12.8880
23.1640	12.8840
23.1600	12.8840
23.1520	12.8800
23.1440	12.8800
23.1440	12.8760
23.1440	12.8720
23.1400	12.8720
23.1400	12.8680
23.1360	12.8680
23.1360	12.8640
23.1360	12.8600
23.1320	12.8600
23.1320	12.8560
23.1320	12.8520
23.1280	12.8520
23.1280	12.8480
23.1280	12.8440
23.1200	12.8440
23.1200	12.8400
23.1200	12.8360
23.1160	12.8360
23.1160	12.8320
23.1120	12.8320
23.1120	12.8280
23.1080	12.8280
23.1040	12.8240
23.1000	12.8200
23.1000	12.8160
23.0960	12.8160
23.0920	12.8120
23.0880	12.8120
23.0880	12.8080
23.0880	12.8040
23.0840	12.8040
23.0840	12.8000
23.0800	12.8000
23.0760	12.7960
23.0720	12.7960
23.0720	12.7920
23.0680	12.7920
23.0680	12.7880
23.0680	12.7840
23.0640	12.7840
23.0640	12.7800
23.0560	12.7800
23.0560	12.7760
23.0520	12.7760
23.0520	12.7720
23.0520	12.7680
23.0480	12.7680
23.0480	12.7640
23.0400	12.7640
23.0400	12.7600
23.0360	12.7600
23.0360	12.7560
23.0360	12.7520
23.0320	12.7520
23.0320	12.7480
23.0280	12.7480
23.0280	12.7440
23.0280	12.7400
23.0240	12.7400
23.0240	12.7360
23.0200	12.7360
23.0200	12.7320
23.0200	12.7280
23.0200	12.7240
23.0160	12.7240
23.0160	12.7200
23.0160	12.7160
23.0160	12.7120
23.0160	12.7080
23.0120	12.7040
23.0120	12.7000
23.0120	12.6960
23.0120	12.6920
23.0120	12.6880
23.0120	12.6840
23.0120	12.6800
23.0120	12.6760
23.0120	12.6720
23.0040	12.6720
23.0040	12.6680
22.9960	12.6680
22.9960	12.6640
22.9840	12.6640
22.9840	12.6600
22.9520	12.6600
22.9520	12.6640
22.9520	12.6680
22.9520	12.6720
22.9520	12.6760
22.9520	12.6800
22.9520	12.6840
22.9520	12.6880
22.9520	12.6920
22.9520	12.6960
22.9520	12.7000
22.9520	12.7040
22.9520	12.7080
22.9520	12.7120
22.9520	12.7160
22.9480	12.7160
22.9480	12.7200
22.9480	12.7240
22.9440	12.7280
22.9440	12.7320
22.9400	12.7320
22.9400	12.7360
22.9400	12.7400
22.9400	12.7440
22.9400	12.7480
22.9360	12.7480
22.9360	12.7520
22.9320	12.7520
22.9320	12.7560
22.9320	12.7600
22.9280	12.7600
22.9280	12.7640
22.9240	12.7640
22.9240	12.7680
22.9200	12.7680
22.9200	12.7640
22.9160	12.7640
22.9160	12.7600
22.9120	12.7600
22.9120	12.7560
22.9080	12.7520
22.9040	12.7520
22.9040	12.7480
22.9000	12.7480
22.9000	12.7440
22.8920	12.7440
22.8920	12.7400
22.8880	12.7360
22.8840	12.7360
22.8840	12.7320
22.8800	12.7320
22.8800	12.7280
22.8800	12.7240
22.8760	12.7240
22.8760	12.7200
22.8720	12.7200
22.8720	12.7160
22.8720	12.7120
22.8720	12.7080
22.8680	12.7080
22.8680	12.7040
22.8680	12.7000
22.8680	12.6960
22.8640	12.6960
22.8640	12.6920
22.8640	12.6880
22.8600	12.6880
22.8600	12.6840
22.8600	12.6800
22.8560	12.6800
22.8560	12.6760
22.8560	12.6720
22.8560	12.6680
22.8520	12.6680
22.8520	12.6640
22.8520	12.6600
22.8440	12.6600
22.8440	12.6560
22.7560	12.6560
22.7560	12.6600
22.7520	12.6600
22.7520	12.6640
22.7480	12.6680
22.7480	12.6720
22.7480	12.6760
22.7480	12.6800
22.7440	12.6800
22.7440	12.6840
22.7400	12.6840
22.7400	12.6880
22.7400	12.6920
22.7360	12.6920
22.7360	12.6960
22.7360	12.7000
22.7360	12.7040
22.7320	12.7040
22.7320	12.7080
22.7280	12.7120
22.7280	12.7160
22.7240	12.7160
22.7240	12.7200
22.7200	12.7200
22.7200	12.7240
22.7160	12.7240
22.7160	12.7280
22.7160	12.7320
22.7120	12.7320
22.7080	12.7360
22.7040	12.7400
22.6960	12.7400
22.6960	12.7440
22.6920	12.7440
22.6920	12.7480
22.6880	12.7480
22.6880	12.7520
22.6720	12.7520
22.6720	12.7480
22.6680	12.7480
22.6680	12.7440
22.6680	12.7400
22.6640	12.7400
22.6640	12.7360
22.6600	12.7360
22.6600	12.7320
22.6600	12.7280
22.6600	12.7240
22.6600	12.7200
22.6600	12.7160
22.6600	12.7120
22.6600	12.7080
22.6600	12.7040
22.6560	12.7040
22.6560	12.7000
22.6520	12.7000
22.6520	12.6960
22.6480	12.6960
22.6480	12.6920
22.6480	12.6880
22.6440	12.6880
22.6440	12.6840
22.6400	12.6840
22.6400	12.6800
22.6320	12.6800
22.6320	12.6760
22.6280	12.6760
22.6280	12.6720
22.6240	12.6720
22.6240	12.6680
22.6200	12.6680
22.6160	12.6640
22.6120	12.6600
22.6080	12.6600
22.6080	12.6560
22.6080	12.6520
22.6040	12.6520
22.6040	12.6480
22.6000	12.6480
22.6000	12.6440
22.5960	12.6440
22.5960	12.6400
22.5920	12.6400
22.5920	12.6360
22.5880	12.6360
22.5880	12.6320
22.5840	12.6320
22.5840	12.6280
22.5800	12.6280
22.5800	12.6240
22.5800	12.6200
22.5760	12.6200
22.5760	12.6160
22.5720	12.6160
22.5720	12.6120
22.5680	12.6120
22.5680	12.6080
22.5600	12.6080
22.5600	12.6040
22.5520	12.6040
22.5520	12.6000
22.5440	12.6000
22.5440	12.5960
22.5400	12.5960
22.5360	12.5920
22.5320	12.5920
22.5320	12.5880
22.5080	12.5880
22.5080	12.5920
22.5040	12.5920
22.5040	12.5960
22.5000	12.5960
22.5000	12.6000
22.4760	12.6000
22.4720	12.6040
22.4600	12.6040
22.4600	12.6080
22.4440	12.6080
22.4440	12.6120
22.4200	12.6120
22.4200	12.6080
22.4160	12.6080
22.4160	12.6040
22.4120	12.6040
22.4120	12.6000
22.4120	12.5960
22.4120	12.5920
22.4120	12.5880
22.4120	12.5840
22.4120	12.5800
22.4120	12.5760
22.4120	12.5720
22.4120	12.5680
22.4120	12.5640
22.4120	12.5600
22.4120	12.5560
22.4120	12.5520
22.4080	12.5520
22.4080	12.5480
22.4040	12.5480
22.4040	12.5440
22.4000	12.5440
22.4000	12.5400
22.4000	12.5360
22.3880	12.5360
22.3880	12.5320
22.3800	12.5320
22.3800	12.5280
22.3720	12.5280
22.3720	12.5240
22.3680	12.5240
22.3680	12.5200
22.3600	12.5200
22.3600	12.5160
22.3520	12.5160
22.3520	12.5120
22.3440	12.5120
22.3400	12.5080
22.3400	12.5040
22.3360	12.5040
22.3320	12.5000
22.3280	12.5000
22.3280	12.4960
22.3200	12.4960
22.3200	12.4920
22.3200	12.4880
22.2600	12.4880
22.2600	12.4920
22.2560	12.4920
22.2560	12.4960
22.2520	12.4960
22.2520	12.5000
22.2200	12.5000
22.2120	12.4960
22.2000	12.4960
22.1920	12.4920
22.1800	12.4920
22.1760	12.4880
22.1720	12.4880
22.1680	12.4840
22.1520	12.4840
22.1480	12.4800
22.1440	12.4800
22.1400	12.4760
22.1120	12.4760
22.1120	12.4800
22.1080	12.4800
22.1080	12.4840
22.1040	12.4840
22.1040	12.4880
22.1040	12.4920
22.1000	12.4920
22.1000	12.4960
22.0960	12.4960
22.0960	12.5000
22.0920	12.5000
22.0920	12.5040
22.0800	12.5040
22.0800	12.5080
22.0760	12.5080
22.0720	12.5120
22.0680	12.5120
22.0640	12.5160
22.0120	12.5160
22.0080	12.5200
21.9920	12.5200
21.9880	12.5240
21.9800	12.5240
21.9760	12.5280
21.9760	12.5320
21.9680	12.5320
21.9680	12.5360
21.9640	12.5360
21.9640	12.5400
21.9600	12.5400
21.9600	12.5440
21.9600	12.5480
21.9560	12.5480
21.9560	12.5520
21.9480	12.5520
21.9480	12.5560
21.9440	12.5560
21.9440	12.5600
21.9400	12.5600
21.9400	12.5640
21.9360	12.5640
21.9360	12.5680
21.9320	12.5680
21.9320	12.5720
21.9280	12.5720
21.9280	12.5760
21.9120	12.5760
21.9120	12.5720
21.8920	12.5720
21.8880	12.5680
21.8720	12.5680
21.8720	12.5640
21.8520	12.5640
21.8520	12.5600
21.8480	12.5600
21.8480	12.5560
21.8400	12.5560
21.8400	12.5520
21.8320	12.5520
21.8320	12.5480
21.8240	12.5480
21.8240	12.5440
21.8160	12.5440
21.8160	12.5400
21.8160	12.5360
21.8080	12.5360
21.8080	12.5320
21.8000	12.5320
21.8000	12.5280
21.7960	12.5280
21.7960	12.5240
21.7960	12.5200
21.7920	12.5200
21.7920	12.5160
21.7880	12.5160
21.7880	12.5120
21.7840	12.5120
21.7840	12.5080
21.7840	12.5040
21.7800	12.5040
21.7800	12.5000
21.7800	12.4960
21.7760	12.4960
21.7760	12.4920
21.7760	12.4880
21.7760	12.4840
21.7760	12.4800
21.7720	12.4800
21.7720	12.4760
21.7680	12.4760
21.7680	12.4720
21.7680	12.4680
21.7640	12.4680
21.7640	12.4640
21.7640	12.4600
21.7640	12.4560
21.7640	12.4520
21.7640	12.4480
21.7640	12.4440
21.7640	12.4400
21.7640	12.4360
21.7640	12.4320
21.7640	12.4280
21.7600	12.4280
21.7600	12.4240
21.7560	12.4240
21.7560	12.4200
