16.5153	9.2659
16.5153	9.2693
16.4950	9.2693
16.4916	9.2727
16.4848	9.2727
16.4814	9.2761
16.4781	9.2761
16.4747	9.2795
16.4645	9.2795
16.4645	9.2829
16.4543	9.2829
16.4543	9.2863
16.4476	9.2863
16.4442	9.2897
16.4374	9.2931
16.4340	9.2931
16.4306	9.2964
16.4238	9.2964
16.4238	9.2998
16.4137	9.2998
16.4137	9.3032
16.4103	9.3032
16.4103	9.3066
16.4035	9.3066
16.4035	9.3100
16.3933	9.3100
16.3933	9.3134
16.3899	9.3134
16.3832	9.3168
16.3832	9.3202
16.3764	9.3202
16.3764	9.3236
16.3696	9.3236
16.3662	9.3269
16.3628	9.3269
16.3561	9.3303
16.3493	9.3303
16.3493	9.3337
16.3459	9.3371
16.3391	9.3371
16.3391	9.3405
16.3357	9.3405
16.3357	9.3439
16.3255	9.3439
16.3255	9.3473
16.3222	9.3507
16.3188	9.3507
16.3120	9.3541
16.3086	9.3541
16.3052	9.3575
16.3018	9.3608
16.2984	9.3642
16.2950	9.3642
16.2917	9.3676
16.2883	9.3676
16.2849	9.3710
16.2815	9.3710
16.2781	9.3744
16.2781	9.3778
16.2713	9.3778
16.2713	9.3812
16.2679	9.3812
16.2645	9.3846
16.2612	9.3846
16.2578	9.3880
16.2578	9.3913
16.2544	9.3913
16.2544	9.3947
16.2510	9.3947
16.2476	9.3981
16.2442	9.3981
16.2442	9.4015
16.2408	9.4015
16.2408	9.4049
16.2374	9.4049
16.2374	9.4083
16.2307	9.4083
16.2307	9.4117
16.2273	9.4117
16.2239	9.4151
16.2239	9.4185
16.2205	9.4185
16.2171	9.4218
16.2137	9.4218
16.2103	9.4252
16.2069	9.4252
16.2069	9.4286
16.2069	9.4320
16.2001	9.4320
16.2001	9.4354
16.1968	9.4388
16.1934	9.4388
16.1934	9.4422
16.1900	9.4456
16.1866	9.4490
16.1832	9.4523
16.1832	9.4557
16.1798	9.4557
16.1798	9.4591
16.1764	9.4625
16.1730	9.4625
16.1730	9.4659
16.1730	9.4693
16.1696	9.4693
16.1696	9.4727
16.1696	9.4761
16.1663	9.4761
16.1663	9.4795
16.1629	9.4795
16.1595	9.4828
16.1595	9.4862
16.1595	9.4896
16.1561	9.4896
16.1561	9.4930
16.1527	9.4964
16.1527	9.5032
16.1493	9.5032
16.1493	9.5066
16.1459	9.5066
16.1459	9.5100
16.1459	9.5134
16.1459	9.5167
16.1425	9.5167
16.1425	9.5201
16.1425	9.5235
16.1425	9.5269
16.1391	9.5303
16.1391	9.5337
16.1391	9.5371
16.1391	9.5405
16.1358	9.5439
16.1358	9.5472
16.1324	9.5472
16.1324	9.5506
16.1324	9.5540
16.1324	9.5574
16.1324	9.5608
16.1324	9.5642
16.1324	9.5676
16.1324	9.5710
16.1324	9.5744
16.1324	9.5777
16.1324	9.5811
16.1324	9.5845
16.1324	9.5879
16.1324	9.5913
16.1324	9.5947
16.1324	9.5981
16.1324	9.6015
16.1324	9.6049
16.1324	9.6082
16.1324	9.6116
16.1324	9.6150
16.1324	9.6184
16.1324	9.6218
16.1324	9.6252
16.1324	9.6286
16.1324	9.6320
16.1324	9.6354
16.1324	9.6388
16.1324	9.6421
16.1324	9.6455
16.1324	9.6489
16.1324	9.6523
16.1324	9.6557
16.1324	9.6591
16.1324	9.6625
16.1324	9.6659
16.1324	9.6693
16.1324	9.6726
16.1324	9.6760
16.1324	9.6794
16.1324	9.6828
16.1324	9.6862
16.1324	9.6896
16.1324	9.6930
16.1324	9.6964
16.1324	9.6998
16.1324	9.7031
16.1324	9.7065
16.1324	9.7099
16.1324	9.7133
16.1324	9.7167
16.1290	9.7167
16.1290	9.7201
16.1290	9.7235
16.1290	9.7269
16.1290	9.7303
16.1290	9.7336
16.1290	9.7370
16.1290	9.7404
16.1290	9.7438
16.1256	9.7438
16.1256	9.7472
16.1256	9.7506
16.1256	9.7540
16.1256	9.7574
16.1222	9.7574
16.1222	9.7608
16.1222	9.7641
16.1222	9.7709
16.1188	9.7709
16.1188	9.7743
16.1154	9.7743
16.1154	9.7777
16.1154	9.7811
16.1154	9.7845
16.1120	9.7879
16.1120	9.7913
16.1086	9.7947
16.1086	9.7980
16.1086	9.8014
16.1053	9.8048
16.1019	9.8048
16.1019	9.8082
16.1019	9.8116
16.1019	9.8150
16.0985	9.8150
16.0985	9.8184
16.0985	9.8218
16.0985	9.8252
16.0951	9.8252
16.0951	9.8285
16.0951	9.8319
16.0917	9.8353
16.0917	9.8387
16.0883	9.8387
16.0883	9.8421
16.0883	9.8455
16.0849	9.8489
16.0849	9.8523
16.0849	9.8557
16.0815	9.8557
16.0815	9.8590
16.0815	9.8624
16.0815	9.8658
16.0781	9.8658
16.0781	9.8692
16.0748	9.8692
16.0748	9.8726
16.0748	9.8760
16.0714	9.8794
16.0714	9.8828
16.0714	9.8862
16.0714	9.8895
16.0680	9.8895
16.0680	9.8929
16.0680	9.8963
16.0646	9.8997
16.0646	9.9031
16.0646	9.9065
16.0646	9.9099
16.0612	9.9099
16.0612	9.9133
16.0612	9.9167
16.0612	9.9200
16.0612	9.9234
16.0612	9.9268
16.0612	9.9302
16.0612	9.9336
16.0612	9.9370
16.0612	9.9404
16.0612	9.9438
16.0612	9.9472
16.0612	9.9506
16.0612	9.9539
16.0612	9.9573
16.0612	9.9607
16.0612	9.9641
16.0612	9.9675
16.0612	9.9709
16.0612	9.9743
16.0612	9.9777
16.0612	9.9811
16.0612	9.9844
16.0612	9.9878
16.0612	9.9912
16.0612	9.9946
16.0612	9.9980
16.0612	10.0014
16.0646	10.0082
16.0646	10.0116
16.0646	10.0149
16.0646	10.0183
16.0646	10.0251
16.0646	10.0285
16.0646	10.0319
16.0646	10.0353
16.0680	10.0387
16.0680	10.0421
16.0680	10.0454
16.0714	10.0454
16.0714	10.0488
16.0714	10.0522
16.0714	10.0556
16.0714	10.0590
16.0714	10.0624
16.0714	10.0658
16.0714	10.0692
16.0714	10.0726
16.0748	10.0760
16.0748	10.0793
16.0748	10.0827
16.0748	10.0861
16.0748	10.0895
16.0748	10.0929
16.0781	10.0963
16.0781	10.0997
16.0781	10.1031
16.0781	10.1065
16.0781	10.1098
16.0815	10.1132
16.0815	10.1166
16.0815	10.1200
16.0849	10.1200
16.0849	10.1234
16.0849	10.1268
16.0849	10.1336
16.0883	10.1336
16.0883	10.1370
16.0883	10.1403
16.0883	10.1471
16.0917	10.1471
16.0917	10.1505
16.0917	10.1539
16.0917	10.1607
16.0951	10.1607
16.0951	10.1641
16.0951	10.1675
16.0985	10.1675
16.0985	10.1708
16.0985	10.1742
16.0985	10.1776
16.1019	10.1776
16.1019	10.1810
16.1019	10.1844
16.1019	10.1878
16.1019	10.1912
16.1053	10.1912
16.1053	10.1980
16.1086	10.2013
16.1120	10.2047
16.1120	10.2115
16.1154	10.2149
16.1188	10.2217
16.1188	10.2251
16.1222	10.2319
16.1256	10.2352
16.1290	10.2386
16.1290	10.2454
16.1324	10.2488
16.1324	10.2522
16.1358	10.2556
16.1391	10.2590
16.1391	10.2624
16.1425	10.2624
16.1425	10.2657
16.1459	10.2691
16.1459	10.2725
16.1493	10.2725
16.1493	10.2759
16.1527	10.2793
16.1561	10.2827
16.1561	10.2861
16.1595	10.2861
16.1595	10.2895
16.1629	10.2895
16.1629	10.2929
16.1663	10.2962
16.1663	10.2996
16.1696	10.2996
16.1696	10.3030
16.1730	10.3030
16.1730	10.3064
16.1764	10.3064
16.1764	10.3098
16.1798	10.3132
16.1832	10.3166
16.1832	10.3200
16.1866	10.3200
16.1866	10.3234
16.1900	10.3234
16.1900	10.3267
16.1934	10.3301
16.1968	10.3301
16.1968	10.3335
16.2001	10.3335
16.2001	10.3369
16.2035	10.3369
16.2035	10.3403
16.2035	10.3437
16.2103	10.3437
16.2103	10.3471
16.2137	10.3471
16.2137	10.3505
16.2171	10.3539
16.2205	10.3573
16.2239	10.3573
16.2239	10.3606
16.2273	10.3606
16.2273	10.3640
16.2307	10.3640
16.2307	10.3674
16.2340	10.3708
16.2374	10.3708
16.2374	10.3742
16.2408	10.3742
16.2442	10.3776
16.2476	10.3776
16.2476	10.3844
16.2544	10.3844
16.2578	10.3878
16.2612	10.3911
16.2645	10.3945
16.2679	10.3979
16.2713	10.4013
16.2747	10.4047
16.2815	10.4047
16.2815	10.4115
16.2849	10.4115
16.2883	10.4149
16.2917	10.4183
16.2950	10.4183
16.2950	10.4216
16.2984	10.4216
16.2984	10.4250
16.3018	10.4250
16.3018	10.4284
16.3052	10.4284
16.3086	10.4318
16.3120	10.4318
16.3120	10.4352
16.3154	10.4352
16.3188	10.4420
16.3222	10.4420
16.3255	10.4454
16.3289	10.4488
16.3323	10.4521
16.3357	10.4555
16.3391	10.4589
16.3425	10.4623
16.3493	10.4623
16.3493	10.4691
16.3527	10.4691
16.3561	10.4725
16.3594	10.4725
16.3594	10.4759
16.3628	10.4759
16.3628	10.4793
16.3662	10.4793
16.3662	10.4826
16.3696	10.4826
16.3696	10.4860
16.3764	10.4860
16.3798	10.4894
16.3832	10.4894
16.3899	10.4962
16.3967	10.4996
16.4001	10.5030
16.4069	10.5098
16.4137	10.5132
16.4204	10.5165
16.4272	10.5233
16.4306	10.5267
16.4374	10.5267
16.4374	10.5301
16.4442	10.5335
16.4476	10.5369
16.4509	10.5403
16.4611	10.5403
16.4679	10.5437
16.4747	10.5504
16.4848	10.5538
16.4916	10.5572
16.5018	10.5640
16.5120	10.5674
16.5187	10.5708
16.5221	10.5708
16.5221	10.5742
16.5255	10.5742
16.5289	10.5775
16.5323	10.5775
16.5391	10.5809
16.5492	10.5843
16.5560	10.5877
16.5662	10.5911
16.5730	10.5945
16.5831	10.5979
16.5933	10.6013
16.6035	10.6080
16.6102	10.6114
16.6170	10.6114
16.6170	10.6148
16.6204	10.6148
16.6272	10.6182
16.6407	10.6182
16.6475	10.6216
16.6509	10.6216
16.6577	10.6250
16.6679	10.6250
16.6712	10.6284
16.6780	10.6284
16.6780	10.6318
16.6916	10.6318
16.6950	10.6352
16.8339	10.6352
16.8373	10.6386
16.8407	10.6386
16.8441	10.6419
16.8543	10.6453
16.8576	10.6487
16.8678	10.6487
16.8746	10.6521
16.8848	10.6589
16.8949	10.6623
16.9017	10.6657
16.9119	10.6691
16.9153	10.6724
16.9220	10.6724
16.9220	10.6758
16.9288	10.6758
16.9322	10.6792
16.9390	10.6826
16.9492	10.6860
16.9559	10.6894
16.9661	10.6928
16.9763	10.6996
16.9830	10.7029
16.9932	10.7063
17.0034	10.7131
17.0102	10.7165
17.0169	10.7199
17.0203	10.7199
17.0203	10.7233
17.0237	10.7233
17.0237	10.7267
17.0305	10.7267
17.0305	10.7301
17.0373	10.7301
17.0373	10.7334
17.0440	10.7334
17.0440	10.7368
17.0508	10.7368
17.0542	10.7402
17.0576	10.7436
17.0610	10.7436
17.0644	10.7470
17.0712	10.7470
17.0712	10.7504
17.0746	10.7504
17.0746	10.7538
17.0779	10.7538
17.0813	10.7572
17.0881	10.7572
17.0881	10.7606
17.0949	10.7606
17.0983	10.7639
17.1017	10.7639
17.1051	10.7673
17.1084	10.7673
17.1084	10.7707
17.1186	10.7707
17.1186	10.7741
17.1220	10.7741
17.1254	10.7775
17.1288	10.7775
17.1322	10.7809
17.1356	10.7809
17.1356	10.7843
17.1423	10.7843
17.1423	10.7877
17.1491	10.7877
17.1491	10.7911
17.1559	10.7911
17.1593	10.7945
17.1593	10.7978
17.1661	10.7978
17.1694	10.8012
17.1728	10.8046
17.1796	10.8046
17.1830	10.8080
17.1830	10.8114
17.1898	10.8114
17.1898	10.8148
17.1999	10.8148
17.1999	10.8182
17.2033	10.8182
17.2067	10.8216
17.2101	10.8250
17.2169	10.8250
17.2169	10.8283
17.2203	10.8283
17.2237	10.8317
17.2271	10.8317
17.2305	10.8351
17.2338	10.8385
17.2372	10.8419
17.2440	10.8419
17.2440	10.8453
17.2474	10.8453
17.2508	10.8487
17.2542	10.8487
17.2542	10.8521
17.2576	10.8521
17.2576	10.8555
17.2610	10.8555
17.2610	10.8588
17.2677	10.8588
17.2711	10.8622
17.2745	10.8656
17.2779	10.8690
17.2847	10.8724
17.2881	10.8758
17.2948	10.8792
17.2948	10.8826
17.3016	10.8826
17.3016	10.8860
17.3084	10.8860
17.3084	10.8893
17.3152	10.8893
17.3152	10.8927
17.3186	10.8961
17.3220	10.8961
17.3220	10.8995
17.3253	10.8995
17.3253	10.9029
17.3287	10.9029
17.3287	10.9063
17.3321	10.9063
17.3321	10.9097
17.3355	10.9097
17.3355	10.9131
17.3389	10.9131
17.3389	10.9165
17.3423	10.9165
17.3423	10.9198
17.3423	10.9232
17.3457	10.9232
17.3457	10.9266
17.3491	10.9266
17.3491	10.9300
17.3491	10.9334
17.3491	10.9368
17.3491	10.9402
17.3491	10.9436
17.3457	10.9470
17.3457	10.9504
17.3423	10.9504
17.3423	10.9537
17.3423	10.9571
17.3423	10.9605
17.3389	10.9605
17.3389	10.9639
17.3389	10.9673
17.3355	10.9673
17.3355	10.9707
17.3355	10.9741
17.3321	10.9775
17.3287	10.9775
17.3287	10.9809
17.3287	10.9842
17.3253	10.9876
17.3253	10.9910
17.3253	10.9944
17.3220	10.9944
17.3220	10.9978
17.3220	11.0012
17.3186	11.0012
17.3186	11.0046
17.3186	11.0080
17.3152	11.0114
17.3118	11.0147
17.3118	11.0181
17.3084	11.0215
17.3084	11.0249
17.3050	11.0249
17.3050	11.0283
17.3016	11.0351
17.2982	11.0351
17.2982	11.0385
17.2948	11.0419
17.2948	11.0452
17.2948	11.0486
17.2915	11.0486
17.2915	11.0520
17.2915	11.0554
17.2881	11.0554
17.2881	11.0588
17.2847	11.0588
17.2847	11.0622
17.2847	11.0656
17.2813	11.0656
17.2813	11.0690
17.2813	11.0724
17.2779	11.0758
17.2779	11.0791
17.2745	11.0825
17.2711	11.0825
17.2711	11.0859
17.2711	11.0893
17.2711	11.0927
17.2677	11.0927
17.2677	11.0961
17.2677	11.0995
17.2643	11.0995
17.2643	11.1029
17.2643	11.1063
17.2610	11.1063
17.2610	11.1096
17.2576	11.1096
17.2576	11.1130
17.2576	11.1164
17.2576	11.1198
17.2542	11.1198
17.2542	11.1232
17.2542	11.1266
17.2508	11.1266
17.2508	11.1300
17.2508	11.1334
17.2474	11.1334
17.2474	11.1368
17.2440	11.1368
17.2440	11.1401
17.2440	11.1435
17.2406	11.1435
17.2406	11.1469
17.2372	11.1503
17.2372	11.1537
17.2338	11.1537
17.2305	11.1571
17.2305	11.1605
17.2271	11.1605
17.2271	11.1639
17.2237	11.1639
17.2237	11.1673
17.2237	11.1706
17.2203	11.1706
17.2203	11.1740
17.2169	11.1774
17.2169	11.1808
17.2169	11.1842
17.2169	11.1876
17.2135	11.1876
17.2135	11.1910
17.2135	11.1944
17.2135	11.1978
17.2101	11.1978
17.2101	11.2011
17.2101	11.2045
17.2101	11.2079
17.2101	11.2113
17.2067	11.2147
17.2067	11.2181
17.2067	11.2215
17.2067	11.2249
17.2033	11.2249
17.2033	11.2283
17.2033	11.2317
17.2033	11.2350
17.1999	11.2350
17.1999	11.2384
17.1999	11.2418
17.1999	11.2452
17.1966	11.2452
17.1966	11.2486
17.1966	11.2520
17.1966	11.2554
17.1966	11.2588
17.1932	11.2588
17.1932	11.2622
17.1932	11.2655
17.1932	11.2689
17.1932	11.2723
17.1932	11.2757
17.1898	11.2757
17.1898	11.2791
17.1898	11.2825
17.1864	11.2825
17.1864	11.2859
17.1864	11.2893
17.1864	11.2927
17.1864	11.2960
17.1830	11.2960
17.1830	11.2994
17.1830	11.3028
17.1830	11.3062
17.1830	11.3096
17.1796	11.3096
17.1796	11.3130
17.1796	11.3164
17.1796	11.3198
17.1796	11.3232
17.1762	11.3265
17.1762	11.3299
17.1762	11.3333
17.1762	11.3367
17.1762	11.3401
17.1762	11.3435
17.1762	11.3469
17.1762	11.3503
17.1762	11.3537
17.1762	11.3571
17.1762	11.3604
17.1762	11.3638
17.1762	11.3672
17.1762	11.3706
17.1762	11.3740
17.1762	11.3774
17.1762	11.3808
17.1762	11.3842
17.1796	11.3876
17.1796	11.3909
17.1830	11.3909
17.1830	11.3943
17.1830	11.3977
17.1830	11.4011
17.1864	11.4011
17.1864	11.4045
17.1864	11.4079
17.1898	11.4113
17.1898	11.4147
17.1898	11.4181
17.1932	11.4214
17.1966	11.4214
17.1966	11.4248
17.1966	11.4282
17.1999	11.4282
17.1999	11.4316
17.1999	11.4350
17.2033	11.4350
17.2033	11.4384
17.2033	11.4418
17.2067	11.4418
17.2067	11.4452
17.2101	11.4452
17.2101	11.4486
17.2101	11.4519
17.2135	11.4553
17.2135	11.4587
17.2169	11.4621
17.2169	11.4655
17.2169	11.4689
17.2203	11.4689
17.2203	11.4723
17.2203	11.4757
17.2237	11.4757
17.2237	11.4791
17.2271	11.4791
17.2271	11.4824
17.2271	11.4858
17.2305	11.4858
17.2305	11.4892
17.2305	11.4926
17.2338	11.4926
17.2338	11.4960
17.2338	11.4994
17.2372	11.4994
17.2372	11.5028
17.2406	11.5028
17.2406	11.5062
17.2440	11.5062
17.2440	11.5096
17.2440	11.5130
17.2474	11.5130
17.2474	11.5163
17.2508	11.5197
17.2542	11.5197
17.2542	11.5231
17.2542	11.5265
17.2576	11.5265
17.2576	11.5299
17.2610	11.5299
17.2610	11.5333
17.2643	11.5367
17.2643	11.5401
17.2677	11.5401
17.2677	11.5435
17.2711	11.5435
17.2711	11.5468
17.2745	11.5468
17.2745	11.5502
17.2779	11.5536
17.2813	11.5536
17.2813	11.5570
17.2847	11.5604
17.2881	11.5638
17.2881	11.5672
17.2948	11.5672
17.2948	11.5706
17.2982	11.5740
17.3016	11.5773
17.3050	11.5807
17.3084	11.5841
17.3118	11.5875
17.3152	11.5909
17.3220	11.5943
17.3253	11.5977
17.3253	11.6011
17.3321	11.6045
17.3389	11.6112
17.3423	11.6146
17.3491	11.6180
17.3559	11.6214
17.3559	11.6248
17.3592	11.6248
17.3592	11.6282
17.3660	11.6282
17.3660	11.6316
17.3694	11.6316
17.3728	11.6350
17.3762	11.6384
17.3796	11.6417
17.3830	11.6417
17.3864	11.6451
17.3897	11.6485
17.3931	11.6519
17.3965	11.6553
17.3999	11.6553
17.4033	11.6587
17.4067	11.6587
17.4101	11.6621
17.4135	11.6655
17.4169	11.6655
17.4202	11.6689
17.4236	11.6689
17.4236	11.6722
17.4270	11.6722
17.4270	11.6756
17.4304	11.6756
17.4304	11.6790
17.4372	11.6790
17.4372	11.6824
17.4406	11.6824
17.4440	11.6858
17.4474	11.6892
17.4507	11.6892
17.4507	11.6926
17.4541	11.6926
17.4541	11.6960
17.4575	11.6960
17.4609	11.6994
17.4643	11.6994
17.4677	11.7027
17.4677	11.7061
17.4745	11.7061
17.4779	11.7095
17.4779	11.7129
17.4846	11.7129
17.4846	11.7163
17.4880	11.7197
17.4914	11.7197
17.4914	11.7231
17.4948	11.7265
17.4948	11.7299
17.4982	11.7299
17.4982	11.7332
17.4982	11.7366
17.5050	11.7366
17.5050	11.7400
17.5050	11.7434
17.5084	11.7434
17.5084	11.7468
17.5084	11.7502
17.5118	11.7502
17.5118	11.7536
17.5151	11.7570
17.5185	11.7570
17.5185	11.7637
17.5219	11.7671
17.5219	11.7705
17.5253	11.7705
17.5253	11.7739
17.5253	11.7773
17.5287	11.7773
17.5287	11.7807
17.5321	11.7807
17.5321	11.7841
17.5321	11.7875
17.5355	11.7875
17.5355	11.7909
17.5355	11.7943
17.5389	11.7976
17.5389	11.8010
17.5389	11.8044
17.5423	11.8044
17.5423	11.8078
17.5456	11.8112
17.5490	11.8146
17.5490	11.8180
17.5490	11.8214
17.5490	11.8248
17.5490	11.8281
17.5524	11.8281
17.5558	11.8315
17.5592	11.8349
17.5626	11.8349
17.5694	11.8383
17.5761	11.8417
17.5829	11.8485
17.5897	11.8519
17.5965	11.8553
17.6066	11.8586
17.6100	11.8620
17.6202	11.8688
17.6304	11.8756
17.6405	11.8790
17.6507	11.8858
17.6609	11.8891
17.6677	11.8959
17.6778	11.8993
17.6778	11.9027
17.6812	11.9027
17.6812	11.9061
17.6880	11.9061
17.6880	11.9095
17.6880	11.9129
17.6914	11.9129
17.6948	11.9163
17.6982	11.9197
17.7015	11.9230
17.7049	11.9264
17.7083	11.9298
17.7117	11.9332
17.7151	11.9366
17.7185	11.9400
17.7219	11.9468
17.7253	11.9502
17.7320	11.9569
17.7354	11.9603
17.7388	11.9671
17.7422	11.9705
17.7456	11.9773
17.7490	11.9807
17.7490	11.9840
17.7524	11.9840
17.7524	11.9874
17.7524	11.9908
17.7558	11.9908
17.7592	11.9976
17.7625	12.0010
17.7659	12.0010
17.7693	12.0044
17.7727	12.0112
17.7761	12.0112
17.7795	12.0179
17.7863	12.0213
17.7897	12.0247
17.7931	12.0315
17.8032	12.0349
17.8066	12.0417
17.8134	12.0450
17.8168	12.0484
17.8202	12.0518
17.8202	12.0552
17.8269	12.0552
17.8269	12.0586
17.8303	12.0586
17.8303	12.0620
17.8337	12.0654
17.8405	12.0654
17.8405	12.0688
17.8473	12.0688
17.8473	12.0722
17.8541	12.0756
17.8574	12.0789
17.8574	12.0823
17.8608	12.0823
17.8608	12.0857
17.8676	12.0857
17.8676	12.0891
17.8710	12.0891
17.8710	12.0925
17.8744	12.0925
17.8744	12.0959
17.8778	12.0959
17.8812	12.0993
17.8846	12.1027
17.8879	12.1094
17.8913	12.1128
17.8981	12.1162
17.9015	12.1230
17.9083	12.1264
17.9117	12.1332
17.9151	12.1332
17.9151	12.1366
17.9185	12.1366
17.9185	12.1399
17.9252	12.1399
17.9252	12.1433
17.9286	12.1433
17.9286	12.1467
17.9320	12.1467
17.9320	12.1501
17.9388	12.1501
17.9388	12.1535
17.9456	12.1569
17.9490	12.1569
17.9523	12.1637
17.9557	12.1637
17.9591	12.1671
17.9659	12.1704
17.9693	12.1704
17.9761	12.1772
17.9795	12.1806
17.9862	12.1806
17.9862	12.1840
17.9930	12.1840
17.9930	12.1874
17.9998	12.1874
17.9998	12.1908
18.0032	12.1908
18.0032	12.1942
18.0100	12.1942
18.0100	12.1976
18.0133	12.1976
18.0201	12.2043
18.0235	12.2043
18.0269	12.2077
18.0303	12.2111
18.0337	12.2145
18.0371	12.2145
18.0405	12.2179
18.0438	12.2213
18.0506	12.2247
18.0540	12.2281
18.0574	12.2315
18.0574	12.2348
18.0642	12.2348
18.0642	12.2382
18.0676	12.2382
18.0676	12.2416
18.0676	12.2450
18.0710	12.2450
18.0710	12.2484
18.0744	12.2518
18.0777	12.2518
18.0777	12.2552
18.0811	12.2586
18.0811	12.2620
18.0845	12.2620
18.0845	12.2653
18.0879	12.2687
18.0913	12.2687
18.0913	12.2721
18.0913	12.2755
18.0947	12.2755
18.0947	12.2789
18.0981	12.2823
18.1049	12.2891
18.1049	12.2925
18.1082	12.2958
18.1116	12.2992
18.1116	12.3026
18.1150	12.3026
18.1150	12.3060
18.1184	12.3060
18.1184	12.3094
18.1218	12.3094
18.1218	12.3128
18.1218	12.3162
18.1252	12.3162
18.1252	12.3196
18.1252	12.3230
18.1320	12.3230
18.1320	12.3263
18.1320	12.3297
18.1354	12.3297
18.1354	12.3331
18.1387	12.3365
18.1387	12.3399
18.1421	12.3433
18.1489	12.3467
18.1489	12.3501
18.1489	12.3535
18.1523	12.3569
18.1523	12.3602
18.1557	12.3602
18.1557	12.3636
18.1591	12.3636
18.1591	12.3670
18.1625	12.3670
18.1625	12.3704
18.1659	12.3738
18.1692	12.3738
18.1692	12.3772
18.1794	12.3772
18.1794	12.3806
18.1828	12.3806
18.1828	12.3840
18.1862	12.3840
18.1896	12.3874
18.1930	12.3874
18.1997	12.3907
18.2065	12.3907
18.2167	12.3941
18.2235	12.3975
18.2336	12.4009
18.2472	12.4043
18.2608	12.4111
18.3116	12.4314
18.3218	12.4348
18.3353	12.4416
18.3455	12.4450
18.3523	12.4484
18.3557	12.4517
18.3590	12.4551
18.3624	12.4551
18.3658	12.4585
18.3692	12.4585
18.3726	12.4619
18.3726	12.4653
18.3794	12.4687
18.3794	12.4721
18.3828	12.4755
18.3862	12.4755
18.3895	12.4789
18.3929	12.4822
18.3963	12.4856
18.3997	12.4890
18.4031	12.4958
18.4065	12.4992
18.4065	12.5026
18.4099	12.5026
18.4099	12.5060
18.4133	12.5060
18.4133	12.5094
18.4167	12.5094
18.4200	12.5128
18.4234	12.5161
18.4234	12.5195
18.4268	12.5229
18.4302	12.5229
18.4336	12.5263
18.4336	12.5297
18.4370	12.5297
18.4370	12.5331
18.4370	12.5365
18.4472	12.5365
18.4472	12.5399
18.4641	12.5399
18.4675	12.5433
18.5251	12.5433
18.5319	12.5399
18.5692	12.5399
18.5726	12.5365
18.6031	12.5365
18.6031	12.5331
18.6302	12.5331
18.6336	12.5297
18.6370	12.5263
18.6471	12.5263
18.6505	12.5229
18.6742	12.5229
18.6776	12.5195
18.6946	12.5195
18.7013	12.5161
18.7047	12.5161
18.7081	12.5128
18.7115	12.5128
18.7149	12.5094
18.7251	12.5094
18.7285	12.5060
18.7420	12.5060
18.7454	12.5026
18.7522	12.5026
18.7590	12.4992
18.7725	12.4992
18.7725	12.4969
18.7759	12.4969
18.7770	12.4958
18.7827	12.4958
18.7827	12.4924
18.7985	12.4924
18.7985	12.4879
18.8013	12.4879
18.8025	12.4924
18.8030	12.4924
18.8064	12.4890
18.8200	12.4890
18.8211	12.4879
18.8245	12.4879
18.8267	12.4856
18.8279	12.4856
18.8301	12.4834
18.8414	12.4834
18.8459	12.4811
18.8527	12.4811
18.8527	12.4789
18.8534	12.4766
18.8685	12.4766
18.8708	12.4743
18.8911	12.4743
18.8911	12.4766
18.8979	12.4766
18.8979	12.4789
18.9002	12.4789
18.9002	12.4811
18.9047	12.4811
18.9047	12.4834
18.9070	12.4856
18.9092	12.4856
18.9092	12.4879
18.9115	12.4879
18.9115	12.4902
18.9137	12.4902
18.9137	12.4947
18.9183	12.4947
18.9183	12.4969
18.9205	12.4969
18.9205	12.4992
18.9228	12.4992
18.9228	12.5015
18.9228	12.5037
18.9273	12.5037
18.9273	12.5060
18.9295	12.5060
18.9295	12.5082
18.9318	12.5082
18.9318	12.5105
18.9318	12.5128
18.9341	12.5128
18.9341	12.5150
18.9363	12.5150
18.9363	12.5173
18.9386	12.5173
18.9386	12.5195
18.9386	12.5218
18.9386	12.5240
18.9408	12.5240
18.9408	12.5263
18.9431	12.5263
18.9454	12.5308
18.9454	12.5331
18.9476	12.5331
18.9476	12.5353
18.9499	12.5353
18.9499	12.5376
18.9499	12.5399
18.9521	12.5399
18.9521	12.5421
18.9544	12.5421
18.9544	12.5444
18.9544	12.5466
18.9567	12.5466
18.9567	12.5489
18.9567	12.5512
18.9589	12.5512
18.9589	12.5534
18.9589	12.5557
18.9612	12.5557
18.9612	12.5579
18.9634	12.5579
18.9634	12.5602
18.9634	12.5625
18.9634	12.5647
18.9657	12.5647
18.9657	12.5692
18.9657	12.5715
18.9680	12.5715
18.9680	12.5738
18.9680	12.5760
18.9680	12.5783
18.9680	12.5805
18.9702	12.5805
18.9702	12.5828
18.9702	12.5851
18.9702	12.5873
18.9725	12.5873
18.9725	12.5896
18.9725	12.5918
18.9725	12.5941
18.9725	12.5964
18.9725	12.5986
18.9725	12.6009
18.9725	12.6031
18.9725	12.6054
18.9725	12.6076
18.9725	12.6099
18.9725	12.6122
18.9725	12.6144
18.9747	12.6144
18.9747	12.6167
18.9770	12.6167
18.9793	12.6189
18.9815	12.6189
18.9815	12.6212
18.9838	12.6212
18.9838	12.6235
18.9883	12.6235
18.9883	12.6257
18.9906	12.6257
18.9906	12.6280
18.9928	12.6280
18.9928	12.6302
18.9951	12.6302
18.9951	12.6325
18.9973	12.6325
18.9973	12.6348
18.9973	12.6370
18.9996	12.6370
18.9996	12.6393
18.9996	12.6415
19.0018	12.6415
19.0018	12.6438
19.0018	12.6461
19.0041	12.6461
19.0041	12.6483
19.0064	12.6483
19.0064	12.6506
19.0086	12.6506
19.0086	12.6528
19.0086	12.6551
19.0109	12.6574
19.0109	12.6596
19.0131	12.6596
19.0131	12.6619
19.0131	12.6630
19.0165	12.6653
19.0233	12.6687
19.0335	12.6754
19.0436	12.6788
19.0504	12.6822
19.0572	12.6890
19.0606	12.6890
19.0640	12.6924
19.0708	12.6924
19.0708	12.6958
19.0809	12.6958
19.0843	12.6992
19.0877	12.7025
19.0911	12.7025
19.0979	12.7059
19.1013	12.7059
19.1080	12.7093
19.1148	12.7127
19.1182	12.7161
19.1250	12.7161
19.1284	12.7195
19.1318	12.7195
19.1385	12.7229
19.1453	12.7263
19.1487	12.7297
19.1555	12.7330
19.1589	12.7330
19.1623	12.7364
19.1657	12.7364
19.1690	12.7398
19.1724	12.7432
19.1826	12.7432
19.1826	12.7466
19.1894	12.7466
19.1962	12.7500
19.1996	12.7500
19.2029	12.7568
19.2097	12.7568
19.2131	12.7602
19.2233	12.7635
19.2267	12.7669
19.2334	12.7703
19.2402	12.7737
19.2436	12.7737
19.2470	12.7771
19.2504	12.7771
19.2504	12.7805
19.2538	12.7805
19.2538	12.7839
19.2639	12.7839
19.2673	12.7873
19.2775	12.7873
19.2843	12.7907
19.2911	12.7907
19.3012	12.7974
19.3080	12.7974
19.3182	12.8008
19.3283	12.8042
19.3385	12.8076
19.3487	12.8110
19.3588	12.8110
19.3690	12.8144
19.3792	12.8178
19.3893	12.8212
19.4097	12.8212
19.4097	12.8246
19.4232	12.8246
19.4232	12.8279
19.4402	12.8279
19.4436	12.8313
19.4470	12.8347
19.4741	12.8347
19.4741	12.8381
19.4944	12.8381
19.4978	12.8415
19.5114	12.8415
19.5147	12.8449
19.5181	12.8449
19.5249	12.8483
19.5385	12.8483
19.5452	12.8517
19.6130	12.8517
19.6164	12.8483
19.6503	12.8483
19.6503	12.8449
19.6639	12.8449
19.6673	12.8415
19.6706	12.8415
19.6740	12.8381
19.6774	12.8381
19.6808	12.8347
19.6842	12.8347
19.6876	12.8313
19.6910	12.8313
19.6944	12.8279
19.6978	12.8279
19.6978	12.8246
19.7011	12.8246
19.7045	12.8212
19.7079	12.8212
19.7147	12.8178
19.7181	12.8144
19.7181	12.8110
19.7249	12.8110
19.7249	12.8076
19.7283	12.8076
19.7316	12.8042
19.7350	12.8042
19.7384	12.8008
19.7418	12.7974
19.7452	12.7974
19.7452	12.7941
19.7486	12.7941
19.7520	12.7907
19.7554	12.7907
19.7554	12.7873
19.7588	12.7873
19.7588	12.7839
19.7621	12.7839
19.7655	12.7805
19.7689	12.7805
19.7689	12.7771
19.7757	12.7771
19.7791	12.7703
19.7825	12.7703
19.7825	12.7669
19.7859	12.7669
19.7859	12.7635
19.7893	12.7635
19.7893	12.7602
19.7927	12.7602
19.7927	12.7568
19.7960	12.7568
19.7994	12.7534
19.8028	12.7534
19.8028	12.7500
19.8062	12.7500
19.8062	12.7466
19.8096	12.7466
19.8096	12.7432
19.8130	12.7432
19.8130	12.7398
19.8164	12.7364
19.8164	12.7330
19.8232	12.7330
19.8232	12.7297
19.8232	12.7263
19.8265	12.7263
19.8265	12.7229
19.8299	12.7229
19.8299	12.7195
19.8333	12.7195
19.8333	12.7161
19.8367	12.7127
19.8401	12.7093
19.8435	12.7093
19.8435	12.7059
19.8469	12.7059
19.8469	12.6992
19.8503	12.6992
19.8503	12.6958
19.8537	12.6958
19.8537	12.6924
19.8570	12.6924
19.8570	12.6890
19.8604	12.6890
19.8604	12.6856
19.8604	12.6822
19.8672	12.6822
19.8672	12.6788
19.8672	12.6754
19.8706	12.6754
19.8706	12.6720
19.8740	12.6720
19.8740	12.6687
19.8808	12.6653
19.8808	12.6619
19.8842	12.6585
19.8875	12.6585
19.8875	12.6551
19.8909	12.6517
19.8943	12.6517
19.8943	12.6483
19.8943	12.6449
19.8977	12.6449
19.8977	12.6415
19.9011	12.6415
19.9011	12.6382
19.9045	12.6382
19.9045	12.6348
19.9079	12.6348
19.9079	12.6314
19.9113	12.6314
19.9113	12.6280
19.9147	12.6280
19.9147	12.6246
19.9181	12.6212
19.9214	12.6212
19.9248	12.6178
19.9282	12.6144
19.9350	12.6076
19.9384	12.6043
19.9418	12.5975
19.9452	12.5941
19.9486	12.5907
19.9519	12.5873
19.9519	12.5839
19.9553	12.5839
19.9587	12.5805
19.9587	12.5771
19.9621	12.5771
19.9621	12.5738
19.9655	12.5738
19.9655	12.5704
19.9689	12.5704
19.9689	12.5670
19.9723	12.5670
19.9723	12.5636
19.9757	12.5636
19.9791	12.5602
19.9824	12.5568
19.9858	12.5568
19.9858	12.5534
19.9892	12.5534
19.9926	12.5500
19.9926	12.5466
19.9960	12.5466
19.9960	12.5433
19.9994	12.5433
19.9994	12.5399
20.0062	12.5399
20.0062	12.5365
20.0062	12.5331
20.0096	12.5331
20.0096	12.5297
20.0129	12.5297
20.0129	12.5263
20.0163	12.5263
20.0197	12.5229
20.0231	12.5195
20.0231	12.5161
20.0265	12.5161
20.0265	12.5128
20.0299	12.5094
20.0333	12.5094
20.0333	12.5060
20.0333	12.5026
20.0367	12.5026
20.0367	12.4992
20.0401	12.4992
20.0401	12.4958
20.0434	12.4958
20.0434	12.4924
20.0468	12.4924
20.0468	12.4890
20.0502	12.4890
20.0502	12.4856
20.0536	12.4856
20.0536	12.4822
20.0570	12.4822
20.0570	12.4789
20.0604	12.4755
20.0638	12.4755
20.0638	12.4721
20.0672	12.4721
20.0672	12.4687
20.0706	12.4687
20.0706	12.4653
20.0706	12.4619
20.0740	12.4585
20.0773	12.4585
20.0807	12.4551
20.0841	12.4517
20.0875	12.4484
20.0909	12.4450
20.0943	12.4416
20.0943	12.4382
20.0977	12.4348
20.1011	12.4314
20.1045	12.4314
20.1045	12.4280
20.1078	12.4280
20.1078	12.4246
20.1078	12.4212
20.1146	12.4212
20.1146	12.4179
20.1180	12.4179
20.1180	12.4145
20.1214	12.4145
20.1214	12.4111
20.1248	12.4077
20.1248	12.4043
20.1282	12.4043
20.1282	12.4009
20.1316	12.4009
20.1316	12.3975
20.1350	12.3975
20.1350	12.3941
20.1350	12.3907
20.1383	12.3907
20.1383	12.3874
20.1417	12.3840
20.1451	12.3840
20.1451	12.3806
20.1451	12.3772
20.1485	12.3772
20.1485	12.3738
20.1519	12.3738
20.1519	12.3704
20.1553	12.3704
20.1553	12.3670
20.1587	12.3636
20.1587	12.3602
20.1621	12.3602
20.1621	12.3569
20.1655	12.3569
20.1655	12.3535
20.1655	12.3501
20.1688	12.3501
20.1688	12.3467
20.1688	12.3433
20.1722	12.3433
20.1722	12.3399
20.1756	12.3399
20.1756	12.3365
20.1790	12.3331
20.1790	12.3297
20.1824	12.3297
20.1824	12.3263
20.1824	12.3230
20.1858	12.3230
20.1892	12.3196
20.1892	12.3162
20.1926	12.3162
20.1926	12.3128
20.1960	12.3094
20.1960	12.3060
20.1994	12.3026
20.2027	12.3026
20.2027	12.2992
20.2027	12.2958
20.2061	12.2958
20.2061	12.2925
20.2095	12.2925
20.2095	12.2891
20.2095	12.2857
20.2129	12.2857
20.2129	12.2823
20.2163	12.2823
20.2163	12.2789
20.2197	12.2755
20.2197	12.2721
20.2231	12.2721
20.2231	12.2687
20.2231	12.2653
20.2299	12.2653
20.2299	12.2620
20.2332	12.2586
20.2332	12.2552
20.2366	12.2518
20.2366	12.2484
20.2400	12.2484
20.2400	12.2450
20.2434	12.2450
20.2434	12.2416
20.2434	12.2382
20.2468	12.2382
20.2468	12.2348
20.2502	12.2315
20.2502	12.2281
20.2536	12.2281
20.2536	12.2247
20.2570	12.2247
20.2570	12.2213
20.2570	12.2179
20.2604	12.2179
20.2604	12.2145
20.2637	12.2111
20.2637	12.2077
20.2671	12.2077
20.2671	12.2043
20.2671	12.2009
20.2705	12.2009
20.2705	12.1976
20.2739	12.1976
20.2739	12.1942
20.2739	12.1908
20.2773	12.1908
20.2773	12.1874
20.2773	12.1840
20.2807	12.1840
20.2807	12.1806
20.2807	12.1772
20.2841	12.1772
20.2875	12.1738
20.2875	12.1704
20.2909	12.1671
20.2909	12.1637
20.2942	12.1637
20.2942	12.1603
20.2942	12.1569
20.2976	12.1535
20.3010	12.1535
20.3010	12.1501
20.3044	12.1501
20.3044	12.1467
20.3044	12.1433
20.3044	12.1399
20.3078	12.1399
20.3078	12.1366
20.3078	12.1332
20.3112	12.1332
20.3112	12.1298
20.3112	12.1264
20.3146	12.1264
20.3146	12.1230
20.3146	12.1196
20.3180	12.1196
20.3180	12.1162
20.3180	12.1128
20.3180	12.1094
20.3214	12.1094
20.3214	12.1061
20.3214	12.0993
20.3247	12.0959
20.3281	12.0925
20.3315	12.0823
20.3315	12.0789
20.3349	12.0756
20.3349	12.0722
20.3349	12.0688
20.3383	12.0654
20.3417	12.0654
20.3417	12.0620
20.3417	12.0586
20.3417	12.0552
20.3451	12.0552
20.3451	12.0518
20.3451	12.0484
20.3485	12.0484
20.3485	12.0450
20.3519	12.0417
20.3519	12.0383
20.3553	12.0383
20.3553	12.0349
20.3586	12.0349
20.3586	12.0315
20.3586	12.0281
20.3586	12.0247
20.3620	12.0247
20.3620	12.0213
20.3620	12.0179
20.3620	12.0145
20.3654	12.0145
20.3654	12.0112
20.3688	12.0112
20.3688	12.0078
20.3722	12.0010
20.3722	11.9976
20.3722	11.9942
20.3756	11.9908
20.3756	11.9874
20.3756	11.9840
20.3790	11.9840
20.3790	11.9807
20.3790	11.9773
20.3824	11.9739
20.3824	11.9705
20.3858	11.9705
20.3858	11.9671
20.3858	11.9637
20.3858	11.9603
20.3891	11.9603
20.3891	11.9569
20.3891	11.9535
20.3891	11.9502
20.3925	11.9502
20.3925	11.9468
20.3925	11.9434
20.3925	11.9400
20.3959	11.9400
20.3959	11.9366
20.3959	11.9332
20.3993	11.9332
20.3993	11.9298
20.3993	11.9264
20.3993	11.9230
20.4027	11.9230
20.4027	11.9197
20.4027	11.9163
20.4061	11.9163
20.4061	11.9129
20.4061	11.9095
20.4095	11.9061
20.4129	11.9027
20.4129	11.8993
20.4129	11.8959
20.4129	11.8891
20.4163	11.8891
20.4163	11.8858
20.4163	11.8824
20.4196	11.8824
20.4196	11.8790
20.4196	11.8756
20.4230	11.8756
20.4230	11.8722
20.4264	11.8722
20.4264	11.8688
20.4264	11.8654
20.4298	11.8654
20.4298	11.8620
20.4298	11.8586
20.4332	11.8586
20.4332	11.8553
20.4332	11.8519
20.4366	11.8485
20.4366	11.8451
20.4366	11.8417
20.4400	11.8417
20.4400	11.8383
20.4400	11.8349
20.4400	11.8315
20.4400	11.8281
20.4400	11.8248
20.4400	11.8214
20.4400	11.8180
20.4400	11.8146
20.4434	11.8146
20.4434	11.8112
20.4434	11.8078
20.4434	11.8044
20.4434	11.8010
20.4434	11.7976
20.4434	11.7909
20.4434	11.7875
20.4434	11.7841
20.4468	11.7841
20.4468	11.7807
20.4468	11.7773
20.4468	11.7739
20.4468	11.7705
20.4468	11.7671
20.4468	11.7637
20.4468	11.7604
20.4501	11.7604
20.4501	11.7570
20.4501	11.7536
20.4501	11.7502
20.4535	11.7502
20.4535	11.7468
20.4535	11.7434
20.4535	11.7400
20.4535	11.7366
20.4535	11.7332
20.4535	11.7299
20.4569	11.7299
20.4569	11.7265
20.4569	11.7231
20.4569	11.7197
20.4569	11.7163
20.4569	11.7129
20.4569	11.7095
20.4569	11.7061
20.4569	11.7027
20.4603	11.7027
20.4603	11.6994
20.4603	11.6926
20.4603	11.6892
20.4603	11.6858
20.4603	11.6790
20.4603	11.6756
20.4603	11.6722
20.4637	11.6722
20.4637	11.6689
20.4637	11.6655
20.4637	11.6621
20.4637	11.6587
20.4671	11.6587
20.4671	11.6553
20.4671	11.6519
20.4671	11.6485
20.4671	11.6451
20.4671	11.6417
20.4671	11.6384
20.4671	11.6350
20.4671	11.6316
20.4671	11.6282
20.4671	11.6248
20.4671	11.6214
20.4705	11.6180
20.4705	11.6146
20.4705	11.6112
20.4705	11.6078
20.4705	11.6045
20.4705	11.6011
20.4705	11.5977
20.4705	11.5943
20.4705	11.5909
20.4705	11.5875
20.4705	11.5841
20.4705	11.5807
20.4705	11.5773
20.4705	11.5740
20.4705	11.5706
20.4705	11.5672
20.4739	11.5672
20.4739	11.5638
20.4739	11.5604
20.4739	11.5570
20.4773	11.5536
20.4773	11.5502
20.4806	11.5502
20.4806	11.5468
20.4806	11.5435
20.4806	11.5401
20.4840	11.5401
20.4840	11.5367
20.4840	11.5333
20.4840	11.5299
20.4840	11.5265
20.4874	11.5265
20.4874	11.5231
20.4874	11.5197
20.4908	11.5163
20.4908	11.5130
20.4908	11.5096
20.4908	11.5062
20.4908	11.5028
20.4942	11.5028
20.4942	11.4994
20.4942	11.4960
20.4976	11.4960
20.4976	11.4926
20.4976	11.4892
20.5010	11.4858
20.5010	11.4824
20.5010	11.4791
20.5010	11.4757
20.5044	11.4757
20.5044	11.4723
20.5044	11.4689
20.5044	11.4655
20.5044	11.4621
20.5044	11.4587
20.5078	11.4587
20.5078	11.4553
20.5078	11.4519
20.5112	11.4486
20.5112	11.4452
20.5112	11.4418
20.5112	11.4384
20.5112	11.4350
20.5145	11.4350
20.5145	11.4316
20.5145	11.4282
20.5145	11.4248
20.5179	11.4248
20.5179	11.4214
20.5179	11.4181
20.5213	11.4181
20.5213	11.4147
20.5213	11.4113
20.5213	11.4079
20.5247	11.4079
20.5247	11.4045
20.5247	11.4011
20.5247	11.3977
20.5247	11.3943
20.5247	11.3909
20.5247	11.3876
20.5247	11.3842
20.5247	11.3808
20.5247	11.3774
20.5247	11.3740
20.5247	11.3706
20.5247	11.3672
20.5247	11.3638
20.5247	11.3604
20.5247	11.3571
20.5247	11.3537
20.5247	11.3503
20.5247	11.3469
20.5247	11.3435
20.5247	11.3401
20.5247	11.3367
20.5247	11.3333
20.5247	11.3299
20.5247	11.3265
20.5247	11.3232
20.5213	11.3232
20.5213	11.3198
20.5213	11.3164
20.5213	11.3130
20.5213	11.3096
20.5179	11.3096
20.5179	11.3062
20.5179	11.3028
20.5179	11.2994
20.5145	11.2994
20.5145	11.2960
20.5145	11.2927
20.5112	11.2927
20.5112	11.2893
20.5112	11.2859
20.5112	11.2825
20.5078	11.2825
20.5078	11.2791
20.5044	11.2791
20.5044	11.2757
20.5010	11.2723
20.5010	11.2689
20.4976	11.2689
20.4942	11.2655
20.4942	11.2622
20.4908	11.2622
20.4908	11.2588
20.4908	11.2554
20.4908	11.2520
20.4874	11.2452
20.4874	11.2418
20.4874	11.2384
20.4840	11.2384
20.4840	11.2350
20.4840	11.2317
20.4840	11.2283
20.4840	11.2249
20.4840	11.2215
20.4840	11.2181
20.4840	11.2147
20.4840	11.2113
20.4840	11.2079
20.4840	11.2045
20.4840	11.2011
20.4806	11.2011
20.4806	11.1978
20.4806	11.1944
20.4806	11.1910
20.4806	11.1876
20.4806	11.1842
20.4806	11.1808
20.4806	11.1774
20.4773	11.1774
20.4773	11.1740
20.4773	11.1706
20.4773	11.1673
20.4739	11.1673
20.4739	11.1639
20.4739	11.1605
20.4739	11.1571
20.4739	11.1537
20.4705	11.1537
20.4705	11.1503
20.4705	11.1469
20.4705	11.1435
20.4705	11.1401
20.4705	11.1368
20.4705	11.1334
20.4671	11.1334
20.4671	11.1300
20.4671	11.1266
20.4671	11.1232
20.4671	11.1198
20.4671	11.1164
20.4671	11.1130
20.4671	11.1096
20.4671	11.1063
20.4671	11.1029
20.4671	11.0995
20.4671	11.0961
20.4637	11.0961
20.4637	11.0927
20.4637	11.0893
20.4569	11.0893
20.4569	11.0859
20.4535	11.0825
20.4501	11.0758
20.4468	11.0724
20.4434	11.0724
20.4400	11.0690
20.4400	11.0656
20.4366	11.0622
20.4332	11.0588
20.4298	11.0554
20.4264	11.0520
20.4230	11.0486
20.4196	11.0452
20.4163	11.0419
20.4129	11.0385
20.4095	11.0351
20.4061	11.0317
20.4027	11.0283
20.4027	11.0249
20.3993	11.0249
20.3993	11.0215
20.3959	11.0215
20.3959	11.0181
20.3858	11.0181
20.3858	11.0147
20.3824	11.0114
20.3790	11.0114
20.3790	11.0080
20.3756	11.0080
20.3756	11.0046
20.3722	11.0012
20.3688	11.0012
20.3688	10.9978
20.3654	10.9978
20.3654	10.9944
20.3654	10.9910
20.3620	10.9910
20.3586	10.9876
20.3586	10.9842
20.3553	10.9842
20.3553	10.9809
20.3519	10.9775
20.3485	10.9741
20.3451	10.9741
20.3451	10.9707
20.3451	10.9673
20.3417	10.9639
20.3383	10.9639
20.3383	10.9605
20.3383	10.9571
20.3349	10.9571
20.3349	10.9537
20.3315	10.9537
20.3315	10.9504
20.3281	10.9470
20.3281	10.9436
20.3247	10.9436
20.3214	10.9402
20.3180	10.9368
20.3180	10.9334
20.3146	10.9300
20.3112	10.9232
20.3044	10.9198
20.3010	10.9165
20.2976	10.9097
20.2942	10.9097
20.2909	10.9063
20.2875	10.9029
20.2841	10.8995
20.2841	10.8961
20.2841	10.8927
20.2773	10.8927
20.2773	10.8893
20.2773	10.8860
20.2739	10.8860
20.2739	10.8826
20.2739	10.8792
20.2705	10.8792
20.2705	10.8758
20.2671	10.8758
20.2637	10.8724
20.2637	10.8690
20.2604	10.8656
20.2604	10.8622
20.2570	10.8622
20.2570	10.8588
20.2570	10.8555
20.2536	10.8555
20.2536	10.8521
20.2536	10.8487
20.2502	10.8487
20.2502	10.8453
20.2468	10.8453
20.2468	10.8419
20.2468	10.8385
20.2434	10.8385
20.2434	10.8351
20.2400	10.8351
20.2400	10.8317
20.2400	10.8283
20.2366	10.8250
20.2332	10.8250
20.2332	10.8216
20.2299	10.8182
20.2299	10.8148
20.2299	10.8114
20.2265	10.8114
20.2265	10.8080
20.2265	10.8046
20.2231	10.8046
20.2197	10.8012
20.2163	10.7978
20.2163	10.7945
20.2129	10.7911
20.2129	10.7877
20.2095	10.7843
20.2061	10.7809
20.2061	10.7775
20.2027	10.7775
20.2027	10.7741
20.1994	10.7673
20.1994	10.7639
20.1926	10.7639
20.1926	10.7606
20.1926	10.7572
20.1926	10.7538
20.1892	10.7538
20.1892	10.7504
20.1892	10.7470
20.1858	10.7470
20.1858	10.7436
20.1858	10.7402
20.1824	10.7402
20.1824	10.7368
20.1790	10.7368
20.1790	10.7334
20.1756	10.7334
20.1756	10.7301
20.1756	10.7267
20.1722	10.7233
20.1688	10.7199
20.1655	10.7165
20.1621	10.7131
20.1621	10.7097
20.1587	10.7097
20.1587	10.7063
20.1587	10.7029
20.1553	10.7029
20.1553	10.6996
20.1553	10.6962
20.1519	10.6962
20.1519	10.6928
20.1485	10.6928
20.1485	10.6894
20.1417	10.6894
20.1417	10.6826
20.1350	10.6826
20.1350	10.6792
20.1282	10.6792
20.1282	10.6758
20.1214	10.6758
20.1214	10.6724
20.1180	10.6691
20.1180	10.6657
20.1146	10.6657
20.1112	10.6623
20.1078	10.6623
20.1078	10.6589
20.1045	10.6555
20.1011	10.6555
20.1011	10.6521
20.0977	10.6521
20.0977	10.6487
20.0943	10.6487
20.0909	10.6453
20.0909	10.6419
20.0875	10.6419
20.0875	10.6386
20.0807	10.6386
20.0807	10.6352
20.0773	10.6352
20.0773	10.6318
20.0740	10.6284
20.0706	10.6250
20.0638	10.6250
20.0638	10.6216
20.0604	10.6216
20.0604	10.6182
20.0604	10.6148
20.0536	10.6148
20.0536	10.6114
20.0502	10.6080
20.0468	10.6080
20.0468	10.6047
20.0434	10.6047
20.0434	10.6013
20.0401	10.6013
20.0401	10.5979
20.0367	10.5979
20.0333	10.5945
20.0299	10.5911
20.0231	10.5877
20.0231	10.5843
20.0197	10.5843
20.0197	10.5809
20.0163	10.5809
20.0163	10.5775
20.0096	10.5775
20.0096	10.5742
20.0096	10.5708
20.0062	10.5708
20.0062	10.5674
20.0028	10.5674
20.0028	10.5640
20.0028	10.5606
19.9960	10.5606
19.9960	10.5572
19.9960	10.5538
19.9926	10.5538
19.9926	10.5504
19.9892	10.5504
19.9892	10.5470
19.9892	10.5437
19.9858	10.5437
19.9858	10.5403
19.9824	10.5403
19.9824	10.5369
19.9791	10.5369
19.9791	10.5335
19.9791	10.5301
19.9757	10.5301
19.9757	10.5267
19.9757	10.5233
19.9757	10.5199
19.9689	10.5199
19.9689	10.5165
19.9689	10.5132
19.9655	10.5132
19.9621	10.5098
19.9621	10.5064
19.9587	10.5064
19.9553	10.4996
19.9519	10.4996
19.9486	10.4962
19.9486	10.4928
19.9452	10.4894
19.9418	10.4860
19.9384	10.4860
19.9350	10.4826
19.9316	10.4793
19.9316	10.4759
19.9282	10.4759
19.9248	10.4725
19.9214	10.4691
19.9214	10.4657
19.9181	10.4657
19.9181	10.4623
19.9147	10.4589
19.9147	10.4555
19.9113	10.4555
19.9113	10.4521
19.9079	10.4521
19.9079	10.4488
19.9045	10.4488
19.9045	10.4454
19.9011	10.4454
19.8977	10.4420
19.8943	10.4420
19.8943	10.4386
19.8909	10.4386
19.8875	10.4318
19.8842	10.4318
19.8774	10.4284
19.8774	10.4250
19.8706	10.4250
19.8672	10.4216
19.8638	10.4183
19.8604	10.4149
19.8570	10.4115
19.8537	10.4115
19.8503	10.4081
19.8469	10.4047
19.8435	10.4047
19.8435	10.4013
19.8401	10.4013
19.8401	10.3979
19.8333	10.3979
19.8333	10.3945
19.8299	10.3945
19.8299	10.3911
19.8265	10.3911
19.8265	10.3878
19.8198	10.3878
19.8164	10.3844
19.8096	10.3844
19.8062	10.3810
19.8028	10.3776
19.7960	10.3776
19.7927	10.3742
19.7859	10.3742
19.7859	10.3708
19.7757	10.3708
19.7723	10.3674
19.7588	10.3674
19.7554	10.3640
19.7520	10.3606
19.7418	10.3606
19.7418	10.3573
19.7350	10.3573
19.7316	10.3539
19.7283	10.3539
19.7283	10.3505
19.7215	10.3505
19.7215	10.3471
19.7113	10.3471
19.7113	10.3437
19.7011	10.3437
19.7011	10.3403
19.6944	10.3403
19.6944	10.3369
19.6876	10.3369
19.6876	10.3335
19.6808	10.3335
19.6808	10.3301
19.6740	10.3301
19.6706	10.3267
19.6673	10.3267
19.6639	10.3234
19.6605	10.3234
19.6605	10.3200
19.6571	10.3200
19.6571	10.3166
19.6435	10.3166
19.6435	10.3132
19.6164	10.3132
19.6164	10.3098
19.5995	10.3098
19.5995	10.3064
19.5757	10.3064
19.5757	10.3030
19.5520	10.3030
19.5520	10.2996
19.5283	10.2996
19.5283	10.2962
19.5249	10.2962
19.5249	10.2929
19.5147	10.2929
19.5147	10.2895
19.5080	10.2895
19.5080	10.2861
19.5012	10.2861
19.5012	10.2827
19.4978	10.2827
19.4944	10.2793
19.4876	10.2793
19.4876	10.2759
19.4775	10.2759
19.4775	10.2725
19.4707	10.2725
19.4707	10.2691
19.4639	10.2691
19.4639	10.2657
19.4571	10.2657
19.4571	10.2624
19.4470	10.2624
19.4470	10.2590
19.4436	10.2590
19.4402	10.2556
19.4334	10.2556
19.4334	10.2522
19.4300	10.2522
19.4300	10.2488
19.4232	10.2488
19.4232	10.2454
19.4165	10.2454
19.4131	10.2420
19.4063	10.2420
19.4063	10.2386
19.4029	10.2386
19.3995	10.2352
19.3893	10.2352
19.3893	10.2319
19.3860	10.2319
19.3826	10.2285
19.3792	10.2285
19.3758	10.2251
19.3758	10.2217
19.3690	10.2217
19.3690	10.2183
19.3656	10.2183
19.3656	10.2149
19.3588	10.2149
19.3588	10.2115
19.3555	10.2115
19.3555	10.2081
19.3453	10.2081
19.3453	10.2047
19.3351	10.2047
19.3351	10.2013
19.3317	10.2013
19.3283	10.1980
19.3216	10.1980
19.3216	10.1946
19.3148	10.1946
19.3114	10.1912
19.3012	10.1912
19.3012	10.1878
19.2978	10.1878
19.2978	10.1844
19.2944	10.1844
19.2944	10.1810
19.2877	10.1810
19.2877	10.1776
19.2741	10.1776
19.2741	10.1742
19.2639	10.1742
19.2639	10.1708
19.2572	10.1708
19.2572	10.1675
19.2538	10.1675
19.2538	10.1641
19.2504	10.1641
19.2504	10.1607
19.2470	10.1607
19.2470	10.1573
19.2470	10.1539
19.2436	10.1539
19.2436	10.1505
19.2402	10.1505
19.2402	10.1471
19.2402	10.1437
19.2368	10.1437
19.2368	10.1403
19.2368	10.1370
19.2368	10.1336
19.2334	10.1336
19.2334	10.1302
19.2301	10.1302
19.2301	10.1268
19.2301	10.1234
19.2267	10.1234
19.2267	10.1200
19.2267	10.1166
19.2233	10.1132
19.2233	10.1098
19.2233	10.1065
19.2199	10.1065
19.2199	10.1031
19.2199	10.0997
19.2199	10.0963
19.2165	10.0963
19.2165	10.0929
19.2131	10.0929
19.2131	10.0895
19.2131	10.0861
19.2131	10.0827
19.2097	10.0827
19.2097	10.0793
19.2097	10.0760
19.2097	10.0726
19.2063	10.0726
19.2063	10.0692
19.2063	10.0658
19.2063	10.0624
19.2063	10.0590
19.2063	10.0556
19.2029	10.0556
19.2029	10.0522
19.2029	10.0488
19.2029	10.0454
19.2029	10.0421
19.2029	10.0387
19.1996	10.0387
19.1996	10.0353
19.1996	10.0319
19.1996	10.0285
19.1996	10.0251
19.1962	10.0251
19.1962	10.0217
19.1962	10.0183
19.1928	10.0149
19.1928	10.0116
19.1894	10.0082
19.1826	10.0048
19.1792	10.0014
19.1792	9.9980
19.1792	9.9946
19.1758	9.9946
19.1758	9.9912
19.1758	9.9878
19.1758	9.9844
19.1758	9.9811
19.1758	9.9777
19.1724	9.9777
19.1724	9.9743
19.1724	9.9709
19.1724	9.9675
19.1724	9.9641
19.1724	9.9607
19.1724	9.9573
19.1724	9.9539
19.1758	9.9539
19.1758	9.9506
19.1758	9.9472
19.1758	9.9438
19.1758	9.9404
19.1758	9.9370
19.1758	9.9336
19.1758	9.9302
19.1792	9.9268
19.1792	9.9234
19.1792	9.9200
19.1792	9.9167
19.1792	9.9133
19.1792	9.9099
19.1792	9.9065
19.1826	9.9065
19.1826	9.9031
19.1826	9.8997
19.1826	9.8963
19.1826	9.8929
19.1860	9.8929
19.1860	9.8895
19.1860	9.8862
19.1860	9.8828
19.1860	9.8794
19.1860	9.8760
19.1860	9.8726
19.1860	9.8692
19.1860	9.8658
19.1860	9.8624
19.1860	9.8590
19.1860	9.8557
19.1860	9.8523
19.1860	9.8489
19.1860	9.8455
19.1860	9.8421
19.1860	9.8387
19.1860	9.8353
19.1860	9.8319
19.1826	9.8319
19.1826	9.8285
19.1826	9.8252
19.1826	9.8218
19.1826	9.8184
19.1826	9.8150
19.1826	9.8116
19.1826	9.8082
19.1826	9.8048
19.1826	9.8014
19.1792	9.8014
19.1792	9.7980
19.1792	9.7947
19.1758	9.7913
19.1758	9.7879
19.1758	9.7845
19.1724	9.7845
19.1724	9.7811
19.1724	9.7777
19.1724	9.7743
19.1690	9.7743
19.1690	9.7709
19.1657	9.7709
19.1657	9.7675
19.1623	9.7675
19.1589	9.7641
19.1555	9.7641
19.1555	9.7608
19.1487	9.7608
19.1487	9.7574
19.1419	9.7574
19.1385	9.7540
19.1352	9.7540
19.1352	9.7506
19.1318	9.7472
19.1284	9.7472
19.1250	9.7438
19.1216	9.7438
19.1182	9.7404
19.1148	9.7404
19.1148	9.7370
19.1114	9.7336
19.1080	9.7336
19.1080	9.7303
19.1013	9.7303
19.1013	9.7269
19.0979	9.7269
19.0979	9.7235
19.0945	9.7235
19.0945	9.7201
19.0843	9.7201
19.0843	9.7167
19.0775	9.7167
19.0775	9.7133
19.0674	9.7133
19.0674	9.7099
19.0267	9.7099
19.0267	9.7065
19.0131	9.7065
19.0131	9.7031
19.0030	9.7031
19.0030	9.6998
18.9860	9.6998
18.9860	9.6964
18.9759	9.6964
18.9759	9.6930
18.9691	9.6930
18.9691	9.6896
18.9657	9.6896
18.9623	9.6862
18.9521	9.6862
18.9521	9.6828
18.9454	9.6828
18.9454	9.6794
18.9420	9.6794
18.9420	9.6760
18.9284	9.6760
18.9284	9.6726
18.9216	9.6726
18.9183	9.6693
18.9013	9.6693
18.8979	9.6659
18.8911	9.6659
18.8877	9.6625
18.8640	9.6625
18.8606	9.6659
18.8166	9.6659
18.8132	9.6693
18.7996	9.6693
18.7996	9.6726
18.7861	9.6726
18.7861	9.6760
18.7793	9.6760
18.7793	9.6794
18.7725	9.6794
18.7691	9.6828
18.7657	9.6828
18.7657	9.6862
18.7623	9.6862
18.7590	9.6896
18.7488	9.6896
18.7454	9.6930
18.7352	9.6930
18.7318	9.6964
18.7251	9.6964
18.7217	9.6998
18.7081	9.6998
18.7047	9.7031
18.6980	9.7031
18.6946	9.7065
18.6912	9.7065
18.6912	9.7099
18.6878	9.7099
18.6878	9.7133
18.6776	9.7133
18.6776	9.7167
18.6708	9.7167
18.6675	9.7201
18.6641	9.7201
18.6607	9.7235
18.6539	9.7235
18.6539	9.7269
18.6505	9.7269
18.6471	9.7303
18.6370	9.7303
18.6370	9.7336
18.6268	9.7336
18.6234	9.7370
18.6200	9.7404
18.6098	9.7404
18.6098	9.7438
18.6031	9.7438
18.5997	9.7472
18.5963	9.7472
18.5929	9.7506
18.5929	9.7540
18.5861	9.7540
18.5827	9.7574
18.5726	9.7574
18.5726	9.7608
18.5658	9.7608
18.5658	9.7641
18.5624	9.7675
18.5590	9.7675
18.5590	9.7709
18.5522	9.7709
18.5488	9.7743
18.5454	9.7743
18.5421	9.7777
18.5421	9.7811
18.5353	9.7811
18.5353	9.7845
18.5149	9.7845
18.5116	9.7879
18.4980	9.7879
18.4946	9.7913
18.4878	9.7913
18.4878	9.7947
18.4810	9.7947
18.4777	9.7980
18.4743	9.7980
18.4743	9.8014
18.4709	9.8014
18.4709	9.8048
18.4675	9.8048
18.4675	9.8082
18.4641	9.8082
18.4607	9.8116
18.4607	9.8150
18.4573	9.8150
18.4573	9.8184
18.4539	9.8184
18.4539	9.8218
18.4539	9.8252
18.4505	9.8252
18.4505	9.8285
18.4133	9.8285
18.4133	9.8319
18.4099	9.8319
18.4099	9.8353
18.4065	9.8353
18.4065	9.8387
18.4031	9.8387
18.4031	9.8421
18.3963	9.8421
18.3963	9.8455
18.3895	9.8455
18.3895	9.8489
18.3862	9.8523
18.3828	9.8523
18.3828	9.8557
18.3794	9.8557
18.3760	9.8590
18.3726	9.8624
18.3726	9.8658
18.3692	9.8658
18.3692	9.8692
18.3624	9.8692
18.3624	9.8726
18.3624	9.8760
18.3590	9.8760
18.3590	9.8794
18.3590	9.8828
18.3557	9.8828
18.3557	9.8862
18.3489	9.8862
18.3489	9.8895
18.3489	9.8929
18.3455	9.8929
18.3455	9.8963
18.3455	9.8997
18.3421	9.8997
18.3421	9.9031
18.3387	9.9031
18.3387	9.9065
18.3353	9.9065
18.3353	9.9099
18.3319	9.9099
18.3319	9.9133
18.3285	9.9133
18.3285	9.9167
18.3251	9.9167
18.3251	9.9200
18.3150	9.9200
18.3116	9.9234
18.2777	9.9234
18.2743	9.9268
18.2540	9.9268
18.2540	9.9302
18.2472	9.9302
18.2472	9.9336
18.2404	9.9336
18.2404	9.9370
18.2269	9.9370
18.2269	9.9404
18.1862	9.9404
18.1828	9.9438
18.0777	9.9438
18.0777	9.9472
18.0574	9.9472
18.0540	9.9506
17.9252	9.9506
17.9218	9.9539
17.8812	9.9539
17.8812	9.9573
17.8236	9.9573
17.8236	9.9539
17.8134	9.9539
17.8134	9.9506
17.8066	9.9506
17.8032	9.9472
17.7964	9.9472
17.7964	9.9438
17.7931	9.9404
17.7863	9.9404
17.7863	9.9370
17.7795	9.9370
17.7795	9.9336
17.7761	9.9336
17.7761	9.9268
17.7727	9.9268
17.7727	9.9234
17.7693	9.9234
17.7693	9.9200
17.7659	9.9200
17.7659	9.9167
17.7625	9.9167
17.7625	9.9133
17.7592	9.9099
17.7558	9.9099
17.7558	9.9065
17.7524	9.9065
17.7524	9.9031
17.7524	9.8997
17.7490	9.8997
17.7490	9.8963
17.7422	9.8963
17.7422	9.8929
17.7354	9.8929
17.7354	9.8895
17.7320	9.8895
17.7320	9.8862
17.7287	9.8862
17.7287	9.8828
17.7253	9.8828
17.7253	9.8794
17.7219	9.8794
17.7219	9.8760
17.7117	9.8760
17.7117	9.8726
17.7083	9.8726
17.7083	9.8692
17.7015	9.8692
17.7015	9.8658
17.6846	9.8658
17.6846	9.8624
17.6575	9.8624
17.6575	9.8590
17.6541	9.8590
17.6541	9.8557
17.6439	9.8557
17.6439	9.8523
17.6372	9.8523
17.6372	9.8489
17.6304	9.8489
17.6270	9.8455
17.6236	9.8421
17.6168	9.8421
17.6134	9.8387
17.6100	9.8387
17.6066	9.8353
17.5999	9.8353
17.5965	9.8319
17.5897	9.8285
17.5795	9.8285
17.5795	9.8252
17.5592	9.8252
17.5592	9.8218
17.5423	9.8218
17.5423	9.8184
17.5016	9.8184
17.5016	9.8218
17.4846	9.8218
17.4846	9.8252
17.4507	9.8252
17.4474	9.8218
17.4372	9.8218
17.4304	9.8184
17.4270	9.8184
17.4202	9.8150
17.3559	9.8150
17.3559	9.8184
17.3389	9.8184
17.3389	9.8218
17.3253	9.8218
17.3220	9.8252
17.3118	9.8252
17.3118	9.8285
17.1966	9.8285
17.1966	9.8252
17.1830	9.8252
17.1830	9.8218
17.1762	9.8218
17.1762	9.8184
17.1661	9.8184
17.1661	9.8150
17.1525	9.8150
17.1525	9.8116
17.1423	9.8116
17.1423	9.8082
17.1356	9.8082
17.1356	9.8048
17.1288	9.8048
17.1254	9.8014
17.1118	9.8014
17.1118	9.7980
17.1017	9.7980
17.1017	9.7947
17.0983	9.7947
17.0983	9.7913
17.0915	9.7913
17.0915	9.7879
17.0881	9.7879
17.0881	9.7845
17.0779	9.7845
17.0779	9.7811
17.0712	9.7811
17.0712	9.7777
17.0712	9.7743
17.0644	9.7743
17.0644	9.7709
17.0610	9.7675
17.0576	9.7675
17.0576	9.7641
17.0576	9.7608
17.0542	9.7608
17.0542	9.7574
17.0508	9.7574
17.0508	9.7540
17.0474	9.7540
17.0474	9.7506
17.0474	9.7472
17.0440	9.7472
17.0440	9.7438
17.0373	9.7438
17.0373	9.7404
17.0373	9.7370
17.0339	9.7370
17.0339	9.7336
17.0305	9.7303
17.0271	9.7269
17.0203	9.7269
17.0203	9.7235
17.0203	9.7201
17.0169	9.7167
17.0169	9.7133
17.0135	9.7133
17.0135	9.7099
17.0102	9.7099
17.0102	9.7065
17.0068	9.7065
17.0068	9.7031
17.0034	9.7031
17.0034	9.6998
17.0000	9.6998
17.0000	9.6964
17.0000	9.6930
16.9932	9.6930
16.9932	9.6896
16.9898	9.6896
16.9898	9.6862
16.9864	9.6862
16.9864	9.6828
16.9830	9.6828
16.9830	9.6794
16.9797	9.6794
16.9797	9.6760
16.9763	9.6760
16.9763	9.6726
16.9729	9.6726
16.9729	9.6693
16.9661	9.6693
16.9661	9.6659
16.9661	9.6625
16.9627	9.6625
16.9627	9.6591
16.9627	9.6557
16.9593	9.6557
16.9593	9.6523
16.9593	9.6489
16.9593	9.6455
16.9559	9.6455
16.9559	9.6421
16.9525	9.6421
16.9525	9.6388
16.9525	9.6354
16.9492	9.6354
16.9492	9.6320
16.9492	9.6286
16.9458	9.6286
16.9458	9.6252
16.9458	9.6218
16.9458	9.6184
16.9458	9.6150
16.9424	9.6150
16.9424	9.6116
16.9424	9.6082
16.9356	9.6082
16.9356	9.6049
16.9322	9.6049
16.9322	9.6015
16.9288	9.6015
16.9288	9.5981
16.9254	9.5981
16.9254	9.5947
16.9254	9.5913
16.9220	9.5913
16.9220	9.5879
16.9187	9.5879
16.9187	9.5845
16.9187	9.5811
16.9153	9.5811
16.9153	9.5777
16.9085	9.5777
16.9085	9.5744
16.9051	9.5744
16.9051	9.5710
16.9017	9.5676
16.8983	9.5676
16.8983	9.5642
16.8949	9.5642
16.8949	9.5608
16.8949	9.5574
16.8915	9.5574
16.8915	9.5540
16.8915	9.5506
16.8881	9.5506
16.8881	9.5472
16.8881	9.5439
16.8848	9.5439
16.8848	9.5405
16.8814	9.5405
16.8814	9.5371
16.8814	9.5337
16.8780	9.5337
16.8780	9.5303
16.8746	9.5269
16.8746	9.5235
16.8746	9.5201
16.8712	9.5201
16.8678	9.5167
16.8678	9.5134
16.8678	9.5100
16.8644	9.5100
16.8644	9.5066
16.8610	9.5066
16.8610	9.5032
16.8610	9.4998
16.8576	9.4998
16.8576	9.4964
16.8543	9.4964
16.8543	9.4930
16.8543	9.4896
16.8509	9.4896
16.8509	9.4862
16.8509	9.4828
16.8475	9.4828
16.8475	9.4795
16.8475	9.4761
16.8407	9.4761
16.8407	9.4727
16.8407	9.4693
16.8373	9.4693
16.8373	9.4659
16.8339	9.4659
16.8339	9.4625
16.8339	9.4591
16.8305	9.4591
16.8305	9.4557
16.8271	9.4557
16.8271	9.4523
16.8238	9.4523
16.8238	9.4490
16.8204	9.4490
16.8204	9.4456
16.8136	9.4456
16.8136	9.4422
16.8136	9.4388
16.8102	9.4388
16.8102	9.4354
16.8068	9.4354
16.8068	9.4320
16.8034	9.4320
16.8034	9.4286
16.8034	9.4252
16.7966	9.4252
16.7966	9.4218
16.7933	9.4218
16.7933	9.4185
16.7865	9.4185
16.7865	9.4151
16.7831	9.4151
16.7831	9.4117
16.7797	9.4117
16.7797	9.4083
16.7763	9.4083
16.7763	9.4049
16.7729	9.4049
16.7729	9.4015
16.7695	9.4015
16.7695	9.3981
16.7627	9.3981
16.7627	9.3947
16.7594	9.3947
16.7560	9.3913
16.7526	9.3913
16.7526	9.3880
16.7526	9.3846
16.7492	9.3846
16.7492	9.3812
16.7458	9.3778
16.7424	9.3744
16.7424	9.3710
16.7390	9.3710
16.7390	9.3676
16.7356	9.3642
16.7356	9.3608
16.7322	9.3608
16.7322	9.3575
16.7289	9.3575
16.7289	9.3541
16.7255	9.3541
16.7255	9.3507
16.7221	9.3507
16.7221	9.3473
16.7153	9.3473
16.7153	9.3439
16.7153	9.3405
16.7119	9.3405
16.7119	9.3371
16.7085	9.3371
16.7085	9.3337
16.7017	9.3337
16.7017	9.3303
16.6984	9.3303
16.6984	9.3269
16.6984	9.3236
16.6916	9.3236
16.6916	9.3202
16.6848	9.3202
16.6848	9.3168
16.6848	9.3134
16.6780	9.3134
16.6780	9.3100
16.6712	9.3100
16.6712	9.3066
16.6679	9.3066
16.6679	9.3032
16.6645	9.3032
16.6645	9.2998
16.6577	9.2998
16.6577	9.2964
16.6543	9.2964
16.6543	9.2931
16.6441	9.2931
16.6441	9.2897
16.6441	9.2863
16.6374	9.2863
16.6374	9.2829
16.6306	9.2829
16.6306	9.2795
16.6238	9.2795
16.6170	9.2761
16.5628	9.2693
16.5628	9.2659
