20.3147	11.9521
20.3147	11.9566
20.3103	11.9566
20.3058	11.9610
20.2926	11.9610
20.2926	11.9654
20.2838	11.9654
20.2705	11.9698
20.2529	11.9786
20.2396	11.9786
20.2308	11.9831
20.2220	11.9875
20.2131	11.9875
20.2087	11.9919
20.1999	11.9919
20.1866	12.0007
20.1734	12.0051
20.1601	12.0140
20.1513	12.0184
20.1469	12.0228
20.1469	12.0272
20.1381	12.0360
20.1337	12.0405
20.1292	12.0493
20.1248	12.0537
20.1204	12.0581
20.1160	12.0625
20.1138	12.0669
20.1116	12.0669
20.1072	12.0714
20.1072	12.0758
20.1027	12.0758
20.1027	12.0802
20.0983	12.0802
20.0983	12.0846
20.0895	12.0846
20.0895	12.0890
20.0895	12.0934
20.0807	12.0934
20.0807	12.0979
20.0763	12.0979
20.0763	12.1023
20.0718	12.1067
20.0674	12.1155
20.0630	12.1199
20.0586	12.1199
20.0542	12.1243
20.0542	12.1288
20.0498	12.1288
20.0498	12.1332
20.0498	12.1376
20.0409	12.1376
20.0409	12.1420
20.0409	12.1464
20.0365	12.1464
20.0365	12.1508
20.0365	12.1553
20.0321	12.1553
20.0321	12.1597
20.0277	12.1641
20.0277	12.1685
20.0233	12.1685
20.0233	12.1729
20.0233	12.1773
20.0189	12.1773
20.0189	12.1817
20.0189	12.1862
20.0189	12.1906
20.0144	12.1906
20.0144	12.1950
20.0100	12.1994
20.0100	12.2038
20.0056	12.2038
20.0056	12.2082
20.0056	12.2126
20.0012	12.2171
20.0012	12.2215
20.0012	12.2259
20.0012	12.2303
19.9968	12.2303
19.9968	12.2347
19.9968	12.2391
19.9968	12.2436
19.9924	12.2436
19.9924	12.2480
19.9879	12.2524
19.9879	12.2568
19.9879	12.2612
19.9879	12.2656
19.9835	12.2656
19.9835	12.2745
19.9835	12.2789
19.9791	12.2789
19.9791	12.2833
19.9791	12.2877
19.9747	12.2877
19.9747	12.2921
19.9747	12.2965
19.9703	12.2965
19.9703	12.3010
19.9703	12.3054
19.9703	12.3098
19.9703	12.3142
19.9659	12.3142
19.9659	12.3186
19.9659	12.3230
19.9659	12.3274
19.9615	12.3274
19.9615	12.3319
19.9615	12.3363
19.9615	12.3407
19.9615	12.3451
19.9570	12.3451
19.9570	12.3495
19.9526	12.3495
19.9526	12.3539
19.9526	12.3584
19.9526	12.3628
19.9526	12.3672
19.9526	12.3716
19.9526	12.3760
19.9526	12.3804
19.9526	12.3848
19.9526	12.3893
19.9526	12.3937
19.9526	12.3981
19.9526	12.4025
19.9526	12.4069
19.9526	12.4113
19.9526	12.4158
19.9570	12.4246
19.9570	12.4290
19.9570	12.4334
19.9570	12.4378
19.9570	12.4422
19.9615	12.4467
19.9615	12.4511
19.9659	12.4555
19.9659	12.4599
19.9703	12.4599
19.9703	12.4643
19.9703	12.4687
19.9703	12.4732
19.9703	12.4776
19.9747	12.4776
19.9747	12.4820
19.9747	12.4864
19.9835	12.4864
19.9835	12.4908
19.9835	12.4952
19.9879	12.4952
19.9879	12.4996
19.9879	12.5041
19.9924	12.5041
19.9924	12.5085
19.9924	12.5129
19.9968	12.5129
20.0012	12.5173
20.0056	12.5217
20.0056	12.5261
20.0100	12.5305
20.0100	12.5350
20.0189	12.5350
20.0189	12.5394
20.0233	12.5438
20.0233	12.5482
20.0233	12.5526
20.0277	12.5526
20.0321	12.5570
20.0365	12.5570
20.0365	12.5615
20.0409	12.5615
20.0409	12.5659
20.0409	12.5703
20.0453	12.5703
20.0453	12.5747
20.0498	12.5747
20.0542	12.5791
20.0586	12.5835
20.0630	12.5879
20.0630	12.5924
20.0674	12.5924
20.0718	12.5968
20.0763	12.5968
20.0807	12.6012
20.0807	12.6056
20.0807	12.6100
20.0895	12.6100
20.0895	12.6144
20.0983	12.6144
20.0983	12.6233
20.1027	12.6233
20.1072	12.6277
20.1116	12.6277
20.1160	12.6321
20.1204	12.6321
20.1204	12.6409
20.1292	12.6409
20.1337	12.6453
20.1469	12.6586
20.1513	12.6630
20.1557	12.6630
20.1557	12.6674
20.1646	12.6674
20.1646	12.6718
20.1690	12.6763
20.1734	12.6763
20.1778	12.6807
20.1822	12.6807
20.1866	12.6851
20.1911	12.6939
20.1955	12.6939
20.1999	12.6983
20.2043	12.7027
20.2087	12.7027
20.2175	12.7072
20.2220	12.7160
20.2308	12.7160
20.2352	12.7204
20.2396	12.7248
20.2484	12.7337
20.2529	12.7381
20.2617	12.7381
20.2617	12.7425
20.2661	12.7425
20.2705	12.7469
20.2749	12.7469
20.2749	12.7513
20.2838	12.7513
20.2838	12.7557
20.2926	12.7557
20.2970	12.7601
20.3014	12.7601
20.3058	12.7646
20.3103	12.7690
20.3147	12.7690
20.3235	12.7734
20.3323	12.7778
20.3368	12.7778
20.3456	12.7866
20.3500	12.7866
20.3588	12.7911
20.3677	12.7955
20.3721	12.8043
20.3765	12.8087
20.3853	12.8087
20.3853	12.8131
20.3897	12.8131
20.3897	12.8175
20.3942	12.8220
20.3986	12.8264
20.3986	12.8308
20.4030	12.8308
20.4074	12.8352
20.4074	12.8396
20.4118	12.8396
20.4118	12.8440
20.4162	12.8484
20.4206	12.8484
20.4206	12.8529
20.4251	12.8573
20.4251	12.8617
20.4295	12.8617
20.4295	12.8661
20.4295	12.8705
20.4339	12.8705
20.4339	12.8749
20.4383	12.8749
20.4383	12.8794
20.4427	12.8838
20.4471	12.8838
20.4471	12.8882
20.4516	12.8926
20.4560	12.8970
20.4560	12.9014
20.4604	12.9014
20.4604	12.9058
20.4648	12.9103
20.4736	12.9191
20.4780	12.9235
20.4780	12.9279
20.4825	12.9323
20.4869	12.9323
20.4913	12.9368
20.4957	12.9412
20.5001	12.9456
20.5001	12.9500
20.5045	12.9544
20.5090	12.9544
20.5134	12.9588
20.5178	12.9632
20.5178	12.9677
20.5222	12.9721
20.5266	12.9721
20.5266	12.9765
20.5310	12.9809
20.5354	12.9853
20.5354	12.9897
20.5399	12.9897
20.5443	12.9942
20.5487	12.9986
20.5487	13.0030
20.5531	13.0074
20.5575	13.0118
20.5619	13.0118
20.5619	13.0162
20.5619	13.0206
20.5663	13.0206
20.5708	13.0251
20.5708	13.0295
20.5752	13.0295
20.5796	13.0383
20.5840	13.0383
20.5840	13.0427
20.5884	13.0427
20.5928	13.0471
20.5973	13.0516
20.6061	13.0560
20.6061	13.0604
20.6105	13.0648
20.6149	13.0648
20.6149	13.0692
20.6193	13.0692
20.6193	13.0736
20.6237	13.0736
20.6326	13.0780
20.6370	13.0825
20.6414	13.0913
20.6458	13.0913
20.6502	13.0935
20.6502	13.0957
20.6547	13.1001
20.6591	13.1001
20.6591	13.1045
20.6635	13.1045
20.6635	13.1090
20.6723	13.1090
20.6723	13.1134
20.6767	13.1178
20.6767	13.1222
20.6811	13.1222
20.6856	13.1266
20.6900	13.1310
20.6944	13.1310
20.6988	13.1354
20.7032	13.1354
20.7032	13.1399
20.7121	13.1399
20.7121	13.1443
20.7253	13.1443
20.7253	13.1487
20.7297	13.1531
20.7430	13.1531
20.7430	13.1575
20.7562	13.1575
20.7606	13.1619
20.7695	13.1619
20.7783	13.1663
20.7915	13.1663
20.7959	13.1708
20.8048	13.1752
20.8092	13.1752
20.8180	13.1796
20.8269	13.1840
20.8401	13.1884
20.8533	13.1928
20.8622	13.1973
20.8710	13.1973
20.8798	13.2017
20.8931	13.2017
20.8975	13.2061
20.9019	13.2061
20.9063	13.2105
20.9107	13.2105
20.9152	13.2149
20.9196	13.2149
20.9284	13.2193
20.9416	13.2193
20.9416	13.2237
20.9461	13.2237
20.9461	13.2282
20.9637	13.2282
20.9681	13.2326
21.0255	13.2326
21.0255	13.2370
21.0432	13.2370
21.0432	13.2414
21.0564	13.2414
21.0564	13.2458
21.1757	13.2458
21.1977	13.2414
21.3037	13.2414
21.3037	13.2458
21.3125	13.2458
21.3169	13.2502
21.3346	13.2502
21.3346	13.2547
21.3567	13.2547
21.3567	13.2591
21.3611	13.2591
21.3699	13.2635
21.3743	13.2635
21.3788	13.2679
21.3788	13.2723
21.3964	13.2723
21.3964	13.2767
21.4141	13.2767
21.4185	13.2811
21.4273	13.2856
21.4362	13.2856
21.4362	13.2900
21.4494	13.2900
21.4538	13.2944
21.4715	13.2944
21.4715	13.2988
21.4980	13.2988
21.4980	13.3032
21.5024	13.3032
21.5024	13.3076
21.5112	13.3076
21.5156	13.3121
21.5245	13.3121
21.5245	13.3165
21.5333	13.3165
21.5377	13.3209
21.5421	13.3253
21.5554	13.3253
21.5554	13.3297
21.5642	13.3297
21.5642	13.3341
21.5863	13.3341
21.5907	13.3385
21.5951	13.3385
21.5995	13.3430
21.5995	13.3474
21.5995	13.3518
21.5951	13.3518
21.5951	13.3562
21.5951	13.3606
21.5951	13.3650
21.5951	13.3695
21.5907	13.3739
21.5907	13.3783
21.5907	13.3827
21.5907	13.3871
21.5907	13.3959
21.5907	13.4004
21.5907	13.4048
21.5907	13.4092
21.5907	13.4180
21.5907	13.4224
21.5907	13.4269
21.5907	13.4313
21.5907	13.4357
21.5907	13.4401
21.5907	13.4445
21.5907	13.4533
21.5907	13.4578
21.5907	13.4622
21.5907	13.4666
21.5907	13.4710
21.5907	13.4754
21.5907	13.4798
21.5907	13.4842
21.5907	13.4887
21.5951	13.4887
21.5951	13.4931
21.5951	13.4975
21.5951	13.5019
21.5951	13.5063
21.5951	13.5107
21.5951	13.5152
21.5951	13.5196
21.5951	13.5240
21.5951	13.5284
21.5995	13.5284
21.5995	13.5328
21.5995	13.5372
21.5995	13.5416
21.5995	13.5461
21.5995	13.5505
21.6039	13.5505
21.6039	13.5549
21.6039	13.5593
21.6084	13.5593
21.6084	13.5637
21.6084	13.5681
21.6084	13.5726
21.6084	13.5858
21.6128	13.5902
21.6128	13.5946
21.6128	13.5990
21.6128	13.6035
21.6128	13.6079
21.6172	13.6123
21.6172	13.6167
21.6172	13.6211
21.6172	13.6255
21.6216	13.6300
21.6216	13.6344
21.6216	13.6388
21.6216	13.6432
21.6216	13.6476
21.6216	13.6520
21.6216	13.6564
21.6216	13.6609
21.6172	13.6653
21.6172	13.6697
21.6172	13.6741
21.6128	13.6829
21.6128	13.6874
21.6128	13.6918
21.6084	13.6962
21.6084	13.7050
21.6084	13.7094
21.6084	13.7138
21.6039	13.7183
21.6039	13.7227
21.6039	13.7271
21.6039	13.7315
21.6039	13.7359
21.5995	13.7359
21.5995	13.7403
21.5995	13.7447
21.5951	13.7447
21.5951	13.7492
21.5951	13.7536
21.5907	13.7536
21.5907	13.7580
21.5907	13.7624
21.5863	13.7624
21.5863	13.7668
21.5819	13.7712
21.5774	13.7757
21.5774	13.7801
21.5774	13.7845
21.5730	13.7845
21.5730	13.7889
21.5686	13.7933
21.5686	13.7977
21.5686	13.8021
21.5642	13.8021
21.5642	13.8066
21.5598	13.8066
21.5598	13.8110
21.5598	13.8154
21.5598	13.8198
21.5554	13.8242
21.5554	13.8286
21.5554	13.8331
21.5510	13.8375
21.5510	13.8419
21.5510	13.8463
21.5465	13.8463
21.5465	13.8551
21.5421	13.8551
21.5421	13.8595
21.5421	13.8640
21.5421	13.8684
21.5377	13.8684
21.5377	13.8728
21.5377	13.8772
21.5377	13.8816
21.5377	13.8860
21.5333	13.8905
21.5333	13.8949
21.5333	13.8993
21.5333	13.9081
21.5289	13.9125
21.5289	13.9169
21.5289	13.9258
21.5245	13.9302
21.5245	13.9346
21.5245	13.9390
21.5245	13.9434
21.5200	13.9434
21.5200	13.9479
21.5200	13.9523
21.5200	13.9567
21.5156	13.9611
21.5156	13.9655
21.5156	13.9699
21.5156	13.9743
21.5112	13.9743
21.5112	13.9788
21.5112	13.9832
21.5112	13.9876
21.5112	13.9920
21.5112	13.9964
21.5112	14.0008
21.5112	14.0053
21.5112	14.0097
21.5112	14.0141
21.5112	14.0185
21.5112	14.0229
21.5112	14.0273
21.5112	14.0317
21.5112	14.0362
21.5112	14.0406
21.5112	14.0450
21.5112	14.0538
21.5112	14.0582
21.5112	14.0626
21.5112	14.0671
21.5112	14.0715
21.5156	14.0715
21.5156	14.0759
21.5156	14.0803
21.5156	14.0847
21.5156	14.0891
21.5156	14.0936
21.5200	14.0980
21.5200	14.1024
21.5200	14.1068
21.5200	14.1112
21.5200	14.1156
21.5200	14.1200
21.5245	14.1245
21.5245	14.1289
21.5245	14.1333
21.5245	14.1377
21.5245	14.1421
21.5289	14.1421
21.5289	14.1465
21.5333	14.1510
21.5333	14.1554
21.5377	14.1642
21.5377	14.1730
21.5421	14.1819
21.5421	14.1907
21.5465	14.1995
21.5465	14.2128
21.5510	14.2172
21.5510	14.2216
21.5510	14.2304
21.5554	14.2304
21.5554	14.2348
21.5554	14.2393
21.5554	14.2437
21.5554	14.2525
21.5598	14.2525
21.5598	14.2569
21.5598	14.2613
21.5598	14.2658
21.5598	14.2702
21.5598	14.2746
21.5642	14.2790
21.5642	14.2834
21.5642	14.2922
21.5686	14.2967
21.5686	14.3055
21.5730	14.3099
21.5730	14.3143
21.5774	14.3187
21.5774	14.3232
21.5774	14.3276
21.5774	14.3320
21.5774	14.3364
21.5819	14.3452
21.5819	14.3541
21.5863	14.3629
21.5907	14.3761
21.5907	14.3805
21.5951	14.3805
21.5951	14.3894
21.5951	14.3938
21.5995	14.3938
21.5995	14.3982
21.6039	14.4026
21.6084	14.4070
21.6084	14.4115
21.6084	14.4159
21.6084	14.4203
21.6084	14.4247
21.6084	14.4335
21.6084	14.4468
21.6084	14.4556
21.6084	14.4600
21.6084	14.4644
21.6084	14.4689
21.6084	14.4733
21.6084	14.4777
21.6084	14.4821
21.6084	14.4865
21.6084	14.4909
21.6084	14.4953
21.6084	14.4998
21.6084	14.5042
21.6084	14.5086
21.6084	14.5130
21.6084	14.5174
21.6084	14.5218
21.6084	14.5263
21.6084	14.5307
21.6084	14.5351
21.6084	14.5395
21.6084	14.5439
21.6039	14.5483
21.6039	14.5527
21.6039	14.5572
21.6039	14.5616
21.6039	14.5660
21.5995	14.5704
21.5995	14.5748
21.5951	14.5748
21.5951	14.5792
21.5951	14.5837
21.5951	14.5881
21.5951	14.5925
21.5907	14.5925
21.5907	14.5969
21.5907	14.6013
21.5907	14.6057
21.5907	14.6101
21.5863	14.6101
21.5863	14.6146
21.5863	14.6190
21.5863	14.6234
21.5819	14.6278
21.5819	14.6322
21.5819	14.6366
21.5774	14.6455
21.5730	14.6455
21.5730	14.6499
21.5730	14.6543
21.5686	14.6631
21.5686	14.6720
21.5642	14.6808
21.5642	14.6852
21.5642	14.6896
21.5598	14.6940
21.5598	14.6984
21.5554	14.7073
21.5510	14.7161
21.5510	14.7205
21.5465	14.7249
21.5465	14.7294
21.5465	14.7338
21.5465	14.7382
21.5421	14.7382
21.5421	14.7426
21.5377	14.7514
21.5377	14.7558
21.5377	14.7603
21.5377	14.7691
21.5333	14.7735
21.5333	14.7779
21.5333	14.7823
21.5289	14.7868
21.5289	14.7912
21.5289	14.7956
21.5289	14.8000
21.5245	14.8044
21.5245	14.8088
21.5245	14.8132
21.5245	14.8177
21.5245	14.8221
21.5245	14.8265
21.5245	14.8309
21.5245	14.8353
21.5245	14.8397
21.5245	14.8442
21.5245	14.8486
21.5245	14.8530
21.5245	14.8574
21.5245	14.8618
21.5245	14.8662
21.5245	14.8706
21.5245	14.8795
21.5245	14.8839
21.5245	14.8883
21.5245	14.8971
21.5245	14.9016
21.5245	14.9060
21.5245	14.9104
21.5245	14.9148
21.5245	14.9192
21.5245	14.9236
21.5245	14.9280
21.5200	14.9325
21.5200	14.9369
21.5200	14.9413
21.5200	14.9457
21.5200	14.9501
21.5200	14.9545
21.5156	14.9590
21.5156	14.9634
21.5156	14.9678
21.5156	14.9722
21.5156	14.9766
21.5156	14.9810
21.5112	14.9854
21.5112	14.9899
21.5112	14.9943
21.5112	14.9987
21.5112	15.0031
21.5112	15.0075
21.5068	15.0075
21.5068	15.0119
21.5024	15.0119
21.5024	15.0163
21.5024	15.0208
21.5024	15.0252
21.4980	15.0296
21.4980	15.0340
21.4980	15.0384
21.4980	15.0428
21.4936	15.0428
21.4936	15.0473
21.4891	15.0517
21.4847	15.0517
21.4847	15.0605
21.4803	15.0649
21.4803	15.0693
21.4759	15.0737
21.4715	15.0826
21.4671	15.0870
21.4671	15.0914
21.4626	15.0914
21.4626	15.0958
21.4626	15.1002
21.4582	15.1002
21.4582	15.1047
21.4538	15.1135
21.4494	15.1135
21.4494	15.1223
21.4450	15.1267
21.4450	15.1311
21.4450	15.1356
21.4406	15.1400
21.4406	15.1444
21.4362	15.1488
21.4317	15.1532
21.4317	15.1576
21.4317	15.1621
21.4317	15.1665
21.4273	15.1665
21.4273	15.1709
21.4273	15.1753
21.4229	15.1753
21.4229	15.1797
21.4229	15.1841
21.4229	15.1885
21.4229	15.1930
21.4185	15.1974
21.4141	15.2018
21.4141	15.2062
21.4141	15.2106
21.4141	15.2150
21.4097	15.2150
21.4097	15.2195
21.4097	15.2239
21.4053	15.2283
21.4008	15.2327
21.3964	15.2371
21.3964	15.2415
21.3920	15.2415
21.3920	15.2459
21.3876	15.2459
21.3876	15.2504
21.3832	15.2548
21.3832	15.2592
21.3788	15.2636
21.3743	15.2680
21.3699	15.2724
21.3655	15.2769
21.3611	15.2813
21.3567	15.2857
21.3523	15.2901
21.3523	15.2945
21.3479	15.2989
21.3434	15.2989
21.3390	15.3033
21.3346	15.3078
21.3302	15.3166
21.3302	15.3210
21.3214	15.3254
21.3214	15.3298
21.3214	15.3342
21.3169	15.3342
21.3169	15.3387
21.3125	15.3387
21.3125	15.3431
21.3125	15.3475
21.3081	15.3475
21.3081	15.3519
21.3037	15.3519
21.3037	15.3563
21.3037	15.3607
21.2993	15.3652
21.2993	15.3696
21.2993	15.3740
21.2993	15.3784
21.2949	15.3784
21.2949	15.3828
21.2949	15.3872
21.2949	15.3916
21.2949	15.3961
21.2905	15.3961
21.2905	15.4005
21.2905	15.4049
21.2905	15.4093
21.2905	15.4137
21.2905	15.4181
21.2905	15.4226
21.2905	15.4270
21.2905	15.4314
21.2905	15.4358
21.2905	15.4402
21.2905	15.4446
21.2905	15.4490
21.2905	15.4579
21.2905	15.4623
21.2905	15.4667
21.2905	15.4711
21.2905	15.4755
21.2905	15.4800
21.2905	15.4844
21.2905	15.4888
21.2905	15.4932
21.2905	15.4976
21.2905	15.5020
21.2905	15.5064
21.2905	15.5109
21.2905	15.5153
21.2905	15.5197
21.2905	15.5241
21.2949	15.5241
21.2949	15.5285
21.2949	15.5329
21.2993	15.5329
21.2993	15.5374
21.2993	15.5418
21.2993	15.5462
21.2993	15.5506
21.2993	15.5550
21.3037	15.5550
21.3037	15.5594
21.3037	15.5638
21.3037	15.5683
21.3037	15.5727
21.3037	15.5771
21.3081	15.5771
21.3081	15.5815
21.3081	15.5859
21.3081	15.5903
21.3125	15.5903
21.3125	15.5947
21.3169	15.5947
21.3169	15.5992
21.3214	15.6036
21.3214	15.6080
21.3258	15.6124
21.3258	15.6168
21.3302	15.6168
21.3346	15.6212
21.3346	15.6257
21.3346	15.6301
21.3390	15.6301
21.3390	15.6345
21.3390	15.6389
21.3434	15.6433
21.3434	15.6477
21.3523	15.6477
21.3523	15.6521
21.3523	15.6566
21.3567	15.6566
21.3567	15.6610
21.3567	15.6654
21.3611	15.6654
21.3611	15.6698
21.3655	15.6786
21.3699	15.6786
21.3699	15.6831
21.3699	15.6875
21.3699	15.6919
21.3699	15.6963
21.3699	15.7007
21.3699	15.7051
21.3699	15.7095
21.3699	15.7140
21.3699	15.7184
21.3699	15.7228
21.3699	15.7272
21.3699	15.7316
21.3699	15.7360
21.3699	15.7405
21.3699	15.7449
21.3699	15.7493
21.3699	15.7537
21.3655	15.7581
21.3655	15.7625
21.3655	15.7669
21.3655	15.7714
21.3655	15.7758
21.3655	15.7802
21.3655	15.7846
21.3655	15.7890
21.3655	15.7934
21.3611	15.7934
21.3611	15.7979
21.3611	15.8023
21.3611	15.8067
21.3567	15.8067
21.3567	15.8111
21.3567	15.8155
21.3567	15.8199
21.3567	15.8243
21.3567	15.8288
21.3567	15.8332
21.3567	15.8376
21.3567	15.8420
21.3567	15.8464
21.3567	15.8508
21.3567	15.8553
21.3567	15.8597
21.3567	15.8641
21.3567	15.8685
21.3567	15.8729
21.3567	15.8773
21.3567	15.8817
21.3567	15.8862
21.3567	15.8906
21.3567	15.8950
21.3567	15.8994
21.3567	15.9038
21.3567	15.9082
21.3567	15.9126
21.3567	15.9171
21.3567	15.9215
21.3567	15.9259
21.3567	15.9303
21.3567	15.9347
21.3567	15.9391
21.3567	15.9436
21.3567	15.9480
21.3567	15.9524
21.3567	15.9568
21.3567	15.9612
21.3567	15.9656
21.3567	15.9700
21.3567	15.9745
21.3567	15.9789
21.3567	15.9833
21.3567	15.9877
21.3567	15.9921
21.3567	15.9965
21.3567	16.0010
21.3567	16.0054
21.3567	16.0098
21.3611	16.0098
21.3611	16.0142
21.3611	16.0186
21.3611	16.0230
21.3611	16.0274
21.3655	16.0274
21.3655	16.0319
21.3655	16.0363
21.3699	16.0407
21.3699	16.0451
21.3699	16.0495
21.3699	16.0539
21.3743	16.0539
21.3743	16.0584
21.3743	16.0628
21.3788	16.0628
21.3788	16.0672
21.3832	16.0672
21.3832	16.0716
21.3876	16.0716
21.3876	16.0760
21.3876	16.0804
21.3920	16.0804
21.3920	16.0848
21.3964	16.0848
21.3964	16.0893
21.4008	16.0893
21.4008	16.0937
21.4053	16.0981
21.4097	16.0981
21.4097	16.1025
21.4141	16.1025
21.4141	16.1069
21.4141	16.1113
21.4185	16.1113
21.4185	16.1158
21.4229	16.1158
21.4229	16.1202
21.4317	16.1202
21.4317	16.1246
21.4362	16.1246
21.4362	16.1290
21.4406	16.1334
21.4450	16.1334
21.4494	16.1378
21.4538	16.1378
21.4538	16.1422
21.4626	16.1467
21.4626	16.1511
21.4626	16.1555
21.4671	16.1555
21.4715	16.1599
21.4759	16.1643
21.4803	16.1643
21.4847	16.1687
21.4891	16.1732
21.4936	16.1732
21.4980	16.1776
21.5024	16.1820
21.5068	16.1820
21.5068	16.1864
21.5112	16.1864
21.5156	16.1908
21.5156	16.1952
21.5245	16.1952
21.5245	16.1996
21.5333	16.1996
21.5333	16.2041
21.5333	16.2085
21.5377	16.2085
21.5421	16.2129
21.5465	16.2129
21.5510	16.2173
21.5554	16.2217
21.5554	16.2261
21.5598	16.2261
21.5598	16.2305
21.5642	16.2305
21.5686	16.2350
21.5730	16.2394
21.5730	16.2438
21.5774	16.2438
21.5774	16.2482
21.5863	16.2482
21.5863	16.2526
21.5907	16.2526
21.5907	16.2570
21.5907	16.2615
21.5951	16.2615
21.5995	16.2659
21.6039	16.2703
21.6084	16.2703
21.6084	16.2747
21.6084	16.2791
21.6128	16.2791
21.6128	16.2835
21.6172	16.2835
21.6172	16.2879
21.6216	16.2879
21.6216	16.2924
21.6260	16.2924
21.6260	16.2968
21.6304	16.3012
21.6304	16.3056
21.6348	16.3056
21.6393	16.3100
21.6437	16.3144
21.6437	16.3189
21.6437	16.3233
21.6878	16.3233
21.6878	16.3277
21.6967	16.3277
21.6967	16.3321
21.7011	16.3365
21.7055	16.3409
21.7055	16.3453
21.7099	16.3453
21.7099	16.3498
21.7099	16.3542
21.7099	16.3586
21.7099	16.3630
21.7143	16.3674
21.7143	16.3718
21.7143	16.3763
21.7187	16.3763
21.7187	16.3807
21.7187	16.3851
21.7187	16.3895
21.7187	16.3939
21.7187	16.3983
21.7232	16.3983
21.7232	16.4027
21.7232	16.4072
21.7276	16.4072
21.7276	16.4116
21.7320	16.4116
21.7320	16.4160
21.7364	16.4160
21.7364	16.4204
21.7364	16.4248
21.7408	16.4248
21.7408	16.4292
21.7408	16.4337
21.7408	16.4381
21.7408	16.4425
21.7408	16.4469
21.7408	16.4513
21.7408	16.4557
21.7408	16.4601
21.7408	16.4646
21.7408	16.4690
21.7408	16.4734
21.7408	16.4778
21.7408	16.4822
21.7408	16.4866
21.7408	16.4911
21.7408	16.4955
21.7408	16.4999
21.7364	16.4999
21.7364	16.5043
21.7320	16.5043
21.7320	16.5087
21.7320	16.5131
21.7276	16.5131
21.7276	16.5175
21.7232	16.5175
21.7232	16.5220
21.7232	16.5264
21.7232	16.5308
21.7232	16.5352
21.7232	16.5396
21.7232	16.5440
21.7232	16.5484
21.7232	16.5529
21.7232	16.5573
21.7232	16.5617
21.7276	16.5617
21.7276	16.5661
21.7276	16.5705
21.7276	16.5749
21.7320	16.5749
21.7320	16.5794
21.7408	16.5794
21.7408	16.5838
21.7452	16.5838
21.7452	16.5882
21.7541	16.5882
21.7541	16.5926
21.7585	16.5926
21.7585	16.5970
21.7717	16.5970
21.7717	16.6014
21.7761	16.6014
21.7761	16.6058
21.7805	16.6058
21.7805	16.6103
21.7894	16.6103
21.7894	16.6147
21.7938	16.6147
21.7938	16.6191
21.8026	16.6191
21.8026	16.6235
21.8070	16.6235
21.8070	16.6279
21.8159	16.6279
21.8159	16.6323
21.8247	16.6323
21.8291	16.6368
21.8379	16.6368
21.8468	16.6412
21.8512	16.6456
21.8600	16.6456
21.8689	16.6500
21.8733	16.6500
21.8821	16.6544
21.8909	16.6588
21.8953	16.6632
21.9042	16.6632
21.9130	16.6677
21.9218	16.6721
21.9307	16.6765
21.9395	16.6809
21.9439	16.6809
21.9439	16.6853
21.9483	16.6853
21.9527	16.6897
21.9572	16.6897
21.9616	16.6942
21.9660	16.6942
21.9748	16.6986
21.9792	16.6986
21.9881	16.7030
21.9969	16.7030
22.0013	16.7074
22.0057	16.7074
22.0101	16.7118
22.0190	16.7162
22.0278	16.7162
22.0322	16.7206
22.0366	16.7251
22.0455	16.7251
22.0455	16.7295
22.0499	16.7295
22.0499	16.7339
22.0543	16.7339
22.0543	16.7383
22.0631	16.7383
22.0631	16.7427
22.0720	16.7427
22.0764	16.7471
22.0896	16.7471
22.0940	16.7516
22.0984	16.7560
22.1073	16.7560
22.1117	16.7604
22.1205	16.7648
22.1249	16.7648
22.1294	16.7692
22.1294	16.7736
22.2000	16.7736
22.2044	16.7780
22.2177	16.7780
22.2221	16.7825
22.2309	16.7825
22.2353	16.7869
22.2397	16.7913
22.2486	16.7913
22.2530	16.7957
22.2618	16.7957
22.2662	16.8001
22.2751	16.8045
22.2839	16.8090
22.2883	16.8134
22.2927	16.8134
22.2971	16.8178
22.3016	16.8178
22.3016	16.8222
22.3016	16.8266
22.3766	16.8266
22.3854	16.8310
22.5135	16.8310
22.5223	16.8354
22.5444	16.8354
22.5532	16.8399
22.5665	16.8399
22.5753	16.8443
22.6459	16.8443
22.6459	16.8487
22.6769	16.8487
22.6857	16.8531
22.7078	16.8531
22.7166	16.8575
22.7254	16.8619
22.8270	16.8619
22.8314	16.8575
22.8490	16.8575
22.8490	16.8531
22.8535	16.8487
22.8579	16.8487
22.8579	16.8443
22.8667	16.8443
22.8667	16.8399
22.8800	16.8399
22.8844	16.8354
22.8888	16.8354
22.8932	16.8310
22.9064	16.8310
22.9064	16.8266
22.9109	16.8266
22.9109	16.8222
22.9197	16.8222
22.9241	16.8178
22.9241	16.8134
22.9329	16.8134
22.9329	16.8090
22.9374	16.8090
22.9374	16.8045
22.9418	16.8045
22.9418	16.8001
22.9418	16.7957
22.9859	16.7957
22.9859	16.7913
23.0036	16.7913
23.0036	16.7869
23.0257	16.7869
23.0301	16.7825
23.0875	16.7825
23.0919	16.7869
23.1625	16.7869
23.1669	16.7825
23.3568	16.7825
23.3568	16.7869
23.3612	16.7869
23.3612	16.7913
23.3700	16.7913
23.3700	16.7957
23.3745	16.7957
23.3789	16.8001
23.3877	16.8045
23.3877	16.8090
23.3921	16.8090
23.3921	16.8134
23.3965	16.8134
23.3965	16.8178
23.4054	16.8178
23.4054	16.8222
23.4098	16.8222
23.4098	16.8266
23.4142	16.8266
23.4142	16.8310
23.4274	16.8310
23.4274	16.8354
23.4319	16.8354
23.4319	16.8399
23.4363	16.8399
23.4407	16.8443
23.5952	16.8443
23.5952	16.8399
23.6041	16.8399
23.6041	16.8354
23.6085	16.8354
23.6085	16.8310
23.6129	16.8310
23.6129	16.8266
23.6173	16.8222
23.6217	16.8222
23.6217	16.8178
23.6217	16.8134
23.6261	16.8134
23.6261	16.8090
23.6305	16.8090
23.6305	16.8045
23.6394	16.8045
23.6438	16.8001
23.7100	16.8001
23.7144	16.8045
23.7189	16.8090
23.7321	16.8090
23.7409	16.8134
23.7542	16.8134
23.7630	16.8178
23.7674	16.8178
23.7763	16.8222
23.7807	16.8266
23.7895	16.8266
23.7939	16.8310
23.8027	16.8310
23.8027	16.8354
23.8072	16.8354
23.8116	16.8399
23.8160	16.8399
23.8160	16.8443
23.8248	16.8443
23.8248	16.8487
23.8425	16.8487
23.8513	16.8531
23.8601	16.8531
23.8690	16.8575
23.8822	16.8575
23.8866	16.8619
23.9043	16.8619
23.9131	16.8663
23.9220	16.8663
23.9308	16.8708
23.9529	16.8708
23.9661	16.8796
23.9749	16.8796
23.9838	16.8840
23.9926	16.8840
23.9970	16.8884
24.0103	16.8884
24.0147	16.8928
24.0235	16.8973
24.0279	16.8973
24.0368	16.9017
24.0456	16.9017
24.0588	16.9061
24.0632	16.9061
24.0721	16.9105
24.0765	16.9149
24.0853	16.9149
24.0942	16.9193
24.1030	16.9237
24.1074	16.9237
24.1162	16.9282
24.1162	16.9326
24.2575	16.9326
24.2619	16.9282
24.2796	16.9282
24.2840	16.9237
24.3017	16.9237
24.3061	16.9193
24.3458	16.9193
24.3502	16.9149
24.3679	16.9149
24.3723	16.9105
24.3811	16.9105
24.3856	16.9061
24.3900	16.9061
24.3900	16.9017
24.3988	16.9017
24.3988	16.8973
24.4076	16.8973
24.4076	16.8928
24.4165	16.8928
24.4209	16.8884
24.4253	16.8840
24.4297	16.8840
24.4341	16.8796
24.4341	16.8752
24.4430	16.8752
24.4430	16.8708
24.4474	16.8663
24.4562	16.8663
24.4562	16.8619
24.4606	16.8619
24.4606	16.8575
24.4650	16.8575
24.4650	16.8531
24.4650	16.8487
24.4783	16.8487
24.4783	16.8443
24.4827	16.8443
24.4871	16.8399
24.4915	16.8399
24.4915	16.8354
24.4959	16.8354
24.4959	16.8310
24.5004	16.8310
24.5048	16.8266
24.5092	16.8266
24.5136	16.8222
24.5180	16.8222
24.5180	16.8178
24.5224	16.8134
24.5269	16.8134
24.5269	16.8090
24.5357	16.8090
24.5357	16.8045
24.5401	16.8045
24.5401	16.8001
24.5445	16.8001
24.5445	16.7957
24.5489	16.7957
24.5489	16.7913
24.5533	16.7913
24.5533	16.7869
24.5578	16.7825
24.5578	16.7780
24.5622	16.7780
24.5622	16.7736
24.5666	16.7736
24.5666	16.7692
24.5798	16.7692
24.5798	16.7648
24.5931	16.7648
24.5975	16.7604
24.6063	16.7560
24.6196	16.7560
24.6240	16.7516
24.6328	16.7516
24.6372	16.7471
24.6416	16.7471
24.6461	16.7427
24.6549	16.7427
24.6637	16.7383
24.6726	16.7383
24.6770	16.7339
24.6858	16.7339
24.6902	16.7295
24.6946	16.7295
24.6990	16.7251
24.7035	16.7251
24.7035	16.7206
24.7123	16.7206
24.7123	16.7162
24.7211	16.7162
24.7255	16.7118
24.7300	16.7118
24.7300	16.7074
24.7344	16.7074
24.7344	16.7030
24.7432	16.7030
24.7432	16.6986
24.7520	16.6986
24.7520	16.6942
24.7609	16.6942
24.7609	16.6897
24.7653	16.6897
24.7653	16.6853
24.7697	16.6853
24.7697	16.6809
24.7741	16.6809
24.7785	16.6765
24.7829	16.6765
24.7829	16.6721
24.7874	16.6721
24.7874	16.6677
24.7918	16.6677
24.7918	16.6632
24.8006	16.6632
24.8006	16.6588
24.8050	16.6588
24.8050	16.6544
24.8050	16.6500
24.8138	16.6500
24.8138	16.6456
24.8183	16.6456
24.8183	16.6412
24.8271	16.6412
24.8271	16.6368
24.8315	16.6368
24.8315	16.6323
24.8359	16.6323
24.8359	16.6279
24.8403	16.6279
24.8403	16.6235
24.8492	16.6235
24.8492	16.6191
24.8492	16.6147
24.8536	16.6147
24.8536	16.6103
24.8668	16.6103
24.8712	16.6058
24.8933	16.6058
24.8933	16.6014
24.8977	16.6014
24.9066	16.5970
24.9154	16.5970
24.9198	16.5926
25.0214	16.5926
25.0214	16.5882
25.0258	16.5882
25.0346	16.5838
25.0390	16.5838
25.0434	16.5794
25.0567	16.5794
25.0611	16.5749
25.0743	16.5749
25.0788	16.5705
25.0876	16.5705
25.0964	16.5661
25.1008	16.5661
25.1097	16.5617
25.1141	16.5573
25.1185	16.5573
25.1185	16.5529
25.1273	16.5529
25.1273	16.5484
25.1273	16.5440
25.1362	16.5440
25.1362	16.5396
25.1450	16.5396
25.1450	16.5352
25.1494	16.5308
25.1494	16.5264
25.1582	16.5264
25.1582	16.5220
25.1627	16.5220
25.1671	16.5175
25.1759	16.5175
25.1803	16.5131
25.1803	16.5087
25.1847	16.5087
25.1847	16.5043
25.1891	16.5043
25.1936	16.4999
25.1980	16.4999
25.1980	16.4955
25.2024	16.4955
25.2024	16.4911
25.2068	16.4866
25.2112	16.4866
25.2112	16.4822
25.2112	16.4778
25.2156	16.4778
25.2156	16.4734
25.2156	16.4690
25.2200	16.4690
25.2200	16.4646
25.2245	16.4646
25.2245	16.4601
25.2289	16.4601
25.2289	16.4557
25.2289	16.4513
25.2289	16.4469
25.2333	16.4469
25.2333	16.4425
25.2377	16.4425
25.2377	16.4381
25.2377	16.4337
25.2421	16.4292
25.2421	16.4248
25.2465	16.4248
25.2465	16.4204
25.2465	16.4160
25.2510	16.4160
25.2510	16.4116
25.2510	16.4072
25.2510	16.4027
25.2554	16.4027
25.2554	16.3983
25.2554	16.3939
25.2598	16.3939
25.2598	16.3895
25.2598	16.3851
25.2642	16.3807
25.2686	16.3763
25.2686	16.3718
25.2686	16.3674
25.2730	16.3674
25.2730	16.3630
25.2730	16.3586
25.2730	16.3542
25.2774	16.3542
25.2774	16.3498
25.2819	16.3453
25.2819	16.3409
25.2863	16.3409
25.2863	16.3365
25.2863	16.3321
25.2863	16.3277
25.2907	16.3277
25.2907	16.3233
25.2907	16.3189
25.2951	16.3189
25.2951	16.3144
25.2951	16.3100
25.2951	16.3056
25.2995	16.3056
25.2995	16.3012
25.3039	16.3012
25.3039	16.2968
25.3084	16.2924
25.3084	16.2879
25.3084	16.2835
25.3128	16.2835
25.3128	16.2791
25.3172	16.2791
25.3172	16.2747
25.3216	16.2747
25.3216	16.2703
25.3216	16.2659
25.3260	16.2659
25.3260	16.2615
25.3260	16.2570
25.3304	16.2570
25.3304	16.2526
25.3304	16.2482
25.3393	16.2482
25.3393	16.2438
25.3437	16.2394
25.3437	16.2350
25.3437	16.2305
25.3481	16.2305
25.3481	16.2261
25.3525	16.2217
25.3569	16.2217
25.3569	16.2173
25.3569	16.2129
25.3613	16.2129
25.3613	16.2085
25.3658	16.2085
25.3658	16.2041
25.3658	16.1996
25.3702	16.1996
25.3702	16.1952
25.3746	16.1952
25.3746	16.1908
25.3790	16.1908
25.3790	16.1864
25.3834	16.1864
25.3834	16.1820
25.3878	16.1820
25.3878	16.1776
25.4011	16.1776
25.4011	16.1732
25.4496	16.1732
25.4496	16.1687
25.4629	16.1687
25.4629	16.1643
25.4673	16.1643
25.4673	16.1599
25.4850	16.1599
25.4850	16.1555
25.4938	16.1555
25.4982	16.1511
25.5070	16.1511
25.5070	16.1467
25.5070	16.1422
25.5159	16.1422
25.5159	16.1378
25.5247	16.1378
25.5291	16.1334
25.5379	16.1334
25.5379	16.1290
25.5424	16.1290
25.5424	16.1246
25.5556	16.1246
25.5600	16.1202
25.5689	16.1202
25.5689	16.1158
25.5865	16.1158
25.5865	16.1113
25.5953	16.1113
25.5998	16.1069
25.6527	16.1069
25.6527	16.1025
25.6572	16.1025
25.6572	16.0981
25.6572	16.0937
25.6616	16.0937
25.6616	16.0893
25.6660	16.0893
25.6660	16.0848
25.6660	16.0804
25.6704	16.0760
25.6704	16.0716
25.6704	16.0672
25.6704	16.0628
25.6748	16.0628
25.6748	16.0584
25.6748	16.0539
25.6748	16.0495
25.6748	16.0451
25.6792	16.0451
25.6792	16.0407
25.6837	16.0407
25.6837	16.0363
25.6837	16.0319
25.6837	16.0274
25.6837	16.0230
25.6837	16.0186
25.6837	16.0142
25.6837	16.0098
25.6837	16.0054
25.6881	15.9965
25.6881	15.9921
25.6881	15.9877
25.6881	15.9833
25.6881	15.9789
25.6881	15.9745
25.6881	15.9700
25.6881	15.9656
25.6881	15.9612
25.6881	15.9568
25.6881	15.9524
25.6881	15.9480
25.6881	15.9436
25.6881	15.9391
25.6881	15.9347
25.6881	15.9303
25.6881	15.9259
25.6881	15.9215
25.6881	15.9171
25.6881	15.9126
25.6881	15.9082
25.6881	15.9038
25.6881	15.8994
25.6881	15.8950
25.6881	15.8906
25.6881	15.8862
25.6881	15.8817
25.6881	15.8773
25.6881	15.8729
25.6881	15.8685
25.6881	15.8641
25.6881	15.8597
25.6881	15.8553
25.6881	15.8508
25.6881	15.8464
25.6881	15.8420
25.6881	15.8376
25.6881	15.8332
25.6881	15.8288
25.6881	15.8243
25.6925	15.8199
25.6925	15.8155
25.6925	15.8111
25.6925	15.8067
25.6925	15.8023
25.6925	15.7979
25.6925	15.7934
25.6925	15.7890
25.6925	15.7846
25.6925	15.7802
25.6925	15.7758
25.6925	15.7714
25.6925	15.7625
25.6925	15.7581
25.6925	15.7537
25.6925	15.7493
25.6925	15.7449
25.6925	15.7405
25.6925	15.7360
25.6925	15.7316
25.6925	15.7272
25.6925	15.7228
25.6925	15.7184
25.6925	15.7140
25.6925	15.7095
25.6925	15.7051
25.6925	15.7007
25.6925	15.6963
25.6925	15.6919
25.6925	15.6875
25.6925	15.6831
25.6925	15.6786
25.6925	15.6742
25.6925	15.6698
25.6925	15.6654
25.6925	15.6610
25.6925	15.6566
25.6925	15.6521
25.6925	15.6477
25.6925	15.6433
25.6925	15.6389
25.6925	15.6345
25.6925	15.6301
25.6925	15.6257
25.6925	15.6212
25.6925	15.6168
25.6925	15.6124
25.6925	15.6080
25.6925	15.6036
25.6925	15.5992
25.6925	15.5947
25.6925	15.5903
25.6925	15.5859
25.6925	15.5815
25.6925	15.5771
25.6925	15.5727
25.6925	15.5683
25.6925	15.5638
25.6925	15.5594
25.6925	15.5550
25.6925	15.5506
25.6925	15.5462
25.6925	15.5418
25.6925	15.5374
25.6925	15.5329
25.6925	15.5285
25.6881	15.5285
25.6881	15.5241
25.6881	15.5197
25.6881	15.5153
25.6881	15.5109
25.6881	15.5064
25.6881	15.5020
25.6837	15.4976
25.6837	15.4932
25.6837	15.4888
25.6837	15.4844
25.6792	15.4800
25.6792	15.4755
25.6792	15.4711
25.6748	15.4711
25.6748	15.4667
25.6748	15.4623
25.6704	15.4579
25.6704	15.4535
25.6704	15.4490
25.6660	15.4402
25.6660	15.4358
25.6660	15.4314
25.6660	15.4270
25.6660	15.4226
25.6660	15.4181
25.6660	15.4137
25.6660	15.4093
25.6704	15.4093
25.6704	15.4049
25.6704	15.4005
25.6704	15.3961
25.6704	15.3916
25.6704	15.3872
25.6704	15.3828
25.6704	15.3784
25.6704	15.3740
25.6704	15.3696
25.6704	15.3652
25.6704	15.3607
25.6704	15.3563
25.6704	15.3519
25.6704	15.3475
25.6704	15.3431
25.6704	15.3387
25.6704	15.3342
25.6704	15.3254
25.6748	15.3254
25.6748	15.3210
25.6748	15.3166
25.6748	15.3122
25.6748	15.3078
25.6748	15.3033
25.6748	15.2989
25.6748	15.2945
25.6748	15.2901
25.6792	15.2901
25.6792	15.2857
25.6792	15.2813
25.6837	15.2813
25.6837	15.2769
25.6837	15.2724
25.6837	15.2680
25.6837	15.2636
25.6837	15.2592
25.6837	15.2548
25.6881	15.2548
25.6881	15.2504
25.6881	15.2459
25.6881	15.2371
25.6881	15.2327
25.6881	15.2283
25.6925	15.2283
25.6925	15.2239
25.6925	15.2195
25.6925	15.2150
25.6925	15.2106
25.6925	15.2062
25.6925	15.2018
25.6969	15.2018
25.6969	15.1974
25.6969	15.1930
25.6969	15.1885
25.6969	15.1841
25.7013	15.1841
25.7013	15.1797
25.7013	15.1753
25.7013	15.1709
25.7013	15.1665
25.7013	15.1621
25.7013	15.1576
25.7013	15.1532
25.7013	15.1488
25.7013	15.1444
25.7013	15.1400
25.7013	15.1356
25.7013	15.1311
25.7013	15.1267
25.7013	15.1223
25.7013	15.1179
25.7013	15.1135
25.7013	15.1091
25.7013	15.1047
25.7013	15.1002
25.7013	15.0958
25.7013	15.0914
25.7013	15.0870
25.7013	15.0826
25.7013	15.0782
25.7013	15.0737
25.7013	15.0693
25.6969	15.0649
25.6969	15.0605
25.6969	15.0561
25.6969	15.0517
25.6969	15.0473
25.6969	15.0428
25.6925	15.0428
25.6925	15.0384
25.6925	15.0340
25.6925	15.0296
25.6925	15.0252
25.6881	15.0252
25.6881	15.0208
25.6881	15.0163
25.6881	15.0119
25.6881	15.0075
25.6837	15.0031
25.6837	14.9987
25.6837	14.9943
25.6837	14.9899
25.6837	14.9854
25.6792	14.9854
25.6792	14.9810
25.6792	14.9766
25.6792	14.9722
25.6748	14.9722
25.6748	14.9678
25.6748	14.9634
25.6748	14.9590
25.6704	14.9590
25.6704	14.9545
25.6704	14.9501
25.6704	14.9457
25.6704	14.9413
25.6704	14.9369
25.6704	14.9325
25.6660	14.9325
25.6660	14.9280
25.6660	14.9236
25.6660	14.9192
25.6660	14.9148
25.6660	14.9104
25.6660	14.9060
25.6616	14.9016
25.6616	14.8971
25.6616	14.8927
25.6616	14.8883
25.6616	14.8839
25.6616	14.8795
25.6616	14.8751
25.6616	14.8706
25.6616	14.8662
25.6616	14.8618
25.6616	14.8574
25.6616	14.8530
25.6616	14.8486
25.6616	14.8442
25.6616	14.8397
25.6616	14.8353
25.6616	14.8309
25.6616	14.8265
25.6616	14.8221
25.6616	14.8177
25.6616	14.8132
25.6616	14.8088
25.6616	14.8044
25.6616	14.8000
25.6616	14.7956
25.6616	14.7912
25.6616	14.7868
25.6616	14.7823
25.6616	14.7779
25.6616	14.7735
25.6616	14.7691
25.6616	14.7647
25.6616	14.7603
25.6616	14.7558
25.6616	14.7514
25.6616	14.7470
25.6616	14.7426
25.6616	14.7382
25.6616	14.7338
25.6616	14.7294
25.6616	14.7249
25.6616	14.7205
25.6616	14.7161
25.6572	14.7161
25.6572	14.7117
25.6572	14.7073
25.6572	14.7029
25.6572	14.6984
25.6527	14.6984
25.6527	14.6940
25.6527	14.6896
25.6527	14.6852
25.6527	14.6808
25.6527	14.6764
25.6527	14.6720
25.6527	14.6675
25.6527	14.6631
25.6527	14.6587
25.6527	14.6543
25.6527	14.6499
25.6527	14.6455
25.6483	14.6455
25.6483	14.6411
25.6483	14.6366
25.6483	14.6322
25.6483	14.6278
25.6483	14.6234
25.6483	14.6190
25.6439	14.6190
25.6439	14.6146
25.6439	14.6101
25.6439	14.6057
25.6395	14.5969
25.6351	14.5925
25.6351	14.5881
25.6351	14.5837
25.6351	14.5792
25.6351	14.5748
25.6307	14.5748
25.6307	14.5704
25.6307	14.5660
25.6307	14.5616
25.6307	14.5572
25.6307	14.5527
25.6263	14.5527
25.6263	14.5483
25.6263	14.5439
25.6263	14.5395
25.6218	14.5395
25.6218	14.5351
25.6174	14.5351
25.6174	14.5307
25.6174	14.5263
25.6130	14.5263
25.6130	14.5218
25.6130	14.5174
25.6086	14.5174
25.6086	14.5130
25.6042	14.5086
25.6042	14.5042
25.5998	14.5042
25.5998	14.4998
25.5953	14.4998
25.5953	14.4953
25.5909	14.4909
25.5909	14.4865
25.5865	14.4821
25.5821	14.4821
25.5821	14.4777
25.5821	14.4733
25.5777	14.4733
25.5777	14.4689
25.5733	14.4644
25.5689	14.4600
25.5644	14.4556
25.5600	14.4468
25.5556	14.4424
25.5512	14.4335
25.5468	14.4335
25.5468	14.4291
25.5468	14.4247
25.5424	14.4247
25.5379	14.4203
25.5379	14.4159
25.5379	14.4115
25.5335	14.4115
25.5335	14.4070
25.5291	14.4026
25.5247	14.4026
25.5247	14.3982
25.5247	14.3938
25.5203	14.3938
25.5203	14.3894
25.5159	14.3894
25.5159	14.3850
25.5159	14.3805
25.5115	14.3805
25.5115	14.3761
25.5070	14.3761
25.5070	14.3717
25.5026	14.3717
25.5026	14.3673
25.5026	14.3629
25.4982	14.3629
25.4982	14.3585
25.4982	14.3541
25.4894	14.3541
25.4894	14.3496
25.4894	14.3452
25.4850	14.3452
25.4850	14.3408
25.4850	14.3364
25.4805	14.3364
25.4805	14.3320
25.4761	14.3276
25.4761	14.3232
25.4717	14.3232
25.4717	14.3187
25.4717	14.3143
25.4673	14.3143
25.4673	14.3099
25.4673	14.3055
25.4673	14.3011
25.4629	14.3011
25.4629	14.2967
25.4629	14.2922
25.4585	14.2922
25.4585	14.2878
25.4541	14.2878
25.4541	14.2834
25.4541	14.2790
25.4496	14.2790
25.4496	14.2746
25.4496	14.2702
25.4496	14.2658
25.4452	14.2658
25.4452	14.2613
25.4452	14.2569
25.4408	14.2569
25.4408	14.2525
25.4364	14.2525
25.4364	14.2481
25.4364	14.2437
25.4320	14.2393
25.4320	14.2348
25.4320	14.2304
25.4320	14.2260
25.4276	14.2216
25.4276	14.2172
25.4276	14.2128
25.4276	14.2084
25.4232	14.2084
25.4232	14.2039
25.4232	14.1995
25.4232	14.1951
25.4187	14.1951
25.4187	14.1907
25.4187	14.1863
25.4187	14.1819
25.4187	14.1774
25.4187	14.1730
25.4187	14.1686
25.4187	14.1642
25.4143	14.1642
25.4143	14.1598
25.4143	14.1554
25.4143	14.1510
25.4143	14.1465
25.4143	14.1421
25.4143	14.1377
25.4143	14.1333
25.4143	14.1289
25.4143	14.1245
25.4143	14.1200
25.4143	14.1156
25.4143	14.1112
25.4099	14.1068
25.4099	14.1024
25.4099	14.0980
25.4099	14.0936
25.4099	14.0891
25.4099	14.0847
25.4099	14.0803
25.4099	14.0759
25.4099	14.0715
25.4099	14.0671
25.4099	14.0626
25.4099	14.0582
25.4099	14.0538
25.4099	14.0494
25.4099	14.0450
25.4099	14.0406
25.4099	14.0362
25.4099	14.0317
25.4099	14.0273
25.4099	14.0229
25.4099	14.0185
25.4099	14.0097
25.4099	14.0053
25.4099	14.0008
25.4099	13.9964
25.4099	13.9920
25.4099	13.9876
25.4099	13.9832
25.4099	13.9788
25.4099	13.9743
25.4099	13.9699
25.4099	13.9655
25.4099	13.9611
25.4099	13.9567
25.4099	13.9523
25.4099	13.9479
25.4099	13.9434
25.4099	13.9390
25.4099	13.9346
25.4099	13.9302
25.4099	13.9258
25.4055	13.9258
25.4055	13.9214
25.4055	13.9169
25.4055	13.9125
25.4011	13.9125
25.4011	13.9037
25.4011	13.8993
25.4011	13.8949
25.3967	13.8905
25.3967	13.8860
25.3967	13.8816
25.3967	13.8772
25.3967	13.8728
25.3967	13.8684
25.3967	13.8640
25.3922	13.8640
25.3922	13.8595
25.3922	13.8551
25.3922	13.8507
25.3922	13.8463
25.3922	13.8419
25.3878	13.8419
25.3878	13.8375
25.3878	13.8331
25.3878	13.8286
25.3878	13.8242
25.3878	13.8198
25.3834	13.8198
25.3834	13.8154
25.3834	13.8110
25.3834	13.8066
25.3790	13.8066
25.3790	13.8021
25.3790	13.7977
25.3790	13.7933
25.3790	13.7889
25.3790	13.7845
25.3790	13.7801
25.3790	13.7757
25.3746	13.7757
25.3746	13.7712
25.3746	13.7668
25.3746	13.7624
25.3746	13.7536
25.3746	13.7492
25.3746	13.7447
25.3702	13.7403
25.3702	13.7359
25.3702	13.7315
25.3702	13.7271
25.3702	13.7227
25.3702	13.7183
25.3702	13.7138
25.3702	13.7094
25.3702	13.7050
25.3702	13.7006
25.3702	13.6962
25.3702	13.6918
25.3702	13.6874
25.3702	13.6829
25.3702	13.6785
25.3702	13.6741
25.3702	13.6697
25.3702	13.6653
25.3658	13.6653
25.3658	13.6609
25.3613	13.6609
25.3613	13.6564
25.3613	13.6520
25.3569	13.6476
25.3569	13.6432
25.3525	13.6344
25.3525	13.6300
25.3481	13.6255
25.3437	13.6255
25.3437	13.6211
25.3437	13.6167
25.3393	13.6167
25.3393	13.6123
25.3393	13.6079
25.3393	13.6035
25.3348	13.6035
25.3348	13.5990
25.3348	13.5946
25.3348	13.5902
25.3304	13.5902
25.3260	13.5858
25.3260	13.5814
25.3216	13.5814
25.3216	13.5770
25.3216	13.5726
25.3172	13.5726
25.3172	13.5681
25.3128	13.5681
25.3084	13.5637
25.3084	13.5593
25.3039	13.5549
25.3039	13.5505
25.2995	13.5505
25.2995	13.5461
25.2995	13.5416
25.2907	13.5416
25.2907	13.5372
25.2863	13.5372
25.2863	13.5328
25.2819	13.5284
25.2819	13.5240
25.2774	13.5240
25.2774	13.5196
25.2730	13.5196
25.2730	13.5152
25.2686	13.5152
25.2686	13.5107
25.2686	13.5063
25.2642	13.5063
25.2642	13.5019
25.2642	13.4975
25.2598	13.4975
25.2598	13.4931
25.2554	13.4931
25.2554	13.4887
25.2554	13.4842
25.2510	13.4842
25.2510	13.4798
25.2510	13.4754
25.2465	13.4754
25.2465	13.4710
25.2465	13.4666
25.2421	13.4666
25.2421	13.4622
25.2421	13.4578
25.2377	13.4578
25.2377	13.4533
25.2377	13.4489
25.2333	13.4489
25.2333	13.4445
25.2333	13.4401
25.2289	13.4401
25.2289	13.4357
25.2289	13.4313
25.2245	13.4313
25.2245	13.4269
25.2245	13.4224
25.2156	13.4224
25.2156	13.4180
25.2156	13.4136
25.2156	13.4092
25.2112	13.4092
25.2112	13.4048
25.2112	13.4004
25.2068	13.4004
25.2068	13.3959
25.2068	13.3915
25.2024	13.3915
25.2024	13.3871
25.1980	13.3871
25.1980	13.3827
25.1980	13.3783
25.1936	13.3783
25.1936	13.3739
25.1936	13.3695
25.1891	13.3695
25.1891	13.3650
25.1891	13.3606
25.1847	13.3606
25.1847	13.3562
25.1803	13.3518
25.1759	13.3474
25.1715	13.3430
25.1715	13.3385
25.1715	13.3341
25.1671	13.3341
25.1671	13.3297
25.1627	13.3297
25.1627	13.3253
25.1627	13.3209
25.1582	13.3209
25.1582	13.3165
25.1582	13.3121
25.1538	13.3121
25.1538	13.3076
25.1538	13.3032
25.1494	13.3032
25.1494	13.2988
25.1450	13.2988
25.1450	13.2944
25.1406	13.2944
25.1406	13.2900
25.1406	13.2856
25.1406	13.2811
25.1362	13.2811
25.1362	13.2767
25.1317	13.2767
25.1317	13.2723
25.1273	13.2723
25.1273	13.2679
25.1229	13.2635
25.1229	13.2591
25.1185	13.2591
25.1185	13.2547
25.1141	13.2502
25.1141	13.2458
25.1097	13.2458
25.1097	13.2414
25.1053	13.2414
25.1053	13.2370
25.1008	13.2370
25.1008	13.2326
25.0964	13.2282
25.0964	13.2237
25.0920	13.2237
25.0876	13.2193
25.0876	13.2149
25.0832	13.2149
25.0832	13.2105
25.0788	13.2105
25.0788	13.2061
25.0699	13.2061
25.0699	13.2017
25.0655	13.2017
25.0655	13.1973
25.0655	13.1928
25.0611	13.1928
25.0611	13.1884
25.0567	13.1884
25.0567	13.1840
25.0523	13.1840
25.0523	13.1796
25.0523	13.1752
25.0479	13.1708
25.0479	13.1663
25.0434	13.1619
25.0434	13.1575
25.0390	13.1575
25.0390	13.1531
25.0346	13.1531
25.0346	13.1487
25.0346	13.1443
25.0302	13.1443
25.0302	13.1399
25.0258	13.1399
25.0258	13.1354
25.0214	13.1310
25.0214	13.1266
25.0169	13.1222
25.0125	13.1178
25.0081	13.1134
25.0081	13.1090
25.0081	13.1045
25.0081	13.1001
25.0037	13.1001
25.0037	13.0957
25.0037	13.0913
24.9993	13.0869
24.9993	13.0825
24.9993	13.0780
24.9993	13.0736
24.9993	13.0692
24.9949	13.0692
24.9949	13.0648
24.9949	13.0604
24.9949	13.0560
24.9905	13.0560
24.9905	13.0516
24.9905	13.0471
24.9905	13.0427
24.9905	13.0383
24.9860	13.0383
24.9860	13.0339
24.9860	13.0295
24.9816	13.0251
24.9816	13.0206
24.9816	13.0118
24.9772	13.0118
24.9772	13.0074
24.9772	13.0030
24.9772	12.9986
24.9772	12.9942
24.9772	12.9897
24.9772	12.9853
24.9772	12.9809
24.9772	12.9765
24.9728	12.9765
24.9728	12.9721
24.9728	12.9677
24.9728	12.9632
24.9728	12.9588
24.9684	12.9588
24.9684	12.9544
24.9684	12.9500
24.9684	12.9456
24.9684	12.9412
24.9684	12.9368
24.9684	12.9323
24.9640	12.9323
24.9640	12.9279
24.9640	12.9235
24.9640	12.9191
24.9640	12.9147
24.9640	12.9103
24.9595	12.9103
24.9595	12.9058
24.9595	12.9014
24.9595	12.8970
24.9595	12.8926
24.9595	12.8882
24.9595	12.8838
24.9595	12.8794
24.9595	12.8749
24.9595	12.8705
24.9595	12.8661
24.9595	12.8617
24.9595	12.8573
24.9595	12.8529
24.9551	12.8529
24.9551	12.8484
24.9551	12.8440
24.9551	12.8396
24.9551	12.8352
24.9551	12.8308
24.9551	12.8264
24.9551	12.8220
24.9551	12.8175
24.9551	12.8131
24.9551	12.8087
24.9551	12.8043
24.9507	12.8043
24.9507	12.7999
24.9507	12.7955
24.9507	12.7911
24.9507	12.7866
24.9507	12.7822
24.9463	12.7822
24.9463	12.7778
24.9463	12.7734
24.9419	12.7734
24.9419	12.7690
24.9419	12.7646
24.9419	12.7601
24.9419	12.7557
24.9375	12.7557
24.9375	12.7513
24.9331	12.7469
24.9331	12.7425
24.9331	12.7381
24.9286	12.7381
24.9286	12.7337
24.9242	12.7337
24.9242	12.7292
24.9198	12.7292
24.9198	12.7248
24.9154	12.7248
24.9154	12.7204
24.9110	12.7204
24.9066	12.7160
24.9021	12.7116
24.8977	12.7072
24.8977	12.7027
24.8889	12.7027
24.8889	12.6983
24.8845	12.6983
24.8845	12.6939
24.8801	12.6939
24.8801	12.6895
24.8757	12.6895
24.8757	12.6851
24.8712	12.6851
24.8668	12.6807
24.8624	12.6807
24.8624	12.6763
24.8492	12.6763
24.8448	12.6718
24.8359	12.6718
24.8359	12.6674
24.7079	12.6674
24.7079	12.6630
24.6681	12.6630
24.6637	12.6586
24.6372	12.6586
24.6328	12.6542
24.6240	12.6542
24.6240	12.6498
24.5975	12.6498
24.5975	12.6453
24.5622	12.6453
24.5622	12.6409
24.5401	12.6409
24.5357	12.6365
24.5180	12.6365
24.5180	12.6321
24.5048	12.6321
24.5048	12.6277
24.4606	12.6277
24.4562	12.6233
24.4165	12.6233
24.4165	12.6189
24.3900	12.6189
24.3856	12.6144
24.3591	12.6144
24.3547	12.6100
24.3105	12.6100
24.3105	12.6056
24.2752	12.6056
24.2708	12.6012
24.1251	12.6012
24.1251	12.6056
24.0632	12.6056
24.0632	12.6100
24.0544	12.6100
24.0544	12.6144
24.0412	12.6144
24.0412	12.6189
24.0368	12.6189
24.0368	12.6233
24.0323	12.6233
24.0323	12.6277
24.0279	12.6277
24.0279	12.6321
24.0191	12.6321
24.0191	12.6365
24.0058	12.6365
24.0058	12.6409
23.9926	12.6409
23.9882	12.6453
23.9661	12.6453
23.9661	12.6409
23.9440	12.6409
23.9352	12.6498
23.9264	12.6498
23.9220	12.6542
23.9131	12.6542
23.9131	12.6586
23.9043	12.6586
23.8955	12.6674
23.8866	12.6718
23.8778	12.6763
23.8734	12.6763
23.8690	12.6807
23.8601	12.6851
23.8513	12.6895
23.8425	12.6939
23.8292	12.7027
23.8160	12.7072
23.8027	12.7160
23.7939	12.7204
23.7807	12.7248
23.7718	12.7248
23.7718	12.7292
23.7453	12.7292
23.7453	12.7337
23.7100	12.7337
23.7056	12.7381
23.5864	12.7381
23.5820	12.7337
23.5732	12.7337
23.5599	12.7292
23.5467	12.7292
23.5422	12.7248
23.5290	12.7248
23.5290	12.7204
23.5202	12.7204
23.5202	12.7160
23.5069	12.7160
23.4981	12.7116
23.4848	12.7116
23.4804	12.7072
23.3700	12.7072
23.3656	12.7116
23.3612	12.7116
23.3568	12.7160
23.3480	12.7160
23.3480	12.7204
23.3347	12.7204
23.3347	12.7248
23.3259	12.7248
23.3215	12.7292
23.3082	12.7292
23.3082	12.7337
23.2906	12.7337
23.2906	12.7381
23.2685	12.7381
23.2685	12.7425
23.2508	12.7425
23.2508	12.7469
23.2464	12.7469
23.2464	12.7513
23.2376	12.7513
23.2376	12.7557
23.2288	12.7557
23.2243	12.7601
23.2199	12.7601
23.2155	12.7646
23.2111	12.7646
23.2111	12.7690
23.2023	12.7690
23.2023	12.7734
23.1979	12.7734
23.1979	12.7778
23.1934	12.7778
23.1890	12.7822
23.1846	12.7822
23.1846	12.7866
23.1758	12.7866
23.1758	12.7911
23.1625	12.7911
23.1625	12.7955
23.1449	12.7955
23.1449	12.7999
23.1272	12.7999
23.1272	12.8043
23.1228	12.8043
23.1228	12.8087
23.1140	12.8087
23.1140	12.8131
23.1095	12.8131
23.1095	12.8175
23.1051	12.8175
23.1051	12.8220
23.1007	12.8264
23.0919	12.8264
23.0919	12.8308
23.0875	12.8308
23.0875	12.8352
23.0831	12.8352
23.0831	12.8396
23.0786	12.8396
23.0786	12.8440
23.0698	12.8440
23.0698	12.8484
23.0610	12.8484
23.0566	12.8529
23.0521	12.8529
23.0521	12.8573
23.0477	12.8573
23.0477	12.8617
23.0036	12.8617
23.0036	12.8573
22.9197	12.8573
22.9197	12.8529
22.8623	12.8529
22.8623	12.8484
22.7519	12.8484
22.7519	12.8440
22.7431	12.8440
22.7431	12.8396
22.7387	12.8396
22.7342	12.8352
22.7298	12.8352
22.7298	12.8308
22.7210	12.8308
22.7210	12.8264
22.7166	12.8220
22.7078	12.8220
22.7078	12.8175
22.7033	12.8175
22.7033	12.8131
22.6945	12.8131
22.6945	12.8087
22.6857	12.8087
22.6813	12.8043
22.6724	12.8043
22.6724	12.7999
22.6680	12.7999
22.6680	12.7955
22.6592	12.7955
22.6548	12.7911
22.6504	12.7911
22.6504	12.7866
22.6415	12.7866
22.6415	12.7822
22.6327	12.7822
22.6327	12.7778
22.6283	12.7734
22.6195	12.7734
22.6195	12.7690
22.6150	12.7690
22.6106	12.7646
22.6018	12.7646
22.6018	12.7601
22.6018	12.7557
22.5930	12.7557
22.5930	12.7513
22.5885	12.7469
22.5841	12.7469
22.5841	12.7425
22.5797	12.7425
22.5797	12.7381
22.5753	12.7381
22.5753	12.7337
22.5665	12.7337
22.5665	12.7292
22.5621	12.7292
22.5621	12.7248
22.5621	12.7204
22.5576	12.7204
22.5576	12.7160
22.5488	12.7160
22.5488	12.7116
22.5444	12.7116
22.5444	12.7072
22.5400	12.7072
22.5400	12.7027
22.5356	12.7027
22.5311	12.6983
22.5267	12.6983
22.5267	12.6939
22.5179	12.6939
22.5135	12.6895
22.5135	12.6851
22.5091	12.6851
22.5091	12.6807
22.5002	12.6807
22.5002	12.6763
22.4958	12.6763
22.4958	12.6718
22.4914	12.6718
22.4914	12.6674
22.4870	12.6674
22.4870	12.6630
22.4782	12.6630
22.4782	12.6586
22.4693	12.6586
22.4693	12.6542
22.4649	12.6542
22.4605	12.6498
22.4561	12.6498
22.4561	12.6453
22.4473	12.6453
22.4473	12.6409
22.4340	12.6409
22.4340	12.6365
22.4296	12.6365
22.4296	12.6321
22.4208	12.6321
22.4208	12.6277
22.4163	12.6277
22.4163	12.6233
22.4075	12.6233
22.4075	12.6189
22.3987	12.6189
22.3987	12.6144
22.3943	12.6144
22.3943	12.6100
22.3854	12.6100
22.3854	12.6056
22.3766	12.6056
22.3766	12.6012
22.3722	12.6012
22.3722	12.5968
22.3634	12.5968
22.3634	12.5924
22.3590	12.5924
22.3590	12.5879
22.3457	12.5879
22.3457	12.5835
22.3369	12.5835
22.3369	12.5791
22.3325	12.5791
22.3325	12.5747
22.3236	12.5747
22.3236	12.5703
22.3192	12.5703
22.3148	12.5659
22.3104	12.5659
22.3104	12.5615
22.3060	12.5615
22.3060	12.5570
22.3016	12.5570
22.3016	12.5526
22.2927	12.5526
22.2927	12.5482
22.2751	12.5482
22.2751	12.5438
22.2706	12.5438
22.2706	12.5394
22.2618	12.5394
22.2574	12.5350
22.2530	12.5350
22.2486	12.5305
22.2397	12.5305
22.2353	12.5261
22.2309	12.5217
22.2221	12.5217
22.2221	12.5173
22.2177	12.5173
22.2177	12.5129
22.2088	12.5129
22.2044	12.5085
22.2044	12.5041
22.1912	12.5041
22.1912	12.4996
22.1823	12.4996
22.1823	12.4952
22.1735	12.4952
22.1691	12.4908
22.1691	12.4864
22.1603	12.4864
22.1603	12.4820
22.1514	12.4820
22.1514	12.4776
22.1338	12.4776
22.1338	12.4732
22.1249	12.4732
22.1249	12.4687
22.1117	12.4687
22.1117	12.4643
22.0896	12.4643
22.0896	12.4599
22.0499	12.4599
22.0499	12.4555
22.0366	12.4555
22.0366	12.4511
22.0146	12.4511
22.0146	12.4467
22.0013	12.4467
21.9969	12.4422
21.9837	12.4422
21.9837	12.4378
21.9660	12.4378
21.9660	12.4334
21.9616	12.4334
21.9572	12.4290
21.9439	12.4290
21.9439	12.4246
21.9307	12.4246
21.9307	12.4202
21.9130	12.4202
21.9130	12.4158
21.9086	12.4158
21.9042	12.4113
21.8953	12.4113
21.8953	12.4069
21.8865	12.4069
21.8865	12.4025
21.8733	12.4025
21.8733	12.3981
21.8689	12.3981
21.8689	12.3937
21.8600	12.3937
21.8556	12.3893
21.8424	12.3893
21.8424	12.3848
21.8335	12.3848
21.8335	12.3804
21.8291	12.3804
21.8291	12.3760
21.8203	12.3760
21.8203	12.3716
21.8159	12.3716
21.8159	12.3672
21.8115	12.3672
21.8115	12.3628
21.8026	12.3628
21.8026	12.3584
21.7982	12.3584
21.7982	12.3539
21.7938	12.3539
21.7938	12.3495
21.7850	12.3495
21.7850	12.3451
21.7805	12.3407
21.7761	12.3407
21.7761	12.3363
21.7717	12.3363
21.7717	12.3319
21.7629	12.3319
21.7629	12.3274
21.7585	12.3274
21.7585	12.3230
21.7496	12.3230
21.7452	12.3186
21.7364	12.3186
21.7320	12.3142
21.7232	12.3142
21.7232	12.3098
21.7143	12.3098
21.7099	12.3054
21.7099	12.3010
21.7011	12.3010
21.7011	12.2965
21.6967	12.2965
21.6922	12.2921
21.6878	12.2921
21.6878	12.2877
21.6834	12.2877
21.6834	12.2833
21.6658	12.2833
21.6658	12.2789
21.5686	12.2789
21.5686	12.2745
21.5510	12.2745
21.5510	12.2700
21.5465	12.2700
21.5421	12.2656
21.5289	12.2656
21.5289	12.2612
21.5156	12.2612
21.5156	12.2568
21.5024	12.2568
21.4980	12.2524
21.4936	12.2524
21.4936	12.2480
21.4847	12.2480
21.4803	12.2436
21.4715	12.2436
21.4671	12.2391
21.4582	12.2391
21.4582	12.2347
21.4582	12.2303
21.4538	12.2303
21.4494	12.2259
21.4229	12.2259
21.4229	12.2215
21.4053	12.2215
21.4008	12.2171
21.3876	12.2171
21.3876	12.2126
21.3699	12.2126
21.3655	12.2082
21.3567	12.2082
21.3523	12.2038
21.3434	12.2038
21.3434	12.1994
21.3390	12.1994
21.3346	12.1950
21.3214	12.1950
21.3214	12.1906
21.3081	12.1906
21.3081	12.1862
21.2993	12.1862
21.2949	12.1817
21.2905	12.1817
21.2905	12.1773
21.2772	12.1773
21.2772	12.1729
21.2640	12.1729
21.2640	12.1685
21.2507	12.1685
21.2463	12.1641
21.2375	12.1641
21.2375	12.1597
21.2331	12.1597
21.2331	12.1553
21.2198	12.1553
21.2198	12.1508
21.2021	12.1508
21.1977	12.1464
21.1624	12.1464
21.1624	12.1420
21.1448	12.1420
21.1448	12.1376
21.0609	12.1376
21.0609	12.1332
21.0300	12.1332
21.0300	12.1288
20.9946	12.1288
20.9902	12.1243
20.9726	12.1243
20.9681	12.1199
20.9284	12.1199
20.9240	12.1155
20.8975	12.1155
20.8975	12.1111
20.8666	12.1111
20.8666	12.1067
20.8578	12.1067
20.8578	12.1023
20.8401	12.1023
20.8401	12.0979
20.8224	12.0979
20.8224	12.0934
20.8092	12.0934
20.8092	12.0890
20.8004	12.0890
20.8004	12.0846
20.7871	12.0846
20.7871	12.0802
20.7695	12.0802
20.7695	12.0758
20.7297	12.0758
20.7297	12.0714
20.7165	12.0714
20.7165	12.0669
20.6944	12.0669
20.6900	12.0625
20.6811	12.0625
20.6767	12.0581
20.6635	12.0581
20.6635	12.0537
20.6591	12.0537
20.6591	12.0493
20.6458	12.0493
20.6458	12.0449
20.6370	12.0449
20.6370	12.0405
20.6282	12.0405
20.6237	12.0360
20.6193	12.0360
20.6193	12.0316
20.6061	12.0316
20.6061	12.0272
20.5973	12.0272
20.5973	12.0228
20.5796	12.0228
20.5796	12.0184
20.5531	12.0184
20.5531	12.0140
20.5443	12.0140
20.5443	12.0095
20.5222	12.0095
20.5178	12.0051
20.5001	12.0051
20.5001	12.0007
20.4825	12.0007
20.4825	11.9963
20.4736	11.9963
20.4736	11.9919
20.4648	11.9919
20.4604	11.9875
20.4560	11.9875
20.4560	11.9831
20.4516	11.9831
20.4471	11.9786
20.4427	11.9742
20.4383	11.9698
20.4339	11.9698
20.4339	11.9654
20.4251	11.9654
20.4251	11.9610
20.4206	11.9610
20.4206	11.9566
20.3897	11.9566
20.3853	11.9521
