20.5627	9.0571
20.5589	9.0609
20.4655	9.0609
20.4611	9.0631
20.4195	9.0631
20.4195	9.0677
20.3871	9.0677
20.3871	9.0723
20.3224	9.0723
20.3224	9.0769
20.0542	9.0769
20.0496	9.0816
19.9340	9.0816
19.9340	9.0862
19.8877	9.0862
19.8831	9.0908
19.8554	9.0908
19.8507	9.0954
19.8276	9.0954
19.8276	9.1001
19.8137	9.1001
19.8091	9.1047
19.8045	9.1047
19.8045	9.1093
19.7906	9.1093
19.7906	9.1139
19.7721	9.1139
19.7721	9.1186
19.7629	9.1186
19.7536	9.1232
19.7490	9.1278
19.7398	9.1278
19.7398	9.1324
19.7259	9.1324
19.7259	9.1371
19.7166	9.1371
19.7166	9.1417
19.7074	9.1417
19.7074	9.1463
19.6982	9.1463
19.6935	9.1509
19.6797	9.1509
19.6797	9.1555
19.6704	9.1555
19.6658	9.1602
19.6612	9.1602
19.6612	9.1648
19.6519	9.1648
19.6473	9.1694
19.6334	9.1694
19.6334	9.1740
19.6242	9.1740
19.6195	9.1787
19.6149	9.1787
19.6103	9.1833
19.6011	9.1833
19.6011	9.1879
19.5872	9.1879
19.5872	9.1925
19.5779	9.1925
19.5733	9.1972
19.5687	9.1972
19.5674	9.1984
19.5619	9.1984
19.5619	9.2018
19.5548	9.2018
19.5548	9.2055
19.5543	9.2060
19.5428	9.2060
19.5424	9.2064
19.5409	9.2064
19.5375	9.2099
19.5275	9.2099
19.5237	9.2137
19.5084	9.2137
19.5046	9.2175
19.4931	9.2175
19.4931	9.2213
19.4855	9.2213
19.4779	9.2251
19.4626	9.2251
19.4588	9.2290
19.4473	9.2290
19.4435	9.2328
19.4282	9.2328
19.4244	9.2366
19.4167	9.2366
19.4167	9.2404
19.4015	9.2404
19.4015	9.2442
19.3900	9.2442
19.3900	9.2481
19.3747	9.2481
19.3709	9.2519
19.3671	9.2519
19.3633	9.2557
19.3518	9.2557
19.3480	9.2595
19.3365	9.2595
19.3365	9.2633
19.3251	9.2633
19.3212	9.2672
19.3136	9.2672
19.3136	9.2710
19.3060	9.2710
19.3060	9.2748
19.2945	9.2748
19.2945	9.2786
19.2869	9.2786
19.2869	9.2824
19.2830	9.2863
19.2754	9.2863
19.2754	9.2901
19.2678	9.2901
19.2678	9.2939
19.2601	9.2939
19.2601	9.2977
19.2563	9.2977
19.2563	9.3015
19.2487	9.3015
19.2487	9.3054
19.2410	9.3054
19.2372	9.3092
19.2334	9.3092
19.2296	9.3130
19.2257	9.3168
19.2181	9.3168
19.2181	9.3206
19.2105	9.3206
19.2028	9.3245
19.1990	9.3245
19.1990	9.3266
19.1942	9.3266
19.1895	9.3313
19.1757	9.3313
19.1757	9.3359
19.1525	9.3359
19.1525	9.3395
19.1341	9.3397
19.1525	9.3397
19.1525	9.3405
19.1340	9.3405
19.1294	9.3451
19.1156	9.3451
19.1109	9.3497
19.0878	9.3497
19.0832	9.3544
19.0786	9.3544
19.0693	9.3590
19.0601	9.3590
19.0554	9.3636
19.0369	9.3636
19.0369	9.3682
19.0231	9.3682
19.0185	9.3729
19.0138	9.3729
19.0092	9.3775
18.9907	9.3775
18.9861	9.3821
18.9768	9.3821
18.9722	9.3867
18.9491	9.3867
18.9491	9.3914
18.9398	9.3914
18.9352	9.3960
18.9306	9.3960
18.9260	9.4006
18.9121	9.4006
18.9121	9.4052
18.9029	9.4052
18.9029	9.4099
18.8936	9.4099
18.8936	9.4145
18.8844	9.4145
18.8844	9.4191
18.8751	9.4191
18.8751	9.4237
18.8659	9.4237
18.8659	9.4284
18.8612	9.4284
18.8612	9.4330
18.8520	9.4330
18.8520	9.4376
18.8474	9.4376
18.8427	9.4422
18.8335	9.4422
18.8335	9.4468
18.8289	9.4468
18.8289	9.4515
18.8196	9.4515
18.8196	9.4561
18.8150	9.4561
18.8150	9.4607
18.8058	9.4607
18.8011	9.4653
18.8011	9.4700
18.7965	9.4700
18.7919	9.4746
18.7873	9.4746
18.7826	9.4792
18.7780	9.4792
18.7780	9.4838
18.7734	9.4885
18.7688	9.4885
18.7641	9.4931
18.7595	9.4931
18.7595	9.4977
18.7549	9.4977
18.7549	9.5023
18.7456	9.5023
18.7456	9.5070
18.7410	9.5070
18.7410	9.5116
18.7364	9.5116
18.7318	9.5162
18.7271	9.5162
18.7271	9.5208
18.7179	9.5208
18.7179	9.5255
18.7179	9.5301
18.7133	9.5301
18.7087	9.5347
18.7040	9.5347
18.7040	9.5393
18.6994	9.5393
18.6994	9.5440
18.6948	9.5440
18.6948	9.5486
18.6855	9.5486
18.6855	9.5532
18.6809	9.5532
18.6809	9.5578
18.6763	9.5578
18.6717	9.5624
18.6717	9.5671
18.6624	9.5671
18.6624	9.5717
18.6578	9.5717
18.6578	9.5763
18.6485	9.5763
18.6485	9.5809
18.6439	9.5856
18.6393	9.5856
18.6393	9.5902
18.6300	9.5902
18.6300	9.5948
18.6208	9.5948
18.6208	9.5994
18.6162	9.6041
18.6069	9.6041
18.6069	9.6087
18.5977	9.6087
18.5977	9.6133
18.5884	9.6133
18.5884	9.6179
18.5838	9.6179
18.5838	9.6226
18.5792	9.6226
18.5746	9.6272
18.5653	9.6272
18.5653	9.6318
18.5561	9.6318
18.5561	9.6364
18.5514	9.6364
18.5514	9.6411
18.5422	9.6411
18.5422	9.6457
18.5283	9.6457
18.5283	9.6503
18.5237	9.6503
18.5237	9.6549
18.5145	9.6549
18.5145	9.6595
18.5098	9.6595
18.5098	9.6642
18.5052	9.6642
18.5052	9.6688
18.4960	9.6688
18.4913	9.6734
18.4867	9.6734
18.4867	9.6780
18.4821	9.6780
18.4821	9.6827
18.4728	9.6827
18.4728	9.6873
18.4682	9.6873
18.4636	9.6919
18.4590	9.6919
18.4590	9.6965
18.4543	9.6965
18.4543	9.7012
18.4497	9.7012
18.4497	9.7058
18.4405	9.7058
18.4405	9.7104
18.4312	9.7104
18.4312	9.7150
18.4266	9.7150
18.4266	9.7197
18.4174	9.7197
18.4174	9.7243
18.4127	9.7243
18.4127	9.7289
18.4035	9.7289
18.4035	9.7335
18.3989	9.7335
18.3989	9.7382
18.3942	9.7382
18.3942	9.7428
18.3896	9.7428
18.3896	9.7474
18.3804	9.7474
18.3804	9.7520
18.3757	9.7520
18.3757	9.7566
18.3711	9.7566
18.3711	9.7613
18.3619	9.7613
18.3619	9.7659
18.3572	9.7659
18.3572	9.7705
18.3526	9.7705
18.3526	9.7751
18.3434	9.7751
18.3434	9.7798
18.3387	9.7798
18.3387	9.7844
18.3295	9.7844
18.3295	9.7890
18.3249	9.7890
18.3249	9.7936
18.3203	9.7936
18.3203	9.7983
18.3156	9.7983
18.3156	9.8029
18.3110	9.8029
18.3064	9.8075
18.3018	9.8075
18.2971	9.8121
18.2971	9.8168
18.2925	9.8168
18.2925	9.8214
18.2833	9.8214
18.2833	9.8260
18.2786	9.8260
18.2786	9.8306
18.2740	9.8306
18.2740	9.8353
18.2694	9.8353
18.2694	9.8399
18.2648	9.8399
18.2601	9.8445
18.2555	9.8445
18.2555	9.8491
18.2509	9.8537
18.2463	9.8537
18.2463	9.8584
18.2416	9.8584
18.2416	9.8630
18.2324	9.8630
18.2324	9.8676
18.2278	9.8676
18.2278	9.8722
18.2232	9.8722
18.2232	9.8769
18.2185	9.8769
18.2139	9.8815
18.2093	9.8815
18.2093	9.8861
18.2047	9.8861
18.2047	9.8907
18.2000	9.8907
18.2000	9.8954
18.1954	9.8954
18.1954	9.9000
18.1908	9.9000
18.1908	9.9046
18.1862	9.9092
18.1815	9.9092
18.1815	9.9139
18.1815	9.9185
18.1769	9.9185
18.1723	9.9231
18.1723	9.9277
18.1677	9.9277
18.1677	9.9324
18.1630	9.9324
18.1630	9.9370
18.1630	9.9416
18.1584	9.9416
18.1584	9.9462
18.1538	9.9462
18.1538	9.9508
18.1492	9.9508
18.1492	9.9555
18.1445	9.9555
18.1445	9.9601
18.1399	9.9601
18.1399	9.9647
18.1399	9.9693
18.1399	9.9740
18.1307	9.9740
18.1307	9.9786
18.1261	9.9832
18.1261	9.9878
18.1261	9.9925
18.1214	9.9925
18.1214	9.9971
18.1168	9.9971
18.1168	10.0017
18.1122	10.0063
18.1076	10.0110
18.1029	10.0156
18.1029	10.0248
18.0937	10.0295
18.0937	10.0341
18.0937	10.0387
18.0891	10.0387
18.0891	10.0433
18.0844	10.0433
18.0844	10.0479
18.0798	10.0479
18.0752	10.0526
18.0706	10.0526
18.0706	10.0572
18.0659	10.0618
18.0659	10.0664
18.0567	10.0664
18.0567	10.0711
18.0521	10.0711
18.0521	10.0757
18.0521	10.0803
18.0428	10.0803
18.0428	10.0849
18.0382	10.0849
18.0382	10.0896
18.0336	10.0896
18.0336	10.0942
18.0290	10.0942
18.0290	10.0988
18.0243	10.0988
18.0243	10.1034
18.0197	10.1034
18.0151	10.1081
18.0105	10.1081
18.0105	10.1127
18.0058	10.1127
18.0058	10.1173
18.0058	10.1219
17.9966	10.1219
17.9966	10.1266
17.9920	10.1266
17.9920	10.1312
17.9873	10.1312
17.9873	10.1358
17.9873	10.1404
17.9781	10.1404
17.9781	10.1450
17.9735	10.1450
17.9688	10.1497
17.9688	10.1543
17.9642	10.1589
17.9596	10.1589
17.9596	10.1635
17.9550	10.1635
17.9550	10.1682
17.9503	10.1682
17.9503	10.1728
17.9503	10.1774
17.9457	10.1774
17.9457	10.1820
17.9411	10.1820
17.9411	10.1867
17.9365	10.1867
17.9365	10.1913
17.9318	10.1913
17.9318	10.1959
17.9272	10.1959
17.9226	10.2005
17.9226	10.2052
17.9180	10.2052
17.9180	10.2098
17.9134	10.2098
17.9134	10.2144
17.9087	10.2144
17.9041	10.2190
17.9041	10.2237
17.8995	10.2237
17.8995	10.2283
17.8995	10.2329
17.8902	10.2329
17.8902	10.2375
17.8856	10.2375
17.8856	10.2421
17.8810	10.2421
17.8810	10.2468
17.8764	10.2468
17.8764	10.2514
17.8717	10.2560
17.8671	10.2560
17.8671	10.2606
17.8625	10.2606
17.8625	10.2653
17.8579	10.2653
17.8579	10.2699
17.8532	10.2699
17.8532	10.2745
17.8486	10.2745
17.8486	10.2791
17.8440	10.2791
17.8394	10.2838
17.8347	10.2884
17.8301	10.2930
17.8255	10.2930
17.8255	10.2976
17.8209	10.2976
17.8209	10.3023
17.8163	10.3023
17.8163	10.3069
17.8163	10.3115
17.8070	10.3115
17.8070	10.3161
17.8024	10.3161
17.8024	10.3208
17.7978	10.3208
17.7978	10.3254
17.7931	10.3254
17.7931	10.3300
17.7885	10.3300
17.7885	10.3346
17.7839	10.3346
17.7839	10.3392
17.7793	10.3392
17.7793	10.3439
17.7793	10.3485
17.7746	10.3485
17.7746	10.3531
17.7700	10.3531
17.7700	10.3577
17.7654	10.3577
17.7654	10.3624
17.7654	10.3670
17.7608	10.3670
17.7608	10.3716
17.7561	10.3716
17.7561	10.3762
17.7515	10.3762
17.7515	10.3809
17.7469	10.3809
17.7469	10.3855
17.7423	10.3855
17.7423	10.3901
17.7376	10.3901
17.7376	10.3947
17.7330	10.3947
17.7330	10.3994
17.7284	10.3994
17.7284	10.4040
17.7284	10.4086
17.7238	10.4086
17.7238	10.4132
17.7192	10.4132
17.7192	10.4179
17.7145	10.4179
17.7145	10.4225
17.7099	10.4225
17.7099	10.4271
17.7053	10.4271
17.7053	10.4317
17.7007	10.4317
17.7007	10.4364
17.7007	10.4410
17.6960	10.4410
17.6914	10.4456
17.6868	10.4456
17.6868	10.4502
17.6822	10.4502
17.6822	10.4548
17.6775	10.4548
17.6775	10.4595
17.6729	10.4595
17.6729	10.4641
17.6683	10.4687
17.6683	10.4733
17.6590	10.4733
17.6590	10.4780
17.6590	10.4826
17.6544	10.4826
17.6498	10.4872
17.6498	10.4918
17.6452	10.4918
17.6452	10.4965
17.6405	10.4965
17.6405	10.5011
17.6359	10.5011
17.6359	10.5057
17.6313	10.5057
17.6313	10.5103
17.6267	10.5103
17.6267	10.5150
17.6221	10.5150
17.6221	10.5196
17.6174	10.5196
17.6174	10.5242
17.6128	10.5242
17.6128	10.5288
17.6082	10.5288
17.6082	10.5335
17.5989	10.5335
17.5989	10.5381
17.5989	10.5427
17.5943	10.5427
17.5943	10.5473
17.5897	10.5473
17.5897	10.5519
17.5851	10.5519
17.5851	10.5566
17.5804	10.5566
17.5804	10.5612
17.5758	10.5612
17.5758	10.5658
17.5712	10.5658
17.5712	10.5704
17.5666	10.5751
17.5666	10.5797
17.5619	10.5797
17.5619	10.5843
17.5573	10.5843
17.5573	10.5889
17.5527	10.5889
17.5527	10.5936
17.5527	10.5982
17.5481	10.5982
17.5481	10.6028
17.5434	10.6028
17.5434	10.6074
17.5388	10.6074
17.5388	10.6121
17.5388	10.6167
17.5342	10.6167
17.5342	10.6213
17.5296	10.6213
17.5296	10.6259
17.5250	10.6259
17.5250	10.6306
17.5250	10.6352
17.5203	10.6352
17.5203	10.6398
17.5157	10.6398
17.5157	10.6444
17.5111	10.6444
17.5111	10.6490
17.5111	10.6537
17.5065	10.6537
17.5065	10.6583
17.5018	10.6583
17.5018	10.6629
17.4972	10.6629
17.4972	10.6675
17.4972	10.6722
17.4926	10.6722
17.4926	10.6768
17.4880	10.6768
17.4880	10.6814
17.4833	10.6814
17.4833	10.6860
17.4787	10.6860
17.4787	10.6907
17.4787	10.6953
17.4741	10.6999
17.4741	10.7045
17.4648	10.7045
17.4648	10.7092
17.4648	10.7138
17.4602	10.7138
17.4602	10.7184
17.4602	10.7230
17.4556	10.7230
17.4556	10.7277
17.4510	10.7323
17.4463	10.7369
17.4463	10.7415
17.4417	10.7415
17.4417	10.7461
17.4417	10.7508
17.4371	10.7508
17.4371	10.7554
17.4325	10.7600
17.4325	10.7646
17.4325	10.7693
17.4232	10.7693
17.4232	10.7739
17.4232	10.7785
17.4186	10.7785
17.4186	10.7831
17.4186	10.7878
17.4140	10.7878
17.4140	10.7924
17.4140	10.7970
17.4094	10.7970
17.4094	10.8016
17.4047	10.8016
17.4047	10.8063
17.4047	10.8109
17.4047	10.8155
17.4001	10.8155
17.4001	10.8201
17.3955	10.8201
17.3955	10.8248
17.3955	10.8294
17.3955	10.8340
17.3909	10.8340
17.3909	10.8386
17.3862	10.8386
17.3862	10.8432
17.3862	10.8479
17.3862	10.8525
17.3816	10.8525
17.3816	10.8571
17.3816	10.8617
17.3770	10.8664
17.3770	10.8710
17.3724	10.8756
17.3724	10.8802
17.3677	10.8802
17.3677	10.8849
17.3677	10.8895
17.3631	10.8895
17.3631	10.8941
17.3631	10.8987
17.3631	10.9034
17.3585	10.9034
17.3585	10.9080
17.3585	10.9126
17.3539	10.9126
17.3539	10.9172
17.3492	10.9172
17.3492	10.9219
17.3492	10.9265
17.3492	10.9311
17.3446	10.9311
17.3446	10.9357
17.3446	10.9403
17.3400	10.9403
17.3400	10.9450
17.3400	10.9496
17.3354	10.9496
17.3354	10.9542
17.3308	10.9542
17.3308	10.9588
17.3308	10.9635
17.3261	10.9635
17.3261	10.9681
17.3261	10.9727
17.3215	10.9727
17.3215	10.9773
17.3215	10.9820
17.3215	10.9866
17.3123	10.9866
17.3123	10.9912
17.3123	11.0005
17.3076	11.0005
17.3076	11.0051
17.3030	11.0097
17.3030	11.0143
17.2984	11.0143
17.2984	11.0190
17.2938	11.0190
17.2938	11.0236
17.2938	11.0282
17.2891	11.0282
17.2891	11.0328
17.2891	11.0374
17.2845	11.0374
17.2845	11.0421
17.2799	11.0467
17.2799	11.0513
17.2799	11.0559
17.2753	11.0559
17.2706	11.0606
17.2706	11.0652
17.2660	11.0652
17.2660	11.0698
17.2660	11.0744
17.2614	11.0744
17.2614	11.0791
17.2614	11.0837
17.2568	11.0837
17.2568	11.0883
17.2521	11.0883
17.2521	11.0929
17.2521	11.0976
17.2475	11.0976
17.2475	11.1022
17.2475	11.1068
17.2429	11.1068
17.2429	11.1114
17.2429	11.1161
17.2383	11.1161
17.2383	11.1207
17.2337	11.1207
17.2337	11.1253
17.2337	11.1299
17.2290	11.1299
17.2290	11.1345
17.2244	11.1345
17.2244	11.1392
17.2244	11.1438
17.2198	11.1438
17.2198	11.1484
17.2198	11.1530
17.2152	11.1530
17.2152	11.1577
17.2152	11.1623
17.2105	11.1623
17.2105	11.1669
17.2105	11.1715
17.2059	11.1715
17.2059	11.1762
17.2059	11.1808
17.2013	11.1808
17.2013	11.1854
17.1967	11.1900
17.1967	11.1947
17.1920	11.1947
17.1920	11.1993
17.1874	11.2039
17.1874	11.2085
17.1874	11.2132
17.1828	11.2132
17.1828	11.2178
17.1782	11.2178
17.1782	11.2224
17.1782	11.2270
17.1735	11.2270
17.1735	11.2316
17.1735	11.2363
17.1689	11.2363
17.1689	11.2409
17.1689	11.2455
17.1643	11.2501
17.1597	11.2501
17.1597	11.2548
17.1597	11.2594
17.1597	11.2640
17.1550	11.2640
17.1550	11.2686
17.1550	11.2733
17.1504	11.2733
17.1504	11.2779
17.1504	11.2825
17.1504	11.2871
17.1458	11.2871
17.1458	11.2918
17.1412	11.2918
17.1412	11.2964
17.1412	11.3010
17.1412	11.3056
17.1366	11.3056
17.1366	11.3103
17.1366	11.3149
17.1319	11.3149
17.1319	11.3195
17.1319	11.3241
17.1319	11.3287
17.1273	11.3287
17.1273	11.3334
17.1273	11.3380
17.1273	11.3426
17.1227	11.3426
17.1227	11.3472
17.1181	11.3472
17.1181	11.3519
17.1181	11.3565
17.1134	11.3611
17.1134	11.3657
17.1134	11.3704
17.1088	11.3704
17.1088	11.3750
17.1088	11.3796
17.1088	11.3842
17.1042	11.3842
17.1042	11.3889
17.1042	11.3935
17.0996	11.3935
17.0996	11.3981
17.0996	11.4027
17.0996	11.4074
17.0949	11.4074
17.0949	11.4120
17.0949	11.4166
17.0949	11.4212
17.0949	11.4259
17.0903	11.4259
17.0903	11.4305
17.0903	11.4351
17.0903	11.4397
17.0857	11.4397
17.0857	11.4443
17.0857	11.4490
17.0811	11.4490
17.0811	11.4536
17.0811	11.4582
17.0811	11.4628
17.0811	11.4675
17.0811	11.4721
17.0764	11.4767
17.0764	11.4813
17.0764	11.4860
17.0764	11.4906
17.0764	11.4952
17.0718	11.4952
17.0718	11.4998
17.0718	11.5045
17.0718	11.5091
17.0672	11.5091
17.0672	11.5137
17.0672	11.5183
17.0626	11.5183
17.0626	11.5230
17.0626	11.5276
17.0626	11.5322
17.0579	11.5322
17.0579	11.5368
17.0579	11.5414
17.0579	11.5461
17.0533	11.5461
17.0533	11.5507
17.0533	11.5553
17.0487	11.5553
17.0487	11.5599
17.0441	11.5646
17.0441	11.5692
17.0441	11.5738
17.0441	11.5784
17.0395	11.5784
17.0395	11.5831
17.0395	11.5877
17.0395	11.5923
17.0348	11.5923
17.0348	11.5969
17.0348	11.6016
17.0302	11.6062
17.0302	11.6108
17.0256	11.6108
17.0256	11.6154
17.0256	11.6201
17.0210	11.6201
17.0210	11.6247
17.0210	11.6293
17.0210	11.6339
17.0163	11.6339
17.0163	11.6385
17.0163	11.6432
17.0163	11.6478
17.0117	11.6478
17.0117	11.6524
17.0071	11.6524
17.0071	11.6570
17.0071	11.6617
17.0071	11.6663
17.0025	11.6663
17.0025	11.6709
17.0025	11.6755
16.9978	11.6755
16.9978	11.6802
16.9978	11.6848
16.9932	11.6894
16.9932	11.6940
16.9886	11.6940
16.9886	11.6987
16.9886	11.7033
16.9840	11.7033
16.9840	11.7079
16.9793	11.7125
16.9793	11.7172
16.9747	11.7172
16.9747	11.7218
16.9747	11.7264
16.9701	11.7264
16.9701	11.7310
16.9655	11.7310
16.9655	11.7356
16.9608	11.7356
16.9608	11.7403
16.9608	11.7449
16.9562	11.7495
16.9562	11.7541
16.9516	11.7588
16.9470	11.7634
16.9470	11.7680
16.9423	11.7680
16.9423	11.7726
16.9377	11.7773
16.9377	11.7819
16.9377	11.7865
16.9331	11.7865
16.9331	11.7911
16.9285	11.7911
16.9285	11.7958
16.9285	11.8004
16.9239	11.8050
16.9239	11.8096
16.9192	11.8096
16.9192	11.8143
16.9192	11.8176
16.9147	11.8189
16.9147	11.8234
16.9146	11.8235
16.9100	11.8235
16.9100	11.8281
16.9147	11.8277
16.9147	11.8342
16.9147	11.8418
16.9147	11.8494
16.9070	11.8494
16.9070	11.8571
16.9070	11.8647
16.9070	11.8724
16.9070	11.8800
16.8994	11.8800
16.8994	11.8876
16.8994	11.8953
16.8994	11.9029
16.8994	11.9106
16.8918	11.9106
16.8918	11.9182
16.8918	11.9258
16.8918	11.9335
16.8918	11.9411
16.8918	11.9488
16.8918	11.9564
16.8841	11.9564
16.8841	11.9640
16.8841	11.9717
16.8765	11.9717
16.8765	11.9793
16.8765	11.9870
16.8765	11.9946
16.8688	11.9946
16.8688	12.0022
16.8688	12.0099
16.8688	12.0175
16.8688	12.0252
16.8612	12.0252
16.8612	12.0328
16.8612	12.0404
16.8612	12.0481
16.8612	12.0557
16.8612	12.0634
16.8612	12.0710
16.8612	12.0786
16.8612	12.0863
16.8612	12.0939
16.8612	12.1016
16.8536	12.1016
16.8536	12.1092
16.8536	12.1168
16.8536	12.1245
16.8459	12.1245
16.8459	12.1321
16.8459	12.1398
16.8459	12.1474
16.8459	12.1550
16.8383	12.1550
16.8383	12.1627
16.8383	12.1703
16.8306	12.1703
16.8306	12.1780
16.8306	12.1856
16.8306	12.1932
16.8306	12.2009
16.8230	12.2009
16.8230	12.2085
16.8230	12.2162
16.8154	12.2162
16.8154	12.2238
16.8154	12.2314
16.8154	12.2391
16.8154	12.2467
16.8154	12.2544
16.8077	12.2544
16.8077	12.2620
16.8077	12.2696
16.8077	12.2773
16.8001	12.2773
16.8001	12.2849
16.8001	12.2926
16.8001	12.3002
16.8001	12.3078
16.7924	12.3078
16.7924	12.3155
16.7924	12.3231
16.7924	12.3308
16.7924	12.3384
16.7924	12.3460
16.7848	12.3460
16.7848	12.3537
16.7848	12.3613
16.7848	12.3690
16.7848	12.3766
16.7848	12.3842
16.7848	12.3919
16.7848	12.3995
16.7848	12.4072
16.7848	12.4148
16.7848	12.4224
16.7848	12.4301
16.7848	12.4377
16.7848	12.4454
16.7848	12.4530
16.7848	12.4606
16.7848	12.4683
16.7848	12.4759
16.7848	12.4836
16.7848	12.4912
16.7848	12.4988
16.7772	12.4988
16.7772	12.5065
16.7772	12.5141
16.7772	12.5217
16.7772	12.5294
16.7695	12.5294
16.7695	12.5370
16.7695	12.5447
16.7695	12.5523
16.7695	12.5599
16.7695	12.5676
16.7695	12.5752
16.7695	12.5829
16.7695	12.5905
16.7695	12.5981
16.7619	12.5981
16.7619	12.6058
16.7619	12.6134
16.7619	12.6211
16.7619	12.6287
16.7619	12.6363
16.7619	12.6440
16.7619	12.6516
16.7695	12.6593
16.7695	12.6669
16.7695	12.6745
16.7772	12.6745
16.7772	12.6822
16.7848	12.6822
16.7848	12.6898
16.7848	12.6975
16.7848	12.7051
16.7848	12.7127
16.7848	12.7204
16.7924	12.7204
16.7924	12.7280
16.8001	12.7280
16.8001	12.7357
16.8001	12.7433
16.8001	12.7509
16.8001	12.7586
16.8001	12.7662
16.8001	12.7739
16.8001	12.7815
16.8001	12.7891
16.8077	12.7891
16.8077	12.7968
16.8077	12.8044
16.8077	12.8121
16.8077	12.8197
16.8077	12.8273
16.8077	12.8350
16.8077	12.8426
16.8077	12.8503
16.8077	12.8579
16.8077	12.8655
16.8077	12.8732
16.8154	12.8732
16.8154	12.8808
16.8154	12.8885
16.8154	12.8961
16.8154	12.9037
16.8154	12.9114
16.8230	12.9114
16.8230	12.9190
16.8306	12.9190
16.8306	12.9267
16.8306	12.9343
16.8306	12.9419
16.8383	12.9419
16.8383	12.9496
16.8383	12.9572
16.8459	12.9572
16.8459	12.9649
16.8459	12.9725
16.8459	12.9801
16.8612	12.9801
16.8612	12.9878
16.8612	12.9954
16.8918	12.9954
16.8918	13.0031
16.9070	13.0031
16.9070	13.0107
16.9376	13.0107
16.9376	13.0183
16.9682	13.0183
16.9682	13.0260
17.0140	13.0260
17.0140	13.0336
17.0293	13.0336
17.0369	13.0413
17.0751	13.0413
17.0828	13.0489
17.0904	13.0565
17.1210	13.0565
17.1210	13.0642
17.1439	13.0642
17.1515	13.0718
17.1744	13.0718
17.1744	13.0795
17.1821	13.0795
17.1821	13.0871
17.2661	13.0871
17.2661	13.0947
17.2661	13.1024
17.2661	13.1100
17.2661	13.1177
17.2661	13.1253
17.2661	13.1329
17.2661	13.1406
17.2661	13.1482
17.2661	13.1559
17.2661	13.1635
17.2661	13.1711
17.2661	13.1788
17.2661	13.1864
17.2585	13.1864
17.2585	13.1941
17.2508	13.1941
17.2432	13.2017
17.2432	13.2093
17.2356	13.2093
17.2356	13.2170
17.2279	13.2170
17.2279	13.2246
17.2279	13.2323
17.2203	13.2399
17.2126	13.2399
17.2126	13.2475
17.2126	13.2552
17.2126	13.2628
17.2126	13.2705
17.2050	13.2705
17.2050	13.2781
17.2050	13.2857
17.1974	13.2857
17.1974	13.2934
17.1974	13.3010
17.1974	13.3087
17.1974	13.3163
17.1897	13.3163
17.1897	13.3239
17.1821	13.3239
17.1821	13.3316
17.1744	13.3316
17.1744	13.3392
17.1668	13.3392
17.1668	13.3469
17.1668	13.3545
17.1668	13.3621
17.1592	13.3621
17.1592	13.3698
17.1515	13.3698
17.1515	13.3774
17.1515	13.3851
17.1439	13.3851
17.1439	13.3927
17.1362	13.3927
17.1362	13.4003
17.1362	13.4080
17.1286	13.4080
17.1286	13.4156
17.1286	13.4233
17.1210	13.4233
17.1210	13.4309
17.1210	13.4385
17.1210	13.4462
17.1210	13.4538
17.1133	13.4538
17.1133	13.4615
17.1057	13.4615
17.1057	13.4691
17.1057	13.4767
17.1057	13.4844
17.1057	13.4920
17.1057	13.4997
17.1057	13.5073
17.1057	13.5149
17.1057	13.5226
17.1057	13.5302
17.0980	13.5302
17.0980	13.5379
17.0980	13.5455
17.0980	13.5531
17.0980	13.5608
17.0980	13.5684
17.0980	13.5761
17.0980	13.5837
17.1057	13.5837
17.1057	13.5913
17.1057	13.5990
17.1133	13.6066
17.1210	13.6066
17.1210	13.6143
17.1210	13.6219
17.1210	13.6295
17.1210	13.6372
17.1210	13.6448
17.1362	13.6448
17.1362	13.6525
17.1515	13.6525
17.1515	13.6601
17.1668	13.6601
17.1668	13.6677
17.1821	13.6677
17.1821	13.6754
17.1897	13.6754
17.1974	13.6830
17.2050	13.6830
17.2050	13.6907
17.2126	13.6907
17.2126	13.6983
17.2279	13.6983
17.2279	13.7059
17.2432	13.7059
17.2432	13.7136
17.2737	13.7136
17.2737	13.7212
17.2890	13.7212
17.2890	13.7288
17.3043	13.7288
17.3043	13.7365
17.3196	13.7365
17.3196	13.7441
17.3501	13.7441
17.3578	13.7518
17.3654	13.7518
17.3654	13.7594
17.3960	13.7594
17.3960	13.7670
17.4113	13.7670
17.4113	13.7747
17.4418	13.7747
17.4495	13.7823
17.4571	13.7823
17.4571	13.7900
17.4800	13.7900
17.4800	13.7976
17.4953	13.7976
17.4953	13.8052
17.5106	13.8052
17.5106	13.8129
17.5182	13.8129
17.5182	13.8205
17.5335	13.8205
17.5335	13.8282
17.5411	13.8282
17.5411	13.8358
17.5641	13.8358
17.5641	13.8434
17.5717	13.8434
17.5793	13.8511
17.5870	13.8511
17.5946	13.8587
17.5946	13.8664
17.6099	13.8740
17.6175	13.8816
17.6252	13.8816
17.6252	13.8893
17.6252	13.8969
17.6405	13.8969
17.6405	13.9046
17.6405	13.9122
17.6481	13.9122
17.6481	13.9198
17.6481	13.9275
17.6557	13.9275
17.6557	13.9351
17.6557	13.9428
17.6634	13.9428
17.6634	13.9504
17.6710	13.9580
17.6710	13.9657
17.6787	13.9733
17.6787	13.9810
17.6863	13.9810
17.6863	13.9886
17.6863	13.9962
17.6939	14.0039
17.7016	14.0039
17.7016	14.0115
17.7092	14.0192
17.7169	14.0192
17.7169	14.0268
17.7169	14.0344
17.7245	14.0344
17.7321	14.0421
17.7321	14.0497
17.7321	14.0574
17.7398	14.0574
17.7474	14.0650
17.7474	14.0803
17.7551	14.0879
17.7627	14.0956
17.7703	14.0956
17.7703	14.1032
17.7780	14.1108
17.7780	14.1185
17.7856	14.1185
17.7856	14.1261
17.7856	14.1338
17.7933	14.1338
17.7933	14.1414
17.7933	14.1490
17.8009	14.1490
17.8085	14.1567
17.8085	14.1643
17.8085	14.1720
17.8162	14.1720
17.8162	14.1796
17.8162	14.1872
17.8238	14.1872
17.8238	14.1949
17.8238	14.2025
17.8238	14.2102
17.8315	14.2102
17.8315	14.2178
17.8315	14.2254
17.8315	14.2331
17.8391	14.2407
17.8391	14.2484
17.8391	14.2560
17.8391	14.2636
17.8467	14.2636
17.8467	14.2789
17.8544	14.2789
17.8544	14.2866
17.8544	14.2942
17.8544	14.3018
17.8544	14.3095
17.8544	14.3171
17.8544	14.3248
17.8544	14.3324
17.8544	14.3400
17.8620	14.3400
17.8620	14.3477
17.8697	14.3477
17.8697	14.3553
17.8697	14.3630
17.8697	14.3706
17.8773	14.3706
17.8773	14.3782
17.8773	14.3859
17.8849	14.3859
17.8849	14.3935
17.8849	14.4012
17.8849	14.4164
17.8926	14.4317
17.9002	14.4394
17.9002	14.4470
17.9002	14.4546
17.9002	14.4623
17.9002	14.4699
17.9079	14.4699
17.9079	14.4776
17.9079	14.4852
17.9155	14.4928
17.9155	14.5005
17.9155	14.5081
17.9155	14.5158
17.9155	14.5234
17.9155	14.5310
17.9155	14.5387
17.9155	14.5463
17.9155	14.5540
17.9155	14.5616
17.9155	14.5692
17.9155	14.5769
17.9155	14.5845
17.9231	14.5998
17.9308	14.6151
17.9308	14.6227
17.9308	14.6304
17.9308	14.6380
17.9384	14.6456
17.9384	14.6533
17.9384	14.6609
17.9461	14.6609
17.9461	14.6686
17.9461	14.6762
17.9537	14.6762
17.9537	14.6838
17.9613	14.6915
17.9613	14.6991
17.9613	14.7068
17.9690	14.7068
17.9690	14.7144
17.9690	14.7220
17.9766	14.7220
17.9766	14.7297
17.9766	14.7373
17.9843	14.7373
17.9843	14.7450
17.9843	14.7526
17.9919	14.7526
17.9919	14.7602
17.9919	14.7679
17.9995	14.7679
17.9995	14.7755
17.9995	14.7832
18.0072	14.7832
18.0072	14.7908
18.0072	14.7984
18.0148	14.7984
18.0148	14.8061
18.0225	14.8061
18.0225	14.8137
18.0225	14.8214
18.0225	14.8290
18.0301	14.8290
18.0377	14.8443
18.0377	14.8519
18.0377	14.8596
18.0454	14.8596
18.0454	14.8672
18.0530	14.8748
18.0530	14.8825
18.0530	14.8901
18.0683	14.8901
18.0683	14.8977
18.0683	14.9054
18.0759	14.9054
18.0836	14.9130
18.0836	14.9207
18.0836	14.9283
18.0912	14.9359
18.0989	14.9359
18.0989	14.9436
18.0989	14.9512
18.1065	14.9512
18.1141	14.9589
18.1141	14.9665
18.1218	14.9665
18.1218	14.9741
18.1294	14.9741
18.1294	14.9818
18.1447	14.9894
18.1523	14.9971
18.1676	15.0047
18.1905	15.0123
18.2058	15.0276
18.2211	15.0353
18.2364	15.0429
18.2517	15.0505
18.2669	15.0582
18.2746	15.0658
18.2822	15.0735
18.2899	15.0735
18.2975	15.0811
18.3128	15.0811
18.3128	15.0887
18.3281	15.0887
18.3281	15.0964
18.3433	15.0964
18.3433	15.1040
18.3510	15.1117
18.3586	15.1193
18.3663	15.1269
18.3739	15.1346
18.3892	15.1422
18.3968	15.1499
18.4045	15.1575
18.4045	15.1651
18.4197	15.1651
18.4197	15.1728
18.4197	15.1804
18.4350	15.1881
18.4427	15.1957
18.4503	15.2110
18.4656	15.2263
18.4808	15.2339
18.4808	15.2415
18.4961	15.2568
18.5038	15.2568
18.5114	15.2645
18.5114	15.2721
18.5190	15.2721
18.5190	15.2797
18.5190	15.2874
18.5343	15.2874
18.5343	15.2950
18.5420	15.2950
18.5420	15.3027
18.5420	15.3103
18.5496	15.3179
18.5572	15.3256
18.5649	15.3332
18.5725	15.3332
18.5802	15.3409
18.5878	15.3485
18.5954	15.3561
18.6107	15.3714
18.6260	15.3867
18.6413	15.3943
18.6566	15.4096
18.6642	15.4173
18.6795	15.4249
18.6871	15.4325
18.6948	15.4402
18.7024	15.4478
18.7100	15.4478
18.7100	15.4555
18.7482	15.4555
18.7635	15.4707
18.7788	15.4707
18.7941	15.4784
18.8094	15.4860
18.8323	15.4860
18.8476	15.4937
18.8552	15.5013
18.8781	15.5013
18.8858	15.5089
18.9010	15.5089
18.9087	15.5166
18.9240	15.5319
18.9316	15.5395
18.9392	15.5548
18.9545	15.5624
18.9622	15.5777
18.9698	15.5777
18.9851	15.5853
18.9851	15.5930
18.9927	15.5930
18.9927	15.6006
19.0004	15.6006
19.0004	15.6083
19.0156	15.6083
19.0156	15.6159
19.0233	15.6235
19.0386	15.6388
19.0462	15.6388
19.0615	15.6465
19.0615	15.6541
19.0844	15.6541
19.0920	15.6694
19.0997	15.6694
19.1073	15.6770
19.1073	15.6847
19.1150	15.6847
19.1150	15.6923
19.1226	15.6923
19.1226	15.6999
19.1302	15.6999
19.1302	15.7076
19.1302	15.7152
19.1455	15.7229
19.1532	15.7305
19.1684	15.7458
19.1837	15.7611
19.1837	15.7687
19.1990	15.7763
19.1990	15.7840
19.2066	15.7916
19.2143	15.7916
19.2143	15.7993
19.2143	15.8069
19.2219	15.8069
19.2372	15.8222
19.2525	15.8298
19.2601	15.8375
19.2754	15.8527
19.2907	15.8604
19.3060	15.8680
19.3212	15.8833
19.3365	15.8833
19.3365	15.8909
19.3365	15.8986
19.3442	15.8986
19.3518	15.9062
19.3518	15.9139
19.3671	15.9139
19.3824	15.9291
19.3900	15.9291
19.3976	15.9368
19.4053	15.9444
19.4129	15.9444
19.4282	15.9521
19.4282	15.9597
19.4511	15.9597
19.4664	15.9673
19.4893	15.9750
19.5275	15.9750
19.5504	15.9903
19.5810	15.9903
19.5963	15.9979
19.5963	16.0055
19.6345	16.0055
19.6498	16.0132
19.6727	16.0132
19.6956	16.0208
19.7338	16.0208
19.7414	16.0285
19.7643	16.0285
19.7873	16.0361
19.8102	16.0437
19.8255	16.0514
19.8484	16.0590
19.8789	16.0667
19.9095	16.0743
19.9324	16.0819
19.9553	16.0896
19.9783	16.0972
20.0088	16.0972
20.0088	16.1048
20.0241	16.1048
20.0547	16.1125
20.0852	16.1201
20.1158	16.1278
20.1463	16.1430
20.1769	16.1430
20.1998	16.1583
20.2227	16.1583
20.2533	16.1660
20.2686	16.1736
20.2686	16.1812
20.2839	16.1812
20.2839	16.1889
20.2915	16.1889
20.2915	16.1965
20.2915	16.2042
20.2991	16.2042
20.3144	16.2118
20.3221	16.2194
20.3297	16.2347
20.3450	16.2424
20.3603	16.2500
20.3679	16.2653
20.3832	16.2653
20.3908	16.2806
20.4061	16.2806
20.4061	16.2882
20.4214	16.2882
20.4214	16.2958
20.4290	16.2958
20.4367	16.3111
20.4519	16.3188
20.4749	16.3264
20.4978	16.3417
20.5207	16.3570
20.5436	16.3722
20.5665	16.3875
20.5818	16.3875
20.5895	16.3952
20.5971	16.3952
20.6047	16.4028
20.6926	16.4028
20.6964	16.4066
20.7193	16.4066
20.7193	16.4028
20.7232	16.4028
20.7232	16.3990
20.7270	16.3990
20.7308	16.3952
20.7346	16.3913
20.7346	16.3875
20.7384	16.3875
20.7384	16.3837
20.7384	16.3799
20.7423	16.3799
20.7423	16.3761
20.7423	16.3722
20.7499	16.3722
20.7499	16.3684
20.7575	16.3684
20.7575	16.3646
20.7690	16.3646
20.7728	16.3608
20.7805	16.3608
20.7805	16.3570
21.0708	16.3570
21.0708	16.3531
21.0860	16.3531
21.0860	16.3493
21.0975	16.3493
21.1013	16.3455
21.1013	16.3417
21.1128	16.3417
21.1128	16.3379
21.1166	16.3379
21.1204	16.3340
21.1281	16.3340
21.1319	16.3302
21.1319	16.3264
21.1395	16.3264
21.1395	16.3226
21.1472	16.3226
21.1472	16.3188
21.1510	16.3188
21.1548	16.3149
21.1586	16.3149
21.1624	16.3111
21.1663	16.3073
21.1701	16.3073
21.1701	16.3035
21.1777	16.3035
21.1777	16.2997
21.1815	16.2997
21.1854	16.2958
21.1892	16.2958
21.1892	16.2920
21.1930	16.2920
21.1968	16.2882
21.2045	16.2882
21.2045	16.2844
21.2121	16.2844
21.2121	16.2806
21.2159	16.2806
21.2159	16.2767
21.2236	16.2767
21.2236	16.2729
21.2312	16.2729
21.2312	16.2691
21.2503	16.2691
21.2541	16.2653
21.2579	16.2653
21.2618	16.2615
21.2732	16.2615
21.2732	16.2576
21.3152	16.2576
21.3152	16.2538
21.3611	16.2538
21.3611	16.2500
21.3649	16.2500
21.3649	16.2462
21.3687	16.2462
21.3687	16.2424
21.3725	16.2424
21.3725	16.2385
21.3764	16.2385
21.3764	16.2347
21.3802	16.2347
21.3802	16.2309
21.3840	16.2309
21.3840	16.2271
21.3878	16.2271
21.3878	16.2233
21.3916	16.2233
21.3955	16.2194
21.3955	16.2156
21.3993	16.2156
21.4031	16.2118
21.4031	16.2080
21.4107	16.2042
21.4107	16.2003
21.4146	16.2003
21.4146	16.1965
21.4184	16.1965
21.4184	16.1927
21.4222	16.1927
21.4222	16.1889
21.4260	16.1889
21.4298	16.1851
21.4298	16.1812
21.4337	16.1812
21.4375	16.1774
21.4413	16.1774
21.4413	16.1736
21.4451	16.1736
21.4451	16.1698
21.4489	16.1660
21.4489	16.1621
21.4566	16.1621
21.4566	16.1583
21.4604	16.1583
21.4604	16.1545
21.4604	16.1507
21.4642	16.1507
21.4642	16.1469
21.4719	16.1469
21.4719	16.1430
21.4757	16.1392
21.4757	16.1354
21.4795	16.1354
21.4833	16.1316
21.4833	16.1278
21.4871	16.1278
21.4910	16.1239
21.4910	16.1201
21.4948	16.1201
21.4948	16.1163
21.4986	16.1163
21.4986	16.1125
21.5062	16.1125
21.5062	16.1087
21.5101	16.1087
21.5101	16.1048
21.5177	16.1048
21.5177	16.1010
21.5215	16.1010
21.5253	16.0972
21.5292	16.0934
21.5292	16.0896
21.5368	16.0896
21.5368	16.0857
21.5406	16.0857
21.5406	16.0819
21.5444	16.0819
21.5483	16.0781
21.5521	16.0743
21.5559	16.0743
21.5559	16.0705
21.5597	16.0705
21.5597	16.0667
21.5674	16.0667
21.5674	16.0628
21.5712	16.0628
21.5712	16.0590
21.5750	16.0590
21.5750	16.0552
21.5788	16.0552
21.5788	16.0514
21.5865	16.0514
21.5865	16.0476
21.5903	16.0437
21.5941	16.0399
21.5979	16.0361
21.6017	16.0361
21.6017	16.0323
21.6056	16.0323
21.6056	16.0285
21.6056	16.0246
21.6132	16.0246
21.6132	16.0208
21.6170	16.0208
21.6170	16.0170
21.6208	16.0170
21.6208	16.0132
21.6208	16.0094
21.6285	16.0094
21.6285	16.0055
21.6323	16.0055
21.6361	16.0017
21.6361	15.9979
21.6399	15.9941
21.6438	15.9903
21.6476	15.9903
21.6514	15.9864
21.6552	15.9826
21.6552	15.9788
21.6629	15.9788
21.6629	15.9750
21.6667	15.9750
21.6705	15.9712
21.6705	15.9673
21.6743	15.9673
21.6781	15.9635
21.6781	15.9597
21.6858	15.9597
21.6858	15.9559
21.6896	15.9559
21.6934	15.9521
21.6934	15.9482
21.6972	15.9482
21.6972	15.9444
21.7011	15.9444
21.7011	15.9406
21.7087	15.9406
21.7087	15.9368
21.7125	15.9368
21.7163	15.9330
21.7163	15.9291
21.7202	15.9291
21.7240	15.9253
21.7278	15.9253
21.7278	15.9215
21.7354	15.9215
21.7354	15.9177
21.7393	15.9139
21.7431	15.9139
21.7431	15.9100
21.7507	15.9100
21.7507	15.9062
21.7584	15.9062
21.7584	15.9024
21.7622	15.9024
21.7622	15.8986
21.7698	15.8986
21.7736	15.8948
21.7813	15.8948
21.7813	15.8909
21.7889	15.8909
21.7889	15.8871
21.7966	15.8871
21.8004	15.8833
21.8118	15.8833
21.8157	15.8795
21.8233	15.8795
21.8233	15.8757
21.8386	15.8757
21.8386	15.8718
21.8424	15.8718
21.8424	15.8680
21.8539	15.8680
21.8577	15.8642
21.8691	15.8642
21.8691	15.8604
21.8806	15.8604
21.8806	15.8566
21.8844	15.8566
21.8844	15.8527
21.8921	15.8527
21.8921	15.8489
21.8997	15.8489
21.8997	15.8451
21.9035	15.8451
21.9073	15.8413
21.9073	15.8375
21.9150	15.8375
21.9150	15.8336
21.9188	15.8336
21.9188	15.8298
21.9226	15.8298
21.9226	15.8260
21.9264	15.8260
21.9264	15.8222
21.9264	15.8184
21.9303	15.8184
21.9303	15.8145
21.9341	15.8145
21.9341	15.8107
21.9341	15.8069
21.9379	15.8069
21.9379	15.8031
21.9379	15.7993
21.9379	15.7954
21.9417	15.7916
21.9417	15.7878
21.9455	15.7878
21.9455	15.7840
21.9494	15.7840
21.9494	15.7802
21.9532	15.7802
21.9532	15.7763
21.9532	15.7725
21.9570	15.7725
21.9570	15.7687
21.9608	15.7687
21.9608	15.7649
21.9646	15.7649
21.9646	15.7611
21.9646	15.7572
21.9685	15.7572
21.9685	15.7534
21.9685	15.7496
21.9723	15.7496
21.9723	15.7458
21.9761	15.7458
21.9761	15.7420
21.9761	15.7381
21.9799	15.7381
21.9799	15.7343
21.9837	15.7343
21.9837	15.7305
21.9837	15.7267
21.9876	15.7267
21.9876	15.7229
21.9914	15.7229
21.9914	15.7190
21.9952	15.7190
21.9952	15.7152
21.9952	15.7114
21.9990	15.7114
21.9990	15.7076
22.0028	15.7076
22.0028	15.7038
22.0067	15.7038
22.0067	15.6999
22.0105	15.6961
22.0105	15.6923
22.0143	15.6923
22.0143	15.6885
22.0181	15.6885
22.0181	15.6847
22.0258	15.6847
22.0258	15.6808
22.0258	15.6770
22.0296	15.6770
22.0296	15.6732
22.0334	15.6732
22.0334	15.6694
22.0372	15.6656
22.0410	15.6617
22.0448	15.6617
22.0487	15.6579
22.0525	15.6541
22.0563	15.6541
22.0563	15.6503
22.0563	15.6465
22.0601	15.6465
22.0601	15.6426
22.0639	15.6426
22.0639	15.6388
22.0716	15.6388
22.0716	15.6350
22.0754	15.6350
22.0754	15.6312
22.0792	15.6312
22.0792	15.6274
22.0830	15.6274
22.0869	15.6235
22.0907	15.6235
22.0907	15.6197
22.0907	15.6159
22.0945	15.6159
22.0945	15.6121
22.1021	15.6121
22.1021	15.6083
22.1060	15.6083
22.1060	15.6044
22.1060	15.6006
22.1098	15.6006
22.1136	15.5968
22.1174	15.5968
22.1174	15.5930
22.1251	15.5930
22.1251	15.5892
22.1289	15.5892
22.1289	15.5853
22.1327	15.5815
22.1365	15.5815
22.1403	15.5777
22.1442	15.5739
22.1480	15.5739
22.1480	15.5701
22.1518	15.5662
22.1556	15.5662
22.1556	15.5624
22.1594	15.5624
22.1594	15.5586
22.1671	15.5548
22.1671	15.5510
22.1709	15.5510
22.1709	15.5471
22.1747	15.5471
22.1747	15.5433
22.1824	15.5433
22.1824	15.5395
22.1862	15.5357
22.1862	15.5319
22.1900	15.5319
22.1938	15.5280
22.1976	15.5280
22.2015	15.5242
22.2015	15.5204
22.2053	15.5204
22.2053	15.5166
22.2091	15.5128
22.2129	15.5128
22.2129	15.5089
22.2167	15.5089
22.2167	15.5051
22.2206	15.5051
22.2206	15.5013
22.2244	15.5013
22.2244	15.4975
22.2282	15.4975
22.2320	15.4937
22.2320	15.4898
22.2358	15.4898
22.2358	15.4860
22.2435	15.4860
22.2435	15.4822
22.2473	15.4822
22.2473	15.4784
22.2511	15.4784
22.2511	15.4746
22.2549	15.4746
22.2549	15.4707
22.2626	15.4707
22.2626	15.4669
22.2664	15.4669
22.2664	15.4631
22.2702	15.4631
22.2702	15.4593
22.2740	15.4593
22.2740	15.4555
22.2779	15.4555
22.2779	15.4516
22.2817	15.4516
22.2817	15.4478
22.2855	15.4478
22.2855	15.4440
22.2893	15.4402
22.2931	15.4402
22.2931	15.4364
22.2970	15.4364
22.2970	15.4325
22.3008	15.4325
22.3008	15.4287
22.3008	15.4249
22.3084	15.4249
22.3084	15.4211
22.3122	15.4211
22.3122	15.4173
22.3161	15.4134
22.3161	15.4096
22.3161	15.4058
22.3199	15.4058
22.3237	15.4020
22.3275	15.3982
22.3275	15.3943
22.3275	15.3905
22.3313	15.3905
22.3313	15.3867
22.3352	15.3867
22.3390	15.3829
22.3390	15.3791
22.3428	15.3791
22.3466	15.3752
22.3466	15.3714
22.3504	15.3676
22.3543	15.3676
22.3543	15.3638
22.3581	15.3600
22.3619	15.3561
22.3657	15.3523
22.3657	15.3485
22.3695	15.3485
22.3695	15.3447
22.3734	15.3447
22.3734	15.3409
22.3772	15.3409
22.3772	15.3370
22.3810	15.3370
22.3810	15.3332
22.3810	15.3294
22.3848	15.3294
22.3848	15.3256
22.3886	15.3256
22.3886	15.3218
22.3925	15.3218
22.3925	15.3179
22.3963	15.3141
22.3963	15.3103
22.4039	15.3103
22.4039	15.3065
22.4077	15.3065
22.4077	15.3027
22.4116	15.3027
22.4116	15.2988
22.4154	15.2950
22.4192	15.2950
22.4192	15.2912
22.4268	15.2912
22.4268	15.2874
22.4268	15.2836
22.4345	15.2836
22.4345	15.2797
22.4383	15.2797
22.4383	15.2759
22.4383	15.2721
22.4421	15.2721
22.4421	15.2683
22.4459	15.2683
22.4459	15.2645
22.4498	15.2645
22.4498	15.2606
22.4536	15.2606
22.4536	15.2568
22.4536	15.2530
22.4536	15.2492
22.4574	15.2492
22.4574	15.2454
22.4612	15.2415
22.4612	15.2377
22.4650	15.2377
22.4650	15.2339
22.4689	15.2339
22.4689	15.2301
22.4689	15.2263
22.4727	15.2263
22.4727	15.2224
22.4727	15.2186
22.4803	15.2186
22.4803	15.2148
22.4803	15.2110
22.4841	15.2110
22.4841	15.2072
22.4841	15.2033
22.4880	15.2033
22.4880	15.1995
22.4880	15.1957
22.4918	15.1957
22.4918	15.1919
22.4918	15.1881
22.4956	15.1881
22.4956	15.1842
22.4956	15.1804
22.4994	15.1804
22.4994	15.1766
22.4994	15.1728
22.5032	15.1728
22.5032	15.1690
22.5032	15.1651
22.5071	15.1651
22.5071	15.1613
22.5071	15.1575
22.5109	15.1575
22.5109	15.1537
22.5147	15.1537
22.5147	15.1499
22.5185	15.1499
22.5185	15.1460
22.5185	15.1422
22.5223	15.1422
22.5223	15.1384
22.5223	15.1346
22.5300	15.1346
22.5300	15.1308
22.5300	15.1269
22.5300	15.1231
22.5300	15.1193
22.5300	15.1155
22.5300	15.1117
22.5300	15.1078
22.5300	15.1040
22.5300	15.1002
22.5262	15.1002
22.5262	15.0964
22.5262	15.0926
22.5223	15.0926
22.5223	15.0887
22.5185	15.0887
22.5185	15.0849
22.5185	15.0811
22.5185	15.0773
22.5147	15.0773
22.5147	15.0735
22.5147	15.0696
22.5147	15.0658
22.5147	15.0620
22.5109	15.0620
22.5109	15.0582
22.5109	15.0544
22.5071	15.0544
22.5071	15.0505
22.5071	15.0467
22.5071	15.0429
22.5109	15.0429
22.5109	15.0391
22.5109	15.0353
22.5109	15.0314
22.5147	15.0314
22.5147	15.0276
22.5147	15.0238
22.5185	15.0238
22.5185	15.0200
22.5185	15.0162
22.5223	15.0162
22.5223	15.0123
22.5223	15.0085
22.5262	15.0047
22.5262	15.0009
22.5300	15.0009
22.5300	14.9971
22.5300	14.9932
22.5300	14.9894
22.5300	14.9856
22.5300	14.9818
22.5300	14.9780
22.5300	14.9741
22.5262	14.9741
22.5262	14.9703
22.5262	14.9665
22.5223	14.9665
22.5223	14.9627
22.5223	14.9589
22.5185	14.9589
22.5185	14.9550
22.5185	14.9512
22.5185	14.9474
22.5147	14.9474
22.5147	14.9436
22.5147	14.9398
22.5147	14.9359
22.5147	14.9321
22.5109	14.9321
22.5109	14.9283
22.5109	14.9245
22.5109	14.9207
22.5071	14.9207
22.5071	14.9168
22.5071	14.9130
22.5071	14.9092
22.5071	14.9054
22.5071	14.9016
22.5109	14.9016
22.5109	14.8977
22.5147	14.8977
22.5147	14.8939
22.5147	14.8901
22.5185	14.8901
22.5185	14.8863
22.5223	14.8863
22.5223	14.8825
22.5223	14.8787
22.5262	14.8748
22.5300	14.8748
22.5300	14.8710
22.5300	14.8672
22.5300	14.8634
22.5300	14.8596
22.5338	14.8557
22.5338	14.8519
22.5338	14.8481
22.5338	14.8443
22.5338	14.8405
22.5376	14.8405
22.5376	14.8366
22.5376	14.8328
22.5376	14.8290
22.5376	14.8252
22.5414	14.8252
22.5414	14.8214
22.5453	14.8175
22.5453	14.8099
22.5453	14.8061
22.5453	14.8023
22.5453	14.7946
22.5453	14.7908
22.5453	14.7870
22.5453	14.7832
22.5453	14.7793
22.5453	14.7755
22.5453	14.7717
22.5453	14.7679
22.5453	14.7641
22.5453	14.7602
22.5453	14.7564
22.5453	14.7526
22.5453	14.7488
22.5453	14.7450
22.5453	14.7411
22.5453	14.7373
22.5453	14.7335
22.5453	14.7297
22.5453	14.7259
22.5453	14.7220
22.5453	14.7182
22.5453	14.7144
22.5491	14.7144
22.5491	14.7106
22.5491	14.7068
22.5491	14.7029
22.5491	14.6991
22.5491	14.6953
22.5491	14.6915
22.5529	14.6915
22.5529	14.6877
22.5529	14.6838
22.5529	14.6800
22.5529	14.6762
22.5529	14.6724
22.5567	14.6686
22.5567	14.6647
22.5605	14.6647
22.5605	14.6609
22.5605	14.6571
22.5605	14.6533
22.5644	14.6533
22.5644	14.6495
22.5682	14.6456
22.5682	14.6418
22.5682	14.6380
22.5682	14.6342
22.5758	14.6342
22.5758	14.6304
22.5758	14.6265
22.5758	14.6227
22.5758	14.6189
22.5796	14.6189
22.5796	14.6151
22.5796	14.6113
22.5796	14.6074
22.5796	14.6036
22.5835	14.6036
22.5835	14.5998
22.5835	14.5960
22.5835	14.5922
22.5835	14.5883
22.5835	14.5845
22.5873	14.5845
22.5873	14.5807
22.5873	14.5769
22.5873	14.5731
22.5911	14.5692
22.5911	14.5654
22.5911	14.5616
22.5911	14.5578
22.5911	14.5540
22.5911	14.5501
22.5911	14.5463
22.5911	14.5425
22.5911	14.5387
22.5911	14.5349
22.5911	14.5310
22.5911	14.5272
22.5911	14.5234
22.5911	14.5196
22.5911	14.5158
22.5911	14.5119
22.5911	14.5081
22.5911	14.5043
22.5911	14.5005
22.5911	14.4967
22.5873	14.4967
22.5873	14.4928
22.5873	14.4890
22.5873	14.4852
22.5873	14.4814
22.5873	14.4776
22.5873	14.4737
22.5873	14.4699
22.5873	14.4661
22.5873	14.4623
22.5835	14.4623
22.5835	14.4585
22.5835	14.4546
22.5796	14.4546
22.5796	14.4508
22.5796	14.4470
22.5796	14.4432
22.5796	14.4394
22.5758	14.4394
22.5758	14.4355
22.5758	14.4317
22.5758	14.4279
22.5758	14.4241
22.5720	14.4241
22.5720	14.4203
22.5720	14.4164
22.5720	14.4126
22.5720	14.4088
22.5682	14.4088
22.5682	14.4012
22.5644	14.4012
22.5644	14.3973
22.5644	14.3935
22.5605	14.3935
22.5605	14.3897
22.5605	14.3859
22.5605	14.3821
22.5567	14.3821
22.5567	14.3782
22.5567	14.3744
22.5567	14.3706
22.5567	14.3668
22.5567	14.3630
22.5529	14.3630
22.5529	14.3591
22.5491	14.3591
22.5491	14.3553
22.5491	14.3515
22.5453	14.3515
22.5453	14.3477
22.5453	14.3439
22.5414	14.3439
22.5414	14.3400
22.5414	14.3362
22.5376	14.3362
22.5338	14.3324
22.5338	14.3286
22.5300	14.3286
22.5300	14.3248
22.5300	14.3209
22.5262	14.3209
22.5262	14.3171
22.5262	14.3133
22.5223	14.3133
22.5223	14.3095
22.5185	14.3095
22.5185	14.3057
22.5185	14.3018
22.5147	14.3018
22.5147	14.2980
22.5109	14.2980
22.5109	14.2942
22.5071	14.2942
22.5071	14.2904
22.4994	14.2904
22.4994	14.2866
22.4956	14.2866
22.4918	14.2827
22.4880	14.2827
22.4880	14.2789
22.4841	14.2789
22.4841	14.2751
22.4803	14.2713
22.4803	14.2675
22.4765	14.2675
22.4765	14.2636
22.4765	14.2598
22.4689	14.2598
22.4689	14.2560
22.4650	14.2560
22.4650	14.2522
22.4612	14.2522
22.4612	14.2509
22.4599	14.2509
22.4574	14.2484
22.4536	14.2484
22.4536	14.2458
22.4510	14.2458
22.4510	14.2433
22.4485	14.2433
22.4485	14.2407
22.4485	14.2382
22.4459	14.2382
22.4459	14.2356
22.4408	14.2356
22.4408	14.2331
22.4358	14.2331
22.4332	14.2305
22.4332	14.2280
22.4281	14.2280
22.4281	14.2254
22.4230	14.2254
22.4230	14.2229
22.4179	14.2229
22.4179	14.2203
22.4128	14.2203
22.4128	14.2178
22.4077	14.2178
22.4077	14.2153
22.4001	14.2153
22.4001	14.2127
22.3988	14.2127
22.4001	14.2102
22.4027	14.2076
22.4052	14.2051
22.4052	14.2000
22.4077	14.2000
22.4077	14.1974
22.4077	14.1949
22.4103	14.1949
22.4128	14.1923
22.4128	14.1898
22.4128	14.1872
22.4154	14.1847
22.4154	14.1821
22.4179	14.1796
22.4205	14.1771
22.4230	14.1720
22.4230	14.1669
22.4256	14.1643
22.4256	14.1592
22.4281	14.1567
22.4307	14.1516
22.4332	14.1465
22.4358	14.1465
22.4358	14.1414
22.4383	14.1414
22.4383	14.1389
22.4383	14.1363
22.4409	14.1363
22.4409	14.1338
22.4409	14.1312
22.4409	14.1287
22.4434	14.1261
22.4459	14.1236
22.4459	14.1210
22.4485	14.1185
22.4485	14.1159
22.4510	14.1134
22.4510	14.1108
22.4536	14.1058
22.4561	14.1032
22.4587	14.1032
22.4587	14.1007
22.4612	14.0981
22.4612	14.0956
22.4638	14.0956
22.4638	14.0930
22.4663	14.0930
22.4663	14.0905
22.4689	14.0905
22.4714	14.0879
22.4994	14.0879
22.4994	14.0956
22.7363	14.0956
22.7363	14.0994
22.7477	14.0994
22.7477	14.1032
22.7554	14.1032
22.7554	14.1070
22.7554	14.1108
22.7554	14.1147
22.7592	14.1147
22.7592	14.1185
22.7592	14.1223
22.7592	14.1261
22.7592	14.1299
22.7630	14.1299
22.7630	14.1338
22.7630	14.1376
22.7668	14.1414
22.7668	14.1452
22.7668	14.1490
22.7668	14.1529
22.7668	14.1567
22.7668	14.1605
22.7668	14.1643
22.7706	14.1643
22.7706	14.1681
22.7706	14.1720
22.7706	14.1758
22.7706	14.1796
22.7745	14.1796
22.7745	14.1834
22.7745	14.1872
22.7745	14.1911
22.7783	14.1911
22.7783	14.1949
22.7821	14.1987
22.7821	14.2025
22.7821	14.2063
22.7821	14.2102
22.7821	14.2140
22.7859	14.2178
22.7859	14.2216
22.7859	14.2254
22.7859	14.2293
22.7897	14.2293
22.7897	14.2331
22.7897	14.2369
22.7936	14.2369
22.7936	14.2407
22.7974	14.2445
22.7974	14.2484
22.8012	14.2484
22.8012	14.2522
22.8012	14.2560
22.8050	14.2598
22.8050	14.2636
22.8050	14.2675
22.8088	14.2713
22.8127	14.2713
22.8127	14.2751
22.8127	14.2789
22.8165	14.2827
22.8165	14.2866
22.8165	14.2904
22.8203	14.2942
22.8203	14.2980
22.8241	14.2980
22.8241	14.3018
22.8279	14.3018
22.8279	14.3057
22.8318	14.3057
22.8318	14.3095
22.8318	14.3133
22.8356	14.3133
22.8356	14.3171
22.8356	14.3209
22.8394	14.3209
22.8394	14.3248
22.8432	14.3286
22.8432	14.3324
22.8470	14.3362
22.8470	14.3400
22.8509	14.3439
22.8509	14.3477
22.8509	14.3515
22.8547	14.3515
22.8547	14.3553
22.8585	14.3553
22.8585	14.3591
22.8585	14.3630
22.8623	14.3630
22.8623	14.3668
22.8623	14.3706
22.8661	14.3706
22.8661	14.3744
22.8700	14.3744
22.8700	14.3782
22.8738	14.3821
22.8776	14.3821
22.8776	14.3859
22.8814	14.3859
22.8852	14.3897
22.9082	14.3897
22.9082	14.3859
22.9120	14.3821
22.9158	14.3821
22.9196	14.3782
22.9234	14.3782
22.9234	14.3744
22.9234	14.3706
22.9311	14.3706
22.9349	14.3668
22.9387	14.3668
22.9387	14.3630
22.9464	14.3630
22.9464	14.3591
22.9540	14.3591
22.9540	14.3553
22.9540	14.3515
22.9578	14.3515
22.9578	14.3477
22.9616	14.3477
22.9616	14.3439
22.9655	14.3439
22.9655	14.3400
22.9693	14.3400
22.9693	14.3362
22.9693	14.3324
22.9731	14.3324
22.9731	14.3286
22.9731	14.3248
22.9769	14.3248
22.9769	14.3209
22.9769	14.3171
22.9807	14.3133
22.9807	14.3095
22.9807	14.3057
22.9807	14.3018
22.9807	14.2980
22.9846	14.2980
22.9846	14.2942
22.9846	14.2904
22.9884	14.2904
22.9884	14.2866
22.9884	14.2827
22.9884	14.2789
22.9922	14.2789
22.9922	14.2751
22.9922	14.2713
22.9922	14.2675
22.9960	14.2675
22.9960	14.2636
22.9960	14.2598
22.9960	14.2560
22.9960	14.2522
22.9960	14.2484
22.9960	14.2445
22.9998	14.2445
23.0037	14.2407
23.0037	14.2369
23.0037	14.2331
23.0075	14.2331
23.0075	14.2293
23.0075	14.2254
23.0113	14.2254
23.0113	14.2216
23.0113	14.2178
23.0113	14.2140
23.0151	14.2140
23.0151	14.2102
23.0189	14.2102
23.0189	14.2063
23.0189	14.2025
23.0189	14.1987
23.0189	14.1949
23.0228	14.1949
23.0228	14.1911
23.0228	14.1872
23.0266	14.1872
23.0266	14.1834
23.0266	14.1796
23.0304	14.1758
23.0304	14.1720
23.0342	14.1720
23.0342	14.1681
23.0342	14.1643
23.0342	14.1605
23.0342	14.1567
23.0380	14.1567
23.0380	14.1529
23.0380	14.1490
23.0419	14.1490
23.0419	14.1452
23.0457	14.1452
23.0457	14.1414
23.0457	14.1376
23.0495	14.1376
23.0495	14.1338
23.0495	14.1299
23.0533	14.1299
23.0533	14.1261
23.0533	14.1223
23.0533	14.1185
23.0533	14.1147
23.0571	14.1147
23.0571	14.1108
23.0610	14.1108
23.0648	14.1070
23.0648	14.1032
23.0686	14.1032
23.0686	14.0994
23.0724	14.0994
23.0724	14.0956
23.0724	14.0917
23.0762	14.0879
23.0801	14.0879
23.0801	14.0841
23.0801	14.0803
23.0877	14.0803
23.0877	14.0765
23.1068	14.0765
23.1106	14.0726
23.1183	14.0726
23.1221	14.0688
23.1526	14.0688
23.1565	14.0650
23.2061	14.0650
23.2061	14.0612
23.2214	14.0612
23.2214	14.0574
23.2252	14.0574
23.2252	14.0535
23.2328	14.0535
23.2367	14.0497
23.2443	14.0497
23.2443	14.0459
23.2519	14.0459
23.2558	14.0421
23.2596	14.0421
23.2596	14.0383
23.2634	14.0383
23.2672	14.0344
23.2749	14.0344
23.2749	14.0306
23.2787	14.0306
23.2787	14.0268
23.2825	14.0268
23.2825	14.0230
23.2863	14.0230
23.2863	14.0192
23.2901	14.0192
23.2901	14.0153
23.2940	14.0153
23.2940	14.0115
23.2940	14.0077
23.2978	14.0077
23.2978	14.0039
23.3016	14.0039
23.3016	14.0001
23.3016	13.9962
23.3054	13.9962
23.3054	13.9924
23.3054	13.9886
23.3092	13.9848
23.3092	13.9810
23.3092	13.9771
23.3131	13.9733
23.3131	13.9695
23.3169	13.9695
23.3169	13.9657
23.3169	13.9619
23.3169	13.9580
23.3207	13.9542
23.3207	13.9504
23.3207	13.9466
23.3207	13.9428
23.3245	13.9428
23.3245	13.9389
23.3245	13.9351
23.3245	13.9313
23.3283	13.9313
23.3283	13.9275
23.3322	13.9275
23.3322	13.9237
23.3322	13.9198
23.3360	13.9198
23.3360	13.9160
23.3398	13.9160
23.3398	13.9122
23.3398	13.9084
23.3436	13.9084
23.3436	13.9046
23.3513	13.9046
23.3513	13.9007
23.3513	13.8969
23.3551	13.8969
23.3551	13.8931
23.3551	13.8893
23.3589	13.8893
23.3589	13.8855
23.3589	13.8816
23.3627	13.8816
23.3665	13.8778
23.3704	13.8778
23.3704	13.8740
23.3742	13.8740
23.3742	13.8702
23.3780	13.8702
23.3780	13.8664
23.3818	13.8664
23.3818	13.8625
23.3856	13.8625
23.3856	13.8587
23.3895	13.8587
23.3895	13.8549
23.3933	13.8549
23.3933	13.8511
23.3971	13.8511
23.3971	13.8473
23.3971	13.8434
23.4009	13.8434
23.4009	13.8396
23.4009	13.8358
23.4047	13.8358
23.4047	13.8320
23.4047	13.8282
23.4086	13.8282
23.4086	13.8243
23.4124	13.8243
23.4124	13.8205
23.4124	13.8167
23.4162	13.8167
23.4162	13.8129
23.4162	13.8091
23.4200	13.8091
23.4200	13.8052
23.4200	13.8014
23.4238	13.7976
23.4238	13.7938
23.4277	13.7938
23.4277	13.7900
23.4277	13.7861
23.4315	13.7861
23.4315	13.7823
23.4315	13.7785
23.4315	13.7747
23.4315	13.7709
23.4353	13.7709
23.4353	13.7670
23.4353	13.7632
23.4391	13.7632
23.4391	13.7594
23.4429	13.7594
23.4429	13.7556
23.4429	13.7518
23.4429	13.7479
23.4429	13.7441
23.4468	13.7441
23.4468	13.7403
23.4468	13.7365
23.4468	13.7327
23.4506	13.7327
23.4506	13.7288
23.4506	13.7250
23.4544	13.7250
23.4544	13.7212
23.4582	13.7212
23.4582	13.7174
23.4582	13.7136
23.4620	13.7136
23.4620	13.7097
23.4620	13.7059
23.4659	13.7021
23.4659	13.6983
23.4697	13.6983
23.4697	13.6945
23.4697	13.6907
23.4735	13.6868
23.4773	13.6868
23.4773	13.6830
23.4773	13.6792
23.4811	13.6754
23.4811	13.6716
23.4850	13.6716
23.4850	13.6677
23.4850	13.6639
23.4888	13.6639
23.4888	13.6601
23.4926	13.6601
23.4926	13.6563
23.4926	13.6525
23.4964	13.6525
23.4964	13.6486
23.4964	13.6448
23.5002	13.6448
23.5002	13.6410
23.5002	13.6372
23.5041	13.6372
23.5041	13.6334
23.5079	13.6334
23.5079	13.6295
23.5079	13.6257
23.5079	13.6219
23.5079	13.6181
23.5117	13.6181
23.5117	13.6143
23.5117	13.6104
23.5117	13.6066
23.5117	13.6028
23.5155	13.6028
23.5155	13.5990
23.5155	13.5952
23.5155	13.5913
23.5155	13.5875
23.5155	13.5837
23.5155	13.5799
23.5155	13.5761
23.5155	13.5722
23.5155	13.5684
23.5155	13.5646
23.5155	13.5608
23.5155	13.5570
23.5155	13.5531
23.5155	13.5493
23.5155	13.5455
23.5155	13.5417
23.5155	13.5379
23.5155	13.5340
23.5155	13.5302
23.5155	13.5264
23.5155	13.5226
23.5155	13.5188
23.5155	13.5149
23.5155	13.5111
23.5155	13.5073
23.5155	13.5035
23.5193	13.5035
23.5193	13.4997
23.5193	13.4958
23.5232	13.4958
23.5232	13.4920
23.5232	13.4882
23.5232	13.4844
23.5270	13.4844
23.5270	13.4806
23.5270	13.4767
23.5308	13.4767
23.5308	13.4729
23.5308	13.4691
23.5308	13.4653
23.5346	13.4653
23.5346	13.4615
23.6645	13.4615
23.6645	13.4576
23.6912	13.4576
23.6951	13.4538
23.7027	13.4538
23.7103	13.4500
23.7294	13.4500
23.7333	13.4462
23.7524	13.4462
23.7600	13.4424
23.7982	13.4424
23.8020	13.4385
23.8135	13.4385
23.8211	13.4347
23.8440	13.4347
23.8479	13.4309
23.8593	13.4309
23.8631	13.4271
23.8670	13.4271
23.8746	13.4233
23.8784	13.4233
23.8784	13.4194
23.8937	13.4194
23.8937	13.4156
23.9052	13.4156
23.9052	13.4118
23.9166	13.4118
23.9204	13.4080
23.9243	13.4080
23.9319	13.4042
23.9395	13.4042
23.9434	13.4003
23.9472	13.4003
23.9510	13.3965
23.9625	13.3965
23.9625	13.3927
23.9663	13.3927
23.9701	13.3889
23.9777	13.3889
23.9777	13.3851
23.9816	13.3851
23.9854	13.3812
23.9854	13.3774
23.9930	13.3774
23.9930	13.3736
23.9930	13.3698
23.9968	13.3660
23.9968	13.3621
24.0007	13.3621
24.0007	13.3583
24.0007	13.3545
24.0045	13.3545
24.0045	13.3507
24.0121	13.3507
24.0121	13.3469
24.0159	13.3430
24.0198	13.3392
24.0198	13.3354
24.0274	13.3354
24.0274	13.3316
24.0312	13.3316
24.0350	13.3239
24.0427	13.3239
24.0427	13.3201
24.0465	13.3163
24.0503	13.3125
24.0503	13.3087
24.0541	13.3048
24.0580	13.3048
24.0580	13.3010
24.0618	13.3010
24.0618	13.2972
24.0656	13.2972
24.0656	13.2934
24.0694	13.2934
24.0732	13.2896
24.0771	13.2896
24.0771	13.2857
24.0809	13.2857
24.0809	13.2819
24.0847	13.2781
24.0885	13.2743
24.0923	13.2743
24.0923	13.2705
24.0962	13.2666
24.1000	13.2628
24.1038	13.2590
24.1076	13.2552
24.1076	13.2514
24.1114	13.2475
24.1114	13.2437
24.1114	13.2399
24.1153	13.2361
24.1191	13.2361
24.1191	13.2323
24.1191	13.2284
24.1191	13.2246
24.1229	13.2246
24.1229	13.2208
24.1267	13.2208
24.1267	13.2170
24.1267	13.2132
24.1305	13.2132
24.1305	13.2093
24.1305	13.2055
24.1344	13.1979
24.1382	13.1979
24.1382	13.1941
24.1420	13.1902
24.1420	13.1864
24.1420	13.1826
24.1458	13.1826
24.1458	13.1788
24.1458	13.1750
24.1496	13.1750
24.1496	13.1711
24.1496	13.1673
24.1535	13.1673
24.1535	13.1635
24.1535	13.1597
24.1573	13.1520
24.1573	13.1482
24.1611	13.1444
24.1611	13.1406
24.1649	13.1368
24.1687	13.1329
24.1687	13.1291
24.1687	13.1253
24.1726	13.1253
24.1726	13.1215
24.1726	13.1177
24.1726	13.1138
24.1764	13.1138
24.1764	13.1100
24.1802	13.1100
24.1802	13.1062
24.1802	13.1024
24.1840	13.1024
24.1840	13.0986
24.1840	13.0947
24.1840	13.0909
24.1878	13.0871
24.1878	13.0833
24.1878	13.0795
24.1878	13.0756
24.1878	13.0718
24.1878	13.0680
24.1878	13.0642
24.1878	13.0604
24.1878	13.0565
24.1878	13.0527
24.1878	13.0489
24.1878	13.0451
24.1878	13.0413
24.1878	13.0374
24.1878	13.0336
24.1878	13.0298
24.1878	13.0260
24.1840	13.0260
24.1840	13.0222
24.1840	13.0183
24.1802	13.0183
24.1802	13.0145
24.1764	13.0145
24.1764	13.0107
24.1726	13.0107
24.1726	13.0069
24.1687	13.0031
24.1687	12.9992
24.1649	12.9992
24.1649	12.9916
24.1611	12.9878
24.1573	12.9801
24.1535	12.9763
24.1535	12.9687
24.1496	12.9649
24.1458	12.9610
24.1458	12.9572
24.1420	12.9572
24.1420	12.9534
24.1382	12.9534
24.1382	12.9496
24.1344	12.9458
24.1305	12.9419
24.1267	12.9419
24.1267	12.9381
24.1267	12.9343
24.1267	12.9305
24.1267	12.9267
24.1267	12.9228
24.1267	12.9190
24.1267	12.9152
24.1267	12.9114
24.1267	12.9076
24.1305	12.9037
24.1305	12.8999
24.1305	12.8961
24.1305	12.8923
24.1305	12.8885
24.1344	12.8885
24.1382	12.8808
24.1382	12.8770
24.1382	12.8732
24.1420	12.8655
24.1420	12.8617
24.1458	12.8541
24.1458	12.8464
24.1458	12.8426
24.1458	12.8388
24.1496	12.8350
24.1496	12.8312
24.1535	12.8312
24.1535	12.8273
24.1535	12.8235
24.1535	12.8197
24.1535	12.8159
24.1535	12.8121
24.1535	12.8082
24.1535	12.8044
24.1535	12.8006
24.1535	12.7968
24.1535	12.7930
24.1535	12.7891
24.1535	12.7853
24.1535	12.7815
24.1535	12.7777
24.1535	12.7739
24.1535	12.7700
24.1535	12.7662
24.1535	12.7624
24.1535	12.7586
24.1535	12.7548
24.1496	12.7548
24.1496	12.7509
24.1496	12.7471
24.1496	12.7433
24.1496	12.7395
24.1496	12.7357
24.1496	12.7318
24.1496	12.7280
24.1496	12.7242
24.1496	12.7204
24.1458	12.7204
24.1458	12.7166
24.1420	12.7127
24.1420	12.7089
24.1420	12.7051
24.1420	12.7013
24.1420	12.6975
24.1420	12.6936
24.1420	12.6898
24.1420	12.6860
24.1420	12.6784
24.1382	12.6784
24.1382	12.6745
24.1382	12.6707
24.1344	12.6669
24.1344	12.6631
24.1344	12.6593
24.1344	12.6554
24.1344	12.6516
24.1305	12.6516
24.1267	12.6478
24.1267	12.6440
24.1267	12.6402
24.1229	12.6402
24.1229	12.6363
24.1191	12.6325
24.1191	12.6287
24.1153	12.6249
24.1153	12.6211
24.1076	12.6211
24.1076	12.6172
24.1038	12.6172
24.1038	12.6134
24.1000	12.6134
24.0962	12.6096
24.0885	12.6096
24.0885	12.6058
24.0771	12.6058
24.0771	12.6020
24.0694	12.6020
24.0694	12.5981
24.0618	12.5981
24.0618	12.5943
24.0618	12.5905
24.0580	12.5867
24.0580	12.5829
24.0541	12.5829
24.0541	12.5790
24.0541	12.5752
24.0503	12.5752
24.0465	12.5714
24.0465	12.5676
24.0465	12.5638
24.0427	12.5599
24.0427	12.5561
24.0389	12.5523
24.0389	12.5447
24.0350	12.5370
24.0312	12.5332
24.0312	12.5294
24.0274	12.5256
24.0274	12.5179
24.0236	12.5179
24.0236	12.5141
24.0198	12.5103
24.0159	12.5065
24.0159	12.5027
24.0159	12.4988
24.0159	12.4950
24.0121	12.4950
24.0121	12.4912
24.0121	12.4874
24.0121	12.4836
24.0083	12.4836
24.0083	12.4797
24.0083	12.4759
24.0045	12.4721
24.0045	12.4683
24.0007	12.4683
24.0007	12.4645
24.0007	12.4606
24.0007	12.4568
23.9968	12.4568
23.9968	12.4530
23.9968	12.4492
23.9930	12.4492
23.9930	12.4415
23.9892	12.4377
23.9892	12.4339
23.9892	12.4301
23.9854	12.4263
23.9854	12.4224
23.9816	12.4186
23.9816	12.4148
23.9816	12.4110
23.9816	12.4072
23.9816	12.4033
23.9816	12.3995
23.9777	12.3995
23.9777	12.3957
23.9777	12.3919
23.9777	12.3881
23.9739	12.3842
23.9739	12.3804
23.9739	12.3766
23.9739	12.3728
23.9739	12.3690
23.9701	12.3690
23.9701	12.3651
23.9701	12.3613
23.9701	12.3575
23.9701	12.3537
23.9701	12.3499
23.9701	12.3460
23.9701	12.3422
23.9701	12.3384
23.9701	12.3346
23.9701	12.3308
23.9739	12.3308
23.9739	12.3269
23.9777	12.3231
23.9777	12.3193
23.9777	12.3155
23.9777	12.3117
23.9816	12.3117
23.9816	12.3078
23.9816	12.3040
23.9816	12.3002
23.9816	12.2964
23.9854	12.2926
23.9854	12.2887
23.9854	12.2811
23.9854	12.2773
23.9854	12.2735
23.9854	12.2658
23.9892	12.2620
23.9892	12.2582
23.9930	12.2544
23.9930	12.2505
23.9930	12.2467
23.9930	12.2429
23.9930	12.2391
23.9930	12.2353
23.9930	12.2314
23.9930	12.2276
23.9930	12.2238
23.9968	12.2238
23.9968	12.2200
23.9968	12.2162
23.9968	12.2123
23.9968	12.2085
23.9968	12.2047
24.0007	12.2009
24.0007	12.1971
24.0007	12.1932
24.0007	12.1894
24.0007	12.1856
24.0007	12.1818
24.0007	12.1780
24.0007	12.1741
24.0007	12.1703
24.0045	12.1703
24.0045	12.1665
24.0045	12.1627
24.0045	12.1589
24.0045	12.1550
24.0083	12.1550
24.0083	12.1512
24.0083	12.1474
24.0083	12.1398
24.0121	12.1398
24.0121	12.1359
24.0121	12.1321
24.0121	12.1283
24.0121	12.1245
24.0121	12.1207
24.0121	12.1168
24.0121	12.1130
24.0121	12.1092
24.0121	12.1016
24.0121	12.0977
24.0121	12.0939
24.0121	12.0901
24.0121	12.0863
24.0121	12.0825
24.0121	12.0786
24.0121	12.0748
24.0121	12.0710
24.0121	12.0672
24.0121	12.0634
24.0083	12.0595
24.0083	12.0557
24.0083	12.0519
24.0083	12.0443
24.0083	12.0404
24.0045	12.0366
24.0045	12.0290
24.0007	12.0252
24.0007	12.0213
24.0007	12.0137
23.9968	12.0137
23.9968	12.0099
23.9968	12.0061
23.9968	12.0022
23.9968	11.9984
23.9930	11.9984
23.9930	11.9946
23.9930	11.9908
23.9892	11.9870
23.9892	11.9831
23.9892	11.9793
23.9854	11.9793
23.9816	11.9755
23.9816	11.9717
23.9816	11.9679
23.9777	11.9640
23.9777	11.9602
23.9739	11.9602
23.9739	11.9526
23.9701	11.9488
23.9663	11.9449
23.9663	11.9411
23.9663	11.9373
23.9625	11.9373
23.9625	11.9335
23.9586	11.9297
23.9586	11.9258
23.9548	11.9220
23.9510	11.9220
23.9510	11.9182
23.9472	11.9144
23.9434	11.9106
23.9434	11.9067
23.9395	11.9029
23.9357	11.8953
23.9319	11.8953
23.9319	11.8876
23.9281	11.8876
23.9281	11.8838
23.9243	11.8800
23.9204	11.8800
23.9204	11.8724
23.9166	11.8724
23.9166	11.8685
23.9166	11.8647
23.9128	11.8609
23.9090	11.8571
23.9090	11.8533
23.9052	11.8533
23.9052	11.8494
23.9013	11.8456
23.9013	11.8418
23.8975	11.8380
23.8975	11.8342
23.8937	11.8303
23.8899	11.8265
23.8899	11.8227
23.8899	11.8189
23.8861	11.8151
23.8861	11.8112
23.8822	11.8074
23.8822	11.8036
23.8822	11.7998
23.8784	11.7921
23.8746	11.7921
23.8746	11.7883
23.8746	11.7845
23.8746	11.7807
23.8746	11.7769
23.8746	11.7730
23.8708	11.7692
23.8708	11.7654
23.8708	11.7616
23.8708	11.7578
23.8670	11.7539
23.8670	11.7501
23.8670	11.7463
23.8670	11.7425
23.8631	11.7425
23.8631	11.7387
23.8631	11.7348
23.8631	11.7310
23.8593	11.7272
23.8555	11.7234
23.8555	11.7157
23.8555	11.7119
23.8517	11.7081
23.8517	11.7043
23.8517	11.7005
23.8479	11.6966
23.8479	11.6928
23.8479	11.6890
23.8479	11.6852
23.8440	11.6814
23.8440	11.6775
23.8402	11.6775
23.8402	11.6737
23.8402	11.6699
23.8402	11.6661
23.8364	11.6623
23.8364	11.6584
23.8364	11.6508
23.8326	11.6470
23.8326	11.6432
23.8326	11.6393
23.8288	11.6355
23.8288	11.6317
23.8249	11.6279
23.8249	11.6202
23.8211	11.6164
23.8211	11.6088
23.8173	11.6011
23.8173	11.5973
23.8173	11.5935
23.8135	11.5859
23.8097	11.5859
23.8097	11.5782
23.8058	11.5744
23.8058	11.5706
23.8058	11.5668
23.8020	11.5629
23.8020	11.5591
23.8020	11.5553
23.8020	11.5515
23.7982	11.5477
23.7982	11.5438
23.7982	11.5400
23.7982	11.5362
23.7982	11.5324
23.7982	11.5286
23.7982	11.5247
23.7982	11.5209
23.7982	11.5171
23.7982	11.5133
23.7982	11.5095
23.7982	11.5056
23.7982	11.5018
23.7982	11.4980
23.7982	11.4942
23.7982	11.4904
23.7982	11.4865
23.7982	11.4827
23.7982	11.4789
23.7982	11.4751
23.7982	11.4713
23.8020	11.4713
23.8020	11.4674
23.8020	11.4636
23.8020	11.4598
23.8058	11.4560
23.8058	11.4522
23.8058	11.4483
23.8058	11.4445
23.8058	11.4407
23.8058	11.4369
23.8097	11.4369
23.8097	11.4331
23.8097	11.4292
23.8097	11.4254
23.8135	11.4254
23.8135	11.4216
23.8135	11.4140
23.8135	11.4101
23.8211	11.4063
23.8211	11.4025
23.8211	11.3987
23.8211	11.3949
23.8249	11.3910
23.8249	11.3872
23.8249	11.3834
23.8288	11.3834
23.8288	11.3796
23.8326	11.3796
23.8326	11.3758
23.8364	11.3758
23.8364	11.3719
23.8364	11.3681
23.8402	11.3681
23.8402	11.3643
23.8402	11.3605
23.8440	11.3605
23.8440	11.3567
23.8440	11.3528
23.8517	11.3528
23.8517	11.3490
23.8517	11.3452
23.8555	11.3452
23.8555	11.3414
23.8555	11.3376
23.8593	11.3376
23.8593	11.3337
23.8631	11.3299
23.8670	11.3261
23.8670	11.3223
23.8708	11.3185
23.8708	11.3146
23.8746	11.3146
23.8746	11.3108
23.8784	11.3108
23.8784	11.3070
23.8784	11.3032
23.8784	11.2994
23.8784	11.2956
23.8784	11.2917
23.8784	11.2879
23.8784	11.2841
23.8784	11.2803
23.8784	11.2765
23.8784	11.2726
23.8784	11.2688
23.8784	11.2650
23.8784	11.2612
23.8784	11.2574
23.8784	11.2535
23.8784	11.2497
23.8784	11.2459
23.8746	11.2421
23.8746	11.2383
23.8746	11.2344
23.8746	11.2306
23.8708	11.2306
23.8708	11.2268
23.8708	11.2230
23.8708	11.2192
23.8670	11.2192
23.8670	11.2153
23.8670	11.2115
23.8670	11.2077
23.8670	11.2039
23.8670	11.2001
23.8631	11.1962
23.8631	11.1886
23.8631	11.1848
23.8593	11.1771
23.8593	11.1733
23.8555	11.1695
23.8555	11.1657
23.8555	11.1619
23.8555	11.1580
23.8517	11.1542
23.8517	11.1504
23.8517	11.1466
23.8517	11.1428
23.8479	11.1428
23.8479	11.1389
23.8479	11.1351
23.8479	11.1313
23.8479	11.1275
23.8440	11.1237
23.8402	11.1198
23.8402	11.1160
23.8402	11.1122
23.8364	11.1084
23.8364	11.1046
23.8364	11.1007
23.8364	11.0969
23.8326	11.0969
23.8326	11.0931
23.8326	11.0893
23.8288	11.0893
23.8288	11.0855
23.8288	11.0816
23.8249	11.0816
23.8249	11.0778
23.8249	11.0740
23.8249	11.0702
23.8211	11.0702
23.8211	11.0664
23.8211	11.0625
23.8211	11.0587
23.8173	11.0549
23.8173	11.0511
23.8173	11.0473
23.8135	11.0434
23.8135	11.0358
23.8097	11.0358
23.8097	11.0320
23.8058	11.0282
23.8058	11.0243
23.8058	11.0205
23.8020	11.0205
23.8020	11.0167
23.8020	11.0129
23.7982	11.0129
23.7982	11.0091
23.7982	11.0052
23.7944	11.0052
23.7944	11.0014
23.7906	10.9976
23.7906	10.9938
23.7906	10.9900
23.7867	10.9861
23.7867	10.9823
23.7829	10.9823
23.7829	10.9747
23.7791	10.9709
23.7791	10.9670
23.7753	10.9670
23.7753	10.9632
23.7753	10.9594
23.7753	10.9556
23.7715	10.9556
23.7715	10.9518
23.7676	10.9518
23.7676	10.9479
23.7638	10.9479
23.7638	10.9441
23.7638	10.9403
23.7638	10.9365
23.7600	10.9365
23.7600	10.9327
23.7600	10.9288
23.7562	10.9250
23.7562	10.9212
23.7524	10.9174
23.7524	10.9136
23.7485	10.9097
23.7485	10.9059
23.7447	10.9021
23.7409	10.8945
23.7409	10.8906
23.7371	10.8868
23.7371	10.8830
23.7371	10.8792
23.7333	10.8792
23.7333	10.8754
23.7294	10.8754
23.7294	10.8715
23.7294	10.8677
23.7256	10.8677
23.7256	10.8639
23.7256	10.8601
23.7256	10.8563
23.7218	10.8524
23.7218	10.8486
23.7218	10.8448
23.7218	10.8410
23.7180	10.8410
23.7180	10.8372
23.7142	10.8372
23.7142	10.8333
23.7142	10.8295
23.7103	10.8295
23.7103	10.8257
23.7065	10.8257
23.7065	10.8219
23.7065	10.8181
23.7027	10.8181
23.7027	10.8142
23.6989	10.8142
23.6989	10.8104
23.6951	10.8104
23.6951	10.8066
23.6912	10.8028
23.6912	10.7990
23.6874	10.7951
23.6836	10.7913
23.6798	10.7875
23.6798	10.7837
23.6760	10.7799
23.6721	10.7799
23.6721	10.7760
23.6683	10.7722
23.6683	10.7684
23.6645	10.7684
23.6645	10.7646
23.6607	10.7608
23.6607	10.7569
23.6530	10.7531
23.6530	10.7493
23.6492	10.7455
23.6454	10.7417
23.6416	10.7378
23.6416	10.7340
23.6378	10.7340
23.6339	10.7302
23.6339	10.7264
23.6301	10.7226
23.6301	10.7187
23.6263	10.7187
23.6225	10.7149
23.6187	10.7149
23.6187	10.7111
23.6187	10.7073
23.6148	10.7073
23.6148	10.7035
23.6110	10.7035
23.6110	10.6996
23.6034	10.6996
23.6034	10.6958
23.5996	10.6920
23.5957	10.6882
23.5957	10.6844
23.5919	10.6844
23.5881	10.6805
23.5843	10.6767
23.5805	10.6729
23.5805	10.6691
23.5728	10.6691
23.5728	10.6653
23.5690	10.6576
23.5652	10.6538
23.5614	10.6538
23.5614	10.6500
23.5575	10.6500
23.5537	10.6462
23.5537	10.6423
23.5499	10.6423
23.5499	10.6385
23.5461	10.6385
23.5461	10.6347
23.5423	10.6347
23.5384	10.6309
23.5384	10.6271
23.5346	10.6271
23.5346	10.6232
23.5308	10.6194
23.5270	10.6194
23.5232	10.6156
23.5232	10.6118
23.5193	10.6080
23.5117	10.6041
23.5117	10.6003
23.5079	10.5965
23.5041	10.5927
23.5002	10.5927
23.5002	10.5889
23.4926	10.5889
23.4926	10.5850
23.4888	10.5812
23.4888	10.5774
23.4850	10.5774
23.4850	10.5736
23.4811	10.5736
23.4773	10.5698
23.4773	10.5659
23.4735	10.5659
23.4735	10.5621
23.4735	10.5583
23.4697	10.5583
23.4659	10.5545
23.4620	10.5545
23.4620	10.5507
23.4620	10.5468
23.4582	10.5468
23.4582	10.5430
23.4544	10.5430
23.4544	10.5392
23.4468	10.5392
23.4468	10.5354
23.4468	10.5316
23.4429	10.5316
23.4429	10.5277
23.4391	10.5277
23.4353	10.5239
23.4315	10.5239
23.4315	10.5201
23.4315	10.5163
23.4277	10.5163
23.4277	10.5125
23.4238	10.5125
23.4200	10.5086
23.4162	10.5048
23.4162	10.5010
23.4124	10.5010
23.4086	10.4972
23.4086	10.4934
23.4009	10.4895
23.3971	10.4857
23.3933	10.4819
23.3895	10.4781
23.3856	10.4704
23.3818	10.4666
23.3780	10.4666
23.3742	10.4590
23.3704	10.4552
23.3665	10.4513
23.3627	10.4475
23.3589	10.4475
23.3589	10.4437
23.3513	10.4399
23.3513	10.4361
23.3474	10.4322
23.3436	10.4284
23.3398	10.4284
23.3360	10.4246
23.3360	10.4208
23.3322	10.4170
23.3283	10.4170
23.3283	10.4131
23.3207	10.4093
23.3207	10.4055
23.3169	10.4017
23.3131	10.4017
23.3131	10.3979
23.3092	10.3940
23.3054	10.3902
23.3016	10.3864
23.3016	10.3826
23.2978	10.3826
23.2978	10.3749
23.2901	10.3749
23.2901	10.3711
23.2863	10.3711
23.2825	10.3673
23.2825	10.3635
23.2787	10.3597
23.2749	10.3597
23.2749	10.3558
23.2710	10.3558
23.2710	10.3520
23.2672	10.3482
23.2672	10.3444
23.2634	10.3444
23.2634	10.3406
23.2596	10.3367
23.2558	10.3367
23.2558	10.3329
23.2519	10.3329
23.2519	10.3291
23.2481	10.3253
23.2443	10.3215
23.2405	10.3215
23.2405	10.3176
23.2367	10.3138
23.2328	10.3100
23.2328	10.3062
23.2290	10.3062
23.2252	10.3024
23.2214	10.2985
23.2176	10.2947
23.2138	10.2909
23.2138	10.2871
23.2099	10.2871
23.2061	10.2833
23.2061	10.2794
23.2023	10.2756
23.1985	10.2718
23.1947	10.2718
23.1908	10.2680
23.1908	10.2642
23.1908	10.2603
23.1870	10.2603
23.1832	10.2565
23.1794	10.2527
23.1794	10.2489
23.1756	10.2489
23.1756	10.2451
23.1717	10.2451
23.1717	10.2412
23.1679	10.2412
23.1641	10.2374
23.1641	10.2336
23.1603	10.2336
23.1603	10.2298
23.1565	10.2260
23.1526	10.2183
23.1488	10.2183
23.1450	10.2145
23.1450	10.2107
23.1412	10.2107
23.1412	10.2069
23.1374	10.2030
23.1335	10.1992
23.1297	10.1992
23.1297	10.1954
23.1259	10.1954
23.1259	10.1916
23.1221	10.1916
23.1221	10.1839
23.1144	10.1839
23.1144	10.1801
23.1106	10.1763
23.1106	10.1725
23.1068	10.1725
23.1068	10.1687
23.1030	10.1687
23.1030	10.1648
23.0992	10.1648
23.0992	10.1610
23.0953	10.1610
23.0953	10.1572
23.0953	10.1534
23.0915	10.1534
23.0915	10.1496
23.0877	10.1457
23.0839	10.1457
23.0801	10.1419
23.0801	10.1381
23.0762	10.1343
23.0724	10.1305
23.0686	10.1305
23.0686	10.1266
23.0648	10.1228
23.0610	10.1190
23.0571	10.1152
23.0533	10.1152
23.0533	10.1114
23.0495	10.1114
23.0495	10.1076
23.0495	10.1037
23.0457	10.1037
23.0457	10.0999
23.0380	10.0999
23.0380	10.0961
23.0342	10.0961
23.0342	10.0923
23.0304	10.0885
23.0266	10.0846
23.0228	10.0846
23.0189	10.0808
23.0189	10.0770
23.0151	10.0770
23.0113	10.0732
23.0075	10.0694
23.0037	10.0694
22.9998	10.0655
22.9960	10.0617
22.9960	10.0579
22.9884	10.0541
22.9846	10.0503
22.9807	10.0426
22.9769	10.0426
22.9731	10.0388
22.9693	10.0350
22.9655	10.0350
22.9616	10.0273
22.9578	10.0273
22.9540	10.0235
22.9502	10.0197
22.9425	10.0159
22.9425	10.0121
22.9387	10.0082
22.9349	10.0082
22.9311	10.0044
22.9273	10.0044
22.9273	10.0006
22.9234	9.9968
22.9196	9.9968
22.9196	9.9930
22.9158	9.9930
22.9120	9.9891
22.9082	9.9853
22.9043	9.9815
22.9043	9.9796
22.9005	9.9777
22.8929	9.9739
22.8814	9.9662
22.8776	9.9624
22.8661	9.9624
22.8623	9.9586
22.8547	9.9548
22.8509	9.9509
22.8470	9.9471
22.8356	9.9471
22.8356	9.9433
22.8318	9.9433
22.8279	9.9395
22.8241	9.9395
22.8241	9.9357
22.8203	9.9357
22.8203	9.9318
22.8127	9.9318
22.8088	9.9280
22.8050	9.9280
22.8050	9.9242
22.8012	9.9204
22.7936	9.9166
22.7897	9.9166
22.7897	9.9127
22.7859	9.9089
22.7783	9.9051
22.7783	9.9013
22.7706	9.9013
22.7706	9.8975
22.7668	9.8975
22.7668	9.8936
22.7668	9.8898
22.7592	9.8898
22.7592	9.8860
22.7554	9.8860
22.7554	9.8822
22.7515	9.8822
22.7477	9.8784
22.7439	9.8745
22.7439	9.8707
22.7401	9.8707
22.7401	9.8669
22.7363	9.8669
22.7363	9.8631
22.7324	9.8631
22.7286	9.8593
22.7286	9.8554
22.7248	9.8516
22.7210	9.8516
22.7172	9.8478
22.7133	9.8478
22.7133	9.8440
22.7133	9.8402
22.7095	9.8402
22.7095	9.8363
22.7019	9.8363
22.7019	9.8325
22.6981	9.8325
22.6942	9.8287
22.6904	9.8249
22.6904	9.8211
22.6828	9.8172
22.6790	9.8172
22.6713	9.8096
22.6675	9.8058
22.6637	9.8058
22.6599	9.8020
22.6560	9.7981
22.6522	9.7943
22.6484	9.7905
22.6446	9.7905
22.6446	9.7867
22.6408	9.7867
22.6408	9.7829
22.6369	9.7790
22.6293	9.7790
22.6293	9.7752
22.6255	9.7752
22.6255	9.7714
22.6178	9.7714
22.6178	9.7676
22.6178	9.7638
22.6102	9.7638
22.6102	9.7599
22.6064	9.7599
22.6064	9.7561
22.6026	9.7561
22.6026	9.7523
22.5987	9.7523
22.5987	9.7485
22.5949	9.7485
22.5911	9.7447
22.5835	9.7447
22.5835	9.7408
22.5796	9.7408
22.5796	9.7370
22.5758	9.7370
22.5720	9.7332
22.5720	9.7294
22.5682	9.7294
22.5682	9.7256
22.5644	9.7256
22.5605	9.7217
22.5567	9.7217
22.5567	9.7179
22.5529	9.7141
22.5491	9.7103
22.5414	9.7103
22.5414	9.7065
22.5376	9.7065
22.5376	9.7026
22.5338	9.6988
22.5300	9.6950
22.5262	9.6912
22.5223	9.6912
22.5223	9.6874
22.5185	9.6874
22.5185	9.6835
22.5147	9.6835
22.5147	9.6797
22.5109	9.6797
22.5109	9.6759
22.5032	9.6759
22.5032	9.6721
22.5032	9.6683
22.4994	9.6683
22.4956	9.6644
22.4918	9.6644
22.4918	9.6606
22.4880	9.6606
22.4880	9.6568
22.4880	9.6530
22.4841	9.6530
22.4841	9.6492
22.4803	9.6492
22.4765	9.6453
22.4727	9.6415
22.4727	9.6377
22.4689	9.6377
22.4689	9.6339
22.4650	9.6301
22.4612	9.6301
22.4612	9.6262
22.4574	9.6262
22.4574	9.6224
22.4536	9.6224
22.4536	9.6186
22.4459	9.6186
22.4459	9.6148
22.4459	9.6110
22.4421	9.6110
22.4421	9.6071
22.4383	9.6071
22.4383	9.6033
22.4383	9.5995
22.4307	9.5995
22.4307	9.5957
22.4268	9.5919
22.4268	9.5880
22.4230	9.5880
22.4230	9.5842
22.4154	9.5842
22.4154	9.5804
22.4116	9.5804
22.4116	9.5766
22.4116	9.5728
22.4077	9.5728
22.4077	9.5689
22.4039	9.5689
22.4039	9.5651
22.3963	9.5651
22.3963	9.5575
22.3925	9.5575
22.3886	9.5537
22.3848	9.5498
22.3810	9.5498
22.3772	9.5460
22.3772	9.5422
22.3734	9.5422
22.3734	9.5384
22.3695	9.5346
22.3619	9.5346
22.3619	9.5307
22.3619	9.5269
22.3581	9.5269
22.3581	9.5231
22.3504	9.5231
22.3504	9.5193
22.3466	9.5193
22.3466	9.5155
22.3466	9.5116
22.3428	9.5116
22.3428	9.5078
22.3313	9.5078
22.3275	9.5040
22.3199	9.5040
22.3161	9.5002
22.3046	9.5002
22.2970	9.4964
22.2931	9.4964
22.2893	9.4925
22.2817	9.4925
22.2779	9.4887
22.2702	9.4887
22.2626	9.4849
22.2473	9.4849
22.2473	9.4811
22.2397	9.4811
22.2358	9.4773
22.2320	9.4773
22.2320	9.4734
22.2244	9.4734
22.2244	9.4696
22.2129	9.4696
22.2129	9.4658
22.1976	9.4658
22.1976	9.4620
22.1938	9.4620
22.1938	9.4582
22.1824	9.4582
22.1824	9.4543
22.1671	9.4543
22.1671	9.4505
22.1518	9.4505
22.1518	9.4467
22.1480	9.4467
22.1480	9.4429
22.1327	9.4429
22.1327	9.4391
22.0933	9.4391
22.0933	9.4376
22.0841	9.4376
22.0794	9.4330
22.0656	9.4330
22.0656	9.4284
22.0609	9.4284
22.0517	9.4237
22.0471	9.4237
22.0471	9.4191
22.0332	9.4191
22.0332	9.4145
22.0239	9.4145
22.0239	9.4099
22.0101	9.4099
22.0101	9.4052
22.0054	9.4052
22.0054	9.4006
21.9962	9.4006
21.9916	9.3960
21.9823	9.3960
21.9777	9.3914
21.9685	9.3914
21.9638	9.3867
21.9592	9.3867
21.9500	9.3821
21.9453	9.3821
21.9361	9.3775
21.9176	9.3775
21.9176	9.3729
21.9130	9.3729
21.9083	9.3682
21.9037	9.3682
21.9037	9.3636
21.8472	9.3636
21.8462	9.3627
21.8386	9.3627
21.8386	9.3588
21.8309	9.3588
21.8271	9.3550
21.8233	9.3550
21.8233	9.3512
21.8157	9.3512
21.8157	9.3474
21.8080	9.3474
21.8080	9.3436
21.7966	9.3436
21.7966	9.3397
21.7927	9.3397
21.7927	9.3359
21.7889	9.3359
21.7813	9.3321
21.7775	9.3321
21.7736	9.3283
21.7660	9.3283
21.7660	9.3245
21.7622	9.3245
21.7584	9.3206
21.7507	9.3206
21.7469	9.3168
21.7431	9.3168
21.7393	9.3130
21.7316	9.3130
21.7316	9.3092
21.7278	9.3054
21.7163	9.3054
21.7163	9.3015
21.7049	9.3015
21.7049	9.2977
21.6743	9.2977
21.6705	9.2939
21.6438	9.2939
21.6438	9.2901
21.6247	9.2901
21.6208	9.2863
21.6094	9.2863
21.6094	9.2824
21.5826	9.2824
21.5826	9.2786
21.5674	9.2786
21.5674	9.2748
21.5559	9.2748
21.5559	9.2710
21.5483	9.2710
21.5444	9.2672
21.5292	9.2672
21.5292	9.2633
21.5139	9.2633
21.5139	9.2595
21.5024	9.2595
21.4986	9.2557
21.4986	9.2519
21.4871	9.2519
21.4871	9.2481
21.4719	9.2481
21.4719	9.2442
21.4566	9.2442
21.4528	9.2404
21.4489	9.2366
21.4375	9.2366
21.4337	9.2328
21.4222	9.2328
21.4184	9.2290
21.4107	9.2290
21.4069	9.2251
21.4031	9.2251
21.4031	9.2213
21.3878	9.2213
21.3878	9.2175
21.3725	9.2175
21.3725	9.2137
21.3534	9.2137
21.3534	9.2099
21.3458	9.2099
21.3458	9.2060
21.3305	9.2060
21.3267	9.2022
21.3152	9.2022
21.3114	9.1984
21.2923	9.1984
21.2923	9.1946
21.2770	9.1946
21.2770	9.1908
21.2732	9.1908
21.2694	9.1869
21.2579	9.1869
21.2541	9.1831
21.2465	9.1831
21.2427	9.1793
21.2160	9.1793
21.2159	9.1792
21.2159	9.1755
21.2070	9.1755
21.2055	9.1740
21.2006	9.1740
21.2006	9.1717
21.1963	9.1717
21.1963	9.1694
21.1870	9.1694
21.1870	9.1648
21.1747	9.1648
21.1739	9.1640
21.1732	9.1640
21.1732	9.1602
21.1639	9.1602
21.1639	9.1555
21.1547	9.1555
21.1500	9.1509
21.1408	9.1509
21.1408	9.1463
21.1269	9.1463
21.1223	9.1417
21.1130	9.1417
21.1084	9.1371
21.1038	9.1324
21.0899	9.1324
21.0853	9.1278
21.0714	9.1278
21.0714	9.1232
21.0622	9.1232
21.0622	9.1186
21.0529	9.1186
21.0529	9.1139
21.0344	9.1139
21.0344	9.1093
21.0159	9.1093
21.0113	9.1047
20.9975	9.1047
20.9975	9.1001
20.9928	9.1001
20.9882	9.0954
20.9790	9.0954
20.9743	9.0908
20.9651	9.0908
20.9619	9.0876
20.9562	9.0876
20.9562	9.0914
20.9294	9.0914
20.9256	9.0953
20.8225	9.0953
20.8187	9.0914
20.7002	9.0914
20.7002	9.0876
20.6888	9.0876
20.6888	9.0838
20.6811	9.0838
20.6811	9.0800
20.6773	9.0800
20.6773	9.0762
20.6697	9.0762
20.6697	9.0723
20.6506	9.0723
20.6506	9.0685
20.6277	9.0685
20.6277	9.0647
20.6238	9.0647
20.6200	9.0609
20.6009	9.0609
20.6009	9.0571
