20.0882	7.7840
20.0954	7.7840
20.1026	7.7840
20.1098	7.7912
20.1170	7.7912
20.1170	7.7984
20.1243	7.7984
20.1243	7.8056
20.1315	7.8056
20.1315	7.8129
20.1387	7.8129
20.1387	7.8201
20.1459	7.8201
20.1459	7.8273
20.1531	7.8273
20.1531	7.8345
20.1604	7.8345
20.1604	7.8417
20.1604	7.8490
20.1676	7.8490
20.1676	7.8562
20.1676	7.8634
20.1748	7.8634
20.1820	7.8634
20.1820	7.8706
20.1892	7.8706
20.1892	7.8778
20.1965	7.8778
20.1965	7.8851
20.2037	7.8851
20.2109	7.8851
20.2109	7.8923
20.2109	7.8995
20.2181	7.9067
20.2181	7.9140
20.2181	7.9212
20.2253	7.9212
20.2326	7.9212
20.2326	7.9284
20.2398	7.9284
20.2398	7.9356
20.2470	7.9356
20.2470	7.9428
20.2542	7.9428
20.2542	7.9501
20.2615	7.9501
20.2687	7.9501
20.2759	7.9573
20.2831	7.9573
20.2903	7.9573
20.2903	7.9645
20.2976	7.9645
20.2976	7.9717
20.3048	7.9717
20.3120	7.9717
20.3192	7.9717
20.3192	7.9789
20.3264	7.9789
20.3337	7.9789
20.3337	7.9862
20.3409	7.9862
20.3481	7.9862
20.3553	7.9934
20.3625	7.9934
20.3625	8.0006
20.3698	8.0006
20.3770	8.0006
20.3770	8.0078
20.3842	8.0078
20.3914	8.0078
20.3986	8.0078
20.3986	8.0150
20.4059	8.0150
20.4059	8.0223
20.4131	8.0223
20.4131	8.0295
20.4203	8.0295
20.4275	8.0295
20.4275	8.0367
20.4348	8.0367
20.4348	8.0439
20.4420	8.0439
20.4492	8.0439
20.4492	8.0511
20.4492	8.0584
20.4564	8.0584
20.4564	8.0656
20.4636	8.0656
20.4636	8.0728
20.4636	8.0800
20.4709	8.0800
20.4709	8.0873
20.4709	8.0945
20.4853	8.0945
20.4853	8.1017
20.4925	8.1017
20.4925	8.1089
20.4997	8.1089
20.4997	8.1161
20.4997	8.1234
20.5070	8.1234
20.5070	8.1306
20.5142	8.1306
20.5142	8.1378
20.5214	8.1378
20.5214	8.1450
20.5286	8.1522
20.5286	8.1595
20.5358	8.1595
20.5431	8.1595
20.5503	8.1595
20.5503	8.1667
20.5575	8.1667
20.5647	8.1667
20.5719	8.1667
20.5792	8.1667
20.5792	8.1739
20.5864	8.1739
20.5864	8.1811
20.5936	8.1811
20.6008	8.1811
20.6008	8.1883
20.6081	8.1883
20.6081	8.1956
20.6153	8.1956
20.6225	8.2028
20.6297	8.2028
20.6297	8.2100
20.6369	8.2100
20.6369	8.2172
20.6442	8.2172
20.6514	8.2172
20.6586	8.2172
20.6586	8.2244
20.6658	8.2244
20.6730	8.2317
20.6803	8.2317
20.6803	8.2389
20.6875	8.2389
20.6947	8.2389
20.7019	8.2389
20.7019	8.2461
20.7091	8.2461
20.7164	8.2461
20.7236	8.2533
20.7308	8.2533
20.7308	8.2605
20.7380	8.2605
20.7380	8.2678
20.7452	8.2678
20.7525	8.2678
20.7525	8.2750
20.7597	8.2750
20.7597	8.2822
20.7669	8.2822
20.7669	8.2894
20.7741	8.2894
20.7741	8.2967
20.7813	8.2967
20.7886	8.2967
20.7886	8.3039
20.7958	8.3039
20.7958	8.3111
20.8030	8.3111
20.8102	8.3111
20.8102	8.3183
20.8175	8.3183
20.8247	8.3183
20.8319	8.3183
20.8391	8.3183
20.8463	8.3183
20.8536	8.3183
20.8536	8.3255
20.8608	8.3255
20.8680	8.3255
20.8752	8.3255
20.8752	8.3328
20.8824	8.3328
20.8897	8.3328
20.8969	8.3328
20.9041	8.3328
20.9113	8.3328
20.9185	8.3328
20.9258	8.3328
20.9330	8.3328
20.9402	8.3328
20.9474	8.3328
20.9546	8.3328
20.9619	8.3328
20.9691	8.3328
20.9763	8.3328
20.9835	8.3328
20.9908	8.3328
20.9980	8.3328
21.0052	8.3328
21.0124	8.3328
21.0196	8.3328
21.0269	8.3328
21.0341	8.3328
21.0413	8.3328
21.0485	8.3328
21.0485	8.3255
21.0557	8.3255
21.0630	8.3255
21.0702	8.3255
21.0774	8.3255
21.0846	8.3255
21.0918	8.3255
21.0991	8.3255
21.1063	8.3255
21.1135	8.3255
21.1207	8.3255
21.1279	8.3255
21.1352	8.3255
21.1424	8.3255
21.1496	8.3255
21.1568	8.3255
21.1640	8.3255
21.1713	8.3255
21.1785	8.3255
21.1857	8.3255
21.1857	8.3328
21.1929	8.3328
21.2002	8.3328
21.2074	8.3328
21.2074	8.3400
21.2146	8.3400
21.2218	8.3400
21.2218	8.3472
21.2290	8.3472
21.2363	8.3472
21.2363	8.3544
21.2435	8.3544
21.2435	8.3616
21.2507	8.3616
21.2579	8.3616
21.2579	8.3689
21.2651	8.3689
21.2724	8.3689
21.2724	8.3761
21.2796	8.3761
21.2868	8.3761
21.2868	8.3833
21.2940	8.3833
21.3012	8.3833
21.3012	8.3905
21.3085	8.3905
21.3157	8.3905
21.3229	8.3905
21.3301	8.3905
21.3373	8.3905
21.3446	8.3905
21.3518	8.3905
21.3518	8.3977
21.3590	8.3977
21.3662	8.3977
21.3735	8.3977
21.3807	8.3977
21.3879	8.3977
21.3951	8.3977
21.4023	8.3977
21.4096	8.3977
21.4168	8.3977
21.4240	8.3977
21.4312	8.3977
21.4384	8.3977
21.4457	8.3977
21.4529	8.3977
21.4601	8.3977
21.4673	8.3977
21.4745	8.3977
21.4745	8.3905
21.4818	8.3905
21.4890	8.3905
21.4962	8.3905
21.5034	8.3905
21.5106	8.3905
21.5179	8.3905
21.5251	8.3905
21.5251	8.3977
21.5323	8.3977
21.5395	8.3977
21.5467	8.4050
21.5540	8.4050
21.5612	8.4050
21.5684	8.4050
21.5684	8.4122
21.5829	8.4122
21.5829	8.4194
21.5901	8.4194
21.5973	8.4194
21.5973	8.4266
21.6045	8.4266
21.6117	8.4266
21.6190	8.4266
21.6190	8.4338
21.6262	8.4338
21.6262	8.4411
21.6334	8.4411
21.6334	8.4483
21.6334	8.4555
21.6406	8.4555
21.6406	8.4627
21.6478	8.4627
21.6478	8.4700
21.6478	8.4772
21.6551	8.4772
21.6551	8.4844
21.6551	8.4916
21.6623	8.4916
21.6623	8.4988
21.6623	8.5061
21.6695	8.5061
21.6695	8.5133
21.6767	8.5133
21.6839	8.5133
21.6912	8.5133
21.6984	8.5133
21.7056	8.5133
21.7128	8.5133
21.7200	8.5133
21.7200	8.5061
21.7273	8.5061
21.7345	8.5061
21.7417	8.5061
21.7489	8.5061
21.7489	8.4988
21.7562	8.4988
21.7634	8.4988
21.7706	8.4988
21.7778	8.4988
21.7850	8.4988
21.7923	8.4988
21.7995	8.4988
21.8067	8.4988
21.8139	8.4988
21.8211	8.4988
21.8284	8.4988
21.8356	8.4988
21.8428	8.4988
21.8428	8.5061
21.8500	8.5061
21.8572	8.5061
21.8645	8.5061
21.8645	8.5133
21.8717	8.5133
21.8789	8.5133
21.8861	8.5133
21.8861	8.5205
21.8933	8.5205
21.9006	8.5205
21.9078	8.5205
21.9150	8.5205
21.9150	8.5277
21.9222	8.5277
21.9294	8.5277
21.9367	8.5349
21.9439	8.5349
21.9511	8.5349
21.9583	8.5349
21.9656	8.5349
21.9656	8.5422
21.9728	8.5422
21.9728	8.5494
21.9728	8.5566
21.9728	8.5638
21.9800	8.5638
21.9800	8.5710
21.9872	8.5710
21.9944	8.5710
22.0017	8.5710
22.0089	8.5710
22.0161	8.5710
22.0233	8.5710
22.0305	8.5710
22.0378	8.5783
22.0450	8.5783
22.0522	8.5783
22.0594	8.5783
22.0666	8.5783
22.0739	8.5783
22.0811	8.5783
22.0811	8.5855
22.0955	8.5855
22.1027	8.5855
22.1100	8.5855
22.1100	8.5927
22.1172	8.5927
22.1244	8.5927
22.1316	8.5927
22.1316	8.5999
22.1389	8.5999
22.1461	8.5999
22.1461	8.6071
22.1533	8.6071
22.1605	8.6071
22.1677	8.6071
22.1677	8.6144
22.1750	8.6144
22.1822	8.6144
22.1894	8.6144
22.1894	8.6216
22.1966	8.6216
22.1966	8.6288
22.2111	8.6288
22.2183	8.6288
22.2183	8.6360
22.2255	8.6360
22.2327	8.6360
22.2399	8.6433
22.2472	8.6433
22.2472	8.6505
22.2544	8.6505
22.2616	8.6577
22.2688	8.6577
22.2760	8.6649
22.2833	8.6649
22.2905	8.6649
22.2977	8.6721
22.3049	8.6721
22.3121	8.6721
22.3194	8.6721
22.3194	8.6794
22.3266	8.6794
22.3266	8.6866
22.3338	8.6866
22.3410	8.6866
22.3410	8.6938
22.3410	8.7010
22.3483	8.7010
22.3483	8.7082
22.3483	8.7155
22.3555	8.7155
22.3627	8.7155
22.3627	8.7227
22.3699	8.7227
22.3699	8.7299
22.3771	8.7299
22.3771	8.7371
22.3844	8.7371
22.3844	8.7443
22.3916	8.7443
22.3916	8.7516
22.3988	8.7516
22.4060	8.7516
22.4060	8.7588
22.4132	8.7588
22.4205	8.7588
22.4205	8.7660
22.4277	8.7660
22.4277	8.7732
22.4277	8.7804
22.4349	8.7804
22.4349	8.7877
22.4421	8.7877
22.4421	8.7949
22.4493	8.7949
22.4493	8.8021
22.4566	8.8021
22.4566	8.8093
22.4638	8.8093
22.4638	8.8165
22.4638	8.8238
22.4710	8.8238
22.4782	8.8310
22.4782	8.8382
22.4854	8.8382
22.4854	8.8454
22.4927	8.8454
22.4927	8.8527
22.4927	8.8599
22.4999	8.8599
22.4999	8.8671
22.5071	8.8671
22.5071	8.8743
22.5143	8.8743
22.5143	8.8815
22.5216	8.8815
22.5216	8.8888
22.5216	8.8960
22.5288	8.8960
22.5360	8.8960
22.5360	8.9032
22.5360	8.9104
22.5432	8.9104
22.5432	8.9176
22.5432	8.9249
22.5504	8.9249
22.5504	8.9321
22.5577	8.9321
22.5577	8.9393
22.5649	8.9393
22.5649	8.9465
22.5721	8.9537
22.5721	8.9610
22.5793	8.9610
22.5793	8.9682
22.5865	8.9682
22.5865	8.9754
22.5865	8.9826
22.5938	8.9826
22.5938	8.9898
22.6010	8.9898
22.6010	8.9971
22.6010	9.0043
22.6082	9.0043
22.6082	9.0115
22.6082	9.0187
22.6154	9.0187
22.6154	9.0260
22.6226	9.0332
22.6226	9.0404
22.6226	9.0476
22.6299	9.0476
22.6299	9.0548
22.6371	9.0548
22.6371	9.0621
22.6371	9.0693
22.6371	9.0765
22.6443	9.0765
22.6443	9.0837
22.6443	9.0909
22.6515	9.0909
22.6587	9.0982
22.6587	9.1054
22.6587	9.1126
22.6660	9.1126
22.6660	9.1198
22.6732	9.1198
22.6732	9.1270
22.6732	9.1343
22.6804	9.1343
22.6876	9.1343
22.6876	9.1415
22.6948	9.1415
22.6948	9.1487
22.7021	9.1487
22.7021	9.1559
22.7021	9.1631
22.7021	9.1704
22.7093	9.1704
22.7093	9.1776
22.7165	9.1776
22.7165	9.1848
22.7165	9.1920
22.7165	9.1992
22.7165	9.2065
22.7237	9.2065
22.7237	9.2137
22.7237	9.2209
22.7237	9.2281
22.7310	9.2281
22.7310	9.2354
22.7310	9.2426
22.7382	9.2426
22.7454	9.2498
22.7454	9.2570
22.7454	9.2642
22.7526	9.2642
22.7526	9.2715
22.7526	9.2787
22.7526	9.2859
22.7526	9.2931
22.7526	9.3003
22.7526	9.3076
22.7526	9.3148
22.7526	9.3220
22.7526	9.3292
22.7526	9.3364
22.7526	9.3437
22.7526	9.3509
22.7454	9.3509
22.7454	9.3581
22.7382	9.3581
22.7382	9.3653
22.7382	9.3725
22.7382	9.3798
22.7382	9.3870
22.7382	9.3942
22.7310	9.3942
22.7310	9.4014
22.7310	9.4087
22.7237	9.4087
22.7237	9.4159
22.7237	9.4231
22.7237	9.4303
22.7237	9.4375
22.7237	9.4448
22.7237	9.4520
22.7237	9.4592
22.7237	9.4664
22.7237	9.4736
22.7237	9.4809
22.7165	9.4809
22.7165	9.4881
22.7165	9.4953
22.7165	9.5025
22.7165	9.5097
22.7165	9.5170
22.7165	9.5242
22.7165	9.5314
22.7165	9.5386
22.7165	9.5458
22.7165	9.5531
22.7165	9.5603
22.7165	9.5675
22.7165	9.5747
22.7165	9.5819
22.7165	9.5892
22.7165	9.5964
22.7165	9.6036
22.7165	9.6108
22.7165	9.6181
22.7165	9.6253
22.7165	9.6325
22.7165	9.6397
22.7237	9.6397
22.7237	9.6469
22.7310	9.6469
22.7310	9.6542
22.7382	9.6542
22.7454	9.6542
22.7454	9.6614
22.7526	9.6614
22.7526	9.6686
22.7598	9.6686
22.7598	9.6758
22.7671	9.6758
22.7671	9.6830
22.7743	9.6903
22.7743	9.6975
22.7815	9.6975
22.7815	9.7047
22.7815	9.7119
22.7815	9.7191
22.7887	9.7191
22.7887	9.7264
22.7887	9.7336
22.7887	9.7408
22.7959	9.7408
22.7959	9.7480
22.7959	9.7552
22.7959	9.7625
22.8032	9.7625
22.8032	9.7697
22.8104	9.7697
22.8104	9.7769
22.8176	9.7841
22.8176	9.7914
22.8176	9.7986
22.8176	9.8058
22.8248	9.8058
22.8248	9.8130
22.8248	9.8202
22.8248	9.8275
22.8248	9.8347
22.8248	9.8419
22.8248	9.8491
22.8320	9.8491
22.8320	9.8563
22.8320	9.8636
22.8320	9.8708
22.8320	9.8780
22.8320	9.8852
22.8320	9.8924
22.8320	9.8997
22.8320	9.9069
22.8320	9.9141
22.8320	9.9213
22.8320	9.9285
22.8320	9.9358
22.8320	9.9430
22.8320	9.9502
22.8320	9.9574
22.8320	9.9646
22.8320	9.9719
22.8248	9.9791
22.8248	9.9863
22.8248	9.9935
22.8248	10.0008
22.8176	10.0008
22.8176	10.0080
22.8176	10.0152
22.8176	10.0224
22.8176	10.0296
22.8104	10.0296
22.8104	10.0369
22.8104	10.0441
22.8104	10.0513
22.8032	10.0513
22.8032	10.0585
22.8032	10.0657
22.8032	10.0730
22.8032	10.0802
22.8032	10.0874
22.8104	10.0874
22.8104	10.0946
22.8104	10.1018
22.8176	10.1018
22.8176	10.1091
22.8176	10.1163
22.8176	10.1235
22.8248	10.1307
22.8248	10.1379
22.8248	10.1452
22.8248	10.1524
22.8320	10.1524
22.8320	10.1596
22.8393	10.1596
22.8393	10.1668
22.8465	10.1668
22.8465	10.1741
22.8465	10.1813
22.8465	10.1885
22.8537	10.1885
22.8537	10.1957
22.8537	10.2029
22.8537	10.2102
22.8609	10.2102
22.8609	10.2174
22.8681	10.2174
22.8681	10.2246
22.8681	10.2318
22.8754	10.2318
22.8754	10.2390
22.8826	10.2390
22.8826	10.2463
22.8826	10.2535
22.8898	10.2535
22.8898	10.2607
22.8970	10.2607
22.8970	10.2679
22.8970	10.2751
22.9043	10.2751
22.9043	10.2824
22.9115	10.2824
22.9115	10.2896
22.9115	10.2968
22.9115	10.3040
22.9187	10.3040
22.9187	10.3112
22.9259	10.3185
22.9259	10.3257
22.9259	10.3329
22.9259	10.3401
22.9259	10.3473
22.9259	10.3546
22.9331	10.3546
22.9331	10.3618
22.9331	10.3690
22.9331	10.3762
22.9404	10.3762
22.9404	10.3835
22.9404	10.3907
22.9404	10.3979
22.9404	10.4051
22.9404	10.4123
22.9404	10.4196
22.9404	10.4268
22.9404	10.4340
22.9404	10.4412
22.9404	10.4484
22.9404	10.4557
22.9404	10.4629
22.9404	10.4701
22.9404	10.4773
22.9404	10.4845
22.9476	10.4845
22.9476	10.4918
22.9476	10.4990
22.9548	10.5062
22.9548	10.5134
22.9548	10.5206
22.9548	10.5279
22.9548	10.5351
22.9548	10.5423
22.9548	10.5495
22.9620	10.5495
22.9620	10.5568
22.9620	10.5640
22.9620	10.5712
22.9620	10.5784
22.9620	10.5856
22.9620	10.5929
22.9620	10.6001
22.9620	10.6073
22.9620	10.6145
22.9620	10.6217
22.9620	10.6290
22.9620	10.6362
22.9620	10.6434
22.9620	10.6506
22.9620	10.6578
22.9620	10.6651
22.9692	10.6651
22.9692	10.6723
22.9692	10.6795
22.9692	10.6867
22.9692	10.6939
22.9765	10.6939
22.9837	10.6939
22.9909	10.7012
22.9981	10.7012
22.9981	10.7084
22.9981	10.7156
23.0053	10.7156
23.0053	10.7228
23.0053	10.7300
23.0126	10.7373
23.0126	10.7445
23.0126	10.7517
23.0198	10.7517
23.0198	10.7589
23.0270	10.7589
23.0270	10.7662
23.0342	10.7662
23.0342	10.7734
23.0414	10.7734
23.0487	10.7734
23.0487	10.7806
23.0559	10.7806
23.0559	10.7878
23.0631	10.7878
23.0631	10.7950
23.0703	10.7950
23.0703	10.8023
23.0703	10.8095
23.0776	10.8095
23.0776	10.8167
23.0776	10.8239
23.0776	10.8311
23.0776	10.8384
23.0776	10.8456
23.0776	10.8528
23.0776	10.8600
23.0776	10.8672
23.0776	10.8745
23.0776	10.8817
23.0776	10.8889
23.0776	10.8961
23.0776	10.9033
23.0776	10.9106
23.0776	10.9178
23.0776	10.9250
23.0776	10.9322
23.0776	10.9395
23.0776	10.9467
23.0776	10.9539
23.0703	10.9539
23.0703	10.9611
23.0703	10.9683
23.0703	10.9756
23.0703	10.9828
23.0631	10.9828
23.0631	10.9900
23.0631	10.9972
23.0631	11.0044
23.0559	11.0044
23.0559	11.0117
23.0559	11.0189
23.0487	11.0189
23.0487	11.0261
23.0414	11.0261
23.0414	11.0333
23.0414	11.0405
23.0414	11.0478
23.0342	11.0478
23.0342	11.0550
23.0342	11.0622
23.0270	11.0694
23.0270	11.0766
23.0270	11.0839
23.0270	11.0911
23.0198	11.0983
23.0198	11.1055
23.0198	11.1128
23.0198	11.1200
23.0198	11.1272
23.0198	11.1344
23.0198	11.1416
23.0198	11.1489
23.0198	11.1561
23.0198	11.1633
23.0198	11.1705
23.0270	11.1705
23.0270	11.1777
23.0342	11.1777
23.0342	11.1850
23.0342	11.1922
23.0414	11.1922
23.0414	11.1994
23.0487	11.1994
23.0487	11.2066
23.0487	11.2138
23.0487	11.2211
23.0559	11.2211
23.0559	11.2283
23.0559	11.2355
23.0559	11.2427
23.0559	11.2499
23.0631	11.2499
23.0631	11.2572
23.0631	11.2644
23.0631	11.2716
23.0631	11.2788
23.0631	11.2860
23.0631	11.2933
23.0631	11.3005
23.0703	11.3005
23.0703	11.3077
23.0703	11.3149
23.0703	11.3222
23.0703	11.3294
23.0703	11.3366
23.0703	11.3438
23.0703	11.3510
23.0703	11.3583
23.0703	11.3655
23.0703	11.3727
23.0703	11.3799
23.0703	11.3871
23.0703	11.3944
23.0703	11.4016
23.0703	11.4088
23.0703	11.4160
23.0703	11.4232
23.0703	11.4305
23.0703	11.4377
23.0703	11.4449
23.0703	11.4593
23.0703	11.4666
23.0703	11.4738
23.0703	11.4810
23.0703	11.4882
23.0703	11.4955
23.0776	11.4955
23.0776	11.5027
23.0776	11.5099
23.0776	11.5171
23.0776	11.5243
23.0776	11.5316
23.0776	11.5388
23.0776	11.5460
23.0776	11.5532
23.0776	11.5604
23.0703	11.5604
23.0703	11.5677
23.0703	11.5749
23.0703	11.5821
23.0703	11.5893
23.0631	11.5893
23.0631	11.5965
23.0631	11.6038
23.0631	11.6110
23.0631	11.6182
23.0559	11.6254
23.0559	11.6326
23.0559	11.6399
23.0559	11.6471
23.0487	11.6471
23.0487	11.6543
23.0414	11.6543
23.0414	11.6615
23.0414	11.6687
23.0414	11.6760
23.0414	11.6832
23.0487	11.6832
23.0487	11.6904
23.0487	11.6976
23.0487	11.7049
23.0487	11.7121
23.0487	11.7193
23.0559	11.7193
23.0559	11.7265
23.0559	11.7337
23.0559	11.7410
23.0559	11.7482
23.0559	11.7554
23.0559	11.7626
23.0559	11.7698
23.0559	11.7771
23.0631	11.7771
23.0631	11.7843
23.0631	11.7915
23.0631	11.7987
23.0631	11.8059
23.0631	11.8132
23.0631	11.8204
23.0631	11.8276
23.0631	11.8348
23.0631	11.8420
23.0703	11.8493
23.0703	11.8565
23.0703	11.8637
23.0776	11.8637
23.0848	11.8637
23.0848	11.8709
23.0848	11.8782
23.0848	11.8854
23.0848	11.8926
23.0848	11.8998
23.0848	11.9070
23.0776	11.9070
23.0776	11.9143
23.0703	11.9143
23.0703	11.9215
23.0703	11.9287
23.0703	11.9359
23.0631	11.9431
23.0631	11.9504
23.0559	11.9504
23.0559	11.9576
23.0559	11.9648
23.0487	11.9648
23.0487	11.9720
23.0414	11.9720
23.0414	11.9792
23.0342	11.9792
23.0342	11.9865
23.0270	11.9937
23.0270	12.0009
23.0198	12.0081
23.0126	12.0081
23.0126	12.0153
23.0053	12.0153
23.0053	12.0226
23.0053	12.0298
22.9981	12.0298
22.9981	12.0370
22.9909	12.0370
22.9909	12.0442
22.9837	12.0442
22.9837	12.0514
22.9765	12.0514
22.9765	12.0587
22.9692	12.0659
22.9620	12.0659
22.9620	12.0731
22.9620	12.0803
22.9548	12.0876
22.9476	12.0876
22.9476	12.0948
22.9404	12.0948
22.9404	12.1020
22.9331	12.1020
22.9331	12.1092
22.9331	12.1164
22.9259	12.1164
22.9187	12.1164
22.9187	12.1237
22.9187	12.1309
22.9115	12.1309
22.9115	12.1381
22.9115	12.1453
22.9043	12.1453
22.9043	12.1525
22.8970	12.1598
22.8898	12.1598
22.8898	12.1670
22.8898	12.1742
22.8826	12.1742
22.8826	12.1814
22.8826	12.1886
22.8754	12.1886
22.8754	12.1959
22.8681	12.2031
22.8609	12.2103
22.8609	12.2175
22.8537	12.2175
22.8537	12.2247
22.8537	12.2320
22.8537	12.2392
22.8465	12.2392
22.8465	12.2464
22.8465	12.2536
22.8393	12.2536
22.8393	12.2609
22.8320	12.2609
22.8320	12.2681
22.8320	12.2753
22.8248	12.2753
22.8248	12.2825
22.8248	12.2897
22.8248	12.2970
22.8176	12.2970
22.8176	12.3042
22.8104	12.3042
22.8104	12.3114
22.8032	12.3186
22.8032	12.3258
22.8032	12.3331
22.7959	12.3331
22.7959	12.3403
22.7959	12.3475
22.7959	12.3547
22.7959	12.3619
22.7887	12.3692
22.7887	12.3764
22.7887	12.3836
22.7887	12.3908
22.7815	12.3908
22.7815	12.3980
22.7743	12.4053
22.7743	12.4125
22.7743	12.4197
22.7671	12.4197
22.7671	12.4269
22.7671	12.4341
22.7671	12.4414
22.7671	12.4486
22.7671	12.4558
22.7671	12.4630
22.7598	12.4703
22.7598	12.4775
22.7598	12.4847
22.7598	12.4919
22.7598	12.4991
22.7598	12.5064
22.7526	12.5064
22.7526	12.5136
22.7526	12.5208
22.7526	12.5280
22.7526	12.5352
22.7526	12.5425
22.7526	12.5497
22.7526	12.5569
22.7526	12.5641
22.7526	12.5713
22.7526	12.5786
22.7526	12.5858
22.7526	12.5930
22.7454	12.6002
22.7454	12.6074
22.7454	12.6147
22.7454	12.6219
22.7454	12.6291
22.7454	12.6363
22.7526	12.6363
22.7526	12.6436
22.7526	12.6508
22.7526	12.6580
22.7598	12.6580
22.7598	12.6652
22.7671	12.6652
22.7671	12.6724
22.7743	12.6724
22.7743	12.6797
22.7815	12.6797
22.7815	12.6869
22.7887	12.6869
22.7887	12.6941
22.7887	12.7013
22.7959	12.7013
22.7959	12.7085
22.7959	12.7158
22.7959	12.7230
22.7959	12.7302
22.7959	12.7374
22.7959	12.7446
22.7959	12.7519
22.7959	12.7591
22.8032	12.7591
22.8032	12.7663
22.8032	12.7735
22.8032	12.7807
22.8032	12.7880
22.8032	12.7952
22.8032	12.8024
22.8032	12.8096
22.8032	12.8168
22.8032	12.8241
22.8032	12.8313
22.8032	12.8385
22.8032	12.8457
22.8032	12.8530
22.8032	12.8602
22.8032	12.8674
22.8032	12.8746
22.8032	12.8818
22.8032	12.8891
22.8032	12.8963
22.8032	12.9035
22.7959	12.9035
22.7959	12.9107
22.7959	12.9179
22.7959	12.9252
22.7959	12.9324
22.7959	12.9396
22.7887	12.9396
22.7887	12.9468
22.7887	12.9540
22.7887	12.9613
22.7815	12.9613
22.7743	12.9613
22.7743	12.9685
22.7743	12.9757
22.7671	12.9757
22.7671	12.9829
22.7671	12.9901
22.7598	12.9901
22.7598	12.9974
22.7526	12.9974
22.7526	13.0046
22.7526	13.0118
22.7454	13.0118
22.7454	13.0190
22.7382	13.0190
22.7382	13.0263
22.7310	13.0263
22.7310	13.0335
22.7310	13.0407
22.7237	13.0407
22.7237	13.0479
22.7165	13.0479
22.7165	13.0551
22.7093	13.0551
22.7021	13.0551
22.7021	13.0624
22.7021	13.0696
22.6948	13.0696
22.6876	13.0768
22.6804	13.0768
22.6804	13.0840
22.6732	13.0840
22.6660	13.0912
22.6660	13.0985
22.6587	13.0985
22.6587	13.1057
22.6515	13.1057
22.6515	13.1129
22.6443	13.1129
22.6443	13.1201
22.6443	13.1273
22.6371	13.1273
22.6371	13.1346
22.6299	13.1346
22.6226	13.1346
22.6226	13.1418
22.6226	13.1490
22.6154	13.1490
22.6154	13.1562
22.6082	13.1562
22.6082	13.1634
22.6082	13.1707
22.6010	13.1707
22.5938	13.1707
22.5938	13.1779
22.5938	13.1851
22.5865	13.1851
22.5865	13.1923
22.5865	13.1995
22.5793	13.1995
22.5793	13.2068
22.5721	13.2068
22.5721	13.2140
22.5649	13.2140
22.5649	13.2212
22.5649	13.2284
22.5649	13.2357
22.5649	13.2429
22.5649	13.2501
22.5649	13.2573
22.5649	13.2645
22.5649	13.2718
22.5649	13.2790
22.5649	13.2862
22.5649	13.2934
22.5649	13.3006
22.5649	13.3079
22.5649	13.3151
22.5649	13.3223
22.5649	13.3295
22.5649	13.3367
22.5649	13.3440
22.5649	13.3512
22.5649	13.3584
22.5649	13.3656
22.5649	13.3728
22.5649	13.3801
22.5649	13.3873
22.5649	13.3945
22.5649	13.4017
22.5649	13.4090
22.5649	13.4162
22.5577	13.4162
22.5577	13.4234
22.5577	13.4306
22.5577	13.4378
22.5649	13.4378
22.5649	13.4451
22.5721	13.4523
22.5721	13.4595
22.5721	13.4667
22.5793	13.4667
22.5793	13.4739
22.5793	13.4812
22.5793	13.4884
22.5793	13.4956
22.5793	13.5028
22.5793	13.5100
22.5793	13.5173
22.5793	13.5245
22.5793	13.5317
22.5793	13.5389
22.5793	13.5461
22.5793	13.5534
22.5793	13.5606
22.5793	13.5678
22.5793	13.5750
22.5793	13.5823
22.5865	13.5823
22.5865	13.5895
22.5938	13.5895
22.6010	13.5895
22.6082	13.5967
22.6154	13.5967
22.6154	13.6039
22.6226	13.6039
22.6226	13.6111
22.6299	13.6111
22.6299	13.6184
22.6299	13.6256
22.6299	13.6328
22.6299	13.6400
22.6299	13.6472
22.6299	13.6545
22.6299	13.6617
22.6226	13.6617
22.6226	13.6689
22.6226	13.6761
22.6154	13.6761
22.6154	13.6833
22.6082	13.6833
22.6082	13.6978
22.6010	13.6978
22.6010	13.7050
22.5938	13.7050
22.5938	13.7122
22.5865	13.7122
22.5865	13.7194
22.5865	13.7267
22.5793	13.7267
22.5793	13.7339
22.5721	13.7339
22.5649	13.7411
22.5649	13.7483
22.5649	13.7555
22.5577	13.7555
22.5577	13.7628
22.5504	13.7628
22.5432	13.7628
22.5360	13.7628
22.5360	13.7700
22.5288	13.7700
22.5288	13.7772
22.5288	13.7844
22.5288	13.7917
22.5288	13.7989
22.5288	13.8061
22.5288	13.8133
22.5288	13.8205
22.5288	13.8278
22.5288	13.8350
22.5216	13.8422
22.5216	13.8494
22.5216	13.8566
22.5216	13.8639
22.5216	13.8711
22.5216	13.8783
22.5143	13.8783
22.5143	13.8855
22.5143	13.8927
22.5143	13.9000
22.5143	13.9072
22.5143	13.9144
22.5071	13.9144
22.5071	13.9216
22.5071	13.9288
22.5071	13.9361
22.5071	13.9433
22.5071	13.9505
22.4999	13.9505
22.4999	13.9577
22.4999	13.9650
22.4999	13.9722
22.4927	13.9722
22.4927	13.9794
22.4927	13.9866
22.4927	13.9938
22.4854	13.9938
22.4854	14.0011
22.4782	14.0011
22.4710	14.0011
22.4638	14.0011
22.4638	14.0083
22.4638	14.0155
22.4638	14.0227
22.4638	14.0299
22.4638	14.0372
22.4638	14.0444
22.4638	14.0516
22.4638	14.0588
22.4638	14.0660
22.4638	14.0733
22.4638	14.0805
22.4638	14.0877
22.4638	14.0949
22.4638	14.1021
22.4638	14.1094
22.4638	14.1166
22.4638	14.1238
22.4638	14.1310
22.4638	14.1382
22.4638	14.1455
22.4638	14.1527
22.4638	14.1599
22.4638	14.1671
22.4638	14.1744
22.4638	14.1816
22.4638	14.1888
22.4566	14.1888
22.4566	14.1960
22.4566	14.2105
22.4566	14.2177
22.4566	14.2249
22.4566	14.2321
22.4566	14.2393
22.4566	14.2466
22.4566	14.2538
22.4566	14.2610
22.4566	14.2682
22.4493	14.2682
22.4493	14.2754
22.4493	14.2827
22.4421	14.2827
22.4349	14.2827
22.4277	14.2827
22.4205	14.2827
22.4132	14.2827
22.4060	14.2827
22.3988	14.2827
22.3916	14.2827
22.3844	14.2827
22.3771	14.2827
22.3699	14.2827
22.3627	14.2827
22.3555	14.2827
22.3483	14.2827
22.3410	14.2827
22.3338	14.2827
22.3266	14.2827
22.3194	14.2827
22.3121	14.2827
22.3049	14.2827
22.3049	14.2754
22.2977	14.2754
22.2905	14.2754
22.2833	14.2754
22.2833	14.2682
22.2760	14.2682
22.2688	14.2682
22.2616	14.2682
22.2616	14.2610
22.2544	14.2610
22.2544	14.2538
22.2472	14.2538
22.2399	14.2538
22.2399	14.2466
22.2327	14.2466
22.2255	14.2466
22.2255	14.2393
22.2183	14.2393
22.2111	14.2393
22.2038	14.2393
22.1966	14.2393
22.1894	14.2393
22.1894	14.2321
22.1822	14.2321
22.1750	14.2321
22.1677	14.2321
22.1605	14.2321
22.1533	14.2321
22.1461	14.2321
22.1389	14.2321
22.1316	14.2321
22.1244	14.2321
22.1172	14.2321
22.1172	14.2393
22.1100	14.2393
22.1100	14.2466
22.1027	14.2466
22.1027	14.2538
22.1027	14.2610
22.0955	14.2610
22.0883	14.2610
22.0883	14.2682
22.0811	14.2682
22.0811	14.2754
22.0739	14.2754
22.0739	14.2827
22.0666	14.2899
22.0594	14.2899
22.0522	14.2971
22.0450	14.2971
22.0450	14.3043
22.0378	14.3043
22.0378	14.3115
22.0305	14.3115
22.0233	14.3115
22.0233	14.3188
22.0233	14.3260
22.0161	14.3260
22.0161	14.3332
22.0089	14.3332
22.0017	14.3332
22.0017	14.3404
21.9944	14.3404
21.9872	14.3404
21.9872	14.3477
21.9800	14.3549
21.9728	14.3549
21.9656	14.3549
21.9656	14.3621
21.9583	14.3621
21.9511	14.3621
21.9511	14.3693
21.9439	14.3693
21.9367	14.3693
21.9367	14.3765
21.9367	14.3838
21.9294	14.3838
21.9222	14.3838
21.9222	14.3910
21.9150	14.3910
21.9078	14.3982
21.9006	14.3982
21.9006	14.4054
21.8933	14.4054
21.8933	14.4126
21.8861	14.4126
21.8789	14.4126
21.8789	14.4199
21.8717	14.4199
21.8717	14.4271
21.8645	14.4271
21.8645	14.4343
21.8572	14.4343
21.8572	14.4415
21.8500	14.4415
21.8428	14.4487
21.8356	14.4487
21.8284	14.4487
21.8284	14.4560
21.8211	14.4560
21.8139	14.4632
21.8139	14.4704
21.8067	14.4704
21.8067	14.4776
21.7995	14.4776
21.7923	14.4776
21.7923	14.4848
21.7850	14.4848
21.7778	14.4848
21.7706	14.4848
21.7634	14.4848
21.7562	14.4848
21.7489	14.4848
21.7417	14.4848
21.7345	14.4848
21.7273	14.4848
21.7200	14.4848
21.7128	14.4848
21.7056	14.4848
21.6984	14.4848
21.6912	14.4848
21.6839	14.4848
21.6839	14.4921
21.6767	14.4921
21.6695	14.4921
21.6623	14.4921
21.6551	14.4921
21.6478	14.4921
21.6406	14.4921
21.6406	14.4993
21.6334	14.4993
21.6262	14.4993
21.6190	14.4993
21.6117	14.4993
21.6045	14.4993
21.5973	14.4993
21.5901	14.4993
21.5829	14.4993
21.5756	14.4993
21.5684	14.4993
21.5612	14.4993
21.5540	14.4993
21.5467	14.4921
21.5395	14.4921
21.5323	14.4921
21.5251	14.4921
21.5179	14.4848
21.5106	14.4848
21.5034	14.4848
21.4962	14.4848
21.4890	14.4848
21.4818	14.4848
21.4818	14.4776
21.4745	14.4776
21.4673	14.4776
21.4601	14.4776
21.4529	14.4704
21.4457	14.4704
21.4457	14.4632
21.4384	14.4632
21.4312	14.4632
21.4240	14.4632
21.4168	14.4632
21.4096	14.4632
21.4023	14.4632
21.3951	14.4632
21.3879	14.4632
21.3807	14.4632
21.3735	14.4704
21.3662	14.4704
21.3590	14.4704
21.3518	14.4776
21.3446	14.4776
21.3373	14.4848
21.3301	14.4848
21.3301	14.4921
21.3229	14.4921
21.3229	14.4993
21.3157	14.4993
21.3085	14.4993
21.3085	14.5065
21.3012	14.5065
21.2940	14.5065
21.2940	14.5137
21.2868	14.5137
21.2796	14.5137
21.2724	14.5209
21.2651	14.5209
21.2579	14.5209
21.2507	14.5209
21.2507	14.5282
21.2435	14.5282
21.2435	14.5354
21.2363	14.5354
21.2290	14.5354
21.2218	14.5354
21.2146	14.5354
21.2146	14.5426
21.2074	14.5426
21.2002	14.5426
21.1929	14.5426
21.1929	14.5498
21.1857	14.5498
21.1785	14.5498
21.1713	14.5498
21.1640	14.5498
21.1568	14.5498
21.1568	14.5571
21.1496	14.5571
21.1424	14.5571
21.1352	14.5571
21.1352	14.5643
21.1279	14.5643
21.1207	14.5643
21.1135	14.5643
21.1063	14.5643
21.0991	14.5643
21.0991	14.5715
21.0918	14.5715
21.0846	14.5715
21.0774	14.5715
21.0702	14.5715
21.0702	14.5787
21.0630	14.5787
21.0557	14.5787
21.0485	14.5787
21.0413	14.5787
21.0413	14.5859
21.0341	14.5859
21.0269	14.5859
21.0196	14.5859
21.0124	14.5859
21.0124	14.5932
21.0052	14.5932
20.9980	14.5932
20.9908	14.5932
20.9835	14.5932
20.9763	14.5932
20.9691	14.6004
20.9619	14.6004
20.9546	14.6004
20.9474	14.6004
20.9402	14.6004
20.9330	14.6004
20.9258	14.6004
20.9258	14.6076
20.9185	14.6076
20.9113	14.6076
20.9041	14.6076
20.8897	14.6076
20.8824	14.6076
20.8824	14.6148
20.8752	14.6148
20.8680	14.6148
20.8608	14.6148
20.8536	14.6148
20.8463	14.6148
20.8391	14.6148
20.8319	14.6148
20.8247	14.6148
20.8175	14.6148
20.8102	14.6148
20.8030	14.6148
20.7958	14.6148
20.7886	14.6148
20.7813	14.6148
20.7741	14.6148
20.7669	14.6148
20.7669	14.6220
20.7597	14.6220
20.7452	14.6220
20.7380	14.6220
20.7308	14.6220
20.7236	14.6220
20.7164	14.6220
20.7091	14.6220
20.7019	14.6220
20.6947	14.6220
20.6875	14.6220
20.6875	14.6148
20.6803	14.6148
20.6730	14.6148
20.6730	14.6076
20.6658	14.6076
20.6658	14.6004
20.6586	14.6004
20.6514	14.6004
20.6442	14.6004
20.6369	14.6004
20.6297	14.6004
20.6225	14.6004
20.6153	14.6004
20.6081	14.6004
20.6008	14.6004
20.5936	14.6004
20.5864	14.6004
20.5792	14.6004
20.5719	14.6004
20.5647	14.6004
20.5575	14.6004
20.5503	14.6004
20.5431	14.6004
20.5358	14.6004
20.5286	14.6004
20.5214	14.6004
20.5142	14.6004
20.5070	14.6004
20.4997	14.6004
20.4925	14.6004
20.4853	14.6004
20.4781	14.6004
20.4709	14.6004
20.4636	14.6004
20.4564	14.6004
20.4564	14.6076
20.4492	14.6076
20.4420	14.6076
20.4420	14.6148
20.4348	14.6148
20.4348	14.6220
20.4275	14.6220
20.4131	14.6293
20.4059	14.6293
20.3986	14.6365
20.3914	14.6437
20.3842	14.6437
20.3770	14.6509
20.3698	14.6509
20.3625	14.6509
20.3625	14.6581
20.3553	14.6581
20.3481	14.6581
20.3481	14.6654
20.3409	14.6654
20.3409	14.6726
20.3337	14.6726
20.3264	14.6726
20.3264	14.6798
20.3192	14.6798
20.3120	14.6798
20.3048	14.6798
20.2976	14.6798
20.2903	14.6798
20.2831	14.6870
20.2687	14.6870
20.2615	14.6870
20.2542	14.6870
20.2470	14.6870
20.2398	14.6870
20.2326	14.6870
20.2253	14.6870
20.2181	14.6870
20.2109	14.6870
20.2037	14.6870
20.1965	14.6870
20.1892	14.6870
20.1820	14.6870
20.1748	14.6870
20.1676	14.6942
20.1604	14.6942
20.1531	14.6942
20.1459	14.6942
20.1387	14.6942
20.1315	14.6942
20.1243	14.7015
20.1170	14.7015
20.1170	14.7087
20.1098	14.7087
20.1026	14.7087
20.0954	14.7087
20.0882	14.7087
20.0809	14.7087
20.0737	14.7087
20.0737	14.7159
20.0665	14.7159
20.0593	14.7159
20.0521	14.7159
20.0448	14.7159
20.0376	14.7159
20.0304	14.7159
20.0232	14.7159
20.0159	14.7231
20.0015	14.7231
19.9943	14.7231
19.9871	14.7231
19.9798	14.7231
19.9726	14.7231
19.9654	14.7231
19.9582	14.7231
19.9510	14.7231
19.9365	14.7304
19.9293	14.7376
19.9149	14.7376
19.9076	14.7448
19.9004	14.7448
19.8932	14.7448
19.8860	14.7448
19.8788	14.7520
19.8715	14.7520
19.8643	14.7520
19.8571	14.7520
19.8499	14.7520
19.8499	14.7592
19.8426	14.7592
19.8354	14.7592
19.8282	14.7592
19.8210	14.7592
19.8138	14.7592
19.8065	14.7592
19.7993	14.7592
19.7921	14.7592
19.7849	14.7592
19.7777	14.7592
19.7704	14.7592
19.7632	14.7592
19.7560	14.7592
19.7488	14.7592
19.7488	14.7520
19.7343	14.7520
19.7271	14.7520
19.7199	14.7520
19.7199	14.7448
19.7127	14.7448
19.7055	14.7448
19.6982	14.7448
19.6910	14.7448
19.6838	14.7448
19.6766	14.7448
19.6694	14.7448
19.6621	14.7376
19.6549	14.7376
19.6477	14.7304
19.6332	14.7304
19.6260	14.7304
19.6188	14.7304
19.6116	14.7304
19.6116	14.7231
19.6044	14.7231
19.5971	14.7231
19.5899	14.7231
19.5827	14.7231
19.5755	14.7231
19.5683	14.7231
19.5610	14.7231
19.5538	14.7231
19.5466	14.7159
19.5394	14.7159
19.5322	14.7159
19.5249	14.7159
19.5177	14.7159
19.5105	14.7159
19.5105	14.7087
19.4961	14.7087
19.4888	14.7015
19.4816	14.7015
19.4744	14.7015
19.4672	14.7015
19.4599	14.7015
19.4599	14.6942
19.4527	14.6942
19.4455	14.6942
19.4455	14.6870
19.4383	14.6870
19.4383	14.6798
19.4383	14.6726
19.4311	14.6726
19.4311	14.6654
19.4238	14.6654
19.4166	14.6581
19.4094	14.6437
19.4022	14.6365
19.3950	14.6365
19.3950	14.6293
19.3877	14.6293
19.3877	14.6220
19.3805	14.6148
19.3733	14.6148
19.3733	14.6076
19.3661	14.6076
19.3661	14.6004
19.3661	14.5932
19.3589	14.5932
19.3589	14.5859
19.3589	14.5787
19.3516	14.5787
19.3516	14.5715
19.3444	14.5715
19.3444	14.5643
19.3372	14.5571
19.3300	14.5498
19.3228	14.5426
19.3155	14.5426
19.3155	14.5354
19.3083	14.5354
19.3083	14.5282
19.3011	14.5282
19.2939	14.5209
19.2867	14.5209
19.2794	14.5209
19.2722	14.5209
19.2650	14.5137
19.2505	14.5137
19.2433	14.5065
19.2361	14.5065
19.2289	14.5065
19.2217	14.4993
19.2144	14.4921
19.2072	14.4921
19.1928	14.4921
19.1856	14.4921
19.1783	14.4848
19.1639	14.4848
19.1567	14.4848
19.1567	14.4776
19.1495	14.4776
19.1422	14.4776
19.1350	14.4776
19.1278	14.4776
19.1278	14.4704
19.1206	14.4704
19.1206	14.4632
19.1134	14.4632
19.1061	14.4632
19.0989	14.4560
19.0917	14.4560
19.0845	14.4487
19.0772	14.4487
19.0700	14.4487
19.0628	14.4415
19.0628	14.4343
19.0556	14.4343
19.0484	14.4343
19.0411	14.4271
19.0339	14.4271
19.0339	14.4199
19.0195	14.4199
19.0123	14.4126
19.0050	14.4054
18.9978	14.4054
18.9906	14.4054
18.9906	14.3982
18.9834	14.3982
18.9762	14.3982
18.9689	14.3982
18.9617	14.3982
18.9617	14.4054
18.9617	14.4126
18.9545	14.4126
18.9545	14.4199
18.9545	14.4271
18.9545	14.4343
18.9473	14.4343
18.9401	14.4343
18.9328	14.4343
18.9256	14.4343
18.9184	14.4343
18.9112	14.4343
18.8967	14.4343
18.8895	14.4343
18.8751	14.4271
18.8606	14.4271
18.8462	14.4199
18.8317	14.4199
18.8245	14.4126
18.8101	14.4054
18.7956	14.3982
18.7812	14.3982
18.7668	14.3910
18.7595	14.3910
18.7523	14.3838
18.7451	14.3838
18.7451	14.3765
18.7379	14.3765
18.7307	14.3765
18.7307	14.3693
18.7234	14.3693
18.7162	14.3693
18.7090	14.3693
18.7090	14.3621
18.7018	14.3621
18.7018	14.3549
18.6945	14.3549
18.6945	14.3477
18.6873	14.3477
18.6801	14.3404
18.6657	14.3332
18.6584	14.3260
18.6440	14.3188
18.6296	14.3115
18.6223	14.3043
18.6151	14.3043
18.6007	14.2899
18.5935	14.2827
18.5862	14.2754
18.5718	14.2682
18.5646	14.2610
18.5501	14.2538
18.5357	14.2466
18.5285	14.2393
18.5213	14.2321
18.5213	14.2249
18.5213	14.2177
18.5213	14.2105
18.5213	14.2032
18.5213	14.1960
18.5213	14.1888
18.5285	14.1888
18.5285	14.1816
18.5285	14.1744
18.5285	14.1671
18.5285	14.1599
18.5285	14.1527
18.5140	14.1527
18.5068	14.1382
18.4996	14.1310
18.4924	14.1238
18.4924	14.1166
18.4851	14.1166
18.4779	14.1094
18.4707	14.1021
18.4635	14.1021
18.4635	14.0949
18.4563	14.0949
18.4490	14.0805
18.4418	14.0805
18.4418	14.0733
18.4346	14.0733
18.4346	14.0660
18.4274	14.0660
18.4202	14.0660
18.4202	14.0588
18.4129	14.0588
18.4057	14.0516
18.3985	14.0444
18.3913	14.0444
18.3841	14.0444
18.3768	14.0372
18.3696	14.0372
18.3624	14.0299
18.3552	14.0299
18.3480	14.0227
18.3407	14.0227
18.3335	14.0155
18.3263	14.0155
18.3191	14.0155
18.3191	14.0083
18.3118	14.0083
18.3046	14.0083
18.3046	14.0011
18.2974	14.0011
18.2974	13.9938
18.2902	13.9938
18.2830	13.9866
18.2685	13.9794
18.2541	13.9722
18.2396	13.9577
18.2180	13.9505
18.2108	13.9433
18.1891	13.9288
18.1747	13.9144
18.1674	13.9072
18.1602	13.9072
18.1458	13.9000
18.1386	13.8855
18.1241	13.8783
18.1169	13.8711
18.1097	13.8711
18.1097	13.8639
18.1024	13.8639
18.0952	13.8566
18.0952	13.8494
18.0880	13.8494
18.0808	13.8350
18.0736	13.8350
18.0663	13.8205
18.0519	13.8133
18.0447	13.8061
18.0375	13.7989
18.0302	13.7917
18.0230	13.7844
18.0158	13.7772
18.0086	13.7772
17.9941	13.7628
17.9869	13.7555
17.9797	13.7483
17.9653	13.7339
17.9580	13.7339
17.9508	13.7267
17.9508	13.7194
17.9508	13.7122
17.9508	13.7050
17.9436	13.7050
17.9436	13.6978
17.9364	13.6978
17.9364	13.6906
17.9364	13.6833
17.9291	13.6761
17.9291	13.6689
17.9219	13.6689
17.9219	13.6617
17.9147	13.6617
17.9147	13.6545
17.9075	13.6545
17.9003	13.6545
17.9003	13.6472
17.9003	13.6400
17.8930	13.6400
17.8858	13.6328
17.8786	13.6328
17.8714	13.6256
17.8642	13.6184
17.8569	13.6111
17.8497	13.6111
17.8425	13.6039
17.8353	13.6039
17.8353	13.5967
17.8281	13.5967
17.8208	13.5967
17.8136	13.5967
17.8136	13.5895
17.8064	13.5895
17.8064	13.5823
17.7992	13.5823
17.7920	13.5750
17.7847	13.5750
17.7847	13.5678
17.7775	13.5678
17.7775	13.5606
17.7775	13.5534
17.7703	13.5534
17.7703	13.5461
17.7631	13.5461
17.7558	13.5317
17.7486	13.5245
17.7414	13.5173
17.7414	13.5100
17.7342	13.5100
17.7270	13.5028
17.7270	13.4956
17.7197	13.4884
17.7125	13.4812
17.7125	13.4739
17.7053	13.4667
17.6981	13.4667
17.6981	13.4595
17.6981	13.4523
17.6909	13.4523
17.6909	13.4451
17.6909	13.4378
17.6836	13.4378
17.6836	13.4306
17.6764	13.4306
17.6764	13.4234
17.6692	13.4234
17.6692	13.4162
17.6620	13.4162
17.6620	13.4090
17.6548	13.4017
17.6475	13.3945
17.6403	13.3945
17.6403	13.3873
17.6331	13.3873
17.6331	13.3801
17.6259	13.3801
17.6259	13.3728
17.6259	13.3656
17.6187	13.3656
17.6187	13.3584
17.6114	13.3584
17.6042	13.3584
17.6042	13.3512
17.5970	13.3440
17.5970	13.3367
17.5898	13.3367
17.5898	13.3295
17.5826	13.3223
17.5826	13.3151
17.5753	13.3151
17.5753	13.3079
17.5681	13.3079
17.5681	13.3006
17.5681	13.2934
17.5681	13.2862
17.5681	13.2790
17.5681	13.2718
17.5681	13.2645
17.5681	13.2573
17.5753	13.2573
17.5753	13.2501
17.5826	13.2501
17.5826	13.2429
17.5826	13.2357
17.5826	13.2284
17.5826	13.2212
17.5826	13.2140
17.5826	13.2068
17.5826	13.1995
17.5753	13.1995
17.5753	13.1851
17.5681	13.1779
17.5609	13.1634
17.5464	13.1490
17.5464	13.1418
17.5392	13.1346
17.5320	13.1273
17.5320	13.1201
17.5248	13.1201
17.5248	13.1129
17.5176	13.1057
17.5176	13.0985
17.5176	13.0912
17.5103	13.0912
17.5031	13.0912
17.4959	13.0912
17.4887	13.0912
17.4887	13.0840
17.4815	13.0840
17.4742	13.0840
17.4742	13.0768
17.4670	13.0768
17.4598	13.0768
17.4598	13.0696
17.4526	13.0696
17.4526	13.0624
17.4526	13.0551
17.4454	13.0551
17.4454	13.0479
17.4381	13.0407
17.4309	13.0335
17.4237	13.0263
17.4165	13.0190
17.4165	13.0118
17.4093	13.0046
17.3948	12.9974
17.3948	12.9901
17.3876	12.9829
17.3804	12.9829
17.3731	12.9757
17.3587	12.9540
17.3515	12.9468
17.3443	12.9396
17.3370	12.9396
17.3370	12.9324
17.3370	12.9252
17.3298	12.9252
17.3298	12.9179
17.3298	12.9107
17.3298	12.9035
17.3370	12.9035
17.3370	12.8963
17.3370	12.8891
17.3370	12.8818
17.3443	12.8746
17.3443	12.8674
17.3443	12.8602
17.3443	12.8530
17.3443	12.8457
17.3443	12.8385
17.3443	12.8313
17.3443	12.8241
17.3443	12.8168
17.3443	12.8096
17.3443	12.8024
17.3370	12.8024
17.3370	12.7952
17.3370	12.7880
17.3370	12.7807
17.3370	12.7735
17.3298	12.7735
17.3298	12.7663
17.3298	12.7591
17.3298	12.7519
17.3298	12.7446
17.3298	12.7374
17.3298	12.7302
17.3298	12.7230
17.3298	12.7158
17.3226	12.7158
17.3226	12.7085
17.3226	12.7013
17.3226	12.6941
17.3226	12.6869
17.3154	12.6797
17.3154	12.6724
17.3082	12.6724
17.3082	12.6652
17.3082	12.6580
17.3082	12.6508
17.3082	12.6436
17.3009	12.6436
17.3009	12.6363
17.3009	12.6291
17.3009	12.6219
17.2937	12.6147
17.2937	12.6074
17.2937	12.6002
17.2865	12.6002
17.2865	12.5930
17.2865	12.5858
17.2793	12.5858
17.2793	12.5786
17.2793	12.5713
17.2793	12.5641
17.2793	12.5569
17.2793	12.5497
17.2721	12.5425
17.2721	12.5352
17.2721	12.5280
17.2721	12.5208
17.2721	12.5136
17.2721	12.5064
17.2721	12.4991
17.2648	12.4991
17.2648	12.4919
17.2576	12.4919
17.2576	12.4847
17.2504	12.4775
17.2504	12.4703
17.2432	12.4630
17.2360	12.4558
17.2360	12.4486
17.2287	12.4414
17.2215	12.4414
17.2215	12.4341
17.2215	12.4269
17.2143	12.4269
17.2143	12.4197
17.2143	12.4125
17.2143	12.4053
17.2071	12.4053
17.2071	12.3980
17.2071	12.3908
17.1999	12.3908
17.1999	12.3836
17.1999	12.3764
17.1926	12.3764
17.1926	12.3692
17.1926	12.3619
17.1854	12.3619
17.1854	12.3547
17.1854	12.3475
17.1854	12.3403
17.1854	12.3331
17.1854	12.3258
17.1782	12.3258
17.1782	12.3186
17.1710	12.3186
17.1710	12.3114
17.1710	12.3042
17.1710	12.2970
17.1637	12.2970
17.1637	12.2897
17.1565	12.2897
17.1565	12.2825
17.1565	12.2753
17.1565	12.2681
17.1565	12.2609
17.1565	12.2536
17.1565	12.2464
17.1637	12.2464
17.1637	12.2392
17.1710	12.2320
17.1782	12.2247
17.1854	12.2247
17.1926	12.2175
17.1926	12.2103
17.1999	12.2103
17.1999	12.2031
17.2071	12.2031
17.2071	12.1959
17.2143	12.1959
17.2215	12.1959
17.2215	12.1886
17.2287	12.1886
17.2287	12.1814
17.2360	12.1814
17.2360	12.1742
17.2432	12.1742
17.2504	12.1742
17.2504	12.1670
17.2576	12.1670
17.2648	12.1670
17.2648	12.1598
17.2648	12.1525
17.2721	12.1525
17.2721	12.1453
17.2793	12.1453
17.2865	12.1453
17.2865	12.1381
17.2865	12.1309
17.2937	12.1309
17.2937	12.1237
17.2937	12.1164
17.2937	12.1092
17.3009	12.1092
17.3009	12.1020
17.3009	12.0948
17.3009	12.0876
17.3009	12.0803
17.3082	12.0803
17.3082	12.0731
17.3082	12.0659
17.3082	12.0587
17.3154	12.0514
17.3154	12.0442
17.3154	12.0370
17.3154	12.0298
17.3154	12.0226
17.3154	12.0153
17.3154	12.0081
17.3154	12.0009
17.3154	11.9937
17.3154	11.9865
17.3154	11.9792
17.3226	11.9792
17.3226	11.9720
17.3226	11.9648
17.3226	11.9576
17.3226	11.9504
17.3226	11.9431
17.3154	11.9431
17.3082	11.9431
17.3082	11.9359
17.3009	11.9359
17.3009	11.9287
17.3009	11.9215
17.2937	11.9143
17.2937	11.9070
17.2865	11.9070
17.2793	11.8998
17.2721	11.8926
17.2721	11.8854
17.2648	11.8854
17.2648	11.8782
17.2576	11.8782
17.2576	11.8709
17.2504	11.8709
17.2504	11.8637
17.2504	11.8565
17.2432	11.8493
17.2432	11.8420
17.2432	11.8348
17.2432	11.8276
17.2432	11.8204
17.2432	11.8132
17.2360	11.8132
17.2360	11.8059
17.2360	11.7987
17.2360	11.7915
17.2360	11.7843
17.2360	11.7771
17.2360	11.7698
17.2360	11.7626
17.2360	11.7554
17.2360	11.7482
17.2287	11.7482
17.2287	11.7410
17.2287	11.7337
17.2287	11.7265
17.2287	11.7193
17.2287	11.7121
17.2287	11.7049
17.2215	11.7049
17.2215	11.6976
17.2215	11.6904
17.2215	11.6832
17.2215	11.6760
17.2143	11.6687
17.2143	11.6615
17.2143	11.6543
17.2143	11.6471
17.2143	11.6399
17.2143	11.6326
17.2143	11.6254
17.2143	11.6182
17.2143	11.6110
17.2143	11.6038
17.2143	11.5965
17.2215	11.5893
17.2287	11.5821
17.2287	11.5749
17.2287	11.5677
17.2360	11.5677
17.2360	11.5604
17.2360	11.5532
17.2360	11.5460
17.2432	11.5460
17.2432	11.5388
17.2432	11.5316
17.2432	11.5243
17.2504	11.5243
17.2576	11.5243
17.2576	11.5171
17.2648	11.5171
17.2648	11.5099
17.2721	11.5099
17.2721	11.5027
17.2721	11.4955
17.2793	11.4955
17.2793	11.4882
17.2865	11.4882
17.2865	11.4810
17.2865	11.4738
17.2865	11.4666
17.2865	11.4593
17.2865	11.4521
17.2865	11.4449
17.2865	11.4377
17.2865	11.4305
17.2865	11.4160
17.2865	11.4088
17.2865	11.4016
17.2865	11.3944
17.2865	11.3871
17.2865	11.3799
17.2865	11.3727
17.2865	11.3655
17.2865	11.3583
17.2865	11.3510
17.2865	11.3438
17.2865	11.3366
17.2937	11.3366
17.2937	11.3294
17.2937	11.3222
17.2937	11.3149
17.2937	11.3077
17.3009	11.3077
17.3009	11.3005
17.3009	11.2933
17.3082	11.2933
17.3082	11.2860
17.3154	11.2860
17.3154	11.2788
17.3154	11.2716
17.3226	11.2716
17.3226	11.2644
17.3226	11.2572
17.3226	11.2499
17.3226	11.2427
17.3226	11.2355
17.3226	11.2283
17.3226	11.2211
17.3226	11.2138
17.3226	11.2066
17.3226	11.1994
17.3226	11.1922
17.3226	11.1850
17.3226	11.1705
17.3226	11.1633
17.3226	11.1561
17.3226	11.1489
17.3226	11.1416
17.3226	11.1344
17.3226	11.1272
17.3226	11.1200
17.3226	11.1128
17.3226	11.1055
17.3226	11.0983
17.3226	11.0911
17.3226	11.0839
17.3226	11.0766
17.3226	11.0694
17.3226	11.0622
17.3226	11.0550
17.3226	11.0478
17.3226	11.0405
17.3226	11.0333
17.3298	11.0333
17.3298	11.0261
17.3298	11.0189
17.3298	11.0117
17.3298	11.0044
17.3298	10.9972
17.3298	10.9900
17.3298	10.9828
17.3298	10.9756
17.3298	10.9683
17.3298	10.9611
17.3298	10.9539
17.3298	10.9467
17.3298	10.9395
17.3298	10.9322
17.3298	10.9250
17.3298	10.9178
17.3298	10.9106
17.3298	10.9033
17.3298	10.8961
17.3298	10.8889
17.3298	10.8817
17.3298	10.8745
17.3298	10.8672
17.3298	10.8600
17.3298	10.8528
17.3298	10.8456
17.3298	10.8384
17.3298	10.8311
17.3298	10.8239
17.3298	10.8167
17.3370	10.8095
17.3370	10.8023
17.3370	10.7950
17.3443	10.7878
17.3443	10.7806
17.3443	10.7734
17.3515	10.7734
17.3515	10.7662
17.3515	10.7589
17.3515	10.7517
17.3587	10.7517
17.3587	10.7445
17.3587	10.7373
17.3659	10.7373
17.3731	10.7373
17.3731	10.7300
17.3731	10.7228
17.3804	10.7228
17.3804	10.7156
17.3876	10.7084
17.3876	10.7012
17.3876	10.6939
17.3948	10.6939
17.3948	10.6867
17.4020	10.6867
17.4020	10.6795
17.4093	10.6795
17.4093	10.6723
17.4093	10.6651
17.4165	10.6651
17.4165	10.6578
17.4237	10.6578
17.4237	10.6506
17.4309	10.6506
17.4309	10.6434
17.4381	10.6434
17.4381	10.6362
17.4381	10.6290
17.4454	10.6290
17.4454	10.6217
17.4526	10.6217
17.4526	10.6145
17.4598	10.6145
17.4598	10.6073
17.4670	10.6073
17.4670	10.6001
17.4742	10.6001
17.4742	10.5929
17.4815	10.5929
17.4815	10.5856
17.4887	10.5856
17.4959	10.5856
17.5031	10.5856
17.5103	10.5784
17.5176	10.5784
17.5176	10.5712
17.5248	10.5712
17.5248	10.5640
17.5320	10.5640
17.5320	10.5568
17.5320	10.5495
17.5320	10.5423
17.5392	10.5423
17.5392	10.5351
17.5392	10.5279
17.5392	10.5206
17.5392	10.5134
17.5392	10.5062
17.5392	10.4990
17.5392	10.4918
17.5392	10.4845
17.5392	10.4773
17.5392	10.4701
17.5392	10.4629
17.5392	10.4557
17.5392	10.4484
17.5392	10.4412
17.5392	10.4340
17.5392	10.4268
17.5392	10.4196
17.5392	10.4123
17.5392	10.4051
17.5392	10.3979
17.5392	10.3907
17.5392	10.3835
17.5392	10.3762
17.5392	10.3690
17.5392	10.3618
17.5392	10.3546
17.5392	10.3473
17.5392	10.3401
17.5392	10.3329
17.5392	10.3257
17.5392	10.3185
17.5392	10.3112
17.5464	10.3112
17.5464	10.3040
17.5537	10.2968
17.5537	10.2896
17.5537	10.2824
17.5537	10.2751
17.5609	10.2679
17.5609	10.2607
17.5609	10.2535
17.5609	10.2463
17.5681	10.2463
17.5681	10.2390
17.5681	10.2318
17.5681	10.2246
17.5681	10.2174
17.5753	10.2174
17.5753	10.2102
17.5826	10.2102
17.5826	10.2029
17.5826	10.1957
17.5826	10.1885
17.5898	10.1813
17.5898	10.1741
17.5970	10.1741
17.5970	10.1668
17.5970	10.1596
17.5970	10.1524
17.6042	10.1524
17.6042	10.1452
17.6114	10.1452
17.6114	10.1379
17.6187	10.1379
17.6187	10.1307
17.6187	10.1235
17.6259	10.1235
17.6259	10.1163
17.6331	10.1163
17.6403	10.1163
17.6403	10.1091
17.6475	10.1091
17.6475	10.1018
17.6475	10.0946
17.6548	10.0946
17.6548	10.0874
17.6620	10.0874
17.6692	10.0874
17.6692	10.0802
17.6764	10.0730
17.6764	10.0657
17.6836	10.0657
17.6836	10.0585
17.6909	10.0585
17.6909	10.0513
17.6981	10.0441
17.7053	10.0369
17.7053	10.0296
17.7125	10.0296
17.7125	10.0224
17.7197	10.0224
17.7197	10.0152
17.7197	10.0080
17.7270	10.0080
17.7270	10.0008
17.7342	10.0008
17.7342	9.9935
17.7414	9.9935
17.7414	9.9863
17.7414	9.9791
17.7486	9.9791
17.7486	9.9719
17.7558	9.9719
17.7631	9.9719
17.7631	9.9646
17.7631	9.9574
17.7703	9.9574
17.7703	9.9502
17.7775	9.9430
17.7775	9.9358
17.7847	9.9358
17.7920	9.9358
17.7920	9.9285
17.7920	9.9213
17.7992	9.9141
17.7992	9.9069
17.8064	9.9069
17.8064	9.8997
17.8064	9.8924
17.8136	9.8924
17.8136	9.8852
17.8136	9.8780
17.8136	9.8708
17.8136	9.8636
17.8136	9.8563
17.8136	9.8491
17.8208	9.8491
17.8208	9.8419
17.8208	9.8347
17.8208	9.8275
17.8208	9.8202
17.8208	9.8130
17.8208	9.7986
17.8208	9.7914
17.8208	9.7841
17.8208	9.7769
17.8208	9.7697
17.8208	9.7625
17.8208	9.7552
17.8208	9.7480
17.8208	9.7408
17.8208	9.7336
17.8208	9.7264
17.8208	9.7191
17.8208	9.7119
17.8208	9.7047
17.8208	9.6975
17.8281	9.6975
17.8281	9.6903
17.8281	9.6830
17.8281	9.6758
17.8281	9.6686
17.8281	9.6614
17.8281	9.6542
17.8281	9.6469
17.8281	9.6397
17.8281	9.6325
17.8281	9.6253
17.8281	9.6181
17.8281	9.6108
17.8281	9.6036
17.8281	9.5964
17.8281	9.5892
17.8281	9.5819
17.8281	9.5747
17.8281	9.5675
17.8281	9.5603
17.8281	9.5531
17.8353	9.5531
17.8353	9.5458
17.8353	9.5386
17.8353	9.5314
17.8425	9.5314
17.8425	9.5242
17.8497	9.5242
17.8497	9.5170
17.8569	9.5170
17.8569	9.5097
17.8569	9.5025
17.8642	9.5025
17.8642	9.4953
17.8714	9.4953
17.8786	9.4953
17.8786	9.4881
17.8858	9.4881
17.8858	9.4809
17.8930	9.4809
17.8930	9.4736
17.9003	9.4664
17.9075	9.4664
17.9075	9.4592
17.9147	9.4592
17.9147	9.4520
17.9219	9.4520
17.9291	9.4448
17.9291	9.4375
17.9364	9.4375
17.9364	9.4303
17.9436	9.4303
17.9436	9.4231
17.9508	9.4231
17.9508	9.4159
17.9508	9.4087
17.9508	9.4014
17.9580	9.4014
17.9580	9.3942
17.9580	9.3870
17.9653	9.3870
17.9653	9.3798
17.9725	9.3798
17.9725	9.3725
17.9725	9.3653
17.9797	9.3653
17.9797	9.3581
17.9797	9.3509
17.9869	9.3437
17.9869	9.3364
17.9869	9.3292
17.9941	9.3292
17.9941	9.3220
18.0014	9.3220
18.0014	9.3148
18.0014	9.3076
18.0086	9.3076
18.0086	9.2931
18.0158	9.2859
18.0158	9.2787
18.0230	9.2787
18.0230	9.2715
18.0302	9.2715
18.0302	9.2642
18.0375	9.2642
18.0375	9.2570
18.0375	9.2498
18.0447	9.2498
18.0519	9.2498
18.0519	9.2426
18.0591	9.2426
18.0591	9.2354
18.0591	9.2281
18.0591	9.2209
18.0591	9.2137
18.0663	9.2137
18.0663	9.2065
18.0663	9.1920
18.0663	9.1848
18.0663	9.1776
18.0663	9.1704
18.0663	9.1631
18.0736	9.1559
18.0736	9.1487
18.0736	9.1415
18.0736	9.1343
18.0736	9.1270
18.0808	9.1198
18.0808	9.1126
18.0880	9.1126
18.0880	9.1054
18.0880	9.0982
18.0880	9.0909
18.0880	9.0837
18.0952	9.0837
18.0952	9.0765
18.0952	9.0693
18.1024	9.0693
18.1024	9.0621
18.1024	9.0548
18.1024	9.0476
18.1097	9.0476
18.1097	9.0404
18.1169	9.0404
18.1169	9.0332
18.1169	9.0260
18.1241	9.0187
18.1241	9.0115
18.1313	9.0115
18.1313	9.0043
18.1313	8.9971
18.1386	8.9971
18.1386	8.9898
18.1386	8.9826
18.1458	8.9826
18.1458	8.9754
18.1530	8.9754
18.1530	8.9682
18.1530	8.9610
18.1530	8.9537
18.1602	8.9537
18.1602	8.9465
18.1602	8.9393
18.1674	8.9393
18.1674	8.9321
18.1674	8.9249
18.1674	8.9176
18.1747	8.9176
18.1747	8.9104
18.1819	8.9032
18.1819	8.8960
18.1819	8.8888
18.1891	8.8888
18.1891	8.8815
18.1891	8.8743
18.1963	8.8743
18.1963	8.8671
18.2035	8.8671
18.2108	8.8671
18.2108	8.8599
18.2108	8.8527
18.2180	8.8527
18.2180	8.8454
18.2252	8.8454
18.2252	8.8382
18.2324	8.8382
18.2396	8.8310
18.2469	8.8310
18.2469	8.8238
18.2541	8.8238
18.2613	8.8238
18.2613	8.8165
18.2685	8.8165
18.2757	8.8165
18.2830	8.8165
18.2902	8.8165
18.2974	8.8165
18.3046	8.8165
18.3118	8.8165
18.3191	8.8165
18.3263	8.8165
18.3335	8.8165
18.3335	8.8093
18.3407	8.8093
18.3480	8.8093
18.3552	8.8093
18.3624	8.8093
18.3696	8.8093
18.3768	8.8093
18.3841	8.8093
18.3841	8.8021
18.3913	8.8021
18.3985	8.8021
18.4057	8.8021
18.4057	8.7949
18.4129	8.7949
18.4274	8.7877
18.4346	8.7877
18.4346	8.7804
18.4490	8.7804
18.4490	8.7732
18.4563	8.7732
18.4635	8.7732
18.4635	8.7660
18.4707	8.7660
18.4779	8.7660
18.4779	8.7588
18.4779	8.7516
18.4851	8.7516
18.4851	8.7443
18.4924	8.7443
18.4924	8.7371
18.4996	8.7371
18.5068	8.7371
18.5068	8.7299
18.5068	8.7227
18.5140	8.7227
18.5140	8.7155
18.5213	8.7155
18.5213	8.7082
18.5285	8.7082
18.5285	8.7010
18.5357	8.7010
18.5429	8.7010
18.5501	8.7010
18.5574	8.7010
18.5646	8.6938
18.5718	8.6938
18.5790	8.6938
18.5862	8.6938
18.5935	8.6938
18.6007	8.6938
18.6079	8.6938
18.6151	8.6938
18.6223	8.6938
18.6223	8.7010
18.6296	8.7010
18.6368	8.7010
18.6440	8.7010
18.6440	8.7082
18.6512	8.7082
18.6584	8.7082
18.6584	8.7155
18.6657	8.7155
18.6729	8.7155
18.6801	8.7155
18.6801	8.7227
18.6873	8.7227
18.6873	8.7299
18.6945	8.7299
18.7018	8.7299
18.7090	8.7299
18.7162	8.7299
18.7162	8.7371
18.7234	8.7371
18.7307	8.7371
18.7379	8.7371
18.7451	8.7371
18.7451	8.7443
18.7523	8.7443
18.7595	8.7443
18.7668	8.7443
18.7668	8.7516
18.7740	8.7516
18.7812	8.7516
18.7884	8.7516
18.7956	8.7516
18.8029	8.7516
18.8101	8.7516
18.8173	8.7516
18.8245	8.7516
18.8317	8.7516
18.8390	8.7516
18.8462	8.7516
18.8462	8.7443
18.8534	8.7443
18.8606	8.7443
18.8678	8.7443
18.8678	8.7371
18.8751	8.7371
18.8751	8.7299
18.8823	8.7299
18.8823	8.7227
18.8895	8.7227
18.8895	8.7155
18.8967	8.7155
18.8967	8.7082
18.9040	8.7082
18.9040	8.7010
18.9040	8.6938
18.9112	8.6938
18.9112	8.6866
18.9184	8.6866
18.9184	8.6794
18.9256	8.6794
18.9256	8.6721
18.9256	8.6649
18.9256	8.6577
18.9328	8.6577
18.9328	8.6505
18.9328	8.6433
18.9328	8.6360
18.9328	8.6288
18.9401	8.6288
18.9401	8.6216
18.9401	8.6144
18.9401	8.6071
18.9401	8.5999
18.9401	8.5927
18.9401	8.5855
18.9401	8.5783
18.9473	8.5710
18.9545	8.5710
18.9545	8.5638
18.9617	8.5638
18.9689	8.5638
18.9762	8.5638
18.9834	8.5638
18.9906	8.5638
18.9978	8.5638
18.9978	8.5566
19.0050	8.5566
19.0123	8.5566
19.0123	8.5494
19.0195	8.5494
19.0195	8.5422
19.0339	8.5422
19.0411	8.5349
19.0484	8.5349
19.0556	8.5277
19.0628	8.5277
19.0700	8.5205
19.0772	8.5205
19.0845	8.5133
19.0917	8.5133
19.0989	8.5061
19.1061	8.5061
19.1134	8.4988
19.1206	8.4988
19.1206	8.4916
19.1206	8.4844
19.1206	8.4772
19.1134	8.4772
19.1134	8.4700
19.1061	8.4700
19.1061	8.4627
19.0989	8.4627
19.0989	8.4555
19.0917	8.4483
19.0917	8.4411
19.0845	8.4411
19.0845	8.4338
19.0845	8.4266
19.0772	8.4266
19.0700	8.4266
19.0700	8.4194
19.0628	8.4194
19.0556	8.4194
19.0484	8.4194
19.0484	8.4122
19.0411	8.4122
19.0339	8.4122
19.0267	8.4122
19.0267	8.4050
19.0267	8.3977
19.0267	8.3905
19.0195	8.3905
19.0195	8.3833
19.0195	8.3761
19.0195	8.3689
19.0195	8.3616
19.0195	8.3544
19.0195	8.3472
19.0195	8.3400
19.0195	8.3328
19.0195	8.3255
19.0195	8.3183
19.0195	8.3111
19.0195	8.3039
19.0195	8.2967
19.0267	8.2967
19.0339	8.2967
19.0411	8.2967
19.0411	8.2894
19.0484	8.2894
19.0556	8.2822
19.0628	8.2750
19.0700	8.2678
19.0772	8.2678
19.0845	8.2678
19.0917	8.2678
19.0989	8.2678
19.1061	8.2678
19.1134	8.2678
19.1206	8.2678
19.1206	8.2605
19.1278	8.2533
19.1278	8.2461
19.1278	8.2389
19.1278	8.2317
19.1350	8.2317
19.1350	8.2244
19.1350	8.2172
19.1422	8.2172
19.1422	8.2100
19.1495	8.2100
19.1495	8.2028
19.1495	8.1956
19.1495	8.1883
19.1567	8.1883
19.1567	8.1811
19.1639	8.1811
19.1639	8.1739
19.1639	8.1667
19.1711	8.1595
19.1711	8.1522
19.1711	8.1450
19.1711	8.1378
19.1711	8.1306
19.1711	8.1234
19.1639	8.1234
19.1639	8.1161
19.1567	8.1161
19.1567	8.1089
19.1495	8.1089
19.1422	8.1089
19.1422	8.1017
19.1350	8.1017
19.1350	8.0945
19.1278	8.0945
19.1206	8.0945
19.1134	8.0945
19.1134	8.0873
19.1134	8.0800
19.1206	8.0800
19.1278	8.0800
19.1350	8.0800
19.1350	8.0728
19.1422	8.0728
19.1422	8.0656
19.1495	8.0656
19.1567	8.0584
19.1639	8.0584
19.1711	8.0584
19.1711	8.0511
19.1783	8.0511
19.1856	8.0511
19.1928	8.0511
19.2000	8.0511
19.2000	8.0439
19.2072	8.0439
19.2144	8.0439
19.2217	8.0439
19.2289	8.0439
19.2361	8.0439
19.2433	8.0439
19.2505	8.0439
19.2578	8.0439
19.2578	8.0511
19.2650	8.0511
19.2722	8.0511
19.2794	8.0511
19.2794	8.0584
19.2867	8.0584
19.2939	8.0584
19.3011	8.0584
19.3083	8.0584
19.3155	8.0656
19.3228	8.0656
19.3228	8.0728
19.3300	8.0728
19.3372	8.0728
19.3444	8.0728
19.3516	8.0728
19.3589	8.0728
19.3661	8.0656
19.3733	8.0656
19.3805	8.0656
19.3877	8.0656
19.3950	8.0656
19.4022	8.0656
19.4094	8.0656
19.4166	8.0584
19.4238	8.0584
19.4311	8.0584
19.4383	8.0584
19.4455	8.0584
19.4527	8.0584
19.4527	8.0511
19.4599	8.0511
19.4672	8.0511
19.4744	8.0439
19.4744	8.0367
19.4816	8.0367
19.4888	8.0367
19.4961	8.0295
19.5033	8.0295
19.5105	8.0295
19.5177	8.0295
19.5177	8.0223
19.5249	8.0223
19.5322	8.0150
19.5394	8.0150
19.5466	8.0078
19.5538	8.0078
19.5538	8.0006
19.5610	8.0006
19.5683	8.0006
19.5827	7.9934
19.5899	7.9934
19.5899	7.9862
19.5971	7.9862
19.6044	7.9789
19.6116	7.9789
19.6188	7.9789
19.6188	7.9717
19.6260	7.9717
19.6260	7.9645
19.6332	7.9645
19.6405	7.9645
19.6405	7.9573
19.6477	7.9573
19.6477	7.9501
19.6549	7.9501
19.6549	7.9428
19.6621	7.9428
19.6694	7.9428
19.6694	7.9356
19.6766	7.9356
19.6838	7.9356
19.6838	7.9284
19.6838	7.9212
19.6910	7.9212
19.6982	7.9212
19.6982	7.9140
19.7055	7.9140
19.7055	7.9067
19.7127	7.8995
19.7271	7.8923
19.7271	7.8851
19.7343	7.8778
19.7343	7.8706
19.7416	7.8706
19.7488	7.8634
19.7488	7.8562
19.7560	7.8562
19.7560	7.8490
19.7632	7.8490
19.7632	7.8417
19.7704	7.8417
19.7704	7.8345
19.7777	7.8345
19.7777	7.8273
19.7849	7.8273
19.7849	7.8201
19.7921	7.8201
19.7993	7.8129
19.8065	7.8129
19.8065	7.8056
19.8065	7.7984
19.8138	7.7984
19.8210	7.7984
19.8210	7.7912
19.8282	7.7912
19.8354	7.7912
19.8354	7.7840
19.8426	7.7840
19.8499	7.7768
19.8571	7.7768
19.8571	7.7695
19.8643	7.7695
19.8715	7.7695
19.8788	7.7623
19.8860	7.7623
19.8932	7.7623
19.9004	7.7623
19.9076	7.7623
19.9149	7.7623
19.9221	7.7623
19.9293	7.7623
19.9365	7.7623
19.9437	7.7623
19.9510	7.7623
19.9582	7.7623
19.9654	7.7623
19.9654	7.7695
19.9726	7.7695
19.9726	7.7768
19.9798	7.7768
19.9871	7.7768
19.9943	7.7768
20.0015	7.7768
20.0087	7.7768
20.0159	7.7768
20.0159	7.7840
20.0232	7.7840
20.0304	7.7840
20.0376	7.7840
20.0448	7.7840
20.0448	7.7912
