19.3907	9.6492
19.3907	9.6526
19.3873	9.6526
19.3873	9.6560
19.3702	9.6560
19.3668	9.6594
19.3497	9.6594
19.3463	9.6629
19.3292	9.6629
19.3257	9.6663
19.3155	9.6663
19.3155	9.6697
19.2129	9.6697
19.1410	9.6629
19.1273	9.6629
19.1273	9.6663
19.1137	9.6663
19.1137	9.6697
19.1000	9.6697
19.1000	9.6731
19.0863	9.6731
19.0863	9.6765
19.0726	9.6765
19.0726	9.6800
19.0658	9.6800
19.0658	9.6834
19.0624	9.6834
19.0624	9.6868
19.0624	9.6902
19.0589	9.6902
19.0589	9.6937
19.0555	9.6937
19.0555	9.6971
19.0555	9.7005
19.0521	9.7039
19.0487	9.7039
19.0487	9.7073
19.0487	9.7108
19.0487	9.7142
19.0487	9.7176
19.0487	9.7210
19.0487	9.7244
19.0487	9.7279
19.0487	9.7313
19.0521	9.7313
19.0521	9.7347
19.0521	9.7381
19.0521	9.7415
19.0521	9.7450
19.0521	9.7484
19.0521	9.7518
19.0521	9.7552
19.0521	9.7586
19.0521	9.7621
19.0555	9.7621
19.0555	9.7689
19.0589	9.7723
19.0589	9.7757
19.0589	9.7792
19.0589	9.7826
19.0589	9.7860
19.0555	9.7860
19.0521	9.7894
19.0487	9.7928
19.0453	9.7963
19.0453	9.7997
19.0418	9.7997
19.0418	9.8031
19.0384	9.8065
19.0350	9.8065
19.0350	9.8099
19.0350	9.8134
19.0316	9.8134
19.0316	9.8168
19.0316	9.8202
19.0281	9.8202
19.0281	9.8236
19.0281	9.8270
19.0247	9.8270
19.0247	9.8305
19.0213	9.8305
19.0213	9.8339
19.0213	9.8373
19.0179	9.8407
19.0179	9.8442
19.0179	9.8476
19.0145	9.8476
19.0145	9.8510
19.0145	9.8544
19.0110	9.8544
19.0110	9.8578
19.0076	9.8613
19.0076	9.8647
19.0076	9.8681
19.0076	9.8715
19.0042	9.8715
19.0042	9.8749
19.0042	9.8784
19.0042	9.8818
19.0042	9.8852
19.0008	9.8852
19.0008	9.8886
19.0008	9.8920
19.0008	9.8955
19.0008	9.8989
19.0008	9.9023
19.0008	9.9057
19.0008	9.9091
19.0008	9.9126
19.0008	9.9160
19.0008	9.9194
19.0008	9.9228
19.0008	9.9262
19.0008	9.9297
19.0008	9.9331
19.0008	9.9399
19.0008	9.9433
19.0008	9.9468
19.0008	9.9536
19.0008	9.9570
19.0008	9.9604
19.0008	9.9639
19.0008	9.9673
19.0008	9.9707
19.0008	9.9741
19.0008	9.9776
19.0008	9.9810
19.0008	9.9844
19.0008	9.9878
19.0008	9.9912
19.0008	9.9947
19.0008	9.9981
19.0008	10.0015
19.0008	10.0083
19.0008	10.0118
19.0008	10.0152
19.0008	10.0186
19.0008	10.0220
19.0008	10.0254
19.0008	10.0289
19.0008	10.0323
18.9974	10.0323
18.9974	10.0357
18.9974	10.0391
18.9974	10.0425
18.9939	10.0460
18.9939	10.0494
18.9939	10.0528
18.9939	10.0562
18.9939	10.0596
18.9905	10.0596
18.9905	10.0631
18.9905	10.0665
18.9905	10.0699
18.9871	10.0699
18.9871	10.0733
18.9837	10.0802
18.9803	10.0836
18.9768	10.0870
18.9734	10.0904
18.9700	10.0938
18.9700	10.1007
18.9666	10.1007
18.9632	10.1041
18.9597	10.1075
18.9597	10.1109
18.9563	10.1144
18.9529	10.1178
18.9495	10.1178
18.9495	10.1246
18.9461	10.1246
18.9461	10.1281
18.9426	10.1281
18.9426	10.1315
18.9358	10.1315
18.9358	10.1349
18.9358	10.1383
18.9324	10.1383
18.9324	10.1417
18.9290	10.1417
18.9290	10.1452
18.9255	10.1486
18.9255	10.1520
18.9221	10.1520
18.9221	10.1554
18.9221	10.1588
18.9187	10.1588
18.9187	10.1657
18.9153	10.1657
18.9153	10.1691
18.9119	10.1725
18.9084	10.1725
18.9084	10.1759
18.9084	10.1794
18.9050	10.1828
18.9050	10.1862
18.9016	10.1896
18.9016	10.1930
18.8982	10.1930
18.8948	10.1965
18.8913	10.1965
18.8913	10.1999
18.8879	10.2033
18.8879	10.2067
18.8845	10.2101
18.8811	10.2101
18.8811	10.2136
18.8776	10.2136
18.8742	10.2170
18.8674	10.2170
18.8674	10.2204
18.8674	10.2238
18.8640	10.2238
18.8640	10.2272
18.8640	10.2307
18.8605	10.2307
18.8605	10.2341
18.8605	10.2375
18.8605	10.2409
18.8605	10.2443
18.8571	10.2443
18.8571	10.2478
18.8571	10.2512
18.8571	10.2546
18.8571	10.2580
18.8571	10.2615
18.8571	10.2649
18.8571	10.2683
18.8571	10.2717
18.8571	10.2751
18.8571	10.2786
18.8571	10.2820
18.8571	10.2854
18.8571	10.2888
18.8571	10.2922
18.8571	10.2957
18.8571	10.2991
18.8571	10.3025
18.8571	10.3059
18.8571	10.3093
18.8571	10.3128
18.8571	10.3196
18.8571	10.3230
18.8537	10.3230
18.8537	10.3264
18.8537	10.3299
18.8537	10.3333
18.8537	10.3367
18.8537	10.3401
18.8503	10.3435
18.8503	10.3470
18.8503	10.3504
18.8503	10.3538
18.8503	10.3572
18.8503	10.3606
18.8469	10.3641
18.8469	10.3675
18.8469	10.3709
18.8469	10.3743
18.8469	10.3777
18.8434	10.3812
18.8434	10.3846
18.8434	10.3880
18.8434	10.3914
18.8434	10.3948
18.8400	10.3983
18.8400	10.4017
18.8400	10.4051
18.8366	10.4051
18.8366	10.4085
18.8366	10.4120
18.8332	10.4154
18.8332	10.4188
18.8332	10.4222
18.8332	10.4256
18.8298	10.4256
18.8298	10.4291
18.8298	10.4325
18.8298	10.4359
18.8263	10.4393
18.8263	10.4427
18.8229	10.4462
18.8229	10.4530
18.8229	10.4564
18.8195	10.4598
18.8195	10.4633
18.8195	10.4701
18.8161	10.4735
18.8161	10.4769
18.8161	10.4804
18.8127	10.4838
18.8127	10.4906
18.8127	10.4940
18.8127	10.4975
18.8127	10.5009
18.8127	10.5043
18.8127	10.5077
18.8127	10.5111
18.8127	10.5146
18.8127	10.5180
18.8127	10.5214
18.8127	10.5248
18.8161	10.5282
18.8161	10.5317
18.8161	10.5351
18.8161	10.5385
18.8161	10.5419
18.8195	10.5419
18.8195	10.5454
18.8195	10.5488
18.8195	10.5522
18.8195	10.5556
18.8229	10.5556
18.8229	10.5590
18.8229	10.5625
18.8229	10.5659
18.8263	10.5693
18.8263	10.5727
18.8263	10.5761
18.8298	10.5796
18.8332	10.5830
18.8332	10.5898
18.8366	10.5932
18.8366	10.5967
18.8400	10.6001
18.8400	10.6035
18.8434	10.6069
18.8434	10.6103
18.8469	10.6138
18.8469	10.6172
18.8469	10.6206
18.8503	10.6206
18.8503	10.6240
18.8503	10.6274
18.8503	10.6309
18.8537	10.6309
18.8537	10.6343
18.8571	10.6343
18.8571	10.6377
18.8605	10.6411
18.8640	10.6445
18.8640	10.6480
18.8674	10.6480
18.8674	10.6514
18.8708	10.6548
18.8708	10.6582
18.8742	10.6582
18.8742	10.6616
18.8776	10.6616
18.8776	10.6651
18.8776	10.6685
18.8811	10.6719
18.8811	10.6753
18.8811	10.6787
18.8845	10.6787
18.8845	10.6822
18.8845	10.6856
18.8845	10.6890
18.8845	10.6924
18.8845	10.6959
18.8845	10.6993
18.8845	10.7027
18.8845	10.7061
18.8879	10.7061
18.8879	10.7095
18.8879	10.7130
18.8879	10.7164
18.8913	10.7164
18.8913	10.7198
18.8913	10.7232
18.8913	10.7266
18.8913	10.7301
18.8913	10.7335
18.8913	10.7369
18.8913	10.7403
18.8913	10.7437
18.8948	10.7437
18.8948	10.7472
18.8948	10.7506
18.8948	10.7540
18.8948	10.7574
18.8948	10.7608
18.8948	10.7643
18.8948	10.7677
18.8948	10.7711
18.8948	10.7745
18.8948	10.7779
18.8948	10.7814
18.8948	10.7848
18.8948	10.7882
18.8913	10.7882
18.8913	10.7916
18.8879	10.7916
18.8879	10.7950
18.8879	10.7985
18.8879	10.8019
18.8845	10.8019
18.8845	10.8053
18.8811	10.8053
18.8811	10.8087
18.8811	10.8121
18.8742	10.8121
18.8742	10.8156
18.8708	10.8156
18.8708	10.8190
18.8640	10.8190
18.8640	10.8224
18.8605	10.8224
18.8605	10.8258
18.8571	10.8258
18.8571	10.8293
18.8537	10.8293
18.8469	10.8327
18.8434	10.8395
18.8400	10.8395
18.8400	10.8429
18.8366	10.8429
18.8332	10.8464
18.8298	10.8464
18.8298	10.8498
18.8263	10.8498
18.8263	10.8532
18.8229	10.8532
18.8229	10.8566
18.8127	10.8566
18.8092	10.8600
18.8092	10.8635
18.8058	10.8635
18.8024	10.8669
18.7990	10.8669
18.7990	10.8703
18.7887	10.8703
18.7887	10.8737
18.7819	10.8737
18.7785	10.8771
18.7750	10.8771
18.7716	10.8806
18.7682	10.8840
18.7614	10.8840
18.7579	10.8874
18.7511	10.8874
18.7477	10.8908
18.7408	10.8908
18.7408	10.8942
18.7374	10.8977
18.7237	10.8977
18.7169	10.9011
18.7066	10.9011
18.7066	10.9045
18.6485	10.9045
18.6485	10.9079
18.6348	10.9079
18.6348	10.9113
18.6314	10.9113
18.6314	10.9148
18.6211	10.9148
18.6177	10.9182
18.6040	10.9182
18.6040	10.9216
18.5972	10.9216
18.5972	10.9250
18.5937	10.9250
18.5937	10.9284
18.5903	10.9319
18.5869	10.9353
18.5835	10.9353
18.5801	10.9387
18.5801	10.9421
18.5801	10.9455
18.5766	10.9455
18.5766	10.9490
18.5698	10.9490
18.5698	10.9524
18.5698	10.9558
18.5664	10.9558
18.5664	10.9592
18.5630	10.9592
18.5630	10.9626
18.5595	10.9626
18.5595	10.9661
18.5561	10.9695
18.5527	10.9695
18.5527	10.9729
18.5493	10.9729
18.5493	10.9763
18.5459	10.9763
18.5459	10.9798
18.5424	10.9798
18.5390	10.9832
18.5356	10.9866
18.5322	10.9866
18.5288	10.9900
18.5253	10.9934
18.5219	10.9969
18.5185	11.0003
18.5117	11.0037
18.5082	11.0071
18.5048	11.0140
18.4980	11.0174
18.4946	11.0208
18.4946	11.0242
18.4911	11.0276
18.4877	11.0311
18.4877	11.0345
18.4843	11.0345
18.4843	11.0413
18.4809	11.0413
18.4809	11.0447
18.4809	11.0482
18.4809	11.0516
18.4775	11.0516
18.4775	11.0550
18.4775	11.0584
18.4775	11.0618
18.4775	11.0653
18.4775	11.0687
18.4775	11.0721
18.4775	11.0755
18.4775	11.0789
18.4775	11.0824
18.4775	11.0858
18.4775	11.0892
18.4775	11.0926
18.4740	11.0926
18.4740	11.0960
18.4740	11.0995
18.4706	11.0995
18.4706	11.1029
18.4706	11.1063
18.4706	11.1097
18.4706	11.1132
18.4706	11.1166
18.4706	11.1200
18.4706	11.1234
18.4706	11.1268
18.4706	11.1303
18.4706	11.1337
18.4706	11.1371
18.4706	11.1405
18.4706	11.1439
18.4706	11.1474
18.4672	11.1474
18.4672	11.1508
18.4672	11.1542
18.4672	11.1576
18.4672	11.1610
18.4672	11.1645
18.4672	11.1679
18.4672	11.1713
18.4638	11.1747
18.4638	11.1781
18.4638	11.1816
18.4638	11.1850
18.4638	11.1884
18.4638	11.1918
18.4638	11.1952
18.4638	11.1987
18.4603	11.1987
18.4603	11.2021
18.4603	11.2055
18.4603	11.2123
18.4603	11.2158
18.4569	11.2158
18.4569	11.2192
18.4569	11.2226
18.4569	11.2260
18.4569	11.2294
18.4569	11.2329
18.4569	11.2363
18.4569	11.2397
18.4569	11.2431
18.4569	11.2465
18.4569	11.2500
18.4569	11.2534
18.4569	11.2568
18.4569	11.2602
18.4569	11.2637
18.4603	11.2637
18.4603	11.2671
18.4603	11.2705
18.4603	11.2739
18.4638	11.2739
18.4638	11.2773
18.4672	11.2773
18.4672	11.2808
18.4672	11.2842
18.4672	11.2876
18.4672	11.2910
18.4672	11.2944
18.4706	11.2944
18.4706	11.2979
18.4706	11.3013
18.4706	11.3047
18.4706	11.3081
18.4364	11.3081
18.4330	11.3047
18.4227	11.3047
18.4227	11.3013
18.4193	11.3013
18.4193	11.2979
18.4125	11.2979
18.4125	11.2944
18.4090	11.2944
18.4090	11.2910
18.4056	11.2910
18.4056	11.2876
18.4022	11.2876
18.4022	11.2842
18.3988	11.2842
18.3988	11.2808
18.3988	11.2773
18.3954	11.2773
18.3954	11.2739
18.3919	11.2739
18.3919	11.2705
18.3885	11.2705
18.3885	11.2671
18.3851	11.2637
18.3817	11.2637
18.3783	11.2602
18.3783	11.2568
18.3748	11.2568
18.3714	11.2534
18.3714	11.2500
18.3680	11.2500
18.3646	11.2465
18.3612	11.2465
18.3612	11.2431
18.3543	11.2431
18.3543	11.2397
18.3338	11.2397
18.3338	11.2363
18.2243	11.2363
18.2243	11.2329
18.2209	11.2329
18.2175	11.2294
18.1662	11.2294
18.1628	11.2329
18.1422	11.2329
18.1422	11.2363
18.1422	11.2397
18.1388	11.2397
18.1388	11.2431
18.1388	11.2465
18.1354	11.2465
18.1320	11.2500
18.1320	11.2534
18.1320	11.2568
18.1286	11.2568
18.1286	11.2602
18.1286	11.2637
18.1286	11.2671
18.1251	11.2671
18.1251	11.2705
18.1251	11.2739
18.1251	11.2773
18.1251	11.2808
18.1217	11.2808
18.1217	11.2842
18.1183	11.2842
18.1183	11.2876
18.1183	11.2910
18.1183	11.2944
18.1115	11.2944
18.1115	11.2979
18.0978	11.2979
18.0978	11.3013
18.0875	11.3013
18.0875	11.3047
18.0807	11.3047
18.0773	11.3081
18.0773	11.3115
18.0738	11.3115
18.0738	11.3150
18.0704	11.3150
18.0704	11.3184
18.0704	11.3218
18.0670	11.3252
18.0670	11.3286
18.0670	11.3321
18.0636	11.3321
18.0636	11.3389
18.0602	11.3389
18.0602	11.3423
18.0602	11.3457
18.0602	11.3492
18.0602	11.3526
18.0567	11.3526
18.0567	11.3560
18.0567	11.3594
18.0567	11.3628
18.0567	11.3663
18.0533	11.3663
18.0533	11.3697
18.0533	11.3731
18.0533	11.3765
18.0533	11.3799
18.0533	11.3834
18.0499	11.3868
18.0465	11.3902
18.0465	11.3936
18.0465	11.3971
18.0431	11.4039
18.0431	11.4073
18.0431	11.4107
18.0431	11.4142
18.0396	11.4142
18.0396	11.4176
18.0396	11.4210
18.0396	11.4244
18.0362	11.4278
18.0328	11.4313
18.0328	11.4381
18.0328	11.4415
18.0294	11.4415
18.0294	11.4449
18.0294	11.4484
18.0294	11.4518
18.0294	11.4552
18.0294	11.4586
18.0259	11.4586
18.0259	11.4620
18.0259	11.4655
18.0259	11.4689
18.0259	11.4723
18.0259	11.4757
18.0259	11.4791
18.0259	11.4826
18.0225	11.4826
18.0225	11.4860
18.0225	11.4894
18.0225	11.4928
18.0225	11.4962
18.0225	11.4997
18.0225	11.5031
18.0225	11.5065
18.0191	11.5065
18.0191	11.5099
18.0191	11.5133
18.0191	11.5168
18.0191	11.5202
18.0191	11.5236
18.0191	11.5270
18.0191	11.5304
18.0191	11.5339
18.0191	11.5373
18.0191	11.5407
18.0191	11.5441
18.0191	11.5476
18.0191	11.5510
18.0191	11.5544
18.0191	11.5578
18.0191	11.5612
18.0191	11.5647
18.0191	11.5681
18.0191	11.5715
18.0191	11.5749
18.0191	11.5783
18.0191	11.5818
18.0191	11.5852
18.0191	11.5886
18.0191	11.5920
18.0191	11.5954
18.0191	11.5989
18.0191	11.6023
18.0191	11.6057
18.0191	11.6091
18.0191	11.6125
18.0191	11.6160
18.0191	11.6194
18.0191	11.6228
18.0191	11.6262
18.0191	11.6296
18.0191	11.6331
18.0191	11.6365
18.0191	11.6399
18.0225	11.6433
18.0225	11.6467
18.0225	11.6502
18.0225	11.6536
18.0225	11.6570
18.0259	11.6570
18.0259	11.6638
18.0294	11.6638
18.0294	11.6673
18.0294	11.6707
18.0294	11.6741
18.0294	11.6775
18.0328	11.6775
18.0328	11.6810
18.0328	11.6844
18.0362	11.6844
18.0362	11.6878
18.0362	11.6912
18.0396	11.6912
18.0396	11.6946
18.0431	11.6946
18.0431	11.6981
18.0465	11.7015
18.0465	11.7049
18.0499	11.7049
18.0499	11.7083
18.0499	11.7117
18.0567	11.7117
18.0567	11.7186
18.0602	11.7186
18.0602	11.7220
18.0636	11.7220
18.0636	11.7254
18.0636	11.7288
18.0636	11.7323
18.0636	11.7357
18.0636	11.7391
18.0636	11.7425
18.0636	11.7459
18.0636	11.7494
18.0636	11.7528
18.0636	11.7562
18.0636	11.7596
18.0636	11.7630
18.0636	11.7665
18.0636	11.7699
18.0636	11.7733
18.0636	11.7767
18.0636	11.7801
18.0636	11.7836
18.0602	11.7836
18.0602	11.7870
18.0567	11.7870
18.0533	11.7904
18.0465	11.7904
18.0431	11.7938
18.0396	11.7938
18.0362	11.7972
18.0328	11.7972
18.0294	11.8007
18.0294	11.8041
18.0294	11.8075
18.0328	11.8075
18.0328	11.8109
18.0328	11.8144
18.0328	11.8178
18.0328	11.8212
18.0362	11.8246
18.0362	11.8280
18.0362	11.8315
18.0362	11.8349
18.0396	11.8349
18.0431	11.8383
18.0431	11.8417
18.0431	11.8451
18.0465	11.8451
18.0499	11.8486
18.0499	11.8520
18.0533	11.8554
18.0567	11.8588
18.0602	11.8622
18.0602	11.8657
18.0602	11.8691
18.0465	11.8691
18.0465	11.8725
18.0431	11.8725
18.0396	11.8759
18.0362	11.8759
18.0362	11.8793
18.0396	11.8793
18.0431	11.8828
18.0431	11.8862
18.0465	11.8896
18.0465	11.8930
18.0499	11.8964
18.0499	11.9033
18.0567	11.9067
18.0602	11.9170
18.0636	11.9238
18.0670	11.9341
18.0670	11.9375
18.0636	11.9375
18.0602	11.9409
18.0567	11.9409
18.0567	11.9443
18.0465	11.9443
18.0465	11.9477
18.0465	11.9512
18.0465	11.9546
18.0465	11.9580
18.0465	11.9614
18.0465	11.9649
18.0465	11.9683
18.0465	11.9717
18.0465	11.9751
18.0465	11.9785
18.0499	11.9785
18.0499	11.9820
18.0499	11.9854
18.0567	11.9854
18.0567	11.9888
18.0602	11.9888
18.0636	11.9922
18.0670	11.9922
18.0670	11.9956
18.0704	11.9956
18.0738	11.9991
18.0841	11.9991
18.0841	12.0025
18.0875	12.0025
18.0875	12.0059
18.0909	12.0093
18.0909	12.0127
18.0909	12.0162
18.0944	12.0162
18.0944	12.0196
18.0978	12.0196
18.0978	12.0230
18.1012	12.0264
18.1012	12.0298
18.1012	12.0333
18.1046	12.0333
18.1046	12.0367
18.1046	12.0401
18.1046	12.0435
18.1080	12.0469
18.1115	12.0469
18.1115	12.0504
18.1149	12.0538
18.1149	12.0572
18.1183	12.0572
18.1183	12.0606
18.1217	12.0606
18.1217	12.0640
18.1115	12.0640
18.1115	12.0675
18.1012	12.0675
18.0978	12.0709
18.0841	12.0709
18.0807	12.0743
18.0738	12.0743
18.0738	12.0777
18.0738	12.0811
18.0738	12.0846
18.0738	12.0880
18.0773	12.0914
18.0773	12.0948
18.0773	12.0983
18.0773	12.1017
18.0773	12.1051
18.0773	12.1085
18.0773	12.1119
18.0773	12.1154
18.0807	12.1154
18.0807	12.1188
18.0841	12.1188
18.0841	12.1222
18.0909	12.1222
18.0944	12.1256
18.0978	12.1256
18.0978	12.1290
18.1012	12.1290
18.1012	12.1325
18.1046	12.1325
18.1080	12.1359
18.1115	12.1393
18.1115	12.1427
18.1149	12.1461
18.1149	12.1496
18.1183	12.1496
18.1183	12.1530
18.1183	12.1564
18.1217	12.1564
18.1217	12.1598
18.1251	12.1632
18.1251	12.1667
18.1251	12.1701
18.1251	12.1769
18.1251	12.1803
18.1251	12.1838
18.1251	12.1872
18.1251	12.1906
18.1217	12.1906
18.1217	12.1940
18.1183	12.1940
18.1183	12.1974
18.1080	12.1974
18.1080	12.2009
18.1012	12.2009
18.1012	12.2043
18.0978	12.2077
18.0978	12.2111
18.0944	12.2111
18.0944	12.2145
18.0944	12.2180
18.0944	12.2214
18.0944	12.2248
18.0944	12.2282
18.0944	12.2316
18.0944	12.2351
18.0944	12.2385
18.0944	12.2419
18.0944	12.2453
18.0944	12.2488
18.0944	12.2522
18.0944	12.2556
18.0978	12.2590
18.0978	12.2624
18.0978	12.2693
18.1012	12.2693
18.1012	12.2727
18.1012	12.2761
18.1012	12.2795
18.1012	12.2830
18.1012	12.2864
18.1012	12.2898
18.1012	12.2932
18.1012	12.2966
18.1012	12.3001
18.1012	12.3035
18.1012	12.3069
18.1012	12.3103
18.1012	12.3137
18.1012	12.3172
18.0978	12.3172
18.0944	12.3206
18.0944	12.3240
18.0909	12.3240
18.0875	12.3274
18.0841	12.3274
18.0841	12.3308
18.0841	12.3343
18.0841	12.3377
18.0807	12.3377
18.0807	12.3411
18.0807	12.3445
18.0807	12.3479
18.0773	12.3514
18.0773	12.3548
18.0773	12.3582
18.0738	12.3582
18.0738	12.3616
18.0704	12.3616
18.0704	12.3650
18.0704	12.3685
18.0670	12.3685
18.0670	12.3719
18.0670	12.3753
18.0636	12.3753
18.0636	12.3787
18.0636	12.3822
18.0636	12.3856
18.0567	12.3856
18.0567	12.3890
18.0533	12.3890
18.0533	12.3924
18.0499	12.3924
18.0499	12.3958
18.0431	12.3958
18.0431	12.3993
18.0328	12.3993
18.0328	12.4027
18.0225	12.4027
18.0225	12.4061
18.0191	12.4061
18.0191	12.4095
18.0123	12.4095
18.0088	12.4129
17.9986	12.4129
17.9917	12.4164
17.9815	12.4164
17.9781	12.4198
17.9712	12.4232
17.9644	12.4232
17.9644	12.4266
17.9541	12.4266
17.9507	12.4300
17.9439	12.4335
17.9370	12.4369
17.9268	12.4369
17.9199	12.4403
17.9097	12.4403
17.9062	12.4437
17.8960	12.4437
17.8960	12.4471
17.8823	12.4471
17.8823	12.4506
17.8789	12.4540
17.8652	12.4540
17.8652	12.4574
17.8583	12.4574
17.8515	12.4608
17.8447	12.4608
17.8412	12.4642
17.8412	12.4677
17.8378	12.4711
17.8344	12.4711
17.8344	12.4745
17.8344	12.4779
17.8344	12.4813
17.8310	12.4813
17.8310	12.4848
17.8310	12.4882
17.8276	12.4882
17.8276	12.4950
17.8241	12.4950
17.8241	12.4984
17.8207	12.5019
17.8207	12.5053
17.8207	12.5087
17.8173	12.5087
17.8173	12.5121
17.8173	12.5155
17.8173	12.5190
17.8173	12.5224
17.8139	12.5224
17.8139	12.5258
17.8139	12.5292
17.8105	12.5327
17.8105	12.5361
17.8105	12.5395
17.8070	12.5395
17.8070	12.5429
17.8070	12.5498
17.8070	12.5532
17.8036	12.5532
17.8036	12.5566
17.8036	12.5600
17.8002	12.5600
17.8002	12.5634
17.8002	12.5669
17.8002	12.5703
17.8002	12.5737
17.7968	12.5737
17.7934	12.5771
17.7934	12.5805
17.7934	12.5840
17.7899	12.5840
17.7899	12.5874
17.7899	12.5908
17.7899	12.5942
17.7865	12.5976
17.7865	12.6011
17.7831	12.6011
17.7831	12.6045
17.7831	12.6079
17.7831	12.6113
17.7797	12.6113
17.7797	12.6147
17.7763	12.6147
17.7763	12.6182
17.7763	12.6216
17.7728	12.6216
17.7728	12.6250
17.7728	12.6284
17.7694	12.6284
17.7694	12.6318
17.7694	12.6353
17.7660	12.6353
17.7660	12.6387
17.7626	12.6421
17.7626	12.6489
17.7592	12.6524
17.7592	12.6558
17.7557	12.6592
17.7557	12.6626
17.7523	12.6626
17.7523	12.6661
17.7489	12.6661
17.7489	12.6695
17.7489	12.6729
17.7455	12.6729
17.7455	12.6763
17.7455	12.6797
17.7455	12.6832
17.7420	12.6832
17.7420	12.6866
17.7420	12.6900
17.7420	12.6934
17.7386	12.6934
17.7386	12.6968
17.7386	12.7003
17.7352	12.7003
17.7352	12.7037
17.7352	12.7071
17.7352	12.7105
17.7352	12.7139
17.7318	12.7139
17.7318	12.7174
17.7318	12.7208
17.7318	12.7242
17.7318	12.7276
17.7318	12.7310
17.7284	12.7345
17.7284	12.7379
17.7284	12.7413
17.7284	12.7447
17.7284	12.7481
17.7284	12.7516
17.7249	12.7516
17.7249	12.7550
17.7249	12.7584
17.7249	12.7618
17.7249	12.7652
17.7249	12.7687
17.7249	12.7721
17.7249	12.7755
17.7249	12.7789
17.7249	12.7823
17.7249	12.7892
17.7249	12.7926
17.7249	12.7994
17.7249	12.8029
17.7249	12.8063
17.7249	12.8097
17.7249	12.8131
17.7249	12.8166
17.7249	12.8200
17.7249	12.8234
17.7249	12.8268
17.7249	12.8302
17.7249	12.8337
17.7249	12.8371
17.7249	12.8405
17.7249	12.8439
17.7249	12.8473
17.7249	12.8508
17.7249	12.8542
17.7249	12.8576
17.7249	12.8610
17.7249	12.8644
17.7249	12.8679
17.7249	12.8713
17.7249	12.8747
17.7249	12.8781
17.7249	12.8815
17.7249	12.8850
17.7284	12.8884
17.7284	12.8918
17.7318	12.8952
17.7318	12.8986
17.7318	12.9021
17.7318	12.9055
17.7352	12.9055
17.7352	12.9089
17.7386	12.9123
17.7420	12.9192
17.7455	12.9226
17.7489	12.9260
17.7489	12.9294
17.7523	12.9328
17.7557	12.9328
17.7557	12.9363
17.7592	12.9363
17.7592	12.9397
17.7626	12.9397
17.7660	12.9431
17.7728	12.9465
17.7728	12.9500
17.7763	12.9500
17.7831	12.9534
17.7865	12.9602
17.7899	12.9602
17.7934	12.9636
17.7968	12.9636
17.7968	12.9671
17.8036	12.9671
17.8036	12.9705
17.8070	12.9739
17.8105	12.9739
17.8139	12.9773
17.8173	12.9773
17.8207	12.9807
17.8241	12.9807
17.8241	12.9876
17.8310	12.9876
17.8310	12.9910
17.8378	12.9910
17.8378	12.9944
17.8447	12.9944
17.8447	12.9978
17.8481	12.9978
17.8515	13.0013
17.8549	13.0047
17.8583	13.0081
17.8652	13.0081
17.8652	13.0115
17.8686	13.0115
17.8686	13.0149
17.8720	13.0149
17.8720	13.0184
17.8754	13.0184
17.8754	13.0218
17.8789	13.0218
17.8789	13.0252
17.8823	13.0252
17.8857	13.0320
17.8891	13.0320
17.8891	13.0355
17.8925	13.0389
17.8960	13.0457
17.8994	13.0491
17.8994	13.0526
17.8994	13.0560
17.9028	13.0560
17.9028	13.0594
17.9028	13.0628
17.9028	13.0662
17.9062	13.0731
17.9062	13.0765
17.9062	13.0799
17.9062	13.0833
17.9062	13.0868
17.9097	13.0868
17.9097	13.0902
17.9131	13.0902
17.9165	13.0936
17.9199	13.0936
17.9233	13.0970
17.9268	13.1005
17.9370	13.1005
17.9370	13.1039
17.9473	13.1039
17.9507	13.1073
17.9541	13.1073
17.9575	13.1107
17.9610	13.1107
17.9610	13.1141
17.9644	13.1176
17.9712	13.1176
17.9712	13.1210
17.9746	13.1210
17.9746	13.1244
17.9781	13.1244
17.9815	13.1278
17.9849	13.1312
17.9849	13.1347
17.9883	13.1347
17.9917	13.1381
17.9952	13.1381
17.9986	13.1415
18.0054	13.1415
18.0123	13.1381
18.0328	13.1381
18.0431	13.1347
18.0807	13.1347
18.0909	13.1312
18.1080	13.1312
18.1115	13.1278
18.1183	13.1278
18.1217	13.1244
18.1251	13.1244
18.1286	13.1210
18.1354	13.1210
18.1388	13.1176
18.1457	13.1176
18.1457	13.1141
18.1525	13.1141
18.1559	13.1107
18.1936	13.1107
18.1936	13.1141
18.2620	13.1141
18.2654	13.1107
18.2654	13.1073
18.2688	13.1039
18.2722	13.1039
18.2722	13.1005
18.2756	13.0970
18.2791	13.0970
18.2791	13.0936
18.2791	13.0902
18.2825	13.0902
18.2825	13.0868
18.2859	13.0833
18.2893	13.0833
18.2893	13.0799
18.2893	13.0765
18.2927	13.0731
18.2962	13.0731
18.2962	13.0697
18.2996	13.0697
18.2996	13.0662
18.2996	13.0628
18.3030	13.0628
18.3030	13.0594
18.3064	13.0594
18.3098	13.0560
18.3133	13.0560
18.3133	13.0526
18.3270	13.0526
18.3270	13.0560
18.3304	13.0560
18.3304	13.0594
18.3304	13.0628
18.3372	13.0628
18.3372	13.0662
18.3372	13.0697
18.3406	13.0697
18.3406	13.0731
18.3406	13.0765
18.3441	13.0765
18.3441	13.0799
18.3441	13.0833
18.3441	13.0868
18.3475	13.0902
18.3509	13.0936
18.3509	13.1005
18.3509	13.1039
18.3543	13.1039
18.3543	13.1073
18.3543	13.1107
18.3577	13.1141
18.3577	13.1176
18.3577	13.1210
18.3612	13.1244
18.3612	13.1312
18.3646	13.1312
18.3646	13.1347
18.3646	13.1381
18.3646	13.1415
18.3680	13.1415
18.3680	13.1449
18.3680	13.1483
18.3680	13.1518
18.3714	13.1518
18.3714	13.1552
18.3714	13.1586
18.3748	13.1620
18.3783	13.1620
18.3783	13.1654
18.3783	13.1723
18.3817	13.1723
18.3817	13.1757
18.3851	13.1757
18.3851	13.1791
18.3954	13.1791
18.3954	13.1825
18.3988	13.1825
18.3988	13.1860
18.4056	13.1860
18.4090	13.1894
18.4125	13.1894
18.4159	13.1928
18.4193	13.1962
18.4227	13.1996
18.4261	13.2031
18.4261	13.2065
18.4296	13.2065
18.4296	13.2099
18.4330	13.2099
18.4330	13.2133
18.4330	13.2167
18.4364	13.2167
18.4364	13.2202
18.4364	13.2236
18.4364	13.2270
18.4364	13.2304
18.4398	13.2304
18.4398	13.2339
18.4398	13.2373
18.4432	13.2373
18.4432	13.2407
18.4432	13.2441
18.4467	13.2441
18.4467	13.2475
18.4501	13.2475
18.4501	13.2510
18.4535	13.2510
18.4535	13.2544
18.4569	13.2544
18.4569	13.2578
18.4638	13.2612
18.4638	13.2646
18.4672	13.2646
18.4672	13.2681
18.4706	13.2715
18.4775	13.2715
18.4775	13.2749
18.4809	13.2749
18.4809	13.2783
18.4946	13.2783
18.4946	13.2817
18.5288	13.2817
18.5322	13.2783
18.5766	13.2783
18.5766	13.2817
18.5801	13.2852
18.5835	13.2852
18.5869	13.2886
18.5903	13.2886
18.5903	13.2920
18.5972	13.2920
18.6006	13.2954
18.6040	13.2988
18.6074	13.3023
18.6074	13.3057
18.6109	13.3091
18.6109	13.3125
18.6109	13.3159
18.6109	13.3194
18.6109	13.3228
18.6109	13.3262
18.6109	13.3296
18.6109	13.3330
18.6109	13.3365
18.6109	13.3399
18.6109	13.3433
18.6109	13.3467
18.6109	13.3501
18.6143	13.3501
18.6143	13.3536
18.6143	13.3570
18.6211	13.3570
18.6211	13.3604
18.6280	13.3604
18.6280	13.3638
18.6314	13.3638
18.6314	13.3672
18.6348	13.3707
18.6348	13.3741
18.6382	13.3741
18.6382	13.3775
18.6382	13.3809
18.6416	13.3809
18.6416	13.3844
18.6451	13.3878
18.6485	13.3878
18.6485	13.3912
18.6519	13.3912
18.6519	13.3946
18.6519	13.3980
18.6553	13.3980
18.6553	13.4015
18.6553	13.4049
18.6587	13.4049
18.6622	13.4083
18.6622	13.4117
18.6622	13.4151
18.6622	13.4186
18.6656	13.4186
18.6656	13.4220
18.6656	13.4254
18.6690	13.4254
18.6690	13.4288
18.6724	13.4322
18.6724	13.4357
18.6758	13.4357
18.6758	13.4425
18.6793	13.4425
18.6793	13.4459
18.6827	13.4459
18.6827	13.4528
18.6861	13.4562
18.6861	13.4596
18.6861	13.4630
18.6861	13.4664
18.6861	13.4699
18.6793	13.4699
18.6793	13.4733
18.6656	13.4733
18.6656	13.4767
18.6553	13.4767
18.6553	13.4801
18.6553	13.4835
18.6553	13.4870
18.6553	13.4904
18.6587	13.4904
18.6587	13.4938
18.6622	13.4972
18.6656	13.5006
18.6656	13.5041
18.6690	13.5109
18.6724	13.5143
18.6758	13.5212
18.6793	13.5280
18.6793	13.5314
18.6827	13.5349
18.6827	13.5383
18.6861	13.5383
18.6861	13.5417
18.6929	13.5417
18.6929	13.5451
18.6964	13.5451
18.6998	13.5485
18.7066	13.5485
18.7100	13.5520
18.7100	13.5554
18.7203	13.5554
18.7203	13.5588
18.7271	13.5588
18.7271	13.5622
18.7340	13.5622
18.7340	13.5656
18.7374	13.5656
18.7374	13.5691
18.7408	13.5691
18.7442	13.5725
18.7545	13.5725
18.7545	13.5759
18.7682	13.5759
18.7716	13.5793
18.7785	13.5793
18.7819	13.5827
18.8024	13.5827
18.8024	13.5862
18.8537	13.5862
18.8537	13.5896
18.8674	13.5896
18.8708	13.5930
18.8776	13.5964
18.8811	13.5964
18.8845	13.5998
18.8913	13.5998
18.8948	13.6033
18.8982	13.6033
18.9016	13.6067
18.9084	13.6101
18.9153	13.6101
18.9153	13.6135
18.9187	13.6169
18.9255	13.6169
18.9255	13.6204
18.9324	13.6204
18.9324	13.6238
18.9392	13.6238
18.9461	13.6272
18.9495	13.6272
18.9529	13.6306
18.9563	13.6306
18.9597	13.6340
18.9632	13.6375
18.9700	13.6375
18.9734	13.6409
18.9803	13.6409
18.9837	13.6443
18.9905	13.6443
18.9905	13.6477
19.0008	13.6477
19.0008	13.6511
19.0042	13.6546
19.0110	13.6546
19.0145	13.6580
19.0179	13.6614
19.0213	13.6648
19.0281	13.6683
19.0316	13.6683
19.0316	13.6717
19.0418	13.6717
19.0418	13.6751
19.0453	13.6751
19.0453	13.6785
19.0487	13.6785
19.0487	13.6819
19.0521	13.6819
19.0555	13.6854
19.0589	13.6854
19.0624	13.6888
19.0658	13.6922
19.0726	13.6956
19.0726	13.6990
19.0760	13.6990
19.0795	13.7025
19.0863	13.7025
19.0863	13.7059
19.0897	13.7059
19.0897	13.7093
19.0931	13.7093
19.0931	13.7127
19.0966	13.7161
19.1000	13.7161
19.1034	13.7196
19.1034	13.7230
19.1068	13.7230
19.1068	13.7264
19.1068	13.7298
19.1102	13.7298
19.1102	13.7332
19.1137	13.7367
19.1171	13.7367
19.1171	13.7435
19.1205	13.7503
19.1273	13.7538
19.1273	13.7572
19.1308	13.7640
19.1342	13.7674
19.1342	13.7709
19.1376	13.7743
19.1410	13.7777
19.1410	13.7811
19.1444	13.7811
19.1444	13.7845
19.1479	13.7845
19.1479	13.7880
19.1479	13.7914
19.1513	13.7948
19.1547	13.7982
19.1581	13.7982
19.1581	13.8051
19.1615	13.8085
19.1650	13.8119
19.1684	13.8188
19.1718	13.8222
19.1718	13.8256
19.1752	13.8290
19.1752	13.8324
19.1787	13.8359
19.1821	13.8359
19.1821	13.8393
19.1821	13.8427
19.1855	13.8427
19.1855	13.8461
19.1855	13.8495
19.1889	13.8495
19.1889	13.8530
19.1889	13.8564
19.1923	13.8564
19.1923	13.8598
19.1923	13.8632
19.1958	13.8666
19.1992	13.8666
19.1992	13.8701
19.2026	13.8701
19.2026	13.8735
19.2060	13.8735
19.2060	13.8769
19.2094	13.8769
19.2094	13.8803
19.2163	13.8803
19.2163	13.8837
19.2265	13.8837
19.2265	13.8872
19.2334	13.8872
19.2334	13.8906
19.2471	13.8906
19.2471	13.8940
19.2471	13.8974
19.2471	13.9008
19.2471	13.9043
19.2471	13.9077
19.2471	13.9111
19.2539	13.9111
19.2539	13.9145
19.2573	13.9145
19.2573	13.9179
19.2607	13.9179
19.2607	13.9214
19.2676	13.9214
19.2676	13.9248
19.2744	13.9248
19.2744	13.9282
19.2813	13.9282
19.2813	13.9316
19.2881	13.9316
19.2881	13.9350
19.2949	13.9350
19.2949	13.9385
19.2984	13.9385
19.2984	13.9419
19.3052	13.9419
19.3052	13.9453
19.3155	13.9453
19.3189	13.9487
19.3292	13.9487
19.3360	13.9522
19.3463	13.9522
19.3497	13.9556
19.3668	13.9556
19.3668	13.9590
19.4181	13.9590
19.4181	13.9556
19.4181	13.9522
19.4215	13.9487
19.4249	13.9487
19.4249	13.9453
19.4249	13.9419
19.4249	13.9385
19.4249	13.9350
19.4386	13.9350
19.4420	13.9316
19.4489	13.9316
19.4557	13.9282
19.4797	13.9282
19.4797	13.9316
19.4831	13.9316
19.4865	13.9350
19.4933	13.9350
19.4968	13.9385
19.5070	13.9385
19.5070	13.9419
19.5104	13.9419
19.5104	13.9453
19.5104	13.9487
19.5173	13.9487
19.5173	13.9522
19.5583	13.9522
19.5583	13.9487
19.5617	13.9487
19.5617	13.9453
19.5652	13.9453
19.5686	13.9419
19.5720	13.9385
19.5720	13.9350
19.5754	13.9316
19.6028	13.9316
19.6028	13.9282
19.6165	13.9282
19.6165	13.9248
19.6233	13.9248
19.6233	13.9214
19.6267	13.9214
19.6302	13.9179
19.6370	13.9179
19.6370	13.9145
19.6404	13.9145
19.6404	13.9111
19.6438	13.9111
19.6438	13.9077
19.6507	13.9077
19.6507	13.9043
19.6541	13.9043
19.6541	13.9008
19.6575	13.9008
19.6575	13.8974
19.6609	13.8974
19.6609	13.8940
19.6644	13.8940
19.6678	13.8906
19.6712	13.8906
19.6712	13.8872
19.6746	13.8872
19.6780	13.8837
19.6780	13.8803
19.6815	13.8803
19.6815	13.8769
19.6849	13.8769
19.6849	13.8735
19.6917	13.8735
19.6917	13.8701
19.6951	13.8701
19.6951	13.8666
19.6986	13.8666
19.6986	13.8632
19.7054	13.8632
19.7054	13.8598
19.7088	13.8598
19.7088	13.8564
19.7122	13.8564
19.7122	13.8530
19.7191	13.8530
19.7191	13.8495
19.7191	13.8461
19.7191	13.8427
19.7191	13.8393
19.7191	13.8359
19.7191	13.8324
19.7157	13.8324
19.7157	13.8290
19.7122	13.8290
19.7122	13.8256
19.7122	13.8222
19.7122	13.8188
19.7088	13.8188
19.7088	13.8153
19.7054	13.8153
19.7054	13.8119
19.7020	13.8119
19.7020	13.8085
19.6986	13.8085
19.6986	13.8051
19.6986	13.8017
19.6986	13.7982
19.6986	13.7948
19.7020	13.7948
19.7020	13.7914
19.7054	13.7914
19.7054	13.7880
19.7088	13.7880
19.7088	13.7845
19.7122	13.7845
19.7122	13.7811
19.7328	13.7811
19.7362	13.7777
19.7499	13.7777
19.7567	13.7743
19.7772	13.7743
19.7772	13.7709
19.7841	13.7709
19.7841	13.7674
19.7875	13.7674
19.7909	13.7640
19.7943	13.7606
19.7978	13.7572
19.7978	13.7538
19.7978	13.7503
19.8012	13.7503
19.8012	13.7469
19.8046	13.7469
19.8046	13.7435
19.8046	13.7401
19.8046	13.7367
19.8046	13.7332
19.8080	13.7332
19.8080	13.7298
19.8080	13.7264
19.8114	13.7264
19.8114	13.7230
19.8149	13.7230
19.8149	13.7196
19.8183	13.7196
19.8183	13.7161
19.8217	13.7161
19.8217	13.7127
19.8217	13.7093
19.8251	13.7093
19.8251	13.7059
19.8354	13.7059
19.8354	13.7025
19.8525	13.7025
19.8525	13.6956
19.8559	13.6956
19.8593	13.6922
19.8970	13.6922
19.9072	13.6888
19.9141	13.6888
19.9243	13.6854
19.9585	13.6854
19.9688	13.6888
19.9927	13.6888
19.9996	13.6922
20.0030	13.6922
20.0098	13.6956
20.0304	13.6956
20.0338	13.6990
20.0440	13.6990
20.0440	13.7025
20.0577	13.7025
20.0611	13.7059
20.0646	13.7059
20.0680	13.7093
20.0714	13.7093
20.0782	13.7127
20.0817	13.7127
20.0885	13.7161
20.0953	13.7161
20.0988	13.7196
20.1056	13.7230
20.1124	13.7230
20.1159	13.7264
20.1227	13.7298
20.1398	13.7298
20.1398	13.7332
20.1535	13.7332
20.1535	13.7367
20.1843	13.7367
20.1877	13.7332
20.2766	13.7332
20.2766	13.7367
20.2869	13.7367
20.2903	13.7401
20.2937	13.7435
20.2971	13.7435
20.2971	13.7469
20.3074	13.7469
20.3074	13.7503
20.3108	13.7503
20.3108	13.7538
20.3108	13.7572
20.3177	13.7572
20.3177	13.7606
20.3211	13.7606
20.3211	13.7640
20.3245	13.7640
20.3245	13.7674
20.3245	13.7709
20.3314	13.7709
20.3314	13.7743
20.3348	13.7743
20.3348	13.7777
20.3348	13.7811
20.3382	13.7811
20.3382	13.7845
20.3382	13.7880
20.3450	13.7880
20.3450	13.7914
20.3485	13.7982
20.3485	13.8017
20.3485	13.8051
20.3519	13.8085
20.3553	13.8119
20.3553	13.8153
20.3587	13.8153
20.3587	13.8188
20.3656	13.8188
20.3656	13.8222
20.3690	13.8256
20.3690	13.8290
20.3724	13.8290
20.3724	13.8324
20.3724	13.8359
20.3758	13.8359
20.3758	13.8393
20.3792	13.8393
20.3792	13.8427
20.3827	13.8427
20.3827	13.8461
20.3827	13.8495
20.3861	13.8495
20.3861	13.8530
20.3895	13.8530
20.3929	13.8564
20.3929	13.8598
20.3963	13.8632
20.3998	13.8666
20.4032	13.8701
20.4032	13.8769
20.4066	13.8769
20.4066	13.8803
20.4100	13.8803
20.4100	13.8837
20.4100	13.8872
20.4169	13.8906
20.4169	13.8940
20.4203	13.8974
20.4237	13.9008
20.4237	13.9043
20.4305	13.9077
20.4374	13.9077
20.4374	13.9111
20.4442	13.9111
20.4442	13.9145
20.4477	13.9145
20.4477	13.9179
20.4545	13.9179
20.4545	13.9214
20.4648	13.9214
20.4648	13.9248
20.4750	13.9248
20.4750	13.9282
20.4784	13.9282
20.4784	13.9316
20.4853	13.9316
20.4853	13.9350
20.4887	13.9350
20.4887	13.9385
20.4921	13.9385
20.4921	13.9419
20.4921	13.9453
20.4990	13.9453
20.4990	13.9487
20.5024	13.9487
20.5024	13.9522
20.5058	13.9522
20.5058	13.9556
20.5092	13.9556
20.5092	13.9590
20.5126	13.9624
20.5161	13.9624
20.5161	13.9658
20.5195	13.9658
20.5195	13.9693
20.5263	13.9693
20.5297	13.9727
20.5332	13.9761
20.5366	13.9761
20.5434	13.9795
20.5503	13.9829
20.5571	13.9829
20.5639	13.9898
20.5742	13.9898
20.5776	13.9932
20.5810	13.9932
20.5845	13.9966
20.5913	13.9966
20.5913	14.0000
20.5982	14.0000
20.6016	14.0035
20.6118	14.0035
20.6153	14.0069
20.6255	14.0069
20.6255	14.0103
20.6426	14.0103
20.6426	14.0137
20.6460	14.0137
20.6460	14.0171
20.6597	14.0171
20.6597	14.0206
20.6734	14.0206
20.6734	14.0240
20.6871	14.0240
20.6871	14.0274
20.6973	14.0274
20.6973	14.0308
20.7042	14.0308
20.7042	14.0342
20.7076	14.0342
20.7076	14.0377
20.7110	14.0377
20.7110	14.0411
20.7144	14.0411
20.7144	14.0445
20.7179	14.0445
20.7179	14.0479
20.7281	14.0479
20.7281	14.0513
20.7350	14.0513
20.7350	14.0548
20.7452	14.0548
20.7452	14.0582
20.7487	14.0582
20.7487	14.0616
20.7623	14.0616
20.7623	14.0650
20.7863	14.0650
20.7863	14.0684
20.8376	14.0684
20.8410	14.0650
20.8718	14.0650
20.8752	14.0616
20.8786	14.0616
20.8786	14.0582
20.8855	14.0582
20.8889	14.0548
20.8889	14.0513
20.8957	14.0513
20.8957	14.0479
20.8992	14.0479
20.8992	14.0445
20.9026	14.0445
20.9026	14.0411
20.9026	14.0377
20.9026	14.0342
20.9060	14.0342
20.9060	14.0308
20.9060	14.0274
20.9060	14.0240
20.9060	14.0206
20.9060	14.0171
20.9094	14.0171
20.9094	14.0137
20.9094	14.0103
20.9094	14.0069
20.9128	14.0069
20.9128	14.0035
20.9128	14.0000
20.9128	13.9966
20.9128	13.9932
20.9128	13.9898
20.9163	13.9898
20.9163	13.9864
20.9163	13.9829
20.9163	13.9795
20.9197	13.9761
20.9197	13.9727
20.9197	13.9693
20.9197	13.9658
20.9197	13.9624
20.9231	13.9624
20.9231	13.9590
20.9231	13.9556
20.9231	13.9522
20.9265	13.9522
20.9265	13.9487
20.9265	13.9453
20.9299	13.9453
20.9299	13.9419
20.9299	13.9385
20.9299	13.9350
20.9334	13.9350
20.9334	13.9316
20.9368	13.9248
20.9402	13.9214
20.9402	13.9179
20.9436	13.9145
20.9436	13.9111
20.9436	13.9077
20.9470	13.9077
20.9470	13.9043
20.9505	13.9008
20.9539	13.9008
20.9539	13.8974
20.9539	13.8940
20.9539	13.8906
20.9573	13.8906
20.9573	13.8872
20.9573	13.8837
20.9607	13.8803
20.9607	13.8769
20.9607	13.8735
20.9641	13.8735
20.9641	13.8666
20.9676	13.8666
20.9676	13.8632
20.9676	13.8598
20.9710	13.8564
20.9710	13.8530
20.9710	13.8495
20.9744	13.8495
20.9744	13.8461
20.9744	13.8427
20.9778	13.8427
20.9778	13.8393
20.9778	13.8359
20.9778	13.8324
20.9812	13.8324
20.9847	13.8290
20.9847	13.8256
20.9847	13.8222
20.9881	13.8188
20.9881	13.8153
20.9881	13.8119
20.9881	13.8085
20.9881	13.8051
20.9915	13.8051
20.9915	13.8017
20.9915	13.7982
20.9949	13.7982
20.9949	13.7948
20.9949	13.7914
20.9983	13.7914
20.9983	13.7880
20.9983	13.7845
20.9983	13.7811
21.0018	13.7811
21.0018	13.7777
21.0018	13.7743
21.0018	13.7709
21.0018	13.7674
21.0052	13.7674
21.0052	13.7640
21.0052	13.7606
21.0052	13.7572
21.0086	13.7572
21.0086	13.7538
21.0120	13.7503
21.0120	13.7469
21.0155	13.7469
21.0155	13.7435
21.0155	13.7401
21.0155	13.7367
21.0189	13.7367
21.0189	13.7332
21.0223	13.7332
21.0257	13.7298
21.0257	13.7264
21.0291	13.7264
21.0291	13.7230
21.0326	13.7230
21.0394	13.7196
21.0394	13.7161
21.0428	13.7127
21.0462	13.7127
21.0462	13.7093
21.0497	13.7093
21.0497	13.7059
21.0565	13.7059
21.0565	13.7025
21.0599	13.6990
21.0633	13.6990
21.0668	13.6956
21.0736	13.6956
21.0736	13.6922
21.0839	13.6922
21.0839	13.6888
21.0873	13.6888
21.0873	13.6854
21.0975	13.6854
21.0975	13.6819
21.1112	13.6819
21.1146	13.6785
21.1420	13.6785
21.1420	13.6751
21.1660	13.6751
21.1660	13.6717
21.1762	13.6717
21.1796	13.6683
21.1967	13.6683
21.2002	13.6648
21.2138	13.6648
21.2138	13.6614
21.2241	13.6614
21.2275	13.6580
21.2275	13.6546
21.2344	13.6546
21.2344	13.6511
21.2378	13.6511
21.2378	13.6477
21.2412	13.6477
21.2412	13.6443
21.2446	13.6443
21.2446	13.6409
21.2446	13.6375
21.2515	13.6375
21.2515	13.6340
21.2549	13.6306
21.2549	13.6272
21.2583	13.6272
21.2583	13.6238
21.2617	13.6238
21.2651	13.6204
21.2651	13.6169
21.2651	13.6135
21.2686	13.6135
21.2686	13.6101
21.2720	13.6101
21.2720	13.6067
21.2754	13.5998
21.2788	13.5998
21.2788	13.5964
21.2822	13.5964
21.2822	13.5930
21.2857	13.5930
21.2857	13.5896
21.2857	13.5862
21.2891	13.5862
21.2891	13.5827
21.2925	13.5827
21.2959	13.5793
21.2994	13.5793
21.2994	13.5759
21.3028	13.5725
21.3028	13.5691
21.3062	13.5691
21.3062	13.5656
21.3096	13.5656
21.3096	13.5622
21.3130	13.5622
21.3130	13.5588
21.3165	13.5554
21.3165	13.5520
21.3199	13.5520
21.3233	13.5485
21.3233	13.5451
21.3267	13.5451
21.3267	13.5417
21.3301	13.5417
21.3301	13.5383
21.3336	13.5383
21.3370	13.5349
21.3404	13.5349
21.3404	13.5314
21.3404	13.5280
21.3438	13.5280
21.3438	13.5246
21.3472	13.5246
21.3472	13.5212
21.3507	13.5212
21.3507	13.5178
21.3541	13.5178
21.3541	13.5143
21.3575	13.5143
21.3575	13.5109
21.3643	13.5109
21.3643	13.5075
21.3678	13.5075
21.3678	13.5041
21.3712	13.5006
21.3746	13.5006
21.3746	13.4972
21.3814	13.4972
21.3814	13.4938
21.3849	13.4938
21.3917	13.4904
21.3917	13.4870
21.3951	13.4870
21.3951	13.4835
21.3985	13.4801
21.4020	13.4801
21.4020	13.4767
21.4054	13.4733
21.4088	13.4733
21.4088	13.4699
21.4122	13.4699
21.4156	13.4664
21.4191	13.4664
21.4225	13.4630
21.4259	13.4596
21.4293	13.4562
21.4327	13.4528
21.4362	13.4528
21.4362	13.4493
21.4430	13.4493
21.4430	13.4459
21.4464	13.4459
21.4464	13.4425
21.4533	13.4425
21.4567	13.4391
21.4635	13.4391
21.4670	13.4357
21.4704	13.4357
21.4772	13.4322
21.4806	13.4322
21.4806	13.4288
21.5251	13.4288
21.5251	13.4322
21.5456	13.4322
21.5456	13.4357
21.5559	13.4357
21.5559	13.4391
21.5696	13.4391
21.5696	13.4425
21.5867	13.4425
21.5867	13.4459
21.6038	13.4459
21.6038	13.4493
21.6619	13.4493
21.6653	13.4459
21.6790	13.4459
21.6859	13.4425
21.7098	13.4425
21.7098	13.4391
21.7372	13.4391
21.7372	13.4357
21.7509	13.4357
21.7577	13.4322
21.7645	13.4322
21.7680	13.4288
21.7782	13.4288
21.7816	13.4254
21.7919	13.4254
21.7953	13.4220
21.8056	13.4220
21.8056	13.4186
21.8056	13.4151
21.8158	13.4151
21.8158	13.4117
21.8261	13.4117
21.8261	13.4083
21.8295	13.4083
21.8295	13.4049
21.8295	13.4015
21.8329	13.4015
21.8329	13.3980
21.8364	13.3980
21.8364	13.3946
21.8398	13.3946
21.8432	13.3912
21.8432	13.3878
21.8466	13.3844
21.8466	13.3809
21.8500	13.3809
21.8500	13.3775
21.8535	13.3741
21.8569	13.3741
21.8569	13.3707
21.8569	13.3672
21.8603	13.3672
21.8603	13.3638
21.8637	13.3604
21.8637	13.3570
21.8672	13.3570
21.8706	13.3536
21.8706	13.3501
21.8706	13.3467
21.8740	13.3467
21.8740	13.3433
21.8774	13.3433
21.8774	13.3399
21.8843	13.3399
21.8843	13.3365
21.8843	13.3330
21.8877	13.3330
21.8877	13.3296
21.8911	13.3296
21.8911	13.3262
21.8945	13.3228
21.8945	13.3194
21.8979	13.3194
21.9014	13.3159
21.9014	13.3125
21.9048	13.3125
21.9082	13.3091
21.9116	13.3091
21.9150	13.3057
21.9150	13.3023
21.9185	13.3023
21.9185	13.2988
21.9219	13.2988
21.9253	13.2954
21.9287	13.2954
21.9287	13.2920
21.9287	13.2886
21.9321	13.2886
21.9321	13.2852
21.9356	13.2852
21.9356	13.2817
21.9424	13.2817
21.9424	13.2783
21.9424	13.2749
21.9458	13.2749
21.9458	13.2715
21.9492	13.2715
21.9492	13.2681
21.9527	13.2681
21.9561	13.2612
21.9561	13.2578
21.9595	13.2578
21.9595	13.2544
21.9629	13.2544
21.9629	13.2510
21.9629	13.2475
21.9629	13.2441
21.9698	13.2441
21.9698	13.2407
21.9698	13.2373
21.9698	13.2339
21.9732	13.2339
21.9732	13.2304
21.9732	13.2270
21.9766	13.2270
21.9766	13.2236
21.9766	13.2202
21.9800	13.2202
21.9800	13.2167
21.9834	13.2167
21.9834	13.2133
21.9869	13.2099
21.9869	13.2065
21.9869	13.2031
21.9869	13.1996
21.9903	13.1996
21.9903	13.1928
21.9937	13.1894
21.9971	13.1894
21.9971	13.1860
21.9971	13.1825
22.0005	13.1825
22.0005	13.1791
22.0005	13.1757
22.0005	13.1723
22.0040	13.1723
22.0040	13.1689
22.0074	13.1689
22.0074	13.1654
22.0074	13.1620
22.0108	13.1620
22.0108	13.1586
22.0108	13.1552
22.0142	13.1552
22.0142	13.1518
22.0142	13.1483
22.0177	13.1483
22.0177	13.1449
22.0177	13.1415
22.0211	13.1381
22.0245	13.1347
22.0245	13.1312
22.0245	13.1278
22.0279	13.1244
22.0279	13.1210
22.0279	13.1176
22.0313	13.1176
22.0313	13.1141
22.0313	13.1107
22.0348	13.1073
22.0382	13.1073
22.0382	13.1039
22.0382	13.1005
22.0416	13.0970
22.0416	13.0936
22.0416	13.0902
22.0450	13.0868
22.0450	13.0833
22.0484	13.0799
22.0484	13.0765
22.0484	13.0731
22.0519	13.0731
22.0519	13.0697
22.0553	13.0662
22.0553	13.0628
22.0587	13.0594
22.0587	13.0560
22.0621	13.0526
22.0621	13.0491
22.0621	13.0457
22.0655	13.0457
22.0655	13.0423
22.0690	13.0423
22.0690	13.0389
22.0690	13.0355
22.0690	13.0320
22.0724	13.0320
22.0724	13.0286
22.0758	13.0286
22.0758	13.0252
22.0792	13.0218
22.0792	13.0184
22.0826	13.0184
22.0826	13.0149
22.0826	13.0115
22.0861	13.0115
22.0861	13.0081
22.0861	13.0047
22.0895	13.0047
22.0895	13.0013
22.0895	12.9978
22.0895	12.9944
22.0895	12.9910
22.0929	12.9910
22.0929	12.9876
22.0929	12.9842
22.0929	12.9807
22.0929	12.9773
22.0929	12.9739
22.0929	12.9705
22.0929	12.9671
22.0929	12.9636
22.0929	12.9602
22.0929	12.9568
22.0929	12.9534
22.0929	12.9500
22.0929	12.9465
22.0929	12.9431
22.0929	12.9397
22.0929	12.9363
22.0929	12.9328
22.0929	12.9294
22.0929	12.9260
22.0929	12.9226
22.0929	12.9192
22.0929	12.9157
22.0929	12.9123
22.0929	12.9089
22.0895	12.9089
22.0895	12.9055
22.0895	12.9021
22.0895	12.8986
22.0895	12.8952
22.0895	12.8918
22.0895	12.8884
22.0895	12.8850
22.0895	12.8815
22.0895	12.8781
22.0895	12.8747
22.0895	12.8713
22.0895	12.8679
22.0895	12.8644
22.0895	12.8610
22.0861	12.8610
22.0861	12.8576
22.0861	12.8542
22.0861	12.8508
22.0861	12.8473
22.0861	12.8439
22.0861	12.8405
22.0826	12.8405
22.0826	12.8371
22.0826	12.8337
22.0792	12.8337
22.0792	12.8302
22.0758	12.8268
22.0724	12.8234
22.0724	12.8200
22.0690	12.8200
22.0690	12.8166
22.0690	12.8131
22.0655	12.8131
22.0655	12.8097
22.0621	12.8097
22.0621	12.8063
22.0587	12.8063
22.0587	12.8029
22.0553	12.7994
22.0553	12.7960
22.0553	12.7926
22.0519	12.7926
22.0519	12.7892
22.0519	12.7858
22.0519	12.7823
22.0484	12.7823
22.0484	12.7789
22.0450	12.7789
22.0450	12.7755
22.0416	12.7755
22.0416	12.7721
22.0416	12.7687
22.0348	12.7687
22.0348	12.7652
22.0245	12.7652
22.0245	12.7618
22.0108	12.7618
22.0108	12.7584
21.9971	12.7584
21.9971	12.7550
21.9971	12.7516
21.9903	12.7516
21.9903	12.7481
21.9903	12.7447
21.9937	12.7447
21.9937	12.7413
21.9971	12.7413
21.9971	12.7379
21.9971	12.7345
22.0005	12.7310
22.0005	12.7276
22.0040	12.7276
22.0040	12.7242
22.0108	12.7242
22.0108	12.7208
22.0142	12.7208
22.0142	12.7174
22.0177	12.7174
22.0177	12.7139
22.0211	12.7139
22.0211	12.7105
22.0245	12.7105
22.0245	12.7071
22.0279	12.7071
22.0279	12.7037
22.0313	12.7037
22.0313	12.7003
22.0348	12.7003
22.0348	12.6968
22.0382	12.6968
22.0382	12.6934
22.0416	12.6934
22.0416	12.6900
22.0450	12.6900
22.0450	12.6866
22.0484	12.6866
22.0484	12.6832
22.0553	12.6832
22.0553	12.6797
22.0587	12.6797
22.0621	12.6763
22.0655	12.6729
22.0690	12.6695
22.0724	12.6695
22.0758	12.6661
22.0861	12.6661
22.0861	12.6626
22.0895	12.6626
22.0895	12.6592
22.0963	12.6592
22.0963	12.6558
22.0997	12.6524
22.0997	12.6489
22.1032	12.6489
22.1032	12.6455
22.1100	12.6455
22.1100	12.6421
22.1134	12.6421
22.1134	12.6387
22.1168	12.6353
22.1168	12.6318
22.1203	12.6318
22.1203	12.6284
22.1237	12.6284
22.1237	12.6250
22.1237	12.6216
22.1237	12.6182
22.1271	12.6182
22.1271	12.6147
22.1271	12.6113
22.1305	12.6113
22.1305	12.6079
22.1305	12.6045
22.1374	12.6045
22.1374	12.6011
22.1374	12.5976
22.1408	12.5976
22.1408	12.5942
22.1442	12.5942
22.1442	12.5908
22.1442	12.5874
22.1442	12.5840
22.1442	12.5805
22.1476	12.5771
22.1476	12.5737
22.1476	12.5703
22.1511	12.5703
22.1511	12.5669
22.1511	12.5634
22.1511	12.5600
22.1511	12.5566
22.1511	12.5532
22.1511	12.5498
22.1545	12.5498
22.1545	12.5463
22.1545	12.5429
22.1545	12.5395
22.1545	12.5361
22.1545	12.5327
22.1545	12.5292
22.1545	12.5258
22.1545	12.5224
22.1545	12.5190
22.1545	12.5155
22.1545	12.5121
22.1579	12.5121
22.1579	12.5087
22.1579	12.5053
22.1579	12.5019
22.1579	12.4984
22.1579	12.4950
22.1579	12.4916
22.1579	12.4882
22.1579	12.4848
22.1579	12.4813
22.1579	12.4779
22.1579	12.4745
22.1579	12.4711
22.1579	12.4677
22.1579	12.4642
22.1579	12.4608
22.1579	12.4574
22.1545	12.4540
22.1545	12.4506
22.1545	12.4471
22.1511	12.4403
22.1511	12.4369
22.1476	12.4300
22.1476	12.4266
22.1476	12.4232
22.1476	12.4198
22.1442	12.4164
22.1442	12.4129
22.1408	12.4095
22.1408	12.4061
22.1408	12.4027
22.1408	12.3993
22.1408	12.3958
22.1408	12.3924
22.1408	12.3890
22.1374	12.3890
22.1374	12.3856
22.1374	12.3822
22.1339	12.3787
22.1339	12.3753
22.1339	12.3719
22.1305	12.3719
22.1305	12.3685
22.1271	12.3685
22.1271	12.3650
22.1237	12.3616
22.1237	12.3582
22.1203	12.3548
22.1203	12.3514
22.1168	12.3514
22.1168	12.3479
22.1134	12.3479
22.1134	12.3445
22.1100	12.3445
22.1100	12.3411
22.1100	12.3377
22.1100	12.3343
22.1100	12.3308
22.1100	12.3274
22.1100	12.3240
22.1100	12.3206
22.1134	12.3206
22.1134	12.3172
22.1134	12.3137
22.1134	12.3103
22.1134	12.3069
22.1134	12.3035
22.1100	12.3035
22.1100	12.3001
22.1100	12.2966
22.1066	12.2932
22.1066	12.2898
22.1066	12.2864
22.1066	12.2830
22.1032	12.2830
22.1032	12.2795
22.1032	12.2761
22.0997	12.2727
22.0997	12.2693
22.0997	12.2659
22.0997	12.2624
22.0997	12.2590
22.0963	12.2590
22.0963	12.2556
22.0929	12.2556
22.0929	12.2522
22.0929	12.2488
22.0895	12.2488
22.0895	12.2453
22.0861	12.2453
22.0861	12.2419
22.0826	12.2385
22.0826	12.2316
22.0792	12.2316
22.0792	12.2282
22.0758	12.2282
22.0758	12.2248
22.0724	12.2248
22.0724	12.2214
22.0690	12.2214
22.0690	12.2180
22.0655	12.2180
22.0655	12.2145
22.0655	12.2111
22.0621	12.2111
22.0587	12.2077
22.0587	12.2043
22.0553	12.2009
22.0553	12.1974
22.0519	12.1974
22.0519	12.1940
22.0519	12.1906
22.0484	12.1906
22.0484	12.1872
22.0484	12.1838
22.0450	12.1838
22.0450	12.1769
22.0416	12.1735
22.0382	12.1701
22.0382	12.1632
22.0348	12.1598
22.0348	12.1564
22.0313	12.1530
22.0313	12.1496
22.0279	12.1496
22.0279	12.1461
22.0279	12.1427
22.0245	12.1427
22.0245	12.1393
22.0245	12.1359
22.0245	12.1325
22.0211	12.1325
22.0211	12.1290
22.0211	12.1256
22.0211	12.1222
22.0177	12.1222
22.0177	12.1188
22.0142	12.1188
22.0142	12.1154
22.0108	12.1119
22.0108	12.1085
22.0108	12.1051
22.0074	12.1051
22.0074	12.1017
22.0040	12.0983
22.0005	12.0948
22.0005	12.0914
22.0005	12.0880
21.9971	12.0880
21.9971	12.0846
21.9971	12.0811
21.9971	12.0777
21.9937	12.0777
21.9937	12.0743
21.9903	12.0743
21.9869	12.0675
21.9834	12.0640
21.9766	12.0606
21.9732	12.0572
21.9698	12.0538
21.9629	12.0504
21.9595	12.0469
21.9561	12.0435
21.9527	12.0401
21.9492	12.0367
21.9424	12.0333
21.9390	12.0264
21.9356	12.0264
21.9321	12.0230
21.9287	12.0196
21.9253	12.0162
21.9219	12.0093
21.9185	12.0059
21.9150	12.0059
21.9150	12.0025
21.9116	11.9991
21.9116	11.9956
21.9116	11.9922
21.9082	11.9922
21.9048	11.9888
21.9014	11.9854
21.9014	11.9820
21.8979	11.9820
21.8945	11.9785
21.8911	11.9785
21.8911	11.9751
21.8877	11.9751
21.8843	11.9717
21.8843	11.9683
21.8774	11.9683
21.8774	11.9649
21.8740	11.9614
21.8706	11.9614
21.8672	11.9580
21.8672	11.9546
21.8637	11.9546
21.8637	11.9512
21.8603	11.9512
21.8603	11.9477
21.8569	11.9477
21.8569	11.9443
21.8535	11.9443
21.8535	11.9409
21.8500	11.9409
21.8500	11.9375
21.8466	11.9375
21.8466	11.9341
21.8432	11.9306
21.8432	11.9272
21.8432	11.9238
21.8398	11.9238
21.8398	11.9204
21.8364	11.9204
21.8364	11.9170
21.8364	11.9135
21.8329	11.9135
21.8329	11.9101
21.8329	11.9067
21.8295	11.9067
21.8295	11.9033
21.8261	11.9033
21.8261	11.8999
21.8261	11.8964
21.8227	11.8964
21.8227	11.8930
21.8193	11.8930
21.8193	11.8896
21.8158	11.8896
21.8124	11.8862
21.8124	11.8828
21.8056	11.8793
21.8056	11.8759
21.8022	11.8725
21.8022	11.8691
21.7987	11.8691
21.7987	11.8657
21.7953	11.8657
21.7953	11.8622
21.7919	11.8622
21.7885	11.8588
21.7851	11.8554
21.7816	11.8520
21.7782	11.8520
21.7748	11.8486
21.7714	11.8451
21.7680	11.8417
21.7645	11.8383
21.7611	11.8383
21.7611	11.8349
21.7577	11.8349
21.7577	11.8315
21.7543	11.8280
21.7474	11.8280
21.7474	11.8246
21.7338	11.8246
21.7338	11.8212
21.7269	11.8212
21.7235	11.8178
21.7201	11.8144
21.7132	11.8109
21.6995	11.8109
21.6995	11.8144
21.6961	11.8144
21.6927	11.8178
21.6927	11.8212
21.6893	11.8212
21.6893	11.8246
21.6824	11.8246
21.6824	11.8280
21.6585	11.8280
21.6585	11.8246
21.6311	11.8246
21.6311	11.8212
21.6277	11.8212
21.6243	11.8178
21.6243	11.8144
21.6209	11.8144
21.6209	11.8109
21.6175	11.8109
21.6175	11.8075
21.6140	11.8041
21.6140	11.8007
21.6106	11.7972
21.6072	11.7972
21.6072	11.7938
21.6072	11.7904
21.6038	11.7904
21.6038	11.7836
21.6004	11.7836
21.6004	11.7801
21.6004	11.7767
21.5969	11.7767
21.5969	11.7733
21.5935	11.7733
21.5935	11.7699
21.5935	11.7665
21.5901	11.7665
21.5901	11.7630
21.5867	11.7596
21.5867	11.7562
21.5798	11.7494
21.5764	11.7425
21.5764	11.7391
21.5730	11.7391
21.5730	11.7357
21.5696	11.7288
21.5661	11.7288
21.5661	11.7254
21.5661	11.7220
21.5661	11.7186
21.5661	11.7152
21.5627	11.7152
21.5627	11.7117
21.5593	11.7083
21.5593	11.7049
21.5593	11.7015
21.5593	11.6981
21.5593	11.6946
21.5559	11.6946
21.5559	11.6912
21.5525	11.6878
21.5525	11.6844
21.5525	11.6810
21.5525	11.6775
21.5490	11.6741
21.5490	11.6707
21.5490	11.6673
21.5490	11.6638
21.5490	11.6604
21.5490	11.6570
21.5490	11.6536
21.5456	11.6536
21.5456	11.6502
21.5456	11.6467
21.5456	11.6433
21.5422	11.6433
21.5388	11.6399
21.5388	11.6365
21.5354	11.6365
21.5354	11.6331
21.5354	11.6296
21.5319	11.6296
21.5319	11.6262
21.5285	11.6262
21.5285	11.6228
21.5251	11.6228
21.5251	11.6194
21.5251	11.6160
21.5217	11.6160
21.5217	11.6125
21.5217	11.6091
21.5183	11.6057
21.5183	11.6023
21.5148	11.5989
21.5148	11.5954
21.5114	11.5954
21.5114	11.5920
21.5080	11.5920
21.5080	11.5886
21.5080	11.5852
21.5046	11.5852
21.5046	11.5818
21.5012	11.5818
21.5012	11.5783
21.4943	11.5783
21.4943	11.5749
21.4909	11.5715
21.4875	11.5681
21.4806	11.5681
21.4806	11.5647
21.4772	11.5647
21.4738	11.5578
21.4704	11.5578
21.4670	11.5544
21.4635	11.5510
21.4635	11.5476
21.4601	11.5441
21.4567	11.5407
21.4533	11.5373
21.4464	11.5339
21.4464	11.5304
21.4396	11.5270
21.4396	11.5236
21.4362	11.5236
21.4327	11.5202
21.4327	11.5168
21.4259	11.5168
21.4259	11.5133
21.4225	11.5133
21.4225	11.5099
21.4191	11.5099
21.4191	11.5065
21.4156	11.5031
21.4122	11.5031
21.4122	11.4997
21.4088	11.4997
21.4054	11.4962
21.4054	11.4928
21.4020	11.4894
21.3985	11.4894
21.3985	11.4860
21.3951	11.4860
21.3951	11.4826
21.3951	11.4791
21.3917	11.4791
21.3917	11.4757
21.3849	11.4757
21.3849	11.4723
21.3814	11.4723
21.3814	11.4689
21.3780	11.4689
21.3780	11.4655
21.3746	11.4655
21.3712	11.4620
21.3678	11.4586
21.3643	11.4552
21.3609	11.4552
21.3541	11.4518
21.3541	11.4484
21.3507	11.4449
21.3507	11.4415
21.3472	11.4415
21.3472	11.4381
21.3438	11.4381
21.3404	11.4347
21.3404	11.4313
21.3370	11.4313
21.3370	11.4278
21.3301	11.4278
21.3267	11.4244
21.3233	11.4244
21.3165	11.4210
21.3130	11.4176
21.3062	11.4176
21.2994	11.4142
21.2925	11.4142
21.2857	11.4107
21.2788	11.4073
21.2720	11.4039
21.2651	11.4039
21.2617	11.4005
21.2549	11.3971
21.2515	11.3971
21.2515	11.3936
21.2480	11.3936
21.2480	11.3902
21.2207	11.3902
21.2173	11.3868
21.1933	11.3868
21.1933	11.3834
21.1831	11.3834
21.1796	11.3799
21.1625	11.3799
21.1591	11.3765
21.1249	11.3765
21.1249	11.3799
21.1181	11.3799
21.1181	11.3834
21.1112	11.3834
21.1112	11.3868
21.0668	11.3868
21.0599	11.3834
20.9744	11.3834
20.9744	11.3799
20.9539	11.3799
20.9505	11.3765
20.9299	11.3765
20.9231	11.3731
20.8821	11.3731
20.8821	11.3697
20.8786	11.3697
20.8786	11.3663
20.8752	11.3663
20.8752	11.3628
20.8649	11.3628
20.8649	11.3594
20.8615	11.3594
20.8581	11.3560
20.8547	11.3526
20.8513	11.3492
20.8478	11.3492
20.8478	11.3457
20.8444	11.3457
20.8410	11.3423
20.8376	11.3423
20.8376	11.3389
20.8376	11.3355
20.8342	11.3355
20.8342	11.3321
20.8273	11.3321
20.8239	11.3286
20.8102	11.3286
20.8068	11.3252
20.8000	11.3252
20.7965	11.3218
20.7863	11.3218
20.7829	11.3184
20.7692	11.3184
20.7658	11.3150
20.7555	11.3150
20.7487	11.3115
20.7452	11.3081
20.7350	11.3081
20.7316	11.3047
20.7179	11.3047
20.7144	11.3013
20.7110	11.3013
20.7110	11.2979
20.7042	11.2979
20.7042	11.2944
20.7008	11.2944
20.6973	11.2910
20.6837	11.2910
20.6837	11.2876
20.6700	11.2876
20.6631	11.2842
20.6597	11.2808
20.6460	11.2808
20.6426	11.2773
20.6392	11.2773
20.6324	11.2739
20.6255	11.2739
20.6221	11.2705
20.6153	11.2671
20.6118	11.2671
20.6084	11.2637
20.6016	11.2637
20.6016	11.2602
20.5947	11.2602
20.5947	11.2568
20.5879	11.2568
20.5879	11.2534
20.5776	11.2534
20.5742	11.2500
20.5639	11.2500
20.5639	11.2465
20.5537	11.2465
20.5537	11.2431
20.5468	11.2397
20.5434	11.2397
20.5400	11.2363
20.5366	11.2363
20.5332	11.2329
20.5263	11.2329
20.5263	11.2294
20.5195	11.2294
20.5195	11.2260
20.5126	11.2260
20.5126	11.2226
20.5058	11.2226
20.5058	11.2192
20.4990	11.2192
20.4990	11.2158
20.4955	11.2158
20.4921	11.2123
20.4921	11.2089
20.4819	11.2089
20.4819	11.2055
20.4784	11.2055
20.4750	11.2021
20.4716	11.2021
20.4682	11.1987
20.4648	11.1987
20.4648	11.1952
20.4579	11.1952
20.4511	11.1918
20.4477	11.1884
20.4408	11.1884
20.4374	11.1850
20.4340	11.1816
20.4305	11.1816
20.4271	11.1781
20.4237	11.1781
20.4237	11.1747
20.4203	11.1747
20.4203	11.1713
20.4169	11.1713
20.4169	11.1679
20.4134	11.1679
20.4134	11.1645
20.4134	11.1610
20.4100	11.1610
20.4100	11.1576
20.4066	11.1576
20.4066	11.1542
20.4032	11.1542
20.4032	11.1508
20.3998	11.1508
20.3998	11.1474
20.3963	11.1474
20.3963	11.1439
20.3929	11.1405
20.3895	11.1405
20.3895	11.1371
20.3861	11.1337
20.3827	11.1303
20.3827	11.1268
20.3792	11.1268
20.3792	11.1234
20.3758	11.1234
20.3758	11.1200
20.3758	11.1166
20.3724	11.1166
20.3724	11.1132
20.3690	11.1097
20.3656	11.1097
20.3621	11.1063
20.3587	11.1063
20.3553	11.1029
20.3553	11.0995
20.3519	11.0960
20.3485	11.0960
20.3450	11.0926
20.3416	11.0892
20.3416	11.0858
20.3382	11.0858
20.3382	11.0824
20.3348	11.0824
20.3314	11.0789
20.3279	11.0755
20.3279	11.0721
20.3245	11.0721
20.3245	11.0687
20.3245	11.0653
20.3211	11.0653
20.3211	11.0618
20.3177	11.0618
20.3177	11.0584
20.3177	11.0550
20.3143	11.0550
20.3143	11.0516
20.3108	11.0516
20.3108	11.0482
20.3074	11.0482
20.3074	11.0447
20.3074	11.0413
20.3040	11.0413
20.3040	11.0379
20.3040	11.0345
20.3006	11.0345
20.3006	11.0311
20.3006	11.0276
20.2971	11.0276
20.2971	11.0242
20.2937	11.0242
20.2937	11.0208
20.2903	11.0208
20.2903	11.0174
20.2903	11.0140
20.2869	11.0140
20.2869	11.0105
20.2869	11.0071
20.2835	11.0071
20.2835	11.0037
20.2835	11.0003
20.2835	10.9969
20.2800	10.9969
20.2800	10.9934
20.2766	10.9934
20.2766	10.9900
20.2766	10.9866
20.2732	10.9866
20.2732	10.9832
20.2698	10.9798
20.2664	10.9798
20.2629	10.9763
20.2629	10.9729
20.2595	10.9729
20.2595	10.9695
20.2561	10.9695
20.2561	10.9661
20.2527	10.9661
20.2527	10.9626
20.2493	10.9626
20.2493	10.9592
20.2493	10.9558
20.2424	10.9558
20.2424	10.9524
20.2390	10.9524
20.2322	10.9490
20.2253	10.9490
20.2219	10.9455
20.2185	10.9421
20.2151	10.9421
20.2116	10.9387
20.2082	10.9353
20.2048	10.9353
20.2014	10.9319
20.2014	10.9284
20.1945	10.9284
20.1945	10.9250
20.1911	10.9250
20.1911	10.9216
20.1877	10.9216
20.1843	10.9182
20.1809	10.9148
20.1774	10.9148
20.1774	10.9113
20.1740	10.9113
20.1706	10.9079
20.1638	10.9079
20.1638	10.9045
20.1603	10.9045
20.1603	10.9011
20.1569	10.9011
20.1569	10.8977
20.1535	10.8977
20.1535	10.8942
20.1501	10.8942
20.1501	10.8908
20.1466	10.8908
20.1466	10.8874
20.1466	10.8840
20.1432	10.8840
20.1432	10.8806
20.1432	10.8771
20.1398	10.8771
20.1398	10.8737
20.1364	10.8737
20.1364	10.8703
20.1364	10.8669
20.1364	10.8635
20.1330	10.8635
20.1330	10.8600
20.1330	10.8566
20.1295	10.8566
20.1295	10.8532
20.1227	10.8532
20.1227	10.8498
20.1193	10.8498
20.1193	10.8464
20.1193	10.8429
20.1159	10.8429
20.1159	10.8395
20.1124	10.8395
20.1090	10.8361
20.1090	10.8327
20.1090	10.8293
20.1056	10.8293
20.1056	10.8258
20.1022	10.8258
20.1022	10.8224
20.0953	10.8224
20.0953	10.8190
20.0953	10.8156
20.0817	10.8156
20.0817	10.8121
20.0372	10.8121
20.0372	10.8087
20.0372	10.8053
20.0372	10.8019
20.0372	10.7985
20.0372	10.7950
20.0372	10.7916
20.0372	10.7882
20.0338	10.7882
20.0338	10.7848
20.0338	10.7814
20.0338	10.7779
20.0338	10.7745
20.0304	10.7745
20.0304	10.7711
20.0304	10.7677
20.0304	10.7643
20.0304	10.7608
20.0269	10.7574
20.0235	10.7540
20.0235	10.7506
20.0235	10.7472
20.0201	10.7437
20.0201	10.7403
20.0167	10.7369
20.0167	10.7335
20.0167	10.7301
20.0167	10.7266
20.0132	10.7266
20.0132	10.7232
20.0132	10.7198
20.0098	10.7198
20.0098	10.7164
20.0098	10.7130
20.0098	10.7095
20.0064	10.7095
20.0064	10.7061
20.0064	10.7027
20.0030	10.7027
20.0030	10.6993
19.9996	10.6993
19.9996	10.6959
19.9996	10.6924
19.9961	10.6924
19.9961	10.6890
19.9961	10.6856
19.9927	10.6856
19.9927	10.6822
19.9927	10.6787
19.9927	10.6753
19.9893	10.6753
19.9893	10.6719
19.9893	10.6685
19.9859	10.6685
19.9859	10.6651
19.9859	10.6616
19.9825	10.6616
19.9825	10.6582
19.9790	10.6582
19.9790	10.6548
19.9756	10.6548
19.9756	10.6514
19.9756	10.6480
19.9722	10.6480
19.9722	10.6445
19.9688	10.6411
19.9654	10.6411
19.9654	10.6377
19.9654	10.6343
19.9619	10.6309
19.9619	10.6274
19.9585	10.6274
19.9585	10.6240
19.9585	10.6206
19.9585	10.6172
19.9585	10.6138
19.9517	10.6138
19.9517	10.6103
19.9517	10.6069
19.9483	10.6069
19.9483	10.6035
19.9448	10.6001
19.9414	10.6001
19.9380	10.5967
19.9380	10.5932
19.9346	10.5932
19.9346	10.5898
19.9312	10.5898
19.9312	10.5864
19.9209	10.5864
19.9209	10.5830
19.8901	10.5830
19.8901	10.5796
19.8833	10.5796
19.8833	10.5761
19.8730	10.5761
19.8696	10.5727
19.8559	10.5727
19.8525	10.5693
19.8354	10.5693
19.8320	10.5659
19.8251	10.5659
19.8114	10.5625
19.8046	10.5590
19.7978	10.5590
19.7909	10.5556
19.7841	10.5522
19.7704	10.5522
19.7704	10.5488
19.7533	10.5488
19.7533	10.5454
19.7396	10.5454
19.7396	10.5419
19.7396	10.5385
19.7362	10.5385
19.7362	10.5351
19.7328	10.5317
19.7328	10.5282
19.7293	10.5282
19.7293	10.5248
19.7293	10.5214
19.7259	10.5214
19.7259	10.5180
19.7225	10.5180
19.7225	10.5146
19.7157	10.5146
19.7157	10.5111
19.7157	10.5077
19.7122	10.5077
19.7122	10.5043
19.7122	10.5009
19.7088	10.4975
19.7088	10.4940
19.7088	10.4906
19.7088	10.4872
19.7088	10.4838
19.7088	10.4804
19.7088	10.4769
19.7088	10.4735
19.7088	10.4701
19.7088	10.4667
19.7088	10.4633
19.7122	10.4633
19.7122	10.4598
19.7122	10.4564
19.7122	10.4530
19.7122	10.4496
19.7157	10.4496
19.7157	10.4462
19.7157	10.4427
19.7157	10.4393
19.7157	10.4359
19.7191	10.4359
19.7191	10.4325
19.7225	10.4325
19.7225	10.4291
19.7259	10.4291
19.7259	10.4256
19.7259	10.4222
19.7259	10.4188
19.7259	10.4154
19.7259	10.4120
19.7259	10.4085
19.7259	10.4051
19.7259	10.4017
19.7259	10.3983
19.7259	10.3948
19.7259	10.3914
19.7259	10.3880
19.7259	10.3846
19.7259	10.3812
19.7259	10.3777
19.7259	10.3743
19.7259	10.3709
19.7259	10.3675
19.7259	10.3641
19.7259	10.3606
19.7259	10.3572
19.7259	10.3538
19.7259	10.3504
19.7259	10.3470
19.7259	10.3435
19.7259	10.3401
19.7259	10.3367
19.7259	10.3333
19.7259	10.3299
19.7259	10.3264
19.7259	10.3230
19.7259	10.3196
19.7259	10.3162
19.7259	10.3128
19.7259	10.3093
19.7259	10.3059
19.7259	10.3025
19.7259	10.2991
19.7259	10.2957
19.7259	10.2922
19.7259	10.2888
19.7259	10.2854
19.7259	10.2820
19.7259	10.2786
19.7259	10.2751
19.7259	10.2717
19.7259	10.2683
19.7259	10.2649
19.7259	10.2615
19.7259	10.2580
19.7259	10.2546
19.7225	10.2546
19.7225	10.2512
19.7225	10.2478
19.7225	10.2443
19.7225	10.2409
19.7225	10.2375
19.7191	10.2375
19.7191	10.2341
19.7191	10.2307
19.7191	10.2272
19.7191	10.2238
19.7191	10.2204
19.7191	10.2170
19.7191	10.2136
19.7157	10.2136
19.7157	10.2101
19.7157	10.2067
19.7157	10.2033
19.7157	10.1999
19.7157	10.1965
19.7122	10.1930
19.7122	10.1896
19.7122	10.1862
19.7122	10.1828
19.7122	10.1794
19.7122	10.1759
19.7088	10.1759
19.7088	10.1725
19.7088	10.1691
19.7088	10.1657
19.7088	10.1623
19.7088	10.1588
19.7054	10.1554
19.7054	10.1520
19.7054	10.1486
19.7054	10.1452
19.7054	10.1417
19.7054	10.1383
19.7020	10.1383
19.7020	10.1349
19.7020	10.1315
19.7020	10.1281
19.7020	10.1246
19.7020	10.1212
19.7020	10.1178
19.7020	10.1144
19.6986	10.1144
19.6986	10.1109
19.6986	10.1075
19.6986	10.1041
19.6986	10.1007
19.6986	10.0973
19.6951	10.0973
19.6951	10.0938
19.6951	10.0904
19.6951	10.0870
19.6951	10.0836
19.6951	10.0802
19.6917	10.0802
19.6917	10.0767
19.6917	10.0733
19.6917	10.0699
19.6917	10.0665
19.6883	10.0665
19.6883	10.0631
19.6883	10.0596
19.6883	10.0562
19.6883	10.0528
19.6883	10.0494
19.6883	10.0460
19.6883	10.0425
19.6849	10.0425
19.6849	10.0391
19.6849	10.0357
19.6849	10.0323
19.6815	10.0289
19.6815	10.0254
19.6815	10.0220
19.6815	10.0186
19.6815	10.0152
19.6780	10.0152
19.6780	10.0118
19.6780	10.0083
19.6746	10.0083
19.6746	10.0049
19.6746	10.0015
19.6746	9.9981
19.6712	9.9981
19.6712	9.9947
19.6712	9.9912
19.6712	9.9878
19.6678	9.9878
19.6678	9.9844
19.6678	9.9810
19.6678	9.9776
19.6644	9.9776
19.6644	9.9741
19.6644	9.9707
19.6609	9.9707
19.6609	9.9673
19.6609	9.9639
19.6609	9.9604
19.6575	9.9604
19.6575	9.9570
19.6575	9.9536
19.6575	9.9502
19.6541	9.9502
19.6541	9.9468
19.6541	9.9433
19.6541	9.9399
19.6541	9.9365
19.6507	9.9365
19.6507	9.9331
19.6507	9.9297
19.6473	9.9297
19.6473	9.9262
19.6473	9.9228
19.6438	9.9228
19.6438	9.9194
19.6438	9.9160
19.6438	9.9126
19.6404	9.9126
19.6404	9.9091
19.6404	9.9057
19.6370	9.9057
19.6370	9.9023
19.6336	9.9023
19.6336	9.8989
19.6336	9.8955
19.6336	9.8920
19.6302	9.8920
19.6302	9.8886
19.6302	9.8852
19.6267	9.8818
19.6267	9.8784
19.6267	9.8749
19.6267	9.8715
19.6233	9.8715
19.6233	9.8681
19.6199	9.8681
19.6199	9.8647
19.6199	9.8613
19.6199	9.8578
19.6165	9.8578
19.6165	9.8544
19.6165	9.8510
19.6131	9.8510
19.6131	9.8476
19.6131	9.8442
19.6096	9.8442
19.6096	9.8407
19.6096	9.8373
19.6062	9.8373
19.6062	9.8339
19.6028	9.8339
19.6028	9.8305
19.5994	9.8270
19.5994	9.8236
19.5960	9.8236
19.5960	9.8202
19.5960	9.8168
19.5925	9.8168
19.5925	9.8134
19.5891	9.8134
19.5891	9.8099
19.5857	9.8099
19.5857	9.8065
19.5857	9.8031
19.5823	9.8031
19.5823	9.7997
19.5823	9.7963
19.5788	9.7963
19.5788	9.7928
19.5754	9.7928
19.5754	9.7894
19.5754	9.7860
19.5720	9.7860
19.5720	9.7826
19.5686	9.7826
19.5686	9.7792
19.5652	9.7792
19.5617	9.7757
19.5617	9.7723
19.5583	9.7723
19.5583	9.7689
19.5549	9.7689
19.5549	9.7655
19.5515	9.7655
19.5515	9.7621
19.5481	9.7621
19.5481	9.7586
19.5446	9.7552
19.5446	9.7518
19.5412	9.7518
19.5412	9.7484
19.5378	9.7484
19.5378	9.7450
19.5344	9.7450
19.5344	9.7415
19.5310	9.7415
19.5310	9.7381
19.5310	9.7347
19.5275	9.7347
19.5275	9.7313
19.5275	9.7279
19.5241	9.7279
19.5241	9.7244
19.5207	9.7244
19.5207	9.7210
19.5207	9.7176
19.5207	9.7142
19.5173	9.7142
19.5173	9.7108
19.5139	9.7108
19.5139	9.7073
19.5139	9.7039
19.5104	9.7039
19.5104	9.7005
19.5070	9.7005
19.5070	9.6971
19.5036	9.6971
19.5036	9.6937
19.5036	9.6902
19.5002	9.6902
19.5002	9.6868
19.4968	9.6868
19.4968	9.6834
19.4968	9.6800
19.4933	9.6800
19.4933	9.6765
19.4899	9.6765
19.4899	9.6731
19.4865	9.6731
19.4865	9.6697
19.4831	9.6697
19.4831	9.6663
19.4797	9.6663
19.4797	9.6629
19.4762	9.6629
19.4762	9.6594
19.4694	9.6594
19.4694	9.6560
19.4557	9.6560
19.4557	9.6526
19.4215	9.6526
19.4215	9.6492
