6.4670	5.4717
6.4392	5.4856
6.4114	5.4995
6.3698	5.5134
6.3420	5.5411
6.3281	5.5689
6.2864	5.5967
6.2864	5.6245
6.2587	5.6522
6.2448	5.6800
6.2448	5.7078
6.2448	5.7494
6.2448	5.7772
6.2725	5.8050
6.2725	5.8328
6.3003	5.8605
6.3281	5.8883
6.3559	5.9161
6.3836	5.9439
6.4114	5.9578
6.4392	5.9855
6.4809	5.9994
6.5086	6.0272
6.5364	6.0272
6.5642	6.0550
6.6058	6.0689
6.6336	6.0966
6.6614	6.1105
6.6892	6.1383
6.7169	6.1522
6.7586	6.1661
6.7864	6.1938
6.8142	6.2077
6.8419	6.2355
6.8836	6.2355
6.9114	6.2494
6.9391	6.2772
6.9669	6.2772
6.9947	6.3049
7.0364	6.3188
7.0641	6.3188
7.0919	6.3327
7.1197	6.3466
7.1613	6.3605
7.1891	6.3883
7.2169	6.3883
7.2447	6.4160
7.2724	6.4299
7.3141	6.4299
7.3419	6.4438
7.3558	6.4716
7.3974	6.4994
7.3697	6.5133
7.3419	6.5271
7.3141	6.5410
7.2863	6.5549
7.2447	6.5688
7.2169	6.5827
7.1891	6.5966
7.1613	6.5966
7.1336	6.6105
7.0919	6.6244
7.0364	6.6244
7.0086	6.6382
6.9808	6.6521
6.9391	6.6660
6.9114	6.6799
6.8836	6.7077
6.8558	6.7077
6.8280	6.7355
6.7864	6.7493
6.7586	6.7771
6.7308	6.7910
6.7031	6.8188
6.6614	6.8327
6.6336	6.8466
6.6058	6.8604
6.5781	6.8743
6.5503	6.8882
6.5086	6.9021
6.4809	6.9160
6.4531	6.9160
6.4253	6.9438
6.3975	6.9438
6.3559	6.9577
6.3281	6.9715
6.3003	6.9854
6.2725	7.0132
6.2309	7.0271
6.2031	7.0549
6.1892	7.0827
6.1892	7.1104
6.1892	7.1382
6.1892	7.1799
6.1892	7.2076
6.1892	7.2354
6.1892	7.2632
6.1892	7.2910
6.1892	7.3187
6.1892	7.3604
6.1892	7.3882
6.1892	7.4160
6.1892	7.4437
6.2031	7.4715
6.2031	7.4993
6.2170	7.5271
6.2170	7.5687
6.2170	7.5965
6.2309	7.6243
6.2309	7.6520
6.2448	7.6798
6.2587	7.7215
6.2587	7.7493
6.2725	7.7770
6.3003	7.7909
6.3420	7.8187
6.3698	7.8326
6.3975	7.8604
6.4253	7.8742
6.5503	7.8742
6.5781	7.8604
6.6753	7.8604
6.7031	7.8742
6.7586	7.8742
6.7864	7.8881
6.8280	7.9020
6.8558	7.9159
7.0086	7.9159
7.0364	7.9020
7.0641	7.9020
7.0919	7.8881
7.1197	7.8881
7.1613	7.8604
7.1891	7.8465
7.2169	7.8326
7.2447	7.8187
7.2724	7.8048
7.3141	7.7909
7.3419	7.7770
7.3697	7.7770
7.3974	7.7631
7.4252	7.7493
7.4669	7.7354
7.4946	7.7215
7.5224	7.7076
7.5502	7.6937
7.5919	7.6798
7.6196	7.6659
7.6474	7.6659
7.6752	7.6520
7.7030	7.6520
7.7307	7.6382
7.7724	7.6243
7.8002	7.6243
7.8279	7.6104
7.9529	7.6104
7.9807	7.5965
8.0085	7.5965
8.0363	7.5826
8.0640	7.5687
8.1057	7.5687
8.1335	7.5548
8.1612	7.5409
8.1890	7.5132
8.2168	7.4993
8.2585	7.4993
8.2862	7.4854
8.3140	7.4576
8.3418	7.4576
8.3696	7.4298
8.4112	7.4160
8.4946	7.4160
8.5223	7.4437
8.5362	7.4715
8.5640	7.4993
8.5918	7.5271
8.6057	7.5548
8.6195	7.5826
8.6473	7.6104
8.6612	7.6520
8.6890	7.6798
8.7168	7.7076
8.7445	7.7354
8.7723	7.7631
8.8001	7.7770
8.8140	7.8187
8.8556	7.8187
8.8695	7.8604
8.8973	7.8742
8.9251	7.9020
8.9528	7.9298
8.9806	7.9576
9.0223	7.9853
9.0362	8.0131
9.0639	8.0409
9.0917	8.0687
9.1056	8.1103
9.1473	8.1242
9.1612	8.1520
9.1889	8.1659
9.2306	8.1937
9.2584	8.2075
9.2861	8.2214
9.3139	8.2353
9.3556	8.2353
9.3834	8.2492
9.4111	8.2492
9.4389	8.2631
9.5639	8.2631
9.5917	8.2770
9.7444	8.2770
9.7722	8.2631
9.8000	8.2492
9.8278	8.2214
9.8555	8.1937
9.8833	8.1659
9.9111	8.1381
9.9389	8.1103
9.9527	8.0826
9.9666	8.0409
9.9666	8.0131
9.9805	7.9853
9.9944	7.9576
10.0083	7.9298
10.0222	7.8881
10.0222	7.8604
10.0222	7.8326
10.0222	7.8048
10.0222	7.7770
10.0222	7.7493
10.0083	7.7076
9.9944	7.6798
9.9805	7.6520
9.9666	7.6243
9.9666	7.5965
9.9527	7.5548
9.9389	7.5271
9.9250	7.4993
9.9250	7.4715
9.9111	7.4437
9.9111	7.4021
9.8833	7.3743
9.8833	7.3465
9.8694	7.3187
9.8555	7.2910
9.8555	7.2493
9.8278	7.2215
9.8139	7.1938
9.8000	7.1660
9.7861	7.1382
9.7722	7.0965
9.7583	7.0688
9.7583	7.0410
9.7305	7.0132
9.7305	6.9715
9.7444	6.9577
9.7722	6.9438
9.8694	6.9438
9.8972	6.9299
9.9250	6.9299
9.9527	6.9160
10.1333	6.9160
10.1611	6.9021
10.2860	6.9021
10.3138	6.8882
10.3416	6.8604
10.3694	6.8604
10.4110	6.8327
10.4388	6.8188
10.4666	6.7910
10.4944	6.7632
10.5360	6.7355
10.5499	6.7077
10.5777	6.6938
10.5916	6.6521
10.6193	6.6244
10.6471	6.5966
10.6610	6.5688
10.7027	6.5410
10.7304	6.5133
10.7582	6.4855
10.7860	6.4577
10.8277	6.4438
10.8415	6.4022
10.8693	6.3744
10.9110	6.3605
10.9110	6.3188
10.9526	6.3049
10.9665	6.2772
10.9804	6.2355
10.9943	6.2077
11.0082	6.1800
11.0221	6.1522
11.0360	6.1244
11.0360	6.0827
11.0360	6.0550
11.0360	6.0272
11.0221	5.9994
11.0082	5.9716
10.9804	5.9300
10.9665	5.9022
10.9249	5.8883
10.8971	5.8467
10.8693	5.8328
10.8415	5.8050
10.7999	5.7772
10.7721	5.7494
10.7443	5.7356
10.7166	5.7078
10.6749	5.6939
10.6471	5.6661
10.6193	5.6661
10.5916	5.6383
10.5499	5.6245
10.5221	5.6106
10.4944	5.5967
10.4666	5.5828
10.4388	5.5550
10.3971	5.5550
10.3694	5.5272
10.3416	5.5272
10.3138	5.5134
10.2860	5.5134
10.2583	5.5041
10.2398	5.5041
10.2120	5.5134
10.1935	5.5226
10.1749	5.5226
10.1564	5.5319
10.1379	5.5411
10.1194	5.5411
10.0916	5.5504
10.0546	5.5504
10.0361	5.5596
10.0176	5.5596
9.9898	5.5689
9.9713	5.5782
9.9342	5.5782
9.9157	5.5874
9.8972	5.5874
9.8694	5.5967
9.8324	5.5967
9.8139	5.6059
9.7954	5.6152
9.7768	5.6245
9.7305	5.6245
9.7120	5.6337
9.6935	5.6430
9.6750	5.6522
9.6472	5.6522
9.6287	5.6615
9.6102	5.6707
9.5917	5.6800
9.5732	5.6800
9.5454	5.6893
9.5269	5.6985
9.5083	5.6985
9.4898	5.7078
9.4713	5.7170
9.4435	5.7263
9.4250	5.7263
9.4065	5.7356
9.3880	5.7448
9.3695	5.7541
9.3232	5.7541
9.3047	5.7633
9.2861	5.7726
9.2676	5.7726
9.2398	5.7818
9.2213	5.7911
9.2028	5.8004
9.1843	5.8004
9.1658	5.8096
9.1473	5.8189
9.1195	5.8281
9.1010	5.8374
9.0825	5.8467
9.0639	5.8559
9.0362	5.8652
9.0176	5.8744
8.9991	5.8837
8.9806	5.8837
8.9621	5.8930
8.9343	5.9022
8.9158	5.9022
8.8973	5.9115
8.8603	5.9115
8.8497	5.9062
8.8140	5.9300
8.7584	5.9300
8.7306	5.9439
8.7029	5.9578
8.6612	5.9716
8.6334	5.9716
8.6057	5.9578
8.3418	5.9578
8.1474	5.9022
8.1196	5.8883
8.1196	5.8605
8.1196	5.8328
8.1057	5.8050
8.0918	5.7633
8.0501	5.7494
8.0363	5.7217
8.0085	5.6939
7.9807	5.6661
7.9529	5.6522
7.9252	5.6383
7.8835	5.6245
7.8557	5.6106
7.7724	5.6106
7.7446	5.6245
7.7030	5.6245
7.6752	5.6522
7.6474	5.6661
7.6196	5.6661
7.5919	5.6800
7.5502	5.6800
7.5224	5.6939
7.4669	5.6939
7.4391	5.6800
7.3974	5.6661
7.3697	5.6522
7.3419	5.6383
7.3141	5.6383
7.2863	5.6245
7.2169	5.6245
7.1891	5.6106
7.1613	5.6106
7.1336	5.5967
7.0780	5.5967
7.0364	5.5828
7.0086	5.5689
6.9808	5.5550
6.9253	5.5550
6.8836	5.5411
6.8558	5.5272
6.8280	5.5272
6.8003	5.5134
6.7725	5.4995
6.7308	5.4856
6.6753	5.4856
6.6475	5.4717
