9.7663	4.6878
9.7572	4.6878
9.7390	4.6878
9.7208	4.6787
9.7027	4.6787
9.6845	4.6787
9.6573	4.6787
9.6391	4.6696
9.6209	4.6606
9.6027	4.6606
9.5846	4.6606
9.5664	4.6515
9.5391	4.6515
9.5210	4.6515
9.5028	4.6515
9.4846	4.6515
9.4665	4.6515
9.4483	4.6515
9.4210	4.6515
9.4029	4.6515
9.3847	4.6606
9.3665	4.6606
9.3484	4.6696
9.3302	4.6787
9.3029	4.6878
9.2848	4.6969
9.2666	4.6969
9.2484	4.7060
9.2303	4.7151
9.2030	4.7151
9.1848	4.7332
9.1667	4.7423
9.1485	4.7605
9.1212	4.7787
9.1031	4.8059
9.0849	4.8150
9.0667	4.8332
9.0395	4.8604
9.0213	4.8786
9.0031	4.8968
8.9941	4.9149
8.9759	4.9422
8.9668	4.9604
8.9486	4.9785
8.9486	4.9967
8.9305	5.0240
8.9305	5.0421
8.9214	5.0603
8.9214	5.0785
8.9214	5.0966
8.9214	5.1148
8.9214	5.1421
8.9305	5.1602
8.9395	5.1784
8.9395	5.1966
8.9486	5.2147
8.9486	5.2420
8.9668	5.2602
8.9668	5.2783
8.9668	5.2965
8.9759	5.3147
8.9759	5.3328
8.9759	5.3601
8.9850	5.3783
8.9941	5.3964
8.9941	5.4146
8.9941	5.4328
8.9941	5.4509
8.9850	5.4782
8.9759	5.4964
8.9577	5.5145
8.9486	5.5327
8.9395	5.5600
8.9214	5.5781
8.9214	5.5963
8.9032	5.6145
8.8941	5.6326
8.8941	5.6599
8.8760	5.6781
8.8669	5.6962
8.8669	5.7144
8.8578	5.7326
8.8487	5.7598
8.8396	5.7780
8.8396	5.7962
8.8305	5.8143
8.8214	5.8325
8.8214	5.8598
8.8124	5.8779
8.8033	5.8961
8.8033	5.9143
8.7942	5.9324
8.7942	5.9597
8.7851	5.9779
8.7851	5.9960
8.7760	6.0142
8.7669	6.0324
8.7669	6.0505
8.7669	6.0778
8.7669	6.0960
8.7669	6.1141
8.7669	6.1323
8.7669	6.1505
8.7669	6.1687
8.7669	6.1868
8.7669	6.2141
8.7760	6.2322
8.7851	6.2504
8.7851	6.2686
8.8033	6.2958
8.8124	6.3140
8.8396	6.3231
8.8487	6.3503
8.8669	6.3685
8.8669	6.3867
8.8669	6.4049
8.8669	6.4230
8.8669	6.4412
8.8760	6.4685
8.8850	6.4866
8.8941	6.5048
8.8941	6.5230
8.8941	6.5411
8.9032	6.5593
8.9123	6.5866
8.9305	6.6047
8.9486	6.6229
8.9668	6.6502
8.9759	6.6683
8.9941	6.6865
9.0031	6.7047
9.0213	6.7228
9.0304	6.7501
9.0576	6.7683
9.0667	6.7864
9.0849	6.8137
9.1122	6.8228
9.1303	6.8409
9.1485	6.8409
9.1667	6.8591
9.1848	6.8682
9.2121	6.8773
9.2303	6.8864
9.2484	6.8954
9.2666	6.9136
9.2939	6.9227
9.3120	6.9500
9.3302	6.9590
9.3484	6.9590
9.3756	6.9681
9.3938	6.9681
9.4120	6.9681
9.4301	6.9681
9.4483	6.9681
9.4665	6.9772
9.4846	6.9772
9.5119	6.9863
9.5301	6.9863
9.5482	6.9954
9.5664	6.9954
9.5846	6.9954
9.6027	6.9954
9.6300	7.0045
9.6482	7.0135
9.6663	7.0226
9.6845	7.0317
9.7027	7.0408
9.7299	7.0499
9.7481	7.0499
9.7663	7.0590
9.7844	7.0681
9.8026	7.0771
9.8299	7.0771
9.8480	7.0862
9.8662	7.0953
9.8844	7.0953
9.9025	7.0953
9.9298	7.1044
9.9480	7.1135
9.9661	7.1135
9.9843	7.1135
10.0025	7.1135
10.0206	7.1135
10.0479	7.1044
10.0570	7.0862
10.0752	7.0681
10.0752	7.0499
10.0842	7.0317
10.0933	7.0045
10.1024	6.9863
10.1024	6.9681
10.1115	6.9500
10.1115	6.9318
10.1206	6.9045
10.1206	6.8864
10.1206	6.8682
10.1297	6.8500
10.1297	6.8318
10.1297	6.8137
10.1297	6.7864
10.1297	6.7683
10.1297	6.7501
10.1297	6.7319
10.1297	6.7137
10.1297	6.6956
10.1297	6.6774
10.1297	6.6502
10.1297	6.6320
10.1297	6.6138
10.1297	6.5956
10.1297	6.5775
10.1297	6.5593
10.1388	6.5320
10.1478	6.5139
10.1660	6.4957
10.1842	6.4775
10.2023	6.4594
10.2205	6.4503
10.2387	6.4321
10.2569	6.4230
10.2841	6.4139
10.2932	6.3958
10.3114	6.3776
10.3386	6.3594
10.3568	6.3413
10.3659	6.3140
10.3840	6.2958
10.3931	6.2777
10.4022	6.2595
10.4113	6.2322
10.4204	6.2141
10.4204	6.1959
10.4204	6.1777
10.4295	6.1596
10.4476	6.1414
10.4476	6.1141
10.4749	6.0960
10.4840	6.0778
10.5021	6.0596
10.5112	6.0324
10.5294	6.0142
10.5476	5.9960
10.5657	5.9779
10.5839	5.9597
10.6112	5.9415
10.6203	5.9234
10.6384	5.9143
10.6657	5.8870
10.6838	5.8688
10.7020	5.8507
10.7202	5.8325
10.7293	5.8143
10.7474	5.7962
10.7565	5.7780
10.7747	5.7507
10.7838	5.7326
10.7929	5.7144
10.8020	5.6962
10.8110	5.6781
10.8201	5.6508
10.8292	5.6326
10.8292	5.6145
10.8292	5.5963
10.8201	5.5781
10.8110	5.5509
10.7929	5.5327
10.7747	5.5236
10.7565	5.4964
10.7384	5.4873
10.7293	5.4691
10.7202	5.4419
10.7020	5.4237
10.7020	5.4055
10.6838	5.3873
10.6748	5.3601
10.6657	5.3419
10.6566	5.3238
10.6475	5.3056
10.6293	5.2874
10.6293	5.2602
10.6112	5.2420
10.6021	5.2238
10.5839	5.2057
10.5748	5.1784
10.5657	5.1602
10.5476	5.1421
10.5476	5.1239
10.5294	5.1057
10.5203	5.0785
10.5112	5.0603
10.5021	5.0421
10.4931	5.0240
10.4840	4.9967
10.4749	4.9785
10.4658	4.9604
10.4567	4.9422
10.4386	4.9240
10.4386	4.8968
10.4204	4.8786
10.4113	4.8604
10.3931	4.8423
10.3840	4.8150
10.3659	4.7968
10.3659	4.7787
10.3477	4.7605
10.3295	4.7332
10.3114	4.7151
10.2932	4.7060
10.2750	4.6787
10.2569	4.6696
10.2387	4.6515
10.2205	4.6515
10.2023	4.6333
10.1751	4.6333
10.1569	4.6151
10.1388	4.6060
10.1206	4.6060
10.1024	4.6060
10.0752	4.6060
10.0570	4.5970
10.0388	4.5970
10.0206	4.5970
10.0025	4.5970
9.9843	4.5970
9.9571	4.5970
9.9389	4.5970
9.9207	4.5970
9.9025	4.6060
9.8844	4.6242
9.8662	4.6333
9.8390	4.6424
9.8208	4.6333
