20.9194	7.8528
20.9194	7.8609
20.8872	7.8609
20.8792	7.8689
20.8631	7.8689
20.8551	7.8770
20.8229	7.8770
20.8148	7.8850
20.7987	7.8850
20.7907	7.8931
20.7585	7.8931
20.7585	7.9011
20.7424	7.9011
20.7344	7.9092
20.6941	7.9092
20.6941	7.9172
20.6620	7.9172
20.6620	7.9252
20.6298	7.9252
20.6137	7.9333
20.5815	7.9333
20.5815	7.9413
20.5171	7.9413
20.5091	7.9494
20.5010	7.9494
20.5010	7.9574
20.4206	7.9574
20.4125	7.9655
20.3401	7.9655
20.3321	7.9735
19.8091	7.9735
19.8091	7.9816
19.7930	7.9816
19.7930	7.9896
19.7608	7.9896
19.7608	7.9977
19.7528	7.9977
19.7528	8.0057
19.7286	8.0057
19.7286	8.0137
19.7286	8.0218
19.7125	8.0218
19.7125	8.0298
19.7045	8.0298
19.6964	8.0379
19.6884	8.0379
19.6884	8.0459
19.6723	8.0459
19.6723	8.0540
19.6643	8.0540
19.6643	8.0620
19.6482	8.0620
19.6482	8.0701
19.6321	8.0701
19.6321	8.0781
19.6240	8.0781
19.6240	8.0862
19.6160	8.0862
19.6079	8.0942
19.5999	8.0942
19.5999	8.1023
19.5918	8.1023
19.5918	8.1103
19.5838	8.1103
19.5838	8.1183
19.5677	8.1183
19.5677	8.1264
19.5597	8.1344
19.5516	8.1344
19.5516	8.1425
19.5355	8.1425
19.5355	8.1505
19.5275	8.1586
19.5194	8.1586
19.5194	8.1666
19.5033	8.1666
19.5033	8.1747
19.5033	8.1827
19.4953	8.1827
19.4872	8.1908
19.4872	8.1988
19.4792	8.2069
19.4712	8.2069
19.4712	8.2149
19.4712	8.2229
19.4631	8.2229
19.4631	8.2310
19.4551	8.2310
19.4551	8.2390
19.4551	8.2471
19.4390	8.2471
19.4390	8.2551
19.4390	8.2632
19.4309	8.2632
19.4309	8.2712
19.4229	8.2712
19.4229	8.2793
19.4068	8.2793
19.4068	8.2873
19.4068	8.2954
19.3907	8.2954
19.3907	8.3034
19.3907	8.3114
19.3746	8.3114
19.3666	8.3195
19.3585	8.3195
19.3585	8.3275
19.3263	8.3275
19.3263	8.3356
19.3102	8.3356
19.3102	8.3436
19.2941	8.3436
19.2941	8.3517
19.2861	8.3517
19.2861	8.3597
19.2620	8.3597
19.2539	8.3678
19.2539	8.3758
19.2298	8.3758
19.2298	8.3839
19.2217	8.3919
19.2137	8.3919
19.2137	8.4000
19.2056	8.4000
19.2056	8.4080
19.1976	8.4080
19.1976	8.4160
19.1976	8.4241
19.1815	8.4241
19.1815	8.4321
19.1735	8.4402
19.1654	8.4563
19.1574	8.4643
19.1574	8.4724
19.1493	8.4724
19.1493	8.4804
19.1493	8.4885
19.1413	8.4885
19.1413	8.4965
19.1413	8.5046
19.1332	8.5046
19.1332	8.5126
19.1332	8.5206
19.1252	8.5287
19.1171	8.5287
19.1171	8.5367
19.1171	8.5528
19.1091	8.5528
19.1010	8.5609
19.1010	8.5689
19.0930	8.5770
19.0930	8.5850
19.0850	8.5850
19.0850	8.5931
19.0850	8.6011
19.0689	8.6011
19.0689	8.6091
19.0689	8.6172
19.0689	8.6252
19.0608	8.6252
19.0528	8.6333
19.0447	8.6413
19.0447	8.6494
19.0286	8.6494
19.0286	8.6574
19.0286	8.6655
19.0206	8.6655
19.0206	8.6735
19.0125	8.6735
19.0045	8.6816
19.0045	8.6896
18.9964	8.6896
18.9964	8.6977
18.9884	8.6977
18.9884	8.7057
18.9804	8.7057
18.9804	8.7137
18.9723	8.7137
18.9723	8.7218
18.9643	8.7218
18.9643	8.7298
18.9562	8.7298
18.9562	8.7379
18.9562	8.7459
18.9482	8.7459
18.9482	8.7540
18.9401	8.7540
18.9401	8.7620
18.9401	8.7701
18.9401	8.7781
18.9321	8.7781
18.9240	8.7862
18.9240	8.7942
18.9160	8.7942
18.9160	8.8022
18.9160	8.8103
18.9079	8.8103
18.9079	8.8183
18.8999	8.8183
18.8999	8.8264
18.8918	8.8264
18.8918	8.8344
18.8918	8.8425
18.8758	8.8425
18.8758	8.8505
18.8677	8.8505
18.8677	8.8586
18.8597	8.8586
18.8597	8.8666
18.8516	8.8666
18.8516	8.8747
18.8436	8.8747
18.8436	8.8827
18.8436	8.8908
18.8275	8.8908
18.8275	8.8988
18.8275	8.9068
18.8194	8.9068
18.8194	8.9149
18.8114	8.9149
18.8114	8.9229
18.8033	8.9229
18.8033	8.9310
18.8033	8.9390
18.7953	8.9390
18.7953	8.9471
18.7873	8.9471
18.7873	8.9551
18.7792	8.9551
18.7792	8.9632
18.7792	8.9712
18.7712	8.9712
18.7712	8.9793
18.7631	8.9793
18.7631	8.9873
18.7631	8.9954
18.7631	9.0034
18.7470	9.0034
18.7470	9.0114
18.7470	9.0195
18.7390	9.0195
18.7390	9.0275
18.7309	9.0275
18.7309	9.0356
18.7309	9.0436
18.7229	9.0436
18.7229	9.0517
18.7148	9.0517
18.7148	9.0597
18.7148	9.0678
18.7068	9.0678
18.7068	9.0758
18.7068	9.0839
18.6987	9.0839
18.6987	9.0919
18.6987	9.0999
18.6907	9.0999
18.6907	9.1080
18.6827	9.1080
18.6827	9.1160
18.6827	9.1241
18.6746	9.1321
18.6666	9.1321
18.6666	9.1402
18.6666	9.1482
18.6666	9.1563
18.6666	9.1643
18.6585	9.1643
18.6585	9.1724
18.6505	9.1724
18.6505	9.1804
18.6505	9.1885
18.6505	9.1965
18.6424	9.1965
18.6424	9.2045
18.6344	9.2045
18.6344	9.2126
18.6344	9.2206
18.6344	9.2287
18.6263	9.2287
18.6263	9.2367
18.6263	9.2448
18.6183	9.2448
18.6183	9.2528
18.6183	9.2609
18.6183	9.2689
18.6102	9.2689
18.6102	9.2770
18.6102	9.2850
18.6022	9.2931
18.6022	9.3091
18.6022	9.3172
18.6022	9.3252
18.6022	9.3333
18.6022	9.3413
18.6022	9.3494
18.6022	9.3574
18.6102	9.3574
18.6102	9.3655
18.6102	9.3735
18.6102	9.3816
18.6183	9.3816
18.6183	9.3896
18.6183	9.3976
18.6183	9.4057
18.6183	9.4137
18.6183	9.4218
18.6263	9.4218
18.6263	9.4298
18.6263	9.4379
18.6263	9.4459
18.6263	9.4540
18.6263	9.4620
18.6263	9.4701
18.6263	9.4781
18.6263	9.4862
18.6263	9.4942
18.6263	9.5022
18.6263	9.5103
18.6263	9.5183
18.6263	9.5264
18.6263	9.5344
18.6183	9.5344
18.6183	9.5425
18.6183	9.5505
18.6183	9.5586
18.6183	9.5666
18.6102	9.5666
18.6102	9.5747
18.6102	9.5827
18.6022	9.5827
18.6022	9.5908
18.6022	9.5988
18.5941	9.5988
18.5941	9.6068
18.5861	9.6068
18.5861	9.6149
18.5861	9.6229
18.5861	9.6310
18.5700	9.6310
18.5700	9.6390
18.5700	9.6471
18.5620	9.6471
18.5539	9.6551
18.5539	9.6632
18.5459	9.6632
18.5378	9.6712
18.5378	9.6793
18.5298	9.6793
18.5298	9.6873
18.5217	9.6953
18.5056	9.7034
18.5056	9.7114
18.4976	9.7114
18.4976	9.7275
18.4896	9.7275
18.4896	9.7356
18.4815	9.7436
18.4735	9.7436
18.4735	9.7517
18.4654	9.7597
18.4574	9.7597
18.4574	9.7678
18.4574	9.7758
18.4413	9.7758
18.4413	9.7839
18.4413	9.7919
18.4252	9.7919
18.4252	9.7999
18.4252	9.8080
18.4091	9.8080
18.4091	9.8160
18.4091	9.8241
18.3930	9.8241
18.3930	9.8321
18.3930	9.8402
18.3769	9.8402
18.3769	9.8482
18.3608	9.8482
18.3608	9.8563
18.3608	9.8643
18.3608	9.8724
18.3528	9.8724
18.3528	9.8804
18.3447	9.8804
18.3447	9.8885
18.3447	9.8965
18.3447	9.9045
18.3447	9.9126
18.3447	9.9206
18.3447	9.9287
18.3528	9.9287
18.3528	9.9367
18.3528	9.9448
18.3608	9.9448
18.3608	9.9528
18.3608	9.9609
18.3608	9.9689
18.3608	9.9770
18.3608	9.9850
18.3608	9.9930
18.3608	10.0011
18.3528	10.0011
18.3528	10.0091
18.3447	10.0091
18.3447	10.0172
18.3286	10.0172
18.3286	10.0252
18.3206	10.0252
18.3125	10.0333
18.3125	10.0413
18.3045	10.0413
18.2964	10.0494
18.2964	10.0574
18.2884	10.0574
18.2884	10.0655
18.2804	10.0655
18.2723	10.0735
18.2723	10.0816
18.2643	10.0816
18.2643	10.0896
18.2643	10.0976
18.2562	10.0976
18.2562	10.1057
18.2482	10.1057
18.2482	10.1137
18.2482	10.1218
18.2482	10.1298
18.2321	10.1298
18.2321	10.1379
18.2321	10.1459
18.2240	10.1459
18.2240	10.1540
18.2240	10.1620
18.2160	10.1620
18.2160	10.1701
18.2160	10.1781
18.2079	10.1781
18.1999	10.1862
18.1999	10.1942
18.1999	10.2022
18.1919	10.2022
18.1919	10.2103
18.1838	10.2103
18.1838	10.2183
18.1838	10.2264
18.1758	10.2264
18.1758	10.2344
18.1677	10.2344
18.1677	10.2425
18.1597	10.2505
18.1597	10.2586
18.1516	10.2586
18.1436	10.2666
18.1436	10.2747
18.1355	10.2747
18.1355	10.2827
18.1275	10.2907
18.1194	10.2907
18.1194	10.2988
18.1194	10.3068
18.1033	10.3068
18.1033	10.3149
18.1033	10.3229
18.0953	10.3229
18.0953	10.3310
18.0873	10.3310
18.0873	10.3390
18.0792	10.3390
18.0792	10.3471
18.0712	10.3551
18.0712	10.3712
18.0551	10.3712
18.0551	10.3793
18.0551	10.3873
18.0470	10.3873
18.0470	10.3953
18.0390	10.3953
18.0390	10.4034
18.0390	10.4114
18.0309	10.4114
18.0309	10.4195
18.0229	10.4195
18.0229	10.4275
18.0229	10.4356
18.0148	10.4436
18.0148	10.4517
18.0068	10.4517
18.0068	10.4597
18.0068	10.4678
18.0068	10.4758
18.0068	10.4838
17.9988	10.4838
17.9988	10.4919
17.9988	10.4999
17.9907	10.4999
17.9907	10.5080
17.9907	10.5160
17.9907	10.5241
17.9907	10.5321
17.9827	10.5321
17.9827	10.5402
17.9827	10.5482
17.9827	10.5563
17.9746	10.5563
17.9746	10.5643
17.9746	10.5724
17.9746	10.5804
17.9746	10.5884
17.9666	10.5884
17.9666	10.5965
17.9585	10.6045
17.9585	10.6126
17.9585	10.6206
17.9585	10.6287
17.9585	10.6367
17.9585	10.6448
17.9505	10.6448
17.9505	10.6528
17.9424	10.6609
17.9424	10.6689
17.9424	10.6770
17.9424	10.6850
17.9424	10.6930
17.9344	10.6930
17.9344	10.7011
17.9344	10.7091
17.9263	10.7172
17.9263	10.7252
17.9263	10.7333
17.9263	10.7413
17.9183	10.7494
17.9183	10.7574
17.9183	10.7655
17.9183	10.7735
17.9102	10.7735
17.9102	10.7815
17.9102	10.7896
17.9102	10.7976
17.9102	10.8057
17.9022	10.8057
17.9022	10.8137
17.9022	10.8218
17.8942	10.8298
17.8942	10.8379
17.8942	10.8459
17.8942	10.8540
17.8942	10.8620
17.8942	10.8701
17.8861	10.8861
17.8781	10.8861
17.8781	10.8942
17.8781	10.9022
17.8781	10.9103
17.8781	10.9183
17.8700	10.9264
17.8700	10.9344
17.8700	10.9425
17.8620	10.9505
17.8620	10.9586
17.8620	10.9666
17.8620	10.9827
17.8539	10.9827
17.8539	10.9907
17.8539	10.9988
17.8539	11.0068
17.8539	11.0149
17.8539	11.0229
17.8539	11.0310
17.8539	11.0390
17.8539	11.0471
17.8539	11.0551
17.8539	11.0632
17.8539	11.0712
17.8539	11.0792
17.8539	11.0873
17.8539	11.0953
17.8539	11.1034
17.8539	11.1114
17.8620	11.1114
17.8620	11.1195
17.8620	11.1275
17.8620	11.1356
17.8620	11.1436
17.8700	11.1436
17.8700	11.1517
17.8700	11.1597
17.8700	11.1678
17.8700	11.1758
17.8700	11.1838
17.8700	11.1919
17.8700	11.1999
17.8700	11.2080
17.8700	11.2160
17.8700	11.2241
17.8700	11.2321
17.8700	11.2402
17.8700	11.2482
17.8700	11.2563
17.8700	11.2643
17.8700	11.2724
17.8700	11.2804
17.8700	11.2884
17.8700	11.2965
17.8620	11.2965
17.8620	11.3045
17.8620	11.3126
17.8620	11.3206
17.8459	11.3206
17.8459	11.3287
17.8459	11.3367
17.8378	11.3367
17.8378	11.3448
17.8298	11.3448
17.8298	11.3528
17.8217	11.3528
17.8217	11.3609
17.8217	11.3689
17.8137	11.3689
17.8137	11.3769
17.8056	11.3850
17.7976	11.3850
17.7976	11.3930
17.7976	11.4011
17.7896	11.4011
17.7896	11.4091
17.7815	11.4091
17.7815	11.4172
17.7735	11.4252
17.7735	11.4333
17.7654	11.4333
17.7654	11.4413
17.7654	11.4494
17.7574	11.4494
17.7574	11.4574
17.7574	11.4655
17.7493	11.4655
17.7493	11.4735
17.7493	11.4815
17.7493	11.4896
17.7493	11.4976
17.7493	11.5057
17.7493	11.5137
17.7493	11.5218
17.7493	11.5298
17.7493	11.5379
17.7493	11.5459
17.7493	11.5540
17.7493	11.5620
17.7493	11.5701
17.7493	11.5781
17.7413	11.5781
17.7413	11.5861
17.7413	11.5942
17.7413	11.6022
17.7413	11.6103
17.7413	11.6183
17.7413	11.6264
17.7413	11.6344
17.7413	11.6425
17.7413	11.6505
17.7413	11.6586
17.7413	11.6666
17.7413	11.6746
17.7413	11.6827
17.7413	11.6907
17.7413	11.6988
17.7413	11.7068
17.7413	11.7149
17.7413	11.7229
17.7413	11.7310
17.7413	11.7390
17.7413	11.7471
17.7413	11.7551
17.7413	11.7632
17.7413	11.7712
17.7493	11.7712
17.7493	11.7792
17.7493	11.7873
17.7493	11.7953
17.7493	11.8034
17.7493	11.8114
17.7493	11.8195
17.7493	11.8275
17.7493	11.8356
17.7413	11.8436
17.7413	11.8517
17.7413	11.8597
17.7413	11.8677
17.7413	11.8758
17.7413	11.8838
17.7413	11.8919
17.7413	11.8999
17.7413	11.9080
17.7413	11.9160
17.7332	11.9241
17.7332	11.9321
17.7332	11.9402
17.7332	11.9482
17.7332	11.9563
17.7332	11.9643
17.7332	11.9723
17.7332	11.9804
17.7252	11.9884
17.7252	11.9965
17.7252	12.0045
17.7252	12.0126
17.7171	12.0126
17.7171	12.0206
17.7171	12.0287
17.7171	12.0367
17.7171	12.0448
17.7091	12.0448
17.7091	12.0528
17.7091	12.0609
17.7091	12.0689
17.7011	12.0689
17.7011	12.0769
17.7011	12.0850
17.7011	12.0930
17.7011	12.1011
17.7011	12.1091
17.7011	12.1172
17.6930	12.1172
17.6930	12.1252
17.6930	12.1333
17.6850	12.1333
17.6850	12.1413
17.6850	12.1494
17.6850	12.1574
17.6769	12.1654
17.6769	12.1735
17.6689	12.1735
17.6689	12.1815
17.6689	12.1896
17.6608	12.1896
17.6608	12.1976
17.6608	12.2057
17.6528	12.2057
17.6528	12.2137
17.6528	12.2218
17.6447	12.2218
17.6447	12.2298
17.6447	12.2379
17.6367	12.2379
17.6367	12.2459
17.6367	12.2540
17.6286	12.2540
17.6286	12.2700
17.6206	12.2700
17.6206	12.2781
17.6206	12.2861
17.6125	12.2861
17.6125	12.2942
17.6125	12.3022
17.6045	12.3022
17.6045	12.3103
17.6045	12.3183
17.6045	12.3264
17.6045	12.3344
17.6045	12.3425
17.6045	12.3505
17.6045	12.3586
17.6045	12.3666
17.6045	12.3746
17.6045	12.3827
17.6045	12.3907
17.6045	12.3988
17.6045	12.4068
17.6045	12.4149
17.6045	12.4229
17.6045	12.4310
17.6045	12.4390
17.6045	12.4471
17.6045	12.4551
17.6045	12.4631
17.6045	12.4712
17.6045	12.4792
17.6045	12.4873
17.6045	12.4953
17.6045	12.5034
17.6045	12.5114
17.6045	12.5195
17.6045	12.5275
17.6045	12.5356
17.6045	12.5436
17.6045	12.5517
17.6045	12.5597
17.6125	12.5597
17.6125	12.5677
17.6206	12.5677
17.6206	12.5758
17.6206	12.5838
17.6206	12.5919
17.6206	12.5999
17.6206	12.6080
17.6206	12.6160
17.6206	12.6241
17.6286	12.6241
17.6286	12.6321
17.6367	12.6402
17.6367	12.6482
17.6367	12.6563
17.6447	12.6563
17.6447	12.6643
17.6447	12.6723
17.6528	12.6723
17.6528	12.6804
17.6528	12.6884
17.6528	12.6965
17.6528	12.7045
17.6528	12.7126
17.6608	12.7126
17.6608	12.7206
17.6608	12.7287
17.6608	12.7367
17.6689	12.7367
17.6689	12.7448
17.6689	12.7528
17.6689	12.7608
17.6689	12.7689
17.6689	12.7769
17.6689	12.7850
17.6689	12.7930
17.6689	12.8011
17.6769	12.8091
17.6769	12.8172
17.6769	12.8252
17.6850	12.8252
17.6850	12.8333
17.6850	12.8413
17.6850	12.8494
17.6850	12.8574
17.6850	12.8654
17.6850	12.8735
17.6850	12.8815
17.6850	12.8896
17.6930	12.8896
17.6930	12.8976
17.6930	12.9057
17.7011	12.9137
17.7011	12.9218
17.7011	12.9298
17.7091	12.9298
17.7091	12.9379
17.7091	12.9459
17.7091	12.9540
17.7171	12.9540
17.7171	12.9620
17.7171	12.9700
17.7171	12.9781
17.7171	12.9861
17.7252	12.9861
17.7252	12.9942
17.7332	12.9942
17.7332	13.0022
17.7332	13.0103
17.7332	13.0183
17.7413	13.0264
17.7493	13.0264
17.7493	13.0344
17.7493	13.0425
17.7654	13.0425
17.7654	13.0505
17.7654	13.0585
17.7735	13.0585
17.7735	13.0666
17.7815	13.0666
17.7815	13.0746
17.7815	13.0827
17.7815	13.0907
17.7815	13.0988
17.7815	13.1068
17.7815	13.1149
17.7735	13.1149
17.7735	13.1229
17.7654	13.1229
17.7654	13.1310
17.7654	13.1390
17.7654	13.1471
17.7654	13.1551
17.7654	13.1631
17.7654	13.1712
17.7654	13.1792
17.7654	13.1873
17.7654	13.1953
17.7654	13.2034
17.7654	13.2114
17.7654	13.2195
17.7654	13.2275
17.7654	13.2356
17.7654	13.2436
17.7654	13.2517
17.7654	13.2597
17.7654	13.2677
17.7654	13.2758
17.7654	13.2838
17.7654	13.2919
17.7735	13.2919
17.7735	13.2999
17.7735	13.3080
17.7735	13.3160
17.7815	13.3160
17.7815	13.3241
17.7815	13.3321
17.7815	13.3402
17.7896	13.3482
17.7976	13.3482
17.7976	13.3562
17.7976	13.3643
17.7976	13.3723
17.7976	13.3804
17.8137	13.3804
17.8137	13.3884
17.8298	13.3884
17.8298	13.3965
17.8459	13.3965
17.8539	13.4045
17.8700	13.4045
17.8700	13.4126
17.8942	13.4126
17.8942	13.4206
17.9102	13.4206
17.9102	13.4287
17.9102	13.4367
17.9102	13.4448
17.9183	13.4448
17.9183	13.4528
17.9263	13.4528
17.9263	13.4608
17.9344	13.4608
17.9344	13.4689
17.9424	13.4689
17.9424	13.4769
17.9505	13.4850
17.9505	13.4930
17.9585	13.4930
17.9585	13.5011
17.9666	13.5091
17.9746	13.5091
17.9746	13.5172
17.9746	13.5252
17.9746	13.5333
17.9746	13.5413
17.9746	13.5493
17.9746	13.5574
17.9746	13.5654
17.9746	13.5735
17.9746	13.5815
17.9746	13.5896
17.9746	13.5976
17.9746	13.6057
17.9666	13.6057
17.9666	13.6137
17.9585	13.6137
17.9585	13.6218
17.9424	13.6218
17.9424	13.6298
17.9344	13.6298
17.9344	13.6379
17.9263	13.6379
17.9263	13.6459
17.9183	13.6539
17.9102	13.6539
17.9102	13.6620
17.9022	13.6620
17.9022	13.6700
17.8942	13.6700
17.8942	13.6781
17.8942	13.6861
17.8861	13.6861
17.8861	13.6942
17.8781	13.6942
17.8781	13.7022
17.8781	13.7103
17.8700	13.7103
17.8700	13.7183
17.8620	13.7264
17.8620	13.7344
17.8620	13.7425
17.8620	13.7505
17.8620	13.7585
17.8620	13.7666
17.8620	13.7746
17.8620	13.7827
17.8781	13.7827
17.8781	13.7907
17.8942	13.7907
17.8942	13.7988
17.9746	13.7988
17.9746	13.8068
18.0068	13.8068
18.0068	13.8149
18.0309	13.8149
18.0309	13.8229
18.0309	13.8310
18.0309	13.8390
18.0229	13.8390
18.0229	13.8470
18.0229	13.8551
18.0229	13.8631
18.0148	13.8631
18.0148	13.8712
18.0148	13.8792
18.0148	13.8873
18.0148	13.8953
18.0229	13.8953
18.0229	13.9034
18.0229	13.9114
18.0390	13.9114
18.0390	13.9195
18.0390	13.9275
18.0712	13.9275
18.0712	13.9356
18.0873	13.9356
18.0873	13.9436
18.1033	13.9436
18.1033	13.9516
18.1114	13.9597
18.1114	13.9677
18.1114	13.9758
18.1194	13.9838
18.1194	13.9919
18.1194	14.0080
18.1194	14.0160
18.1275	14.0241
18.1275	14.0402
18.1275	14.0482
18.1355	14.0482
18.1355	14.0562
18.1436	14.0643
18.1516	14.0723
18.1597	14.0804
18.1597	14.0884
18.1677	14.0884
18.1677	14.0965
18.1677	14.1045
18.1758	14.1045
18.1758	14.1126
18.1838	14.1126
18.1838	14.1206
18.1838	14.1287
18.1838	14.1367
18.1919	14.1367
18.1999	14.1447
18.1999	14.1528
18.1999	14.1608
18.1999	14.1689
18.2079	14.1689
18.2079	14.1769
18.2160	14.1850
18.2160	14.1930
18.2160	14.2011
18.2160	14.2091
18.2160	14.2172
18.2160	14.2252
18.2240	14.2333
18.2240	14.2413
18.2321	14.2493
18.2321	14.2574
18.2321	14.2654
18.2321	14.2815
18.2401	14.2815
18.2401	14.2896
18.2482	14.2976
18.2482	14.3057
18.2482	14.3137
18.2562	14.3137
18.2562	14.3298
18.2643	14.3298
18.2643	14.3379
18.2643	14.3459
18.2723	14.3459
18.2723	14.3539
18.3045	14.3539
18.3045	14.3620
18.3447	14.3620
18.3447	14.3700
18.3769	14.3700
18.3769	14.3781
18.4010	14.3781
18.4091	14.3861
18.4091	14.3942
18.4252	14.3942
18.4332	14.4022
18.4413	14.4022
18.4413	14.4103
18.4654	14.4103
18.4654	14.4183
18.4735	14.4183
18.4735	14.4264
18.4815	14.4264
18.4896	14.4344
18.4896	14.4424
18.5056	14.4424
18.5056	14.4505
18.5056	14.4585
18.5217	14.4585
18.5217	14.4666
18.5298	14.4746
18.5378	14.4746
18.5378	14.4827
18.5459	14.4827
18.5459	14.4907
18.5539	14.4907
18.5620	14.4988
18.5620	14.5068
18.5781	14.5068
18.5781	14.5149
18.5861	14.5149
18.5861	14.5229
18.5941	14.5229
18.5941	14.5310
18.6022	14.5310
18.6022	14.5390
18.6183	14.5390
18.6183	14.5470
18.6263	14.5551
18.6424	14.5551
18.6505	14.5712
18.6666	14.5712
18.6746	14.5792
18.6827	14.5792
18.6827	14.5873
18.6907	14.5873
18.6987	14.5953
18.7068	14.5953
18.7068	14.6034
18.7229	14.6034
18.7229	14.6114
18.7309	14.6114
18.7309	14.6195
18.7470	14.6195
18.7551	14.6275
18.7551	14.6356
18.7792	14.6356
18.7792	14.6436
18.7873	14.6516
18.8114	14.6516
18.8114	14.6597
18.8194	14.6597
18.8194	14.6677
18.8436	14.6677
18.8436	14.6758
18.8516	14.6838
18.8758	14.6838
18.8758	14.6919
18.8918	14.6919
18.8918	14.6999
18.8999	14.6999
18.9079	14.7080
18.9079	14.7160
18.9160	14.7160
18.9160	14.7241
18.9240	14.7241
18.9240	14.7321
18.9321	14.7321
18.9321	14.7401
18.9321	14.7482
18.9401	14.7482
18.9401	14.7562
18.9482	14.7643
18.9482	14.7723
18.9562	14.7723
18.9562	14.7804
18.9562	14.7884
18.9562	14.7965
18.9562	14.8045
18.9562	14.8126
18.9643	14.8126
18.9643	14.8206
18.9643	14.8287
18.9723	14.8287
18.9723	14.8367
18.9723	14.8447
18.9723	14.8528
18.9723	14.8608
18.9723	14.8689
18.9723	14.8769
18.9804	14.8850
18.9804	14.8930
19.1332	14.8930
19.1332	14.9011
19.1574	14.9011
19.1574	14.9091
19.2056	14.9091
19.2056	14.9172
19.2137	14.9172
19.2137	14.9252
19.2298	14.9252
19.2298	14.9333
19.2378	14.9333
19.2378	14.9413
19.2459	14.9413
19.2539	14.9493
19.2700	14.9493
19.2700	14.9574
19.2941	14.9574
19.2941	14.9654
19.3022	14.9735
19.3263	14.9735
19.3344	14.9815
19.3424	14.9896
19.3585	14.9896
19.3585	14.9976
19.3666	14.9976
19.3666	15.0057
19.3746	15.0057
19.3827	15.0137
19.3907	15.0137
19.3907	15.0218
19.4068	15.0218
19.4068	15.0298
19.4148	15.0298
19.4148	15.0378
19.4309	15.0378
19.4309	15.0459
19.4390	15.0459
19.4390	15.0539
19.4551	15.0539
19.4551	15.0620
19.4712	15.0620
19.4712	15.0700
19.4872	15.0700
19.4953	15.0781
19.5114	15.0781
19.5194	15.0861
19.5516	15.0861
19.5597	15.0942
19.5677	15.1022
19.5999	15.1022
19.6079	15.1103
19.6240	15.1103
19.6240	15.1183
19.6482	15.1183
19.6482	15.1264
19.6562	15.1264
19.6562	15.1344
19.6562	15.1424
19.6562	15.1505
19.6723	15.1505
19.6723	15.1585
19.6803	15.1585
19.6803	15.1666
19.6803	15.1746
19.6803	15.1827
19.6803	15.1907
19.6803	15.1988
19.6723	15.2068
19.6643	15.2149
19.6643	15.2229
19.6643	15.2309
19.6562	15.2309
19.6562	15.2390
19.6562	15.2470
19.6321	15.2470
19.6321	15.2551
19.6321	15.2631
19.6321	15.2712
19.6321	15.2792
19.6401	15.2792
19.6401	15.2873
19.6401	15.2953
19.6482	15.2953
19.6482	15.3034
19.6482	15.3114
19.6803	15.3114
19.6803	15.3195
19.7206	15.3195
19.7206	15.3275
19.7367	15.3275
19.7447	15.3355
19.7447	15.3436
19.7528	15.3436
19.7528	15.3516
19.7608	15.3516
19.7608	15.3597
19.7608	15.3677
19.7689	15.3677
19.7689	15.3758
19.7769	15.3758
19.7769	15.3838
19.7849	15.3838
19.7849	15.3758
19.8091	15.3758
19.8091	15.3838
19.8171	15.3838
19.8171	15.3919
19.8332	15.3919
19.8332	15.3999
19.8332	15.4080
19.8252	15.4080
19.8252	15.4160
19.8332	15.4160
19.8332	15.4241
19.8413	15.4241
19.8413	15.4321
19.8413	15.4401
19.8493	15.4401
19.8493	15.4482
19.8574	15.4482
19.8574	15.4562
19.8654	15.4643
19.8654	15.4723
19.8735	15.4723
19.8895	15.4804
19.8895	15.4884
19.8976	15.4884
19.8976	15.4965
19.9056	15.4965
19.9056	15.5045
19.9137	15.5045
19.9217	15.5126
19.9217	15.5206
19.9378	15.5206
19.9378	15.5286
19.9378	15.5367
19.9700	15.5367
19.9700	15.5286
19.9780	15.5286
19.9780	15.5206
19.9861	15.5206
19.9861	15.5126
19.9861	15.5045
19.9941	15.5045
19.9941	15.4965
19.9941	15.4884
20.0022	15.4884
20.0022	15.4804
20.0102	15.4804
20.0102	15.4723
20.0183	15.4723
20.0183	15.4643
20.0987	15.4643
20.0987	15.4723
20.0987	15.4804
20.0987	15.4884
20.0987	15.4965
20.0987	15.5045
20.0987	15.5126
20.0987	15.5206
20.1148	15.5206
20.1148	15.5286
20.1309	15.5286
20.1309	15.5367
20.1470	15.5367
20.1470	15.5447
20.1631	15.5447
20.1631	15.5528
20.1872	15.5528
20.1872	15.5608
20.1953	15.5608
20.1953	15.5689
20.2275	15.5689
20.2275	15.5769
20.2436	15.5769
20.2436	15.5850
20.2677	15.5850
20.2757	15.5930
20.2918	15.5930
20.2918	15.6011
20.3079	15.6011
20.3079	15.6091
20.3240	15.6091
20.3240	15.6172
20.3401	15.6172
20.3482	15.6252
20.3562	15.6252
20.3562	15.6332
20.3723	15.6332
20.3723	15.6413
20.3803	15.6493
20.3884	15.6493
20.3884	15.6574
20.3964	15.6574
20.3964	15.6654
20.4125	15.6654
20.4125	15.6735
20.4206	15.6735
20.4206	15.6815
20.4367	15.6815
20.4367	15.6896
20.4447	15.6896
20.4528	15.6976
20.4689	15.6976
20.4689	15.7057
20.4769	15.7057
20.4849	15.7137
20.5010	15.7137
20.5010	15.7218
20.5091	15.7298
20.5252	15.7298
20.5332	15.7378
20.5413	15.7378
20.5413	15.7459
20.5654	15.7459
20.5654	15.7539
20.5734	15.7539
20.5734	15.7620
20.5976	15.7620
20.5976	15.7700
20.6137	15.7700
20.6217	15.7781
20.6459	15.7781
20.6539	15.7861
20.6620	15.7861
20.6700	15.7942
20.7424	15.7942
20.7505	15.7861
20.7585	15.7861
20.7585	15.7781
20.7666	15.7781
20.7746	15.7700
20.7746	15.7620
20.7907	15.7620
20.7907	15.7459
20.8068	15.7459
20.8148	15.7378
20.8148	15.7298
20.8309	15.7298
20.8309	15.7218
20.8390	15.7218
20.8390	15.7137
20.8470	15.7057
20.8551	15.7057
20.8551	15.6976
20.8631	15.6896
20.8631	15.6815
20.8711	15.6815
20.8711	15.6735
20.8792	15.6735
20.8792	15.6654
20.8872	15.6654
20.8872	15.6574
20.8872	15.6493
20.8953	15.6493
20.8953	15.6413
20.9033	15.6413
20.9033	15.6332
20.9033	15.6252
20.9114	15.6172
20.9194	15.6172
20.9194	15.6091
20.9194	15.6011
20.9275	15.6011
20.9275	15.5930
20.9355	15.5930
20.9355	15.5850
20.9516	15.5850
20.9597	15.5769
20.9677	15.5769
20.9677	15.5689
20.9838	15.5689
20.9838	15.5608
20.9999	15.5608
20.9999	15.5528
21.0079	15.5528
21.0079	15.5447
21.0160	15.5447
21.0160	15.5367
21.0321	15.5367
21.0321	15.5286
21.0401	15.5286
21.0401	15.5206
21.0562	15.5206
21.0562	15.5126
21.0643	15.5045
21.0723	15.5045
21.0723	15.4965
21.0723	15.4884
21.0803	15.4884
21.0803	15.4804
21.0803	15.4723
21.0803	15.4643
21.0803	15.4562
21.0884	15.4562
21.0884	15.4482
21.0884	15.4401
21.0884	15.4321
21.0884	15.4241
21.0884	15.4160
21.0884	15.4080
21.0884	15.3999
21.0884	15.3919
21.0884	15.3838
21.0884	15.3758
21.0884	15.3677
21.0884	15.3597
21.0803	15.3597
21.0803	15.3516
21.0803	15.3436
21.0803	15.3355
21.0803	15.3275
21.0803	15.3195
21.0803	15.3114
21.0803	15.3034
21.0803	15.2953
21.0884	15.2953
21.0884	15.2873
21.0884	15.2792
21.0964	15.2792
21.0964	15.2712
21.0964	15.2631
21.1045	15.2631
21.1045	15.2551
21.1125	15.2551
21.1125	15.2470
21.1125	15.2390
21.1206	15.2390
21.1206	15.2309
21.1286	15.2309
21.1286	15.2229
21.1286	15.2149
21.1447	15.2149
21.1447	15.2068
21.1447	15.1988
21.1528	15.1988
21.1528	15.1907
21.1608	15.1907
21.1608	15.1827
21.1608	15.1746
21.1688	15.1746
21.1688	15.1666
21.1849	15.1666
21.2010	15.1746
21.2091	15.1827
21.2252	15.1827
21.2332	15.1907
21.2332	15.1988
21.2413	15.1988
21.2413	15.2068
21.2493	15.2068
21.2493	15.2149
21.2493	15.2229
21.2574	15.2229
21.2574	15.2309
21.2654	15.2309
21.2654	15.2390
21.2654	15.2470
21.2734	15.2470
21.2734	15.2551
21.2815	15.2551
21.2815	15.2631
21.2815	15.2712
21.2815	15.2792
21.2976	15.2792
21.2976	15.2873
21.2976	15.2953
21.3056	15.2953
21.3056	15.3034
21.3137	15.3034
21.3137	15.3114
21.3298	15.3114
21.3298	15.3195
21.3539	15.3195
21.3619	15.3275
21.4746	15.3275
21.4746	15.3195
21.5068	15.3195
21.5068	15.3114
21.5309	15.3114
21.5390	15.3034
21.5390	15.2953
21.5711	15.2953
21.5711	15.2873
21.5872	15.2873
21.5872	15.2792
21.6033	15.2792
21.6033	15.2712
21.6194	15.2712
21.6194	15.2631
21.6275	15.2631
21.6275	15.2551
21.6355	15.2551
21.6355	15.2470
21.6436	15.2470
21.6436	15.2390
21.6436	15.2309
21.6596	15.2309
21.6596	15.2229
21.6677	15.2229
21.6677	15.2149
21.6838	15.2149
21.6838	15.2068
21.7079	15.2068
21.7079	15.1988
21.7321	15.1988
21.7401	15.1907
21.7401	15.1827
21.8286	15.1827
21.8286	15.1907
21.8930	15.1907
21.8930	15.1827
21.9252	15.1827
21.9332	15.1746
21.9413	15.1746
21.9413	15.1666
21.9654	15.1666
21.9654	15.1585
21.9734	15.1585
21.9815	15.1505
21.9895	15.1505
21.9895	15.1424
22.0137	15.1424
22.0137	15.1505
22.0217	15.1505
22.0217	15.1585
22.0217	15.1666
22.0217	15.1746
22.0217	15.1827
22.0217	15.1907
22.0217	15.1988
22.0217	15.2068
22.0217	15.2149
22.0217	15.2229
22.0217	15.2309
22.0217	15.2390
22.0137	15.2390
22.0137	15.2470
22.0137	15.2551
22.0056	15.2551
22.0056	15.2631
22.0056	15.2712
22.0056	15.2792
22.0056	15.2873
22.0056	15.2953
21.9976	15.2953
21.9976	15.3034
21.9895	15.3034
21.9895	15.3114
21.9895	15.3195
21.9895	15.3275
21.9815	15.3355
21.9815	15.3436
21.9734	15.3436
21.9734	15.3516
21.9734	15.3597
21.9734	15.3677
21.9734	15.3758
21.9734	15.3838
21.9734	15.3919
21.9734	15.3999
21.9734	15.4080
21.9734	15.4160
21.9734	15.4241
21.9734	15.4321
21.9734	15.4401
21.9734	15.4482
21.9815	15.4482
21.9815	15.4562
21.9895	15.4562
21.9895	15.4643
21.9895	15.4723
21.9895	15.4804
21.9895	15.4884
21.9895	15.4965
21.9895	15.5045
21.9895	15.5126
21.9895	15.5206
21.9976	15.5206
21.9976	15.5286
21.9976	15.5367
21.9976	15.5447
21.9976	15.5528
21.9976	15.5608
21.9976	15.5689
21.9976	15.5769
22.0056	15.5769
22.0056	15.5850
22.0056	15.5930
22.0056	15.6011
22.0056	15.6091
22.0056	15.6172
22.0056	15.6252
22.0056	15.6332
22.0137	15.6332
22.0137	15.6413
22.0137	15.6493
22.0137	15.6574
22.0217	15.6574
22.0217	15.6654
22.0217	15.6735
22.0217	15.6815
22.0217	15.6896
22.0217	15.6976
22.0298	15.7057
22.0298	15.7137
22.0298	15.7218
22.0298	15.7298
22.0378	15.7298
22.0378	15.7378
22.0378	15.7459
22.0378	15.7539
22.0378	15.7620
22.0459	15.7700
22.0459	15.7781
22.0539	15.7781
22.0539	15.7861
22.0539	15.7942
22.0539	15.8022
22.0619	15.8022
22.0619	15.8103
22.0700	15.8103
22.0700	15.8183
22.0700	15.8263
22.0700	15.8344
22.0780	15.8424
22.0780	15.8505
22.0861	15.8505
22.0861	15.8585
22.0861	15.8666
22.0941	15.8666
22.0941	15.8746
22.1022	15.8746
22.1102	15.8827
22.1102	15.8907
22.1263	15.8907
22.1263	15.8988
22.1344	15.8988
22.1344	15.9068
22.1505	15.9068
22.1505	15.9149
22.1585	15.9229
22.1826	15.9229
22.1826	15.9309
22.1826	15.9390
22.1987	15.9390
22.2068	15.9470
22.2148	15.9470
22.2148	15.9551
22.2229	15.9631
22.2792	15.9631
22.2792	15.9551
22.3275	15.9551
22.3355	15.9470
22.3436	15.9470
22.3436	15.9390
22.3838	15.9390
22.3838	15.9309
22.4079	15.9309
22.4079	15.9229
22.4321	15.9229
22.4321	15.9149
22.4401	15.9149
22.4401	15.9068
22.4642	15.9068
22.4642	15.8988
22.4723	15.8988
22.4723	15.8907
22.4964	15.8907
22.4964	15.8827
22.5045	15.8827
22.5045	15.8746
22.5206	15.8746
22.5206	15.8666
22.5286	15.8666
22.5286	15.8585
22.5367	15.8585
22.5447	15.8505
22.5527	15.8424
22.5608	15.8424
22.5608	15.8344
22.5688	15.8344
22.5688	15.8263
22.5769	15.8263
22.5849	15.8183
22.5849	15.8103
22.6010	15.8103
22.6010	15.8022
22.6010	15.7942
22.6171	15.7942
22.6171	15.7861
22.6171	15.7781
22.6332	15.7781
22.6332	15.7700
22.6332	15.7620
22.6413	15.7620
22.6413	15.7539
22.6493	15.7539
22.6493	15.7459
22.6493	15.7378
22.6573	15.7378
22.6573	15.7298
22.6654	15.7298
22.6654	15.7218
22.6734	15.7218
22.6734	15.7137
22.6815	15.7137
22.6815	15.7057
22.6815	15.6976
22.6895	15.6976
22.6895	15.6896
22.6976	15.6896
22.6976	15.6815
22.6976	15.6735
22.6976	15.6654
22.7056	15.6654
22.7056	15.6574
22.7056	15.6493
22.7137	15.6493
22.7137	15.6413
22.7137	15.6332
22.7217	15.6332
22.7217	15.6252
22.7217	15.6172
22.7217	15.6091
22.7298	15.6091
22.7298	15.6011
22.7298	15.5930
22.7298	15.5850
22.7378	15.5850
22.7378	15.5769
22.7378	15.5689
22.7459	15.5689
22.7459	15.5608
22.7459	15.5528
22.7539	15.5528
22.7539	15.5447
22.7619	15.5367
22.7619	15.5286
22.7700	15.5286
22.7700	15.5206
22.7780	15.5206
22.7780	15.5126
22.7780	15.5045
22.7861	15.5045
22.7861	15.4965
22.7941	15.4965
22.7941	15.4884
22.8022	15.4884
22.8102	15.4804
22.8102	15.4723
22.8183	15.4723
22.8183	15.4643
22.8263	15.4643
22.8263	15.4562
22.8424	15.4562
22.8424	15.4482
22.8424	15.4401
22.8585	15.4401
22.8585	15.4321
22.8585	15.4241
22.8746	15.4241
22.8746	15.4160
22.8746	15.4080
22.8907	15.4080
22.8907	15.3999
22.8987	15.3999
22.8987	15.3919
22.9068	15.3919
22.9068	15.3838
22.9148	15.3838
22.9148	15.3758
22.9229	15.3758
22.9309	15.3677
22.9309	15.3597
22.9470	15.3597
22.9470	15.3516
22.9550	15.3516
22.9550	15.3436
22.9711	15.3436
22.9711	15.3355
22.9792	15.3275
22.9872	15.3275
22.9872	15.3195
22.9953	15.3195
22.9953	15.3114
23.0114	15.3114
23.0114	15.3034
23.0194	15.3034
23.0194	15.2953
23.0355	15.2953
23.0355	15.2873
23.0516	15.2873
23.0516	15.2792
23.0838	15.2792
23.0838	15.2712
23.0999	15.2712
23.0999	15.2631
23.2125	15.2631
23.2125	15.2551
23.2286	15.2551
23.2286	15.2470
23.2447	15.2470
23.2447	15.2390
23.2527	15.2390
23.2527	15.2309
23.2769	15.2309
23.2769	15.2229
23.2769	15.2149
23.2930	15.2149
23.2930	15.2068
23.3091	15.2068
23.3091	15.1988
23.3252	15.1988
23.3252	15.1907
23.3252	15.1827
23.3493	15.1827
23.3493	15.1746
23.3573	15.1746
23.3573	15.1666
23.3734	15.1666
23.3734	15.1585
23.3895	15.1585
23.3895	15.1505
23.4056	15.1505
23.4137	15.1424
23.4217	15.1424
23.4217	15.1344
23.4539	15.1344
23.4539	15.1264
23.4619	15.1183
23.4780	15.1183
23.4780	15.1103
23.4861	15.1103
23.4941	15.1022
23.5022	15.1022
23.5022	15.0942
23.5183	15.0942
23.5183	15.0861
23.5424	15.0861
23.5424	15.0781
23.5665	15.0781
23.5665	15.0700
23.5907	15.0700
23.5907	15.0620
23.5987	15.0620
23.5987	15.0539
23.6229	15.0539
23.6229	15.0459
23.6309	15.0459
23.6309	15.0378
23.6389	15.0378
23.6389	15.0298
23.6470	15.0298
23.6470	15.0218
23.6631	15.0218
23.6631	15.0137
23.6631	15.0057
23.6792	15.0057
23.6792	14.9976
23.6792	14.9896
23.6953	14.9896
23.6953	14.9815
23.7114	14.9815
23.7194	14.9735
23.7596	14.9735
23.7677	14.9654
23.7999	14.9654
23.8079	14.9574
23.8481	14.9574
23.8481	14.9654
23.8562	14.9654
23.8562	14.9735
23.8642	14.9815
23.8642	14.9896
23.8723	14.9896
23.8723	14.9976
23.8723	15.0057
23.8723	15.0137
23.8803	15.0137
23.8803	15.0218
23.8884	15.0218
23.8884	15.0298
23.8884	15.0378
23.8884	15.0459
23.8964	15.0459
23.8964	15.0539
23.8964	15.0620
23.9045	15.0620
23.9045	15.0700
23.9045	15.0781
23.9045	15.0861
23.9125	15.0861
23.9125	15.0942
23.9206	15.0942
23.9206	15.1022
23.9366	15.1022
23.9366	15.1103
23.9366	15.1183
23.9527	15.1183
23.9608	15.1264
23.9769	15.1264
23.9769	15.1344
24.0412	15.1344
24.0493	15.1424
24.0654	15.1424
24.0654	15.1505
24.0976	15.1505
24.1056	15.1585
24.1298	15.1585
24.1298	15.1666
24.1619	15.1666
24.1619	15.1746
24.1619	15.1827
24.1619	15.1907
24.1619	15.1988
24.1619	15.2068
24.1619	15.2149
24.1619	15.2229
24.1619	15.2309
24.1619	15.2390
24.1619	15.2470
24.1619	15.2551
24.1619	15.2631
24.1619	15.2712
24.1619	15.2792
24.1619	15.2873
24.1619	15.2953
24.1780	15.2953
24.1780	15.3034
24.1780	15.3114
24.1780	15.3195
24.1861	15.3275
24.1861	15.3355
24.1941	15.3355
24.1941	15.3436
24.2022	15.3516
24.2022	15.3597
24.2102	15.3597
24.2183	15.3677
24.2183	15.3758
24.2263	15.3758
24.2263	15.3838
24.2424	15.3919
24.2424	15.3999
24.2424	15.4080
24.2585	15.4080
24.2585	15.4160
24.2907	15.4160
24.2907	15.4241
24.5642	15.4241
24.5723	15.4160
24.5964	15.4160
24.5964	15.4080
24.6366	15.4080
24.6447	15.3999
24.6527	15.3919
24.6688	15.3919
24.6688	15.3838
24.6769	15.3838
24.6769	15.3758
24.6930	15.3758
24.6930	15.3677
24.7091	15.3677
24.7091	15.3597
24.7412	15.3597
24.7412	15.3677
24.7493	15.3677
24.7573	15.3758
24.7654	15.3758
24.7734	15.3838
24.7815	15.3919
24.7976	15.3919
24.7976	15.3999
24.8056	15.3999
24.8137	15.4080
24.8217	15.4080
24.8217	15.4160
24.8297	15.4160
24.8297	15.4241
24.8297	15.4321
24.8297	15.4401
24.8297	15.4482
24.8378	15.4562
24.8378	15.4643
24.8378	15.4723
24.8378	15.4804
24.8378	15.4884
24.8378	15.4965
24.8378	15.5045
24.8378	15.5126
24.8378	15.5206
24.8378	15.5286
24.8378	15.5367
24.8378	15.5447
24.8378	15.5528
24.8378	15.5608
24.8378	15.5689
24.8378	15.5769
24.8378	15.5850
24.8297	15.5850
24.8297	15.5930
24.8297	15.6011
24.8297	15.6091
24.8297	15.6172
24.8297	15.6252
24.8297	15.6332
24.8297	15.6413
24.8297	15.6493
24.8297	15.6574
24.8297	15.6654
24.8297	15.6735
24.8297	15.6815
24.8378	15.6815
24.8378	15.6896
24.8378	15.6976
24.8458	15.7057
24.8458	15.7137
24.8458	15.7218
24.8539	15.7218
24.8539	15.7298
24.8539	15.7378
24.8539	15.7459
24.8619	15.7459
24.8619	15.7539
24.8700	15.7539
24.8700	15.7620
24.8700	15.7700
24.8700	15.7781
24.8861	15.7781
24.8861	15.7861
24.8861	15.7942
24.8861	15.8022
24.8941	15.8022
24.8941	15.8103
24.9022	15.8103
24.9022	15.8183
24.9022	15.8263
24.9102	15.8263
24.9102	15.8344
24.9102	15.8424
24.9183	15.8424
24.9183	15.8505
24.9183	15.8585
24.9263	15.8585
24.9263	15.8666
24.9343	15.8666
24.9343	15.8746
24.9343	15.8827
24.9343	15.8907
24.9504	15.8907
24.9504	15.8988
24.9504	15.9068
24.9585	15.9068
24.9585	15.9149
24.9585	15.9229
24.9665	15.9229
24.9665	15.9309
24.9665	15.9390
24.9746	15.9390
24.9746	15.9470
24.9826	15.9470
24.9826	15.9551
24.9907	15.9551
24.9907	15.9631
24.9987	15.9712
24.9987	15.9792
25.0068	15.9792
25.0068	15.9873
25.0148	15.9873
25.0148	15.9953
25.0228	15.9953
25.0228	16.0034
25.0309	16.0034
25.0309	16.0114
25.0389	16.0114
25.0389	16.0195
25.0470	16.0195
25.0470	16.0275
25.0550	16.0275
25.0550	16.0355
25.0631	16.0355
25.0631	16.0436
25.0711	16.0436
25.0711	16.0516
25.0792	16.0516
25.0792	16.0597
25.0792	16.0677
25.0953	16.0677
25.0953	16.0758
25.0953	16.0838
25.1033	16.0838
25.1033	16.0919
25.1114	16.0919
25.1114	16.0999
25.1274	16.0999
25.1274	16.1080
25.1274	16.1160
25.1355	16.1160
25.1355	16.1240
25.1435	16.1240
25.1435	16.1321
25.1516	16.1321
25.1596	16.1401
25.1596	16.1482
25.1757	16.1482
25.1757	16.1562
25.1757	16.1643
25.1918	16.1643
25.1918	16.1723
25.1918	16.1804
25.2079	16.1804
25.2160	16.1884
25.2240	16.1884
25.2240	16.1965
25.2320	16.2045
25.2401	16.2045
25.2401	16.2126
25.2481	16.2126
25.2562	16.2206
25.2562	16.2286
25.2884	16.2286
25.2884	16.2367
25.2964	16.2447
25.3286	16.2447
25.3286	16.2528
25.3527	16.2528
25.3527	16.2608
25.4171	16.2608
25.4171	16.2689
25.5297	16.2689
25.5297	16.2608
25.5780	16.2608
25.5780	16.2528
25.5941	16.2528
25.5941	16.2447
25.6102	16.2447
25.6102	16.2367
25.6102	16.2286
25.6263	16.2286
25.6263	16.2206
25.6263	16.2126
25.6343	16.2126
25.6343	16.2045
25.6424	16.2045
25.6424	16.1965
25.6424	16.1884
25.6504	16.1804
25.6585	16.1804
25.6585	16.1723
25.6585	16.1643
25.6585	16.1562
25.6665	16.1482
25.6665	16.1401
25.6665	16.1321
25.6746	16.1321
25.6746	16.1240
25.6746	16.1160
25.6826	16.1160
25.6826	16.1080
25.6907	16.0999
25.6907	16.0919
25.6907	16.0838
25.6987	16.0838
25.6987	16.0758
25.6987	16.0677
25.7068	16.0677
25.7068	16.0597
25.7068	16.0516
25.7068	16.0436
25.7148	16.0355
25.7148	16.0275
25.7228	16.0195
25.7228	16.0114
25.7309	16.0114
25.7309	16.0195
25.7309	16.0275
25.7389	16.0275
25.7389	16.0355
25.7389	16.0436
25.7470	16.0436
25.7470	16.0516
25.7550	16.0516
25.7550	16.0597
25.7550	16.0677
25.7711	16.0677
25.7711	16.0758
25.7711	16.0838
25.7711	16.0919
25.7792	16.0919
25.7792	16.0999
25.7872	16.0999
25.7872	16.1080
25.7953	16.1080
25.7953	16.1160
25.8033	16.1160
25.8033	16.1240
25.8033	16.1321
25.8114	16.1321
25.8114	16.1401
25.8194	16.1401
25.8194	16.1482
25.8194	16.1562
25.8194	16.1643
25.8355	16.1643
25.8355	16.1723
25.8355	16.1804
25.8435	16.1884
25.8435	16.1965
25.8516	16.1965
25.8516	16.2045
25.8516	16.2126
25.8516	16.2206
25.8596	16.2206
25.8596	16.2286
25.8677	16.2286
25.8677	16.2367
25.8677	16.2447
25.8677	16.2528
25.8677	16.2608
25.8757	16.2608
25.8757	16.2689
25.8838	16.2689
25.8838	16.2769
25.8838	16.2850
25.8838	16.2930
25.8918	16.2930
25.8918	16.3011
25.8918	16.3091
25.8999	16.3091
25.8999	16.3172
25.8999	16.3252
25.9079	16.3252
25.9079	16.3332
25.9159	16.3332
25.9159	16.3413
25.9240	16.3493
25.9240	16.3574
25.9320	16.3574
25.9320	16.3654
25.9320	16.3735
25.9481	16.3735
25.9481	16.3815
25.9481	16.3896
25.9562	16.3896
25.9562	16.3976
25.9642	16.3976
25.9642	16.4057
25.9803	16.4057
25.9803	16.4137
25.9884	16.4137
25.9884	16.4217
26.0125	16.4217
26.0125	16.4298
26.0205	16.4378
26.0447	16.4378
26.0447	16.4459
26.0608	16.4459
26.0608	16.4539
26.0930	16.4539
26.1010	16.4620
26.1090	16.4620
26.1090	16.4700
26.1895	16.4700
26.1895	16.4620
26.1976	16.4620
26.1976	16.4539
26.2136	16.4539
26.2136	16.4459
26.2217	16.4459
26.2217	16.4378
26.2378	16.4378
26.2378	16.4298
26.2619	16.4298
26.2619	16.4217
26.2780	16.4217
26.2780	16.4137
26.2861	16.4137
26.2861	16.4057
26.2861	16.3976
26.2861	16.3896
26.2861	16.3815
26.2861	16.3735
26.2941	16.3654
26.2941	16.3574
26.2941	16.3493
26.2941	16.3413
26.2941	16.3332
26.2941	16.3252
26.2941	16.3172
26.2941	16.3091
26.2941	16.3011
26.2941	16.2930
26.2941	16.2850
26.2941	16.2769
26.2941	16.2689
26.2941	16.2608
26.2861	16.2608
26.2861	16.2528
26.2861	16.2447
26.2861	16.2367
26.2861	16.2286
26.2780	16.2206
26.2780	16.2126
26.2700	16.2126
26.2700	16.2045
26.2700	16.1965
26.2700	16.1884
26.2700	16.1804
26.2700	16.1723
26.2700	16.1643
26.2619	16.1643
26.2619	16.1562
26.2539	16.1562
26.2539	16.1482
26.2539	16.1401
26.2539	16.1321
26.2539	16.1240
26.2539	16.1160
26.2458	16.1160
26.2458	16.1080
26.2378	16.1080
26.2378	16.0999
26.2378	16.0919
26.2378	16.0838
26.2297	16.0838
26.2297	16.0758
26.2217	16.0758
26.2217	16.0677
26.2217	16.0597
26.2136	16.0597
26.2136	16.0516
26.2136	16.0436
26.2136	16.0355
26.2136	16.0275
26.2136	16.0195
26.2136	16.0114
26.2136	16.0034
26.2136	15.9953
26.2136	15.9873
26.2136	15.9792
26.2136	15.9712
26.2217	15.9712
26.2217	15.9631
26.2217	15.9551
26.2217	15.9470
26.2217	15.9390
26.2217	15.9309
26.2217	15.9229
26.2217	15.9149
26.2217	15.9068
26.2297	15.9068
26.2297	15.8988
26.2297	15.8907
26.2378	15.8907
26.2378	15.8827
26.2378	15.8746
26.2378	15.8666
26.2458	15.8666
26.2458	15.8585
26.2539	15.8585
26.2539	15.8505
26.2539	15.8424
26.2619	15.8424
26.2619	15.8344
26.2619	15.8263
26.2619	15.8183
26.2700	15.8183
26.2700	15.8103
26.2700	15.8022
26.2700	15.7942
26.2780	15.7942
26.2780	15.7861
26.2780	15.7781
26.2861	15.7781
26.2861	15.7700
26.2861	15.7620
26.2861	15.7539
26.2861	15.7459
26.2941	15.7459
26.2941	15.7378
26.3022	15.7378
26.3022	15.7298
26.3022	15.7218
26.3022	15.7137
26.3182	15.7137
26.3182	15.7057
26.3182	15.6976
26.3343	15.6976
26.3343	15.6896
26.3343	15.6815
26.3504	15.6815
26.3504	15.6735
26.3504	15.6654
26.3665	15.6654
26.3665	15.6574
26.3746	15.6574
26.3746	15.6493
26.3907	15.6493
26.3907	15.6413
26.3987	15.6413
26.3987	15.6332
26.3987	15.6252
26.4067	15.6252
26.4148	15.6172
26.4148	15.6091
26.4228	15.6091
26.4228	15.6011
26.4309	15.6011
26.4309	15.5930
26.4389	15.5850
26.4470	15.5850
26.4470	15.5769
26.4470	15.5689
26.4631	15.5689
26.4631	15.5608
26.4631	15.5528
26.4711	15.5528
26.4792	15.5447
26.4792	15.5367
26.4792	15.5286
26.4872	15.5286
26.4872	15.5206
26.4953	15.5206
26.4953	15.5126
26.4953	15.5045
26.4953	15.4965
26.5033	15.4965
26.5033	15.4884
26.5113	15.4884
26.5113	15.4804
26.5113	15.4723
26.5113	15.4643
26.5113	15.4562
26.5113	15.4482
26.5113	15.4401
26.5113	15.4321
26.5113	15.4241
26.5113	15.4160
26.5113	15.4080
26.5113	15.3999
26.5113	15.3919
26.5113	15.3838
26.5113	15.3758
26.5113	15.3677
26.5113	15.3597
26.5113	15.3516
26.5113	15.3436
26.5113	15.3355
26.5113	15.3275
26.5113	15.3195
26.5113	15.3114
26.5113	15.3034
26.5033	15.3034
26.5033	15.2953
26.5033	15.2873
26.5033	15.2792
26.4953	15.2792
26.4953	15.2712
26.4872	15.2712
26.4872	15.2631
26.4792	15.2551
26.4792	15.2470
26.4711	15.2470
26.4711	15.2390
26.4711	15.2309
26.4711	15.2229
26.4711	15.2149
26.4711	15.2068
26.4711	15.1988
26.4711	15.1907
26.4711	15.1827
26.4711	15.1746
26.4631	15.1746
26.4631	15.1666
26.4550	15.1666
26.4550	15.1585
26.4550	15.1505
26.4550	15.1424
26.4550	15.1344
26.4550	15.1264
26.4550	15.1183
26.4470	15.1183
26.4470	15.1103
26.4389	15.1103
26.4389	15.1022
26.4309	15.1022
26.4309	15.0942
26.4309	15.0861
26.4228	15.0861
26.4228	15.0781
26.4148	15.0781
26.4148	15.0700
26.4067	15.0700
26.4067	15.0620
26.3987	15.0620
26.3987	15.0539
26.3907	15.0539
26.3907	15.0459
26.3826	15.0459
26.3826	15.0378
26.3585	15.0378
26.3585	15.0298
26.3585	15.0218
26.3424	15.0218
26.3424	15.0137
26.3343	15.0137
26.3343	15.0057
26.3182	15.0057
26.3182	14.9976
26.3102	14.9976
26.3102	14.9896
26.2941	14.9896
26.2861	14.9815
26.2780	14.9815
26.2780	14.9735
26.2056	14.9735
26.2056	14.9654
26.2056	14.9574
26.1976	14.9574
26.1976	14.9493
26.1976	14.9413
26.1976	14.9333
26.1976	14.9252
26.1976	14.9172
26.1976	14.9091
26.1895	14.9091
26.1895	14.9011
26.1815	14.9011
26.1815	14.8930
26.1815	14.8850
26.1815	14.8769
26.1734	14.8689
26.1734	14.8608
26.1734	14.8528
26.1734	14.8447
26.1734	14.8367
26.1734	14.8287
26.1734	14.8206
26.1734	14.8126
26.1734	14.8045
26.1734	14.7965
26.1734	14.7884
26.1734	14.7804
26.1815	14.7804
26.1815	14.7723
26.1815	14.7643
26.1815	14.7562
26.1815	14.7482
26.1815	14.7401
26.1815	14.7321
26.1815	14.7241
26.1815	14.7160
26.1815	14.7080
26.1815	14.6999
26.1815	14.6919
26.1815	14.6838
26.1815	14.6758
26.1815	14.6677
26.1815	14.6597
26.1815	14.6516
26.1815	14.6436
26.1815	14.6356
26.1895	14.6356
26.1895	14.6275
26.1895	14.6195
26.1895	14.6114
26.1895	14.6034
26.1895	14.5953
26.1976	14.5953
26.1976	14.5873
26.1976	14.5792
26.1976	14.5712
26.1976	14.5631
26.1976	14.5551
26.1976	14.5470
26.1976	14.5390
26.1976	14.5310
26.1976	14.5229
26.1976	14.5149
26.1976	14.5068
26.1976	14.4988
26.1976	14.4907
26.2136	14.4907
26.2136	14.4827
26.2136	14.4746
26.2297	14.4746
26.2297	14.4666
26.2297	14.4585
26.2458	14.4585
26.2458	14.4505
26.2539	14.4505
26.2539	14.4424
26.2700	14.4424
26.2700	14.4344
26.2780	14.4344
26.2780	14.4264
26.2941	14.4264
26.2941	14.4183
26.3022	14.4103
26.3102	14.4103
26.3102	14.4022
26.3182	14.3942
26.3263	14.3942
26.3263	14.3861
26.3263	14.3781
26.3263	14.3700
26.3263	14.3620
26.3343	14.3539
26.3424	14.3459
26.3424	14.3379
26.3424	14.3298
26.3424	14.3218
26.3424	14.3137
26.3424	14.3057
26.3424	14.2976
26.3424	14.2896
26.3424	14.2815
26.3424	14.2735
26.3424	14.2654
26.3424	14.2574
26.3343	14.2574
26.3343	14.2493
26.3343	14.2413
26.3343	14.2333
26.3263	14.2333
26.3263	14.2252
26.3263	14.2172
26.3263	14.2091
26.3263	14.2011
26.3263	14.1930
26.3263	14.1850
26.3263	14.1769
26.3263	14.1689
26.3343	14.1608
26.3343	14.1528
26.3424	14.1528
26.3424	14.1447
26.3424	14.1367
26.3424	14.1287
26.3424	14.1206
26.3263	14.1206
26.3263	14.1126
26.3343	14.1126
26.3343	14.1045
26.3424	14.1045
26.3424	14.0965
26.3424	14.0884
26.3504	14.0884
26.3504	14.0804
26.3585	14.0804
26.3585	14.0723
26.3585	14.0643
26.3665	14.0562
26.3746	14.0562
26.3746	14.0482
26.3746	14.0402
26.3746	14.0321
26.3826	14.0321
26.3826	14.0241
26.3826	14.0160
26.3907	14.0160
26.3907	14.0080
26.3907	13.9999
26.3907	13.9919
26.4067	13.9919
26.4067	13.9838
26.4067	13.9758
26.4067	13.9677
26.4148	13.9677
26.4148	13.9597
26.4148	13.9516
26.4228	13.9516
26.4228	13.9436
26.4228	13.9356
26.4228	13.9275
26.4228	13.9195
26.4228	13.9114
26.4228	13.9034
26.4228	13.8953
26.4228	13.8873
26.4228	13.8792
26.4228	13.8712
26.4228	13.8631
26.4228	13.8551
26.4228	13.8470
26.4228	13.8390
26.4228	13.8310
26.4228	13.8229
26.4228	13.8149
26.4228	13.8068
26.4228	13.7988
26.4228	13.7907
26.4228	13.7827
26.4148	13.7827
26.4148	13.7746
26.4148	13.7666
26.4148	13.7585
26.4148	13.7505
26.4067	13.7505
26.4067	13.7425
26.4067	13.7344
26.4067	13.7264
26.4067	13.7183
26.3987	13.7183
26.3987	13.7103
26.3987	13.7022
26.3826	13.7022
26.3826	13.6942
26.3826	13.6861
26.3746	13.6861
26.3746	13.6781
26.3746	13.6700
26.3746	13.6620
26.3665	13.6620
26.3665	13.6539
26.3665	13.6459
26.3665	13.6379
26.3665	13.6298
26.3665	13.6218
26.3665	13.6137
26.3665	13.6057
26.3665	13.5976
26.3665	13.5896
26.3665	13.5815
26.3665	13.5735
26.3665	13.5654
26.3585	13.5654
26.3585	13.5574
26.3585	13.5493
26.3585	13.5413
26.3504	13.5333
26.3504	13.5252
26.3424	13.5252
26.3424	13.5172
26.3343	13.5172
26.3343	13.5091
26.3182	13.5091
26.3182	13.5011
26.3182	13.4930
26.3182	13.4850
26.3182	13.4769
26.3102	13.4769
26.3102	13.4689
26.3102	13.4608
26.3102	13.4528
26.3022	13.4528
26.3022	13.4448
26.2941	13.4448
26.2941	13.4367
26.2941	13.4287
26.2780	13.4287
26.2780	13.4206
26.2780	13.4126
26.2700	13.4126
26.2700	13.4045
26.2619	13.4045
26.2619	13.3965
26.2458	13.3965
26.2458	13.3884
26.2378	13.3804
26.2378	13.3723
26.2297	13.3723
26.2297	13.3643
26.2217	13.3643
26.2217	13.3562
26.2136	13.3562
26.2136	13.3482
26.1976	13.3482
26.1976	13.3402
26.1976	13.3321
26.1976	13.3241
26.2056	13.3241
26.2056	13.3160
26.2056	13.3080
26.2136	13.3080
26.2136	13.2999
26.2136	13.2919
26.2217	13.2919
26.2217	13.2838
26.2217	13.2758
26.2217	13.2677
26.2217	13.2597
26.2217	13.2517
26.2217	13.2436
26.2217	13.2356
26.2217	13.2275
26.2217	13.2195
26.2217	13.2114
26.2217	13.2034
26.2136	13.2034
26.2136	13.1953
26.2136	13.1873
26.2136	13.1792
26.2136	13.1712
26.2136	13.1631
26.2136	13.1551
26.2056	13.1551
26.2056	13.1471
26.2056	13.1390
26.2056	13.1310
26.2056	13.1229
26.2056	13.1149
26.2056	13.1068
26.2056	13.0988
26.2056	13.0907
26.1976	13.0907
26.1976	13.0827
26.1976	13.0746
26.1976	13.0666
26.2056	13.0666
26.2056	13.0585
26.2056	13.0505
26.2056	13.0425
26.2136	13.0425
26.2136	13.0344
26.2136	13.0264
26.2297	13.0264
26.2297	13.0183
26.2297	13.0103
26.2458	13.0103
26.2458	13.0022
26.2458	12.9942
26.2619	12.9942
26.2619	12.9861
26.2619	12.9781
26.2780	12.9781
26.2780	12.9700
26.2780	12.9620
26.2780	12.9540
26.2861	12.9540
26.2861	12.9459
26.2941	12.9459
26.2941	12.9379
26.2941	12.9298
26.3022	12.9298
26.3022	12.9218
26.3022	12.9137
26.3102	12.9137
26.3182	12.9057
26.3182	12.8976
26.3263	12.8976
26.3263	12.8896
26.3263	12.8815
26.3343	12.8815
26.3343	12.8735
26.3424	12.8735
26.3424	12.8654
26.3424	12.8574
26.3424	12.8494
26.3424	12.8413
26.3504	12.8413
26.3504	12.8333
26.3504	12.8252
26.3504	12.8172
26.3504	12.8091
26.3504	12.8011
26.3504	12.7930
26.3504	12.7850
26.3504	12.7769
26.3504	12.7689
26.3504	12.7608
26.3504	12.7528
26.3504	12.7448
26.3504	12.7367
26.3504	12.7287
26.3504	12.7206
26.3504	12.7126
26.3504	12.7045
26.3504	12.6965
26.3504	12.6884
26.3504	12.6804
26.3504	12.6723
26.3504	12.6643
26.3504	12.6563
26.3585	12.6482
26.3585	12.6402
26.3585	12.6321
26.3585	12.6241
26.3665	12.6241
26.3665	12.6160
26.3665	12.6080
26.3665	12.5999
26.3746	12.5999
26.3746	12.5919
26.3746	12.5838
26.3826	12.5838
26.3826	12.5758
26.3907	12.5758
26.3907	12.5677
26.3907	12.5597
26.3987	12.5597
26.3987	12.5517
26.4067	12.5517
26.4067	12.5436
26.4067	12.5356
26.4067	12.5275
26.4148	12.5275
26.4148	12.5195
26.4148	12.5114
26.4228	12.5114
26.4228	12.5034
26.4228	12.4953
26.4228	12.4873
26.4228	12.4792
26.4228	12.4712
26.4228	12.4631
26.4228	12.4551
26.4228	12.4471
26.4228	12.4390
26.4228	12.4310
26.4228	12.4229
26.4228	12.4149
26.4228	12.4068
26.4228	12.3988
26.4148	12.3988
26.4148	12.3907
26.4148	12.3827
26.4148	12.3746
26.4148	12.3666
26.4148	12.3586
26.4148	12.3505
26.4067	12.3505
26.4067	12.3425
26.4067	12.3344
26.4067	12.3264
26.4067	12.3183
26.4067	12.3103
26.4067	12.3022
26.4067	12.2942
26.4067	12.2861
26.4067	12.2781
26.4067	12.2700
26.3987	12.2700
26.3987	12.2620
26.3987	12.2540
26.3987	12.2459
26.3907	12.2459
26.3907	12.2379
26.3907	12.2298
26.3907	12.2218
26.3907	12.2137
26.3907	12.2057
26.3826	12.1976
26.3826	12.1896
26.3746	12.1896
26.3746	12.1815
26.3746	12.1735
26.3665	12.1735
26.3665	12.1654
26.3665	12.1574
26.3585	12.1574
26.3585	12.1494
26.3585	12.1413
26.3585	12.1333
26.3585	12.1252
26.3504	12.1252
26.3504	12.1172
26.3424	12.1172
26.3424	12.1091
26.3424	12.1011
26.3424	12.0930
26.3343	12.0930
26.3343	12.0850
26.3263	12.0850
26.3263	12.0769
26.3263	12.0689
26.3182	12.0689
26.3182	12.0609
26.3182	12.0528
26.3102	12.0528
26.3102	12.0448
26.3102	12.0367
26.3022	12.0367
26.3022	12.0287
26.2941	12.0287
26.2941	12.0206
26.2941	12.0126
26.2861	12.0045
26.2780	12.0045
26.2780	11.9965
26.2700	11.9965
26.2700	11.9884
26.2619	11.9884
26.2619	11.9804
26.2539	11.9804
26.2539	11.9723
26.2458	11.9723
26.2458	11.9643
26.2378	11.9643
26.2297	11.9563
26.2297	11.9482
26.2136	11.9482
26.2136	11.9402
26.2136	11.9321
26.1976	11.9321
26.1976	11.9241
26.1976	11.9160
26.1815	11.9160
26.1815	11.9080
26.1734	11.8999
26.1654	11.8999
26.1654	11.8919
26.1573	11.8919
26.1573	11.8838
26.1493	11.8838
26.1493	11.8758
26.1493	11.8677
26.1332	11.8677
26.1332	11.8597
26.1332	11.8517
26.1251	11.8517
26.1251	11.8436
26.1251	11.8356
26.1171	11.8356
26.1171	11.8275
26.1171	11.8195
26.1010	11.8195
26.1010	11.8114
26.1010	11.8034
26.0849	11.8034
26.0849	11.7953
26.0849	11.7873
26.0769	11.7873
26.0769	11.7792
26.0688	11.7792
26.0688	11.7712
26.0688	11.7632
26.0608	11.7632
26.0527	11.7551
26.0527	11.7471
26.0527	11.7390
26.0366	11.7390
26.0366	11.7310
26.0366	11.7229
26.0286	11.7229
26.0286	11.7149
26.0205	11.7149
26.0205	11.7068
26.0205	11.6988
26.0125	11.6988
26.0125	11.6907
26.0045	11.6907
26.0045	11.6827
26.0045	11.6746
25.9964	11.6746
25.9964	11.6666
25.9884	11.6666
25.9884	11.6586
25.9803	11.6586
25.9803	11.6505
25.9723	11.6505
25.9723	11.6425
25.9562	11.6425
25.9562	11.6344
25.9562	11.6264
25.9481	11.6264
25.9481	11.6183
25.9401	11.6183
25.9401	11.6103
25.9320	11.6022
25.9240	11.6022
25.9240	11.5942
25.9159	11.5942
25.9159	11.5861
25.9079	11.5861
25.9079	11.5781
25.8918	11.5781
25.8918	11.5701
25.8918	11.5620
25.8918	11.5540
25.8838	11.5540
25.8838	11.5459
25.8757	11.5459
25.8757	11.5379
25.8757	11.5298
25.8677	11.5298
25.8677	11.5218
25.8677	11.5137
25.8596	11.5137
25.8596	11.5057
25.8596	11.4976
25.8596	11.4896
25.8596	11.4815
25.8516	11.4815
25.8516	11.4735
25.8516	11.4655
25.8435	11.4655
25.8435	11.4574
25.8355	11.4574
25.8355	11.4494
25.8274	11.4494
25.8274	11.4413
25.8194	11.4413
25.8194	11.4333
25.8114	11.4333
25.8114	11.4252
25.7953	11.4252
25.7953	11.4172
25.7792	11.4172
25.7792	11.4091
25.7631	11.4091
25.7631	11.4011
25.7470	11.4011
25.7470	11.3930
25.7389	11.3930
25.7389	11.3850
25.6987	11.3850
25.6987	11.3769
25.6907	11.3769
25.6907	11.3689
25.6746	11.3689
25.6746	11.3609
25.6665	11.3609
25.6665	11.3528
25.6504	11.3528
25.6504	11.3448
25.6343	11.3448
25.6343	11.3367
25.6263	11.3367
25.6263	11.3287
25.6182	11.3287
25.6182	11.3206
25.6182	11.3126
25.6102	11.3126
25.6102	11.3045
25.6022	11.3045
25.6022	11.2965
25.5941	11.2884
25.5861	11.2884
25.5861	11.2804
25.5861	11.2724
25.5700	11.2724
25.5700	11.2643
25.5539	11.2643
25.5539	11.2563
25.5378	11.2563
25.5378	11.2482
25.5217	11.2482
25.5217	11.2402
25.4895	11.2402
25.4895	11.2321
25.4734	11.2321
25.4734	11.2241
25.3366	11.2241
25.3366	11.2160
25.3205	11.2160
25.3205	11.2080
25.3045	11.2080
25.3045	11.1999
25.2964	11.1919
25.2964	11.1838
25.2964	11.1758
25.2964	11.1678
25.2884	11.1597
25.2884	11.1517
25.2884	11.1436
25.2884	11.1356
25.2803	11.1356
25.2803	11.1275
25.2803	11.1195
25.2803	11.1114
25.2803	11.1034
25.2803	11.0953
25.2803	11.0873
25.2803	11.0792
25.2723	11.0792
25.2723	11.0712
25.2723	11.0632
25.2723	11.0551
25.2642	11.0551
25.2642	11.0471
25.2642	11.0390
25.2642	11.0310
25.2562	11.0229
25.2562	11.0149
25.2481	11.0149
25.2481	11.0068
25.2481	10.9988
25.2481	10.9907
25.2481	10.9827
25.2401	10.9827
25.2401	10.9747
25.2401	10.9666
25.2320	10.9666
25.2320	10.9586
25.2320	10.9505
25.2240	10.9505
25.2240	10.9425
25.2160	10.9425
25.2160	10.9344
25.2160	10.9264
25.2160	10.9183
25.2079	10.9183
25.2079	10.9103
25.1999	10.9103
25.1999	10.9022
25.1999	10.8942
25.1999	10.8861
25.1999	10.8781
25.1999	10.8701
25.1918	10.8701
25.1838	10.8620
25.1838	10.8540
25.1838	10.8459
25.1838	10.8379
25.1757	10.8298
25.1757	10.8218
25.1677	10.8137
25.1677	10.8057
25.1677	10.7976
25.1677	10.7896
25.1596	10.7896
25.1596	10.7815
25.1516	10.7815
25.1516	10.7735
25.1516	10.7655
25.1516	10.7574
25.1516	10.7494
25.1516	10.7413
25.1516	10.7333
25.1435	10.7333
25.1435	10.7252
25.1435	10.7172
25.1435	10.7091
25.1435	10.7011
25.1435	10.6930
25.1435	10.6850
25.1435	10.6770
25.1435	10.6689
25.1435	10.6609
25.1435	10.6528
25.1435	10.6448
25.1435	10.6367
25.1355	10.6287
25.1355	10.6206
25.1355	10.6126
25.1355	10.6045
25.1355	10.5965
25.1355	10.5884
25.1355	10.5804
25.1355	10.5724
25.1355	10.5643
25.1355	10.5563
25.1355	10.5482
25.1274	10.5482
25.1274	10.5402
25.1194	10.5402
25.1194	10.5321
25.1194	10.5241
25.1194	10.5160
25.1114	10.5160
25.1114	10.5080
25.1114	10.4999
25.1033	10.4919
25.1033	10.4838
25.1033	10.4758
25.1033	10.4678
25.1033	10.4597
25.1033	10.4517
25.1033	10.4436
25.1033	10.4356
25.1033	10.4275
25.1033	10.4195
25.0953	10.4114
25.0953	10.4034
25.0953	10.3953
25.0953	10.3873
25.0953	10.3793
25.0953	10.3712
25.0872	10.3712
25.0872	10.3632
25.0872	10.3551
25.0872	10.3471
25.0872	10.3390
25.0872	10.3310
25.0872	10.3229
25.0792	10.3229
25.0792	10.3149
25.0711	10.3149
25.0711	10.3068
25.0711	10.2988
25.0631	10.2988
25.0631	10.2907
25.0550	10.2907
25.0550	10.2827
25.0550	10.2747
25.0470	10.2747
25.0470	10.2666
25.0389	10.2666
25.0389	10.2586
25.0309	10.2586
25.0309	10.2505
25.0228	10.2425
25.0228	10.2344
25.0228	10.2264
25.0228	10.2183
25.0228	10.2103
25.0148	10.2103
25.0148	10.2022
25.0148	10.1942
25.0148	10.1862
25.0148	10.1781
25.0148	10.1701
25.0148	10.1620
25.0068	10.1620
25.0068	10.1540
25.0068	10.1459
25.0068	10.1379
25.0068	10.1298
25.0068	10.1218
24.9987	10.1218
24.9907	10.1137
24.9907	10.1057
24.9826	10.1057
24.9826	10.0976
24.9746	10.0896
24.9746	10.0816
24.9665	10.0735
24.9665	10.0655
24.9585	10.0655
24.9585	10.0574
24.9504	10.0574
24.9504	10.0494
24.9424	10.0494
24.9343	10.0413
24.9343	10.0333
24.9263	10.0333
24.9263	10.0252
24.9263	10.0172
24.9183	10.0172
24.9183	10.0091
24.9183	10.0011
24.9102	10.0011
24.9102	9.9930
24.9102	9.9850
24.9102	9.9770
24.9102	9.9689
24.9022	9.9689
24.9022	9.9528
24.8941	9.9528
24.8941	9.9448
24.8941	9.9367
24.8941	9.9287
24.8941	9.9206
24.8941	9.9126
24.8941	9.9045
24.8861	9.9045
24.8861	9.8965
24.8861	9.8885
24.8780	9.8804
24.8780	9.8724
24.8780	9.8643
24.8780	9.8563
24.8780	9.8482
24.8780	9.8402
24.8700	9.8321
24.8700	9.8241
24.8700	9.8160
24.8700	9.8080
24.8619	9.8080
24.8619	9.7999
24.8619	9.7919
24.8619	9.7839
24.8539	9.7758
24.8539	9.7678
24.8458	9.7678
24.8458	9.7597
24.8378	9.7517
24.8297	9.7517
24.8297	9.7436
24.8217	9.7356
24.8217	9.7275
24.8137	9.7275
24.8056	9.7195
24.8056	9.7114
24.7895	9.7114
24.7895	9.7034
24.7895	9.6953
24.7895	9.6873
24.7815	9.6873
24.7815	9.6793
24.7815	9.6712
24.7815	9.6632
24.7815	9.6551
24.7815	9.6471
24.7654	9.6471
24.7654	9.6390
24.7654	9.6310
24.7573	9.6310
24.7573	9.6229
24.7573	9.6149
24.7493	9.6149
24.7493	9.6068
24.7412	9.6068
24.7412	9.5988
24.7332	9.5988
24.7332	9.5908
24.7332	9.5827
24.7332	9.5747
24.7251	9.5747
24.7251	9.5666
24.7171	9.5666
24.7171	9.5586
24.7171	9.5505
24.7091	9.5505
24.7091	9.5425
24.7091	9.5344
24.7010	9.5344
24.7010	9.5264
24.7010	9.5183
24.6930	9.5183
24.6930	9.5103
24.6930	9.5022
24.6849	9.5022
24.6849	9.4942
24.6849	9.4862
24.6769	9.4862
24.6769	9.4781
24.6769	9.4701
24.6688	9.4701
24.6688	9.4620
24.6688	9.4540
24.6688	9.4459
24.6688	9.4379
24.6527	9.4379
24.6527	9.4298
24.6527	9.4218
24.6447	9.4218
24.6447	9.4137
24.6447	9.4057
24.6366	9.4057
24.6366	9.3976
24.6366	9.3896
24.6286	9.3896
24.6286	9.3816
24.6206	9.3816
24.6206	9.3735
24.6125	9.3735
24.6125	9.3655
24.6045	9.3574
24.6045	9.3494
24.5964	9.3494
24.5884	9.3413
24.5884	9.3333
24.5803	9.3252
24.5723	9.3252
24.5723	9.3091
24.5642	9.3091
24.5642	9.3011
24.5562	9.3011
24.5562	9.2931
24.5562	9.2850
24.5481	9.2850
24.5481	9.2770
24.5401	9.2770
24.5401	9.2689
24.5401	9.2609
24.5240	9.2609
24.5240	9.2528
24.5240	9.2448
24.5079	9.2448
24.5079	9.2367
24.5079	9.2287
24.4999	9.2287
24.4999	9.2206
24.4918	9.2206
24.4918	9.2126
24.4838	9.2045
24.4757	9.2045
24.4757	9.1965
24.4677	9.1885
24.4596	9.1804
24.4596	9.1724
24.4516	9.1724
24.4516	9.1643
24.4435	9.1643
24.4435	9.1563
24.4355	9.1482
24.4274	9.1482
24.4274	9.1402
24.4274	9.1321
24.4274	9.1241
24.4194	9.1241
24.4194	9.1160
24.4114	9.1160
24.4114	9.1080
24.4114	9.0999
24.4033	9.0999
24.4033	9.0919
24.3953	9.0919
24.3953	9.0839
24.3872	9.0839
24.3872	9.0758
24.3872	9.0678
24.3792	9.0678
24.3792	9.0597
24.3792	9.0517
24.3631	9.0517
24.3631	9.0436
24.3631	9.0356
24.3550	9.0275
24.3550	9.0195
24.3470	9.0195
24.3470	9.0114
24.3389	9.0114
24.3389	9.0034
24.3309	9.0034
24.3309	8.9954
24.3229	8.9954
24.3229	8.9873
24.3148	8.9873
24.3148	8.9793
24.3148	8.9712
24.2987	8.9712
24.2987	8.9632
24.2987	8.9551
24.2826	8.9551
24.2826	8.9471
24.2746	8.9390
24.2665	8.9390
24.2585	8.9310
24.2585	8.9229
24.2504	8.9229
24.2504	8.9149
24.2424	8.9068
24.2343	8.9068
24.2263	8.8988
24.2263	8.8908
24.2102	8.8908
24.2102	8.8827
24.2022	8.8827
24.2022	8.8747
24.1941	8.8747
24.1861	8.8666
24.1861	8.8586
24.1780	8.8586
24.1700	8.8505
24.1619	8.8505
24.1619	8.8425
24.1458	8.8425
24.1458	8.8344
24.1378	8.8344
24.1378	8.8264
24.1217	8.8264
24.1217	8.8183
24.1137	8.8103
24.0976	8.8103
24.0895	8.8022
24.0815	8.7942
24.0734	8.7942
24.0573	8.7781
24.0412	8.7781
24.0332	8.7701
24.0252	8.7620
24.0091	8.7540
24.0010	8.7459
23.9930	8.7459
23.9849	8.7379
23.9769	8.7379
23.9688	8.7298
23.9527	8.7298
23.9447	8.7218
23.9447	8.7137
23.9206	8.7137
23.9206	8.7057
23.9125	8.7057
23.9125	8.6977
23.8964	8.6977
23.8964	8.6896
23.8803	8.6896
23.8803	8.6816
23.8642	8.6816
23.8642	8.6735
23.8562	8.6735
23.8481	8.6655
23.8321	8.6655
23.8321	8.6574
23.8240	8.6574
23.8240	8.6494
23.8079	8.6494
23.8079	8.6413
23.7999	8.6413
23.7999	8.6333
23.7838	8.6333
23.7838	8.6252
23.7677	8.6252
23.7677	8.6172
23.7516	8.6172
23.7516	8.6091
23.7516	8.6011
23.7355	8.6011
23.7355	8.5931
23.7275	8.5931
23.7194	8.5850
23.7194	8.5770
23.7033	8.5770
23.7033	8.5689
23.6953	8.5689
23.6953	8.5609
23.6872	8.5609
23.6872	8.5528
23.6711	8.5528
23.6711	8.5448
23.6711	8.5367
23.6470	8.5367
23.6470	8.5287
23.6389	8.5287
23.6389	8.5206
23.6148	8.5206
23.6148	8.5126
23.6068	8.5126
23.5987	8.5046
23.5746	8.5046
23.5665	8.4965
23.5585	8.4885
23.5424	8.4885
23.5344	8.4804
23.5183	8.4804
23.5102	8.4724
23.4941	8.4724
23.4780	8.4643
23.4619	8.4643
23.4458	8.4563
23.4298	8.4563
23.4217	8.4482
23.4137	8.4482
23.4056	8.4402
23.3654	8.4402
23.3654	8.4321
23.3573	8.4241
23.3171	8.4241
23.3091	8.4160
23.2930	8.4160
23.2849	8.4080
23.2367	8.4080
23.2367	8.4000
23.2045	8.4000
23.1964	8.3919
23.1562	8.3919
23.1562	8.3839
23.1401	8.3839
23.1321	8.3758
23.0999	8.3758
23.0918	8.3678
23.0838	8.3678
23.0838	8.3597
23.0516	8.3597
23.0516	8.3517
23.0275	8.3517
23.0275	8.3436
22.7539	8.3436
22.7539	8.3517
22.7539	8.3597
22.7298	8.3597
22.7298	8.3678
22.7137	8.3678
22.7137	8.3758
22.6734	8.3758
22.6654	8.3678
22.6413	8.3678
22.6332	8.3597
22.5849	8.3597
22.5849	8.3517
22.5769	8.3517
22.5769	8.3436
22.5688	8.3436
22.5688	8.3356
22.5608	8.3356
22.5608	8.3275
22.5527	8.3275
22.5447	8.3195
22.5447	8.3114
22.5367	8.3114
22.5367	8.3034
22.5286	8.3034
22.5286	8.2954
22.5125	8.2954
22.5125	8.2873
22.5045	8.2873
22.5045	8.2793
22.4964	8.2793
22.4884	8.2712
22.4803	8.2712
22.4803	8.2632
22.4482	8.2632
22.4482	8.2551
22.4482	8.2471
22.4321	8.2471
22.4240	8.2390
22.4079	8.2390
22.4079	8.2310
22.3757	8.2310
22.3757	8.2229
22.3596	8.2229
22.3596	8.2149
22.3033	8.2149
22.2953	8.2069
22.2390	8.2069
22.2390	8.1988
22.1344	8.1988
22.1263	8.1908
22.1183	8.1908
22.1102	8.1827
22.0539	8.1827
22.0539	8.1747
22.0298	8.1747
22.0298	8.1666
22.0056	8.1666
21.9976	8.1586
21.9895	8.1586
21.9815	8.1505
21.9493	8.1505
21.9493	8.1425
21.9413	8.1344
21.9171	8.1344
21.9171	8.1264
21.9091	8.1264
21.9010	8.1183
21.8849	8.1183
21.8849	8.1103
21.8769	8.1103
21.8688	8.1023
21.8608	8.0942
21.8528	8.0942
21.8528	8.0862
21.8367	8.0862
21.8367	8.0781
21.8286	8.0781
21.8286	8.0701
21.7964	8.0701
21.7964	8.0620
21.7884	8.0620
21.7803	8.0540
21.7562	8.0540
21.7562	8.0459
21.7401	8.0459
21.7401	8.0379
21.7160	8.0379
21.7079	8.0298
21.6999	8.0298
21.6918	8.0218
21.6516	8.0218
21.6436	8.0137
21.6355	8.0137
21.6275	8.0057
21.5953	8.0057
21.5953	7.9977
21.5792	7.9977
21.5711	7.9896
21.5470	7.9896
21.5470	7.9816
21.5309	7.9816
21.5309	7.9735
21.5068	7.9735
21.4987	7.9655
21.4987	7.9574
21.4665	7.9574
21.4665	7.9494
21.4424	7.9494
21.4424	7.9413
21.4183	7.9413
21.4183	7.9333
21.4022	7.9333
21.3941	7.9252
21.3700	7.9252
21.3700	7.9172
21.3619	7.9172
21.3539	7.9092
21.3217	7.9092
21.3217	7.9011
21.3137	7.9011
21.3056	7.8931
21.2895	7.8931
21.2815	7.8850
21.2574	7.8850
21.2574	7.8770
21.2171	7.8770
21.2091	7.8689
21.1769	7.8689
21.1769	7.8609
21.0482	7.8609
21.0401	7.8528
