15.7405	12.0737
15.7405	12.0668
15.7336	12.0668
15.7336	12.0599
15.7267	12.0599
15.7199	12.0599
15.7130	12.0599
15.7130	12.0530
15.7130	12.0462
15.7061	12.0462
15.7061	12.0393
15.7061	12.0324
15.6992	12.0324
15.6992	12.0255
15.6992	12.0186
15.6923	12.0186
15.6923	12.0118
15.6923	12.0049
15.6855	12.0049
15.6786	12.0049
15.6786	11.9980
15.6786	11.9911
15.6717	11.9911
15.6717	11.9842
15.6648	11.9842
15.6648	11.9774
15.6648	11.9705
15.6579	11.9705
15.6579	11.9636
15.6511	11.9567
15.6511	11.9498
15.6511	11.9430
15.6442	11.9361
15.6442	11.9292
15.6373	11.9292
15.6373	11.9223
15.6373	11.9154
15.6373	11.9086
15.6304	11.9086
15.6304	11.9017
15.6304	11.8948
15.6235	11.8948
15.6235	11.8879
15.6235	11.8811
15.6235	11.8742
15.6235	11.8673
15.6167	11.8673
15.6167	11.8604
15.6167	11.8535
15.6167	11.8467
15.6167	11.8398
15.6098	11.8398
15.6098	11.8329
15.6098	11.8260
15.6098	11.8191
15.6098	11.8123
15.6098	11.8054
15.6098	11.7985
15.6098	11.7916
15.6098	11.7847
15.6098	11.7779
15.6098	11.7710
15.6098	11.7641
15.6098	11.7572
15.6167	11.7572
15.6167	11.7503
15.6167	11.7435
15.6167	11.7366
15.6167	11.7297
15.6167	11.7228
15.6167	11.7159
15.6167	11.7091
15.6167	11.7022
15.6235	11.7022
15.6235	11.6953
15.6235	11.6884
15.6235	11.6815
15.6235	11.6747
15.6235	11.6678
15.6304	11.6609
15.6304	11.6540
15.6304	11.6471
15.6373	11.6471
15.6373	11.6403
15.6373	11.6334
15.6373	11.6265
15.6442	11.6265
15.6442	11.6196
15.6511	11.6196
15.6511	11.6127
15.6511	11.6059
15.6579	11.6059
15.6579	11.5990
15.6579	11.5921
15.6648	11.5921
15.6648	11.5852
15.6717	11.5852
15.6717	11.5783
15.6717	11.5715
15.6786	11.5715
15.6786	11.5646
15.6855	11.5577
15.6923	11.5508
15.6923	11.5440
15.6923	11.5371
15.6992	11.5371
15.7061	11.5371
15.7061	11.5302
15.7061	11.5233
15.7061	11.5164
15.7130	11.5164
15.7130	11.5096
15.7130	11.5027
15.7199	11.5027
15.7199	11.4958
15.7199	11.4889
15.7267	11.4889
15.7267	11.4820
15.7267	11.4752
15.7336	11.4752
15.7336	11.4683
15.7336	11.4614
15.7336	11.4545
15.7405	11.4545
15.7474	11.4545
15.7474	11.4476
15.7474	11.4408
15.7474	11.4339
15.7543	11.4339
15.7543	11.4270
15.7611	11.4270
15.7611	11.4201
15.7680	11.4201
15.7680	11.4132
15.7749	11.4132
15.7749	11.4064
15.7818	11.4064
15.7818	11.3995
15.7887	11.3995
15.7887	11.3926
15.7955	11.3857
15.8024	11.3857
15.8024	11.3788
15.8093	11.3788
15.8093	11.3720
15.8162	11.3720
15.8231	11.3651
15.8299	11.3582
15.8368	11.3582
15.8437	11.3582
15.8437	11.3513
15.8437	11.3444
15.8506	11.3444
15.8575	11.3444
15.8643	11.3444
15.8712	11.3376
15.8781	11.3376
15.8781	11.3307
15.8850	11.3307
15.8919	11.3307
15.8987	11.3307
15.8987	11.3238
15.9056	11.3238
15.9056	11.3169
15.9125	11.3169
15.9194	11.3169
15.9262	11.3169
15.9331	11.3169
15.9331	11.3100
15.9400	11.3100
15.9469	11.3100
15.9538	11.3100
15.9538	11.3032
15.9606	11.3032
15.9675	11.3032
15.9744	11.3032
15.9813	11.3032
15.9813	11.2963
15.9882	11.2963
15.9882	11.2894
15.9950	11.2894
16.0019	11.2894
16.0088	11.2894
16.0088	11.2825
16.0157	11.2825
16.0157	11.2756
16.0226	11.2756
16.0294	11.2688
16.0363	11.2688
16.0363	11.2619
16.0432	11.2619
16.0432	11.2550
16.0501	11.2550
16.0570	11.2481
16.0638	11.2481
16.0707	11.2481
16.0707	11.2412
16.0776	11.2412
16.0776	11.2344
16.0845	11.2344
16.0914	11.2344
16.0914	11.2275
16.0982	11.2206
16.1051	11.2206
16.1051	11.2137
16.1120	11.2137
16.1120	11.2069
16.1189	11.2069
16.1258	11.2069
16.1258	11.2000
16.1326	11.2000
16.1326	11.1931
16.1395	11.1931
16.1395	11.1862
16.1464	11.1862
16.1464	11.1793
16.1533	11.1793
16.1533	11.1725
16.1533	11.1656
16.1602	11.1656
16.1602	11.1587
16.1670	11.1587
16.1670	11.1518
16.1739	11.1518
16.1808	11.1449
16.1808	11.1381
16.1877	11.1381
16.1877	11.1312
16.1946	11.1312
16.2014	11.1312
16.2014	11.1243
16.2014	11.1174
16.2083	11.1174
16.2083	11.1105
16.2152	11.1105
16.2221	11.1037
16.2290	11.1037
16.2290	11.0968
16.2358	11.0968
16.2427	11.0968
16.2427	11.0899
16.2496	11.0899
16.2565	11.0830
16.2633	11.0830
16.2702	11.0830
16.2702	11.0761
16.2771	11.0761
16.2840	11.0761
16.2840	11.0693
16.2909	11.0693
16.2909	11.0624
16.2977	11.0624
16.2977	11.0555
16.3046	11.0555
16.3115	11.0555
16.3184	11.0555
16.3184	11.0486
16.3184	11.0417
16.3253	11.0417
16.3321	11.0417
16.3390	11.0417
16.3390	11.0349
16.3390	11.0280
16.3459	11.0280
16.3528	11.0280
16.3528	11.0211
16.3597	11.0211
16.3597	11.0142
16.3665	11.0142
16.3734	11.0073
16.3803	11.0073
16.3803	11.0005
16.3872	11.0005
16.3941	11.0005
16.3941	10.9936
16.3941	10.9867
16.4009	10.9867
16.4078	10.9867
16.4078	10.9798
16.4147	10.9798
16.4147	10.9729
16.4216	10.9729
16.4285	10.9661
16.4353	10.9661
16.4353	10.9592
16.4422	10.9592
16.4491	10.9592
16.4491	10.9523
16.4560	10.9454
16.4629	10.9454
16.4697	10.9454
16.4766	10.9454
16.4766	10.9385
16.4835	10.9385
16.4904	10.9317
16.4973	10.9317
16.5041	10.9317
16.5110	10.9317
16.5110	10.9248
16.5179	10.9248
16.5248	10.9248
16.5317	10.9179
16.5385	10.9179
16.5454	10.9179
16.5523	10.9179
16.5592	10.9179
16.5592	10.9110
16.5661	10.9110
16.5729	10.9110
16.5729	10.9041
16.5798	10.9041
16.5867	10.9041
16.5936	10.9041
16.6004	10.9041
16.6004	10.8973
16.6073	10.8973
16.6142	10.8973
16.6142	10.8904
16.6211	10.8904
16.6280	10.8904
16.6348	10.8904
16.6417	10.8904
16.6417	10.8835
16.6486	10.8835
16.6555	10.8835
16.6624	10.8835
16.6692	10.8835
16.6692	10.8766
16.6761	10.8766
16.6830	10.8766
16.6899	10.8766
16.6968	10.8766
16.7036	10.8766
16.7105	10.8766
16.7105	10.8698
16.7174	10.8698
16.7243	10.8698
16.7312	10.8698
16.7380	10.8698
16.7449	10.8698
16.7518	10.8698
16.7587	10.8698
16.7656	10.8698
16.7724	10.8698
16.7793	10.8698
16.7862	10.8698
16.7931	10.8698
16.8000	10.8698
16.8068	10.8698
16.8137	10.8698
16.8206	10.8698
16.8275	10.8698
16.8344	10.8698
16.8344	10.8766
16.8412	10.8766
16.8481	10.8766
16.8550	10.8766
16.8619	10.8766
16.8688	10.8766
16.8688	10.8835
16.8756	10.8835
16.8825	10.8835
16.8894	10.8835
16.8894	10.8904
16.8963	10.8904
16.9032	10.8904
16.9100	10.8904
16.9100	10.8973
16.9169	10.8973
16.9238	10.8973
16.9238	10.9041
16.9307	10.9041
16.9375	10.9041
16.9444	10.9041
16.9444	10.9110
16.9513	10.9110
16.9582	10.9110
16.9651	10.9110
16.9719	10.9110
16.9788	10.9110
16.9857	10.9110
16.9926	10.9110
16.9995	10.9110
17.0063	10.9110
17.0132	10.9110
17.0201	10.9110
17.0270	10.9041
17.0339	10.9041
17.0407	10.9041
17.0476	10.9041
17.0545	10.9041
17.0545	10.8973
17.0545	10.8904
17.0614	10.8904
17.0683	10.8904
17.0683	10.8835
17.0751	10.8835
17.0751	10.8766
17.0820	10.8766
17.0820	10.8698
17.0889	10.8698
17.0889	10.8629
17.0958	10.8629
17.0958	10.8560
17.0958	10.8491
17.1027	10.8491
17.1095	10.8491
17.1095	10.8422
17.1095	10.8354
17.1164	10.8354
17.1233	10.8285
17.1233	10.8216
17.1302	10.8216
17.1302	10.8147
17.1302	10.8078
17.1371	10.8078
17.1371	10.8010
17.1371	10.7941
17.1439	10.7941
17.1439	10.7872
17.1439	10.7803
17.1508	10.7803
17.1508	10.7734
17.1508	10.7666
17.1577	10.7597
17.1646	10.7597
17.1646	10.7528
17.1646	10.7459
17.1646	10.7390
17.1715	10.7390
17.1715	10.7322
17.1783	10.7322
17.1783	10.7253
17.1852	10.7253
17.1852	10.7184
17.1921	10.7184
17.1921	10.7115
17.1921	10.7046
17.1990	10.7046
17.2059	10.7046
17.2059	10.6978
17.2127	10.6978
17.2127	10.6909
17.2196	10.6909
17.2196	10.6840
17.2265	10.6840
17.2334	10.6840
17.2334	10.6771
17.2403	10.6771
17.2403	10.6702
17.2471	10.6702
17.2471	10.6634
17.2540	10.6634
17.2609	10.6634
17.2609	10.6565
17.2678	10.6565
17.2746	10.6565
17.2746	10.6496
17.2815	10.6496
17.2815	10.6427
17.2884	10.6427
17.2953	10.6427
17.3022	10.6427
17.3022	10.6358
17.3090	10.6290
17.3159	10.6290
17.3228	10.6290
17.3297	10.6290
17.3297	10.6221
17.3366	10.6221
17.3434	10.6221
17.3434	10.6152
17.3503	10.6152
17.3572	10.6152
17.3641	10.6152
17.3710	10.6152
17.3710	10.6083
17.3778	10.6083
17.3847	10.6083
17.3847	10.6014
17.3916	10.6014
17.3985	10.6014
17.4054	10.6014
17.4122	10.6014
17.4191	10.6014
17.4260	10.6014
17.4329	10.6014
17.4398	10.6014
17.4466	10.6014
17.4535	10.6014
17.4535	10.5946
17.4604	10.5946
17.4673	10.5946
17.4742	10.5946
17.4742	10.5877
17.4810	10.5877
17.4879	10.5877
17.4948	10.5877
17.5017	10.5877
17.5086	10.5877
17.5154	10.5877
17.5223	10.5877
17.5292	10.5877
17.5361	10.5877
17.5430	10.5877
17.5498	10.5877
17.5567	10.5877
17.5636	10.5877
17.5636	10.5808
17.5705	10.5808
17.5774	10.5808
17.5842	10.5808
17.5911	10.5808
17.5980	10.5808
17.6049	10.5808
17.6049	10.5739
17.6049	10.5670
17.6117	10.5670
17.6186	10.5602
17.6186	10.5533
17.6255	10.5533
17.6255	10.5464
17.6324	10.5464
17.6393	10.5464
17.6393	10.5395
17.6393	10.5327
17.6461	10.5327
17.6461	10.5258
17.6530	10.5258
17.6530	10.5189
17.6599	10.5189
17.6599	10.5120
17.6599	10.5051
17.6668	10.5051
17.6668	10.4983
17.6668	10.4914
17.6737	10.4914
17.6737	10.4845
17.6737	10.4776
17.6805	10.4776
17.6874	10.4707
17.6874	10.4639
17.6874	10.4570
17.6943	10.4570
17.6943	10.4501
17.6943	10.4432
17.7012	10.4432
17.7012	10.4363
17.7012	10.4295
17.7012	10.4226
17.7012	10.4157
17.7012	10.4088
17.7012	10.4019
17.7012	10.3951
17.7012	10.3882
17.7012	10.3813
17.7012	10.3744
17.7012	10.3675
17.7012	10.3607
17.7012	10.3538
17.7012	10.3469
17.7081	10.3400
17.7081	10.3331
17.7149	10.3331
17.7149	10.3263
17.7149	10.3194
17.7149	10.3125
17.7149	10.3056
17.7218	10.3056
17.7218	10.2987
17.7287	10.2987
17.7287	10.2919
17.7287	10.2850
17.7356	10.2850
17.7425	10.2850
17.7425	10.2781
17.7493	10.2712
17.7562	10.2712
17.7562	10.2643
17.7562	10.2575
17.7631	10.2575
17.7700	10.2575
17.7700	10.2506
17.7769	10.2506
17.7769	10.2437
17.7837	10.2437
17.7906	10.2437
17.7975	10.2437
17.7975	10.2368
17.8044	10.2368
17.8113	10.2299
17.8181	10.2299
17.8250	10.2299
17.8250	10.2231
17.8319	10.2231
17.8388	10.2231
17.8388	10.2162
17.8457	10.2162
17.8525	10.2162
17.8525	10.2093
17.8525	10.2024
17.8594	10.2024
17.8663	10.2024
17.8663	10.1956
17.8732	10.1956
17.8732	10.1887
17.8801	10.1887
17.8869	10.1887
17.8869	10.1818
17.8938	10.1818
17.8938	10.1749
17.8938	10.1680
17.9007	10.1680
17.9076	10.1680
17.9076	10.1612
17.9145	10.1543
17.9145	10.1474
17.9213	10.1474
17.9282	10.1405
17.9282	10.1336
17.9351	10.1336
17.9420	10.1336
17.9488	10.1336
17.9488	10.1268
17.9557	10.1199
17.9626	10.1199
17.9695	10.1199
17.9695	10.1130
17.9764	10.1130
17.9764	10.1061
17.9832	10.1061
17.9901	10.1061
17.9970	10.1061
18.0039	10.1061
18.0039	10.0992
18.0108	10.0992
18.0176	10.0992
18.0176	10.0924
18.0245	10.0924
18.0314	10.0924
18.0383	10.0924
18.0452	10.0924
18.0520	10.0924
18.0589	10.0924
18.0589	10.0855
18.0658	10.0855
18.0727	10.0786
18.0796	10.0786
18.0864	10.0786
18.0933	10.0786
18.1002	10.0786
18.1071	10.0786
18.1140	10.0786
18.1208	10.0786
18.1277	10.0786
18.1346	10.0717
18.1415	10.0717
18.1484	10.0717
18.1552	10.0717
18.1621	10.0717
18.1690	10.0648
18.1759	10.0648
18.1828	10.0648
18.1896	10.0648
18.1965	10.0648
18.2034	10.0648
18.2103	10.0648
18.2172	10.0648
18.2240	10.0648
18.2309	10.0648
18.2378	10.0648
18.2378	10.0580
18.2447	10.0580
18.2516	10.0580
18.2584	10.0580
18.2653	10.0580
18.2722	10.0580
18.2791	10.0580
18.2859	10.0580
18.2928	10.0580
18.2997	10.0580
18.3066	10.0580
18.3135	10.0580
18.3203	10.0580
18.3272	10.0580
18.3341	10.0580
18.3410	10.0580
18.3479	10.0580
18.3547	10.0580
18.3616	10.0580
18.3685	10.0580
18.3754	10.0580
18.3823	10.0580
18.3891	10.0580
18.3960	10.0580
18.4029	10.0580
18.4098	10.0580
18.4167	10.0580
18.4235	10.0580
18.4304	10.0580
18.4373	10.0580
18.4442	10.0580
18.4511	10.0580
18.4579	10.0580
18.4648	10.0580
18.4717	10.0580
18.4786	10.0580
18.4855	10.0580
18.4923	10.0580
18.4992	10.0580
18.5061	10.0580
18.5130	10.0580
18.5199	10.0580
18.5267	10.0580
18.5336	10.0580
18.5405	10.0580
18.5474	10.0580
18.5543	10.0580
18.5611	10.0580
18.5680	10.0580
18.5680	10.0648
18.5749	10.0648
18.5818	10.0648
18.5818	10.0717
18.5887	10.0717
18.5955	10.0717
18.5955	10.0786
18.6024	10.0786
18.6093	10.0786
18.6093	10.0855
18.6093	10.0924
18.6162	10.0924
18.6230	10.0924
18.6299	10.0924
18.6368	10.0924
18.6368	10.0992
18.6368	10.1061
18.6437	10.1061
18.6506	10.1061
18.6574	10.1061
18.6643	10.1061
18.6643	10.1130
18.6712	10.1130
18.6781	10.1199
18.6850	10.1199
18.6918	10.1199
18.6987	10.1199
18.6987	10.1268
18.7056	10.1268
18.7125	10.1268
18.7194	10.1268
18.7262	10.1268
18.7262	10.1336
18.7331	10.1336
18.7400	10.1336
18.7469	10.1336
18.7538	10.1336
18.7606	10.1336
18.7675	10.1336
18.7744	10.1336
18.7744	10.1268
18.7813	10.1268
18.7882	10.1268
18.7882	10.1199
18.7950	10.1199
18.8019	10.1199
18.8088	10.1199
18.8157	10.1199
18.8226	10.1199
18.8294	10.1199
18.8363	10.1199
18.8363	10.1130
18.8432	10.1130
18.8501	10.1130
18.8570	10.1130
18.8638	10.1130
18.8707	10.1130
18.8776	10.1130
18.8845	10.1130
18.8914	10.1130
18.8982	10.1130
18.9051	10.1130
18.9120	10.1130
18.9189	10.1130
18.9258	10.1130
18.9326	10.1130
18.9395	10.1130
18.9464	10.1130
18.9464	10.1199
18.9533	10.1199
18.9601	10.1199
18.9670	10.1199
18.9670	10.1268
18.9739	10.1268
18.9739	10.1336
18.9808	10.1336
18.9808	10.1405
18.9877	10.1405
18.9945	10.1405
18.9945	10.1474
19.0014	10.1474
19.0083	10.1474
19.0083	10.1543
19.0083	10.1612
19.0152	10.1612
19.0221	10.1612
19.0221	10.1680
19.0221	10.1749
19.0289	10.1749
19.0358	10.1749
19.0358	10.1818
19.0427	10.1818
19.0427	10.1887
19.0496	10.1887
19.0565	10.1887
19.0565	10.1956
19.0633	10.1956
19.0633	10.2024
19.0702	10.2024
19.0771	10.2024
19.0771	10.2093
19.0840	10.2162
19.0909	10.2162
19.0909	10.2231
19.0977	10.2231
19.1046	10.2231
19.1046	10.2299
19.1115	10.2299
19.1115	10.2368
19.1184	10.2368
19.1253	10.2437
19.1321	10.2437
19.1390	10.2437
19.1459	10.2437
19.1528	10.2437
19.1597	10.2506
19.1665	10.2506
19.1734	10.2506
19.1734	10.2575
19.1803	10.2575
19.1872	10.2575
19.1941	10.2575
19.2009	10.2575
19.2078	10.2575
19.2147	10.2575
19.2216	10.2575
19.2285	10.2575
19.2353	10.2575
19.2353	10.2506
19.2422	10.2506
19.2491	10.2506
19.2560	10.2506
19.2560	10.2437
19.2629	10.2437
19.2697	10.2437
19.2766	10.2437
19.2835	10.2437
19.2904	10.2437
19.2972	10.2437
19.3041	10.2437
19.3041	10.2368
19.3110	10.2368
19.3179	10.2368
19.3248	10.2437
19.3316	10.2437
19.3385	10.2437
19.3385	10.2506
19.3454	10.2506
19.3454	10.2575
19.3523	10.2575
19.3592	10.2643
19.3660	10.2643
19.3660	10.2712
19.3660	10.2781
19.3729	10.2781
19.3798	10.2781
19.3798	10.2850
19.3867	10.2919
19.3867	10.2987
19.3936	10.2987
19.4004	10.2987
19.4004	10.3056
19.4073	10.3056
19.4073	10.3125
19.4142	10.3125
19.4211	10.3125
19.4211	10.3194
19.4211	10.3263
19.4280	10.3263
19.4348	10.3263
19.4417	10.3263
19.4417	10.3331
19.4486	10.3331
19.4555	10.3331
19.4624	10.3400
19.4692	10.3400
19.4761	10.3400
19.4830	10.3469
19.4830	10.3538
19.4899	10.3538
19.4968	10.3538
19.5036	10.3538
19.5105	10.3538
19.5174	10.3538
19.5243	10.3538
19.5243	10.3607
19.5312	10.3607
19.5380	10.3607
19.5449	10.3675
19.5518	10.3675
19.5587	10.3675
19.5656	10.3675
19.5724	10.3675
19.5724	10.3744
19.5793	10.3744
19.5862	10.3744
19.5931	10.3744
19.6000	10.3744
19.6068	10.3744
19.6137	10.3744
19.6206	10.3744
19.6275	10.3744
19.6275	10.3813
19.6343	10.3813
19.6412	10.3813
19.6481	10.3813
19.6550	10.3813
19.6619	10.3813
19.6687	10.3813
19.6756	10.3813
19.6825	10.3813
19.6894	10.3813
19.6963	10.3813
19.7031	10.3813
19.7100	10.3813
19.7169	10.3813
19.7238	10.3813
19.7307	10.3813
19.7375	10.3813
19.7444	10.3813
19.7513	10.3813
19.7513	10.3882
19.7582	10.3882
19.7582	10.3951
19.7651	10.3951
19.7651	10.4019
19.7719	10.4019
19.7719	10.4088
19.7788	10.4088
19.7857	10.4088
19.7857	10.4157
19.7926	10.4157
19.7926	10.4226
19.7995	10.4226
19.7995	10.4295
19.7995	10.4363
19.8063	10.4363
19.8063	10.4432
19.8132	10.4432
19.8132	10.4501
19.8201	10.4501
19.8201	10.4570
19.8270	10.4570
19.8270	10.4639
19.8339	10.4639
19.8339	10.4707
19.8407	10.4776
19.8476	10.4776
19.8476	10.4845
19.8476	10.4914
19.8545	10.4914
19.8614	10.4914
19.8614	10.4983
19.8614	10.5051
19.8683	10.5051
19.8751	10.5051
19.8751	10.5120
19.8751	10.5189
19.8820	10.5189
19.8820	10.5258
19.8820	10.5327
19.8889	10.5327
19.8889	10.5395
19.8958	10.5395
19.8958	10.5464
19.9027	10.5464
19.9027	10.5533
19.9027	10.5602
19.9095	10.5602
19.9095	10.5670
19.9095	10.5739
19.9164	10.5739
19.9164	10.5808
19.9164	10.5877
19.9164	10.5946
19.9164	10.6014
19.9164	10.6083
19.9164	10.6152
19.9164	10.6221
19.9164	10.6290
19.9164	10.6358
19.9164	10.6427
19.9164	10.6496
19.9164	10.6565
19.9164	10.6634
19.9164	10.6702
19.9164	10.6771
19.9164	10.6840
19.9164	10.6909
19.9164	10.6978
19.9164	10.7046
19.9164	10.7115
19.9095	10.7115
19.9027	10.7184
19.9027	10.7253
19.9027	10.7322
19.9027	10.7390
19.9027	10.7459
19.9027	10.7528
19.8958	10.7528
19.8958	10.7597
19.8958	10.7666
19.8958	10.7734
19.8889	10.7734
19.8889	10.7803
19.8889	10.7872
19.8889	10.7941
19.8889	10.8010
19.8889	10.8078
19.8889	10.8147
19.8889	10.8216
19.8889	10.8285
19.8889	10.8354
19.8889	10.8422
19.8889	10.8491
19.8889	10.8560
19.8889	10.8629
19.8958	10.8629
19.8958	10.8698
19.8958	10.8766
19.9027	10.8766
19.9027	10.8835
19.9027	10.8904
19.9027	10.8973
19.9095	10.8973
19.9095	10.9041
19.9095	10.9110
19.9095	10.9179
19.9164	10.9179
19.9164	10.9248
19.9164	10.9317
19.9164	10.9385
19.9164	10.9454
19.9233	10.9454
19.9302	10.9454
19.9302	10.9523
19.9302	10.9592
19.9371	10.9592
19.9371	10.9661
19.9439	10.9661
19.9439	10.9729
19.9508	10.9729
19.9577	10.9729
19.9577	10.9798
19.9577	10.9867
19.9646	10.9867
19.9646	10.9936
19.9714	10.9936
19.9714	11.0005
19.9783	11.0005
19.9852	11.0005
19.9852	11.0073
19.9921	11.0073
19.9921	11.0142
19.9990	11.0142
20.0058	11.0142
20.0127	11.0142
20.0127	11.0211
20.0127	11.0280
20.0196	11.0280
20.0265	11.0280
20.0265	11.0349
20.0265	11.0417
20.0334	11.0417
20.0402	11.0417
20.0402	11.0486
20.0402	11.0555
20.0471	11.0555
20.0540	11.0555
20.0609	11.0555
20.0609	11.0624
20.0678	11.0624
20.0678	11.0693
20.0746	11.0693
20.0815	11.0693
20.0815	11.0761
20.0884	11.0761
20.0884	11.0830
20.0953	11.0830
20.1022	11.0830
20.1022	11.0899
20.1090	11.0899
20.1090	11.0968
20.1159	11.0968
20.1228	11.0968
20.1228	11.1037
20.1297	11.1037
20.1366	11.1105
20.1434	11.1105
20.1503	11.1105
20.1503	11.1174
20.1572	11.1174
20.1572	11.1243
20.1641	11.1243
20.1641	11.1312
20.1710	11.1312
20.1778	11.1312
20.1778	11.1381
20.1847	11.1449
20.1847	11.1518
20.1916	11.1518
20.1985	11.1518
20.1985	11.1587
20.2054	11.1587
20.2054	11.1656
20.2122	11.1656
20.2122	11.1725
20.2191	11.1725
20.2191	11.1793
20.2191	11.1862
20.2260	11.1862
20.2260	11.1931
20.2329	11.1931
20.2398	11.1931
20.2398	11.2000
20.2466	11.2000
20.2535	11.2000
20.2535	11.2069
20.2604	11.2069
20.2673	11.2069
20.2742	11.2069
20.2810	11.2069
20.2879	11.2069
20.2948	11.2069
20.3017	11.2069
20.3085	11.2069
20.3154	11.2069
20.3223	11.2069
20.3292	11.2069
20.3292	11.2137
20.3361	11.2137
20.3429	11.2137
20.3429	11.2206
20.3498	11.2206
20.3567	11.2206
20.3636	11.2206
20.3705	11.2206
20.3705	11.2275
20.3773	11.2275
20.3842	11.2275
20.3842	11.2344
20.3911	11.2344
20.3980	11.2344
20.4049	11.2344
20.4117	11.2344
20.4186	11.2344
20.4186	11.2412
20.4255	11.2412
20.4324	11.2412
20.4324	11.2481
20.4393	11.2481
20.4461	11.2481
20.4530	11.2481
20.4530	11.2550
20.4599	11.2550
20.4599	11.2619
20.4668	11.2619
20.4737	11.2619
20.4805	11.2619
20.4805	11.2688
20.4805	11.2756
20.4874	11.2756
20.4874	11.2825
20.4943	11.2825
20.4943	11.2894
20.5012	11.2894
20.5081	11.2894
20.5081	11.2963
20.5149	11.2963
20.5149	11.3032
20.5218	11.3032
20.5218	11.3100
20.5287	11.3100
20.5287	11.3169
20.5356	11.3169
20.5425	11.3169
20.5425	11.3238
20.5493	11.3238
20.5493	11.3307
20.5562	11.3307
20.5631	11.3307
20.5700	11.3307
20.5700	11.3376
20.5769	11.3376
20.5837	11.3376
20.5837	11.3444
20.5906	11.3444
20.5975	11.3444
20.6044	11.3444
20.6044	11.3513
20.6113	11.3513
20.6181	11.3513
20.6181	11.3582
20.6250	11.3582
20.6319	11.3582
20.6388	11.3582
20.6388	11.3651
20.6456	11.3651
20.6525	11.3651
20.6594	11.3651
20.6594	11.3720
20.6663	11.3720
20.6732	11.3720
20.6800	11.3720
20.6800	11.3788
20.6869	11.3788
20.6938	11.3788
20.6938	11.3857
20.7007	11.3857
20.7076	11.3857
20.7144	11.3857
20.7144	11.3926
20.7213	11.3926
20.7282	11.3926
20.7282	11.3995
20.7351	11.3995
20.7420	11.3995
20.7488	11.3995
20.7488	11.4064
20.7557	11.4064
20.7557	11.4132
20.7626	11.4132
20.7695	11.4132
20.7695	11.4201
20.7695	11.4270
20.7764	11.4270
20.7764	11.4339
20.7832	11.4339
20.7832	11.4408
20.7832	11.4476
20.7901	11.4476
20.7901	11.4545
20.7970	11.4545
20.8039	11.4545
20.8039	11.4614
20.8108	11.4683
20.8176	11.4683
20.8176	11.4752
20.8245	11.4752
20.8245	11.4820
20.8314	11.4820
20.8314	11.4889
20.8383	11.4889
20.8383	11.4958
20.8452	11.4958
20.8520	11.4958
20.8520	11.5027
20.8520	11.5096
20.8589	11.5096
20.8658	11.5096
20.8658	11.5164
20.8727	11.5164
20.8796	11.5233
20.8864	11.5233
20.8864	11.5302
20.8933	11.5302
20.8933	11.5371
20.9002	11.5371
20.9071	11.5371
20.9140	11.5371
20.9140	11.5440
20.9208	11.5440
20.9208	11.5508
20.9277	11.5508
20.9346	11.5508
20.9415	11.5508
20.9415	11.5577
20.9484	11.5577
20.9484	11.5646
20.9552	11.5646
20.9621	11.5646
20.9690	11.5646
20.9759	11.5715
20.9827	11.5715
20.9896	11.5783
20.9965	11.5783
21.0034	11.5783
21.0103	11.5783
21.0171	11.5783
21.0171	11.5852
21.0240	11.5852
21.0309	11.5852
21.0378	11.5852
21.0378	11.5921
21.0447	11.5921
21.0515	11.5921
21.0584	11.5921
21.0653	11.5921
21.0722	11.5990
21.0791	11.5990
21.0859	11.5990
21.0859	11.6059
21.0928	11.6059
21.0997	11.6059
21.0997	11.6127
21.1066	11.6127
21.1135	11.6196
21.1203	11.6196
21.1272	11.6196
21.1341	11.6196
21.1341	11.6265
21.1410	11.6265
21.1479	11.6334
21.1547	11.6334
21.1616	11.6403
21.1685	11.6403
21.1685	11.6471
21.1754	11.6471
21.1823	11.6471
21.1891	11.6471
21.1960	11.6471
21.1960	11.6540
21.2029	11.6609
21.2098	11.6609
21.2167	11.6609
21.2235	11.6609
21.2235	11.6678
21.2304	11.6678
21.2373	11.6678
21.2442	11.6678
21.2442	11.6747
21.2511	11.6747
21.2579	11.6747
21.2579	11.6815
21.2648	11.6815
21.2648	11.6884
21.2648	11.6953
21.2648	11.7022
21.2717	11.7022
21.2717	11.7091
21.2717	11.7159
21.2786	11.7159
21.2786	11.7228
21.2786	11.7297
21.2786	11.7366
21.2786	11.7435
21.2786	11.7503
21.2786	11.7572
21.2786	11.7641
21.2786	11.7710
21.2717	11.7710
21.2717	11.7779
21.2648	11.7779
21.2648	11.7847
21.2648	11.7916
21.2648	11.7985
21.2579	11.7985
21.2511	11.7985
21.2511	11.8054
21.2511	11.8123
21.2442	11.8123
21.2442	11.8191
21.2373	11.8191
21.2373	11.8260
21.2304	11.8260
21.2304	11.8329
21.2304	11.8398
21.2235	11.8398
21.2235	11.8467
21.2235	11.8535
21.2167	11.8535
21.2098	11.8604
21.2098	11.8673
21.2098	11.8742
21.2098	11.8811
21.2098	11.8879
21.2098	11.8948
21.2098	11.9017
21.2098	11.9086
21.2098	11.9154
21.2098	11.9223
21.2098	11.9292
21.2098	11.9361
21.2098	11.9430
21.2167	11.9430
21.2167	11.9498
21.2235	11.9498
21.2235	11.9567
21.2235	11.9636
21.2304	11.9636
21.2373	11.9636
21.2373	11.9705
21.2373	11.9774
21.2373	11.9842
21.2373	11.9911
21.2373	11.9980
21.2373	12.0049
21.2373	12.0118
21.2373	12.0186
21.2373	12.0255
21.2304	12.0255
21.2304	12.0324
21.2304	12.0393
21.2235	12.0393
21.2235	12.0462
21.2167	12.0462
21.2098	12.0462
21.2098	12.0530
21.2098	12.0599
21.2029	12.0599
21.1960	12.0668
21.1960	12.0737
21.1960	12.0806
21.1891	12.0806
21.1891	12.0874
21.1891	12.0943
21.1891	12.1012
21.1891	12.1081
21.1891	12.1150
21.1891	12.1218
21.1891	12.1287
21.1891	12.1356
21.1960	12.1356
21.1960	12.1425
21.2029	12.1425
21.2098	12.1425
21.2098	12.1494
21.2167	12.1494
21.2167	12.1562
21.2235	12.1562
21.2304	12.1562
21.2304	12.1631
21.2373	12.1631
21.2373	12.1700
21.2442	12.1700
21.2511	12.1700
21.2511	12.1769
21.2579	12.1769
21.2579	12.1838
21.2648	12.1838
21.2648	12.1906
21.2648	12.1975
21.2717	12.1975
21.2786	12.1975
21.2786	12.2044
21.2855	12.2044
21.2855	12.2113
21.2923	12.2113
21.2992	12.2113
21.2992	12.2182
21.3061	12.2182
21.3061	12.2250
21.3130	12.2250
21.3130	12.2319
21.3130	12.2388
21.3198	12.2388
21.3198	12.2457
21.3198	12.2525
21.3267	12.2525
21.3336	12.2525
21.3336	12.2594
21.3336	12.2663
21.3336	12.2732
21.3405	12.2732
21.3405	12.2801
21.3474	12.2801
21.3474	12.2869
21.3474	12.2938
21.3474	12.3007
21.3474	12.3076
21.3542	12.3076
21.3542	12.3145
21.3611	12.3145
21.3611	12.3213
21.3611	12.3282
21.3611	12.3351
21.3680	12.3420
21.3680	12.3489
21.3680	12.3557
21.3680	12.3626
21.3680	12.3695
21.3680	12.3764
21.3749	12.3764
21.3749	12.3833
21.3749	12.3901
21.3749	12.3970
21.3749	12.4039
21.3749	12.4108
21.3749	12.4177
21.3749	12.4245
21.3749	12.4314
21.3749	12.4383
21.3749	12.4452
21.3749	12.4521
21.3749	12.4589
21.3749	12.4658
21.3749	12.4727
21.3680	12.4727
21.3680	12.4796
21.3611	12.4796
21.3611	12.4865
21.3611	12.4933
21.3611	12.5002
21.3542	12.5002
21.3542	12.5071
21.3474	12.5071
21.3474	12.5140
21.3405	12.5140
21.3405	12.5209
21.3336	12.5209
21.3336	12.5277
21.3267	12.5277
21.3267	12.5346
21.3198	12.5346
21.3198	12.5415
21.3130	12.5415
21.3061	12.5415
21.2992	12.5484
21.2992	12.5553
21.2923	12.5553
21.2923	12.5621
21.2855	12.5690
21.2786	12.5690
21.2786	12.5759
21.2786	12.5828
21.2717	12.5828
21.2648	12.5828
21.2648	12.5896
21.2648	12.5965
21.2648	12.6034
21.2579	12.6034
21.2579	12.6103
21.2511	12.6103
21.2511	12.6172
21.2511	12.6240
21.2511	12.6309
21.2511	12.6378
21.2442	12.6378
21.2442	12.6447
21.2442	12.6516
21.2442	12.6584
21.2442	12.6653
21.2373	12.6653
21.2373	12.6722
21.2373	12.6791
21.2373	12.6860
21.2373	12.6928
21.2373	12.6997
21.2373	12.7066
21.2304	12.7066
21.2235	12.7066
21.2235	12.7135
21.2235	12.7204
21.2167	12.7204
21.2098	12.7204
21.2029	12.7204
21.1960	12.7204
21.1891	12.7204
21.1823	12.7204
21.1754	12.7204
21.1685	12.7204
21.1616	12.7204
21.1547	12.7204
21.1479	12.7204
21.1410	12.7204
21.1341	12.7204
21.1341	12.7272
21.1272	12.7272
21.1272	12.7341
21.1203	12.7341
21.1135	12.7341
21.1135	12.7410
21.1135	12.7479
21.1066	12.7479
21.0997	12.7479
21.0997	12.7548
21.0997	12.7616
21.0928	12.7616
21.0928	12.7685
21.0859	12.7685
21.0859	12.7754
21.0791	12.7754
21.0791	12.7823
21.0722	12.7823
21.0722	12.7892
21.0722	12.7960
21.0722	12.8029
21.0653	12.8029
21.0584	12.8029
21.0584	12.8098
21.0584	12.8167
21.0584	12.8236
21.0515	12.8236
21.0515	12.8304
21.0447	12.8304
21.0378	12.8304
21.0309	12.8304
21.0240	12.8304
21.0171	12.8304
21.0103	12.8304
21.0034	12.8304
20.9965	12.8304
20.9896	12.8304
20.9827	12.8304
20.9827	12.8373
20.9759	12.8373
20.9759	12.8442
20.9690	12.8442
20.9621	12.8442
20.9621	12.8511
20.9552	12.8511
20.9552	12.8580
20.9484	12.8580
20.9415	12.8580
20.9415	12.8648
20.9415	12.8717
20.9346	12.8717
20.9346	12.8786
20.9277	12.8786
20.9277	12.8855
20.9208	12.8855
20.9208	12.8924
20.9208	12.8992
20.9208	12.9061
20.9140	12.9061
20.9071	12.9061
20.9071	12.9130
20.9002	12.9130
20.9002	12.9199
20.8933	12.9199
20.8933	12.9267
20.8864	12.9267
20.8796	12.9267
20.8796	12.9336
20.8727	12.9336
20.8727	12.9405
20.8658	12.9405
20.8658	12.9474
20.8589	12.9474
20.8520	12.9474
20.8520	12.9543
20.8452	12.9543
20.8383	12.9543
20.8383	12.9611
20.8314	12.9680
20.8245	12.9680
20.8176	12.9680
20.8176	12.9749
20.8108	12.9749
20.8108	12.9818
20.8039	12.9818
20.7970	12.9818
20.7970	12.9887
20.7901	12.9887
20.7901	12.9955
20.7832	12.9955
20.7832	13.0024
20.7764	13.0024
20.7764	13.0093
20.7695	13.0093
20.7626	13.0093
20.7557	13.0093
20.7557	13.0162
20.7557	13.0231
20.7488	13.0231
20.7420	13.0231
20.7420	13.0299
20.7351	13.0299
20.7282	13.0368
20.7213	13.0368
20.7213	13.0437
20.7144	13.0437
20.7144	13.0506
20.7076	13.0506
20.7007	13.0506
20.7007	13.0575
20.6938	13.0575
20.6938	13.0643
20.6869	13.0643
20.6800	13.0643
20.6732	13.0643
20.6663	13.0643
20.6594	13.0643
20.6525	13.0643
20.6456	13.0643
20.6388	13.0643
20.6319	13.0643
20.6250	13.0643
20.6181	13.0643
20.6113	13.0643
20.6044	13.0643
20.6044	13.0575
20.5975	13.0575
20.5975	13.0506
20.5906	13.0506
20.5837	13.0506
20.5769	13.0506
20.5700	13.0506
20.5631	13.0506
20.5562	13.0506
20.5493	13.0437
20.5425	13.0437
20.5356	13.0437
20.5356	13.0368
20.5287	13.0368
20.5218	13.0368
20.5149	13.0368
20.5081	13.0299
20.5012	13.0299
20.5012	13.0231
20.4943	13.0231
20.4874	13.0231
20.4805	13.0231
20.4737	13.0231
20.4737	13.0162
20.4668	13.0162
20.4599	13.0162
20.4530	13.0162
20.4461	13.0162
20.4461	13.0093
20.4393	13.0093
20.4324	13.0093
20.4255	13.0093
20.4186	13.0093
20.4117	13.0093
20.4117	13.0024
20.4049	13.0024
20.3980	13.0024
20.3980	12.9955
20.3911	12.9955
20.3842	12.9955
20.3773	12.9955
20.3705	12.9955
20.3636	12.9955
20.3567	12.9955
20.3498	12.9955
20.3498	12.9887
20.3429	12.9887
20.3361	12.9887
20.3292	12.9887
20.3223	12.9887
20.3154	12.9887
20.3154	12.9818
20.3085	12.9818
20.3017	12.9818
20.2948	12.9818
20.2879	12.9818
20.2810	12.9818
20.2742	12.9818
20.2673	12.9818
20.2604	12.9818
20.2604	12.9749
20.2535	12.9749
20.2466	12.9749
20.2398	12.9749
20.2329	12.9749
20.2260	12.9749
20.2260	12.9680
20.2191	12.9680
20.2122	12.9680
20.2054	12.9680
20.1985	12.9680
20.1916	12.9680
20.1847	12.9680
20.1778	12.9680
20.1710	12.9680
20.1641	12.9611
20.1572	12.9611
20.1503	12.9611
20.1434	12.9611
20.1366	12.9611
20.1366	12.9543
20.1297	12.9543
20.1228	12.9543
20.1159	12.9543
20.1090	12.9543
20.1090	12.9474
20.1022	12.9474
20.0953	12.9405
20.0884	12.9405
20.0815	12.9336
20.0746	12.9336
20.0746	12.9267
20.0678	12.9267
20.0609	12.9267
20.0540	12.9267
20.0540	12.9199
20.0471	12.9199
20.0471	12.9130
20.0402	12.9130
20.0334	12.9130
20.0265	12.9130
20.0196	12.9130
20.0127	12.9130
20.0127	12.9061
20.0127	12.8992
20.0058	12.8992
19.9990	12.8992
19.9921	12.8992
19.9852	12.8992
19.9852	12.8924
19.9783	12.8924
19.9714	12.8924
19.9714	12.8855
19.9646	12.8855
19.9577	12.8855
19.9577	12.8786
19.9508	12.8786
19.9439	12.8786
19.9439	12.8717
19.9371	12.8717
19.9302	12.8717
19.9233	12.8648
19.9164	12.8648
19.9095	12.8648
19.9027	12.8580
19.8958	12.8580
19.8889	12.8580
19.8820	12.8580
19.8751	12.8580
19.8683	12.8580
19.8614	12.8580
19.8545	12.8580
19.8476	12.8580
19.8407	12.8580
19.8339	12.8580
19.8270	12.8580
19.8201	12.8580
19.8201	12.8648
19.8132	12.8648
19.8063	12.8717
19.7995	12.8717
19.7926	12.8717
19.7857	12.8717
19.7788	12.8717
19.7788	12.8786
19.7719	12.8786
19.7651	12.8786
19.7582	12.8855
19.7513	12.8855
19.7444	12.8855
19.7375	12.8855
19.7375	12.8924
19.7307	12.8924
19.7238	12.8924
19.7238	12.8992
19.7169	12.8992
19.7100	12.8992
19.7031	12.8992
19.6963	12.9061
19.6894	12.9061
19.6825	12.9130
19.6756	12.9130
19.6687	12.9130
19.6619	12.9130
19.6550	12.9130
19.6481	12.9130
19.6412	12.9130
19.6343	12.9130
19.6275	12.9130
19.6206	12.9130
19.6137	12.9130
19.6068	12.9130
19.6000	12.9130
19.5931	12.9130
19.5862	12.9130
19.5793	12.9130
19.5724	12.9130
19.5656	12.9130
19.5587	12.9130
19.5518	12.9130
19.5449	12.9130
19.5449	12.9199
19.5380	12.9199
19.5312	12.9199
19.5243	12.9199
19.5174	12.9199
19.5105	12.9199
19.5036	12.9199
19.5036	12.9267
19.4968	12.9267
19.4899	12.9267
19.4899	12.9336
19.4830	12.9336
19.4761	12.9336
19.4761	12.9405
19.4692	12.9405
19.4624	12.9405
19.4624	12.9474
19.4555	12.9474
19.4486	12.9543
19.4417	12.9543
19.4417	12.9611
19.4348	12.9611
19.4348	12.9680
19.4280	12.9680
19.4211	12.9680
19.4211	12.9749
19.4211	12.9818
19.4142	12.9818
19.4073	12.9818
19.4004	12.9818
19.3936	12.9818
19.3867	12.9818
19.3798	12.9818
19.3729	12.9818
19.3660	12.9818
19.3592	12.9818
19.3523	12.9818
19.3454	12.9818
19.3385	12.9818
19.3316	12.9818
19.3248	12.9818
19.3179	12.9818
19.3179	12.9749
19.3110	12.9749
19.3041	12.9749
19.2972	12.9749
19.2904	12.9749
19.2835	12.9749
19.2766	12.9749
19.2766	12.9818
19.2697	12.9818
19.2629	12.9818
19.2560	12.9818
19.2491	12.9818
19.2491	12.9887
19.2422	12.9887
19.2422	12.9955
19.2353	12.9955
19.2353	13.0024
19.2285	13.0024
19.2285	13.0093
19.2216	13.0093
19.2216	13.0162
19.2147	13.0162
19.2147	13.0231
19.2078	13.0231
19.2009	13.0231
19.2009	13.0299
19.2009	13.0368
19.1941	13.0368
19.1872	13.0368
19.1872	13.0437
19.1803	13.0437
19.1803	13.0506
19.1734	13.0506
19.1665	13.0506
19.1665	13.0575
19.1597	13.0575
19.1528	13.0575
19.1459	13.0575
19.1459	13.0643
19.1390	13.0643
19.1321	13.0643
19.1253	13.0643
19.1184	13.0643
19.1184	13.0712
19.1115	13.0712
19.1046	13.0712
19.0977	13.0712
19.0909	13.0712
19.0909	13.0781
19.0840	13.0781
19.0771	13.0781
19.0702	13.0781
19.0633	13.0781
19.0565	13.0781
19.0496	13.0781
19.0427	13.0781
19.0358	13.0781
19.0358	13.0712
19.0289	13.0712
19.0289	13.0643
19.0221	13.0643
19.0152	13.0643
19.0152	13.0712
19.0083	13.0781
19.0014	13.0781
18.9945	13.0781
18.9945	13.0850
18.9945	13.0919
18.9945	13.0987
18.9945	13.1056
18.9945	13.1125
18.9945	13.1194
18.9945	13.1263
18.9945	13.1331
18.9945	13.1400
18.9945	13.1469
18.9877	13.1469
18.9808	13.1469
18.9808	13.1538
18.9808	13.1607
18.9808	13.1675
18.9739	13.1675
18.9739	13.1744
18.9670	13.1744
18.9601	13.1744
18.9601	13.1813
18.9533	13.1813
18.9533	13.1882
18.9464	13.1882
18.9395	13.1882
18.9326	13.1882
18.9326	13.1951
18.9258	13.1951
18.9189	13.1951
18.9189	13.2019
18.9120	13.2019
18.9051	13.2019
18.8982	13.2019
18.8982	13.2088
18.8914	13.2088
18.8845	13.2088
18.8845	13.2157
18.8776	13.2157
18.8707	13.2157
18.8638	13.2157
18.8570	13.2157
18.8501	13.2157
18.8432	13.2157
18.8432	13.2226
18.8432	13.2295
18.8294	13.2295
18.8226	13.2295
18.8157	13.2295
18.8088	13.2295
18.8019	13.2295
18.8019	13.2363
18.7950	13.2363
18.7882	13.2363
18.7813	13.2363
18.7813	13.2432
18.7744	13.2432
18.7675	13.2432
18.7606	13.2432
18.7538	13.2432
18.7469	13.2432
18.7469	13.2501
18.7400	13.2501
18.7331	13.2501
18.7262	13.2501
18.7262	13.2570
18.7194	13.2570
18.7125	13.2570
18.7056	13.2570
18.7056	13.2638
18.6987	13.2638
18.6918	13.2638
18.6918	13.2707
18.6850	13.2707
18.6781	13.2707
18.6712	13.2707
18.6643	13.2707
18.6643	13.2776
18.6643	13.2845
18.6574	13.2845
18.6506	13.2845
18.6437	13.2845
18.6368	13.2845
18.6368	13.2914
18.6299	13.2914
18.6230	13.2914
18.6230	13.2982
18.6162	13.2982
18.6093	13.2982
18.6093	13.3051
18.6024	13.3051
18.6024	13.3120
18.5955	13.3120
18.5887	13.3120
18.5818	13.3120
18.5818	13.3189
18.5749	13.3258
18.5680	13.3258
18.5611	13.3258
18.5611	13.3326
18.5543	13.3326
18.5543	13.3395
18.5543	13.3464
18.5543	13.3533
18.5474	13.3533
18.5474	13.3602
18.5405	13.3602
18.5405	13.3670
18.5405	13.3739
18.5336	13.3739
18.5336	13.3808
18.5267	13.3808
18.5267	13.3877
18.5199	13.3877
18.5199	13.3946
18.5130	13.3946
18.5130	13.4014
18.5061	13.4014
18.5061	13.4083
18.4992	13.4083
18.4992	13.4152
18.4923	13.4152
18.4855	13.4152
18.4855	13.4221
18.4786	13.4221
18.4717	13.4221
18.4717	13.4290
18.4717	13.4358
18.4648	13.4358
18.4579	13.4358
18.4579	13.4427
18.4511	13.4427
18.4511	13.4496
18.4442	13.4496
18.4442	13.4565
18.4373	13.4565
18.4304	13.4565
18.4304	13.4634
18.4235	13.4634
18.4167	13.4634
18.4098	13.4634
18.4029	13.4634
18.3960	13.4634
18.3891	13.4634
18.3823	13.4634
18.3754	13.4634
18.3685	13.4634
18.3616	13.4634
18.3616	13.4565
18.3547	13.4565
18.3547	13.4496
18.3479	13.4496
18.3479	13.4427
18.3410	13.4427
18.3341	13.4358
18.3341	13.4290
18.3272	13.4290
18.3203	13.4221
18.3135	13.4221
18.3135	13.4152
18.3066	13.4152
18.3066	13.4083
18.2997	13.4083
18.2997	13.4014
18.2928	13.4014
18.2928	13.3946
18.2928	13.3877
18.2859	13.3877
18.2791	13.3877
18.2791	13.3808
18.2791	13.3739
18.2791	13.3670
18.2722	13.3670
18.2653	13.3670
18.2653	13.3602
18.2653	13.3533
18.2584	13.3533
18.2584	13.3464
18.2516	13.3464
18.2516	13.3395
18.2447	13.3395
18.2447	13.3326
18.2378	13.3326
18.2378	13.3258
18.2378	13.3189
18.2309	13.3189
18.2240	13.3189
18.2240	13.3120
18.2172	13.3120
18.2172	13.3051
18.2103	13.3051
18.2103	13.2982
18.2034	13.2982
18.1965	13.2982
18.1965	13.2914
18.1965	13.2845
18.1896	13.2845
18.1828	13.2845
18.1828	13.2776
18.1759	13.2776
18.1690	13.2776
18.1690	13.2707
18.1621	13.2707
18.1552	13.2707
18.1484	13.2707
18.1415	13.2707
18.1415	13.2638
18.1346	13.2638
18.1277	13.2570
18.1208	13.2570
18.1140	13.2570
18.1071	13.2570
18.1002	13.2570
18.0933	13.2570
18.0864	13.2570
18.0864	13.2501
18.0796	13.2501
18.0727	13.2501
18.0658	13.2501
18.0589	13.2501
18.0589	13.2432
18.0520	13.2432
18.0452	13.2432
18.0452	13.2363
18.0383	13.2363
18.0314	13.2363
18.0245	13.2363
18.0245	13.2295
18.0176	13.2295
18.0108	13.2295
18.0039	13.2295
17.9970	13.2295
17.9901	13.2295
17.9901	13.2226
17.9832	13.2226
17.9764	13.2226
17.9695	13.2226
17.9626	13.2226
17.9626	13.2157
17.9557	13.2157
17.9488	13.2157
17.9420	13.2157
17.9351	13.2157
17.9351	13.2088
17.9282	13.2088
17.9282	13.2019
17.9213	13.2019
17.9145	13.2019
17.9076	13.2019
17.9007	13.1951
17.8938	13.1951
17.8938	13.1882
17.8869	13.1882
17.8801	13.1882
17.8801	13.1813
17.8732	13.1744
17.8663	13.1744
17.8594	13.1744
17.8594	13.1675
17.8525	13.1675
17.8525	13.1607
17.8457	13.1607
17.8388	13.1607
17.8319	13.1607
17.8319	13.1538
17.8250	13.1538
17.8250	13.1469
17.8181	13.1469
17.8113	13.1469
17.8113	13.1400
17.8044	13.1400
17.8044	13.1331
17.7975	13.1331
17.7906	13.1331
17.7906	13.1263
17.7837	13.1263
17.7837	13.1194
17.7769	13.1194
17.7700	13.1194
17.7700	13.1125
17.7700	13.1056
17.7631	13.1056
17.7562	13.1056
17.7562	13.0987
17.7493	13.0987
17.7493	13.0919
17.7425	13.0919
17.7425	13.0850
17.7356	13.0850
17.7287	13.0781
17.7287	13.0712
17.7218	13.0712
17.7218	13.0643
17.7149	13.0643
17.7081	13.0643
17.7012	13.0643
17.7012	13.0575
17.7012	13.0506
17.6943	13.0506
17.6874	13.0506
17.6874	13.0437
17.6737	13.0437
17.6737	13.0368
17.6668	13.0368
17.6599	13.0368
17.6599	13.0299
17.6530	13.0299
17.6461	13.0299
17.6393	13.0299
17.6324	13.0299
17.6255	13.0299
17.6186	13.0299
17.6117	13.0299
17.6049	13.0299
17.5980	13.0299
17.5980	13.0368
17.5911	13.0368
17.5911	13.0437
17.5911	13.0506
17.5980	13.0506
17.5980	13.0575
17.6049	13.0575
17.6049	13.0643
17.6117	13.0643
17.6186	13.0643
17.6255	13.0643
17.6255	13.0712
17.6255	13.0781
17.6255	13.0850
17.6255	13.0919
17.6255	13.0987
17.6255	13.1056
17.6186	13.1056
17.6186	13.1125
17.6117	13.1125
17.6049	13.1125
17.5980	13.1125
17.5980	13.1194
17.5911	13.1194
17.5842	13.1194
17.5774	13.1194
17.5705	13.1194
17.5636	13.1194
17.5567	13.1194
17.5498	13.1194
17.5430	13.1194
17.5361	13.1194
17.5292	13.1194
17.5223	13.1194
17.5154	13.1194
17.5086	13.1194
17.5017	13.1194
17.4948	13.1194
17.4879	13.1194
17.4810	13.1194
17.4810	13.1125
17.4810	13.1056
17.4742	13.1056
17.4673	13.1056
17.4604	13.1056
17.4535	13.1056
17.4535	13.0987
17.4466	13.0987
17.4398	13.0987
17.4398	13.0919
17.4329	13.0919
17.4260	13.0919
17.4260	13.0850
17.4191	13.0850
17.4122	13.0850
17.4122	13.0781
17.4054	13.0781
17.3985	13.0781
17.3985	13.0712
17.3916	13.0712
17.3847	13.0712
17.3847	13.0643
17.3778	13.0643
17.3710	13.0643
17.3641	13.0643
17.3641	13.0575
17.3572	13.0575
17.3572	13.0506
17.3503	13.0506
17.3434	13.0506
17.3366	13.0506
17.3297	13.0437
17.3228	13.0437
17.3228	13.0368
17.3159	13.0368
17.3090	13.0368
17.3022	13.0368
17.2953	13.0368
17.2884	13.0368
17.2884	13.0299
17.2815	13.0299
17.2746	13.0299
17.2678	13.0299
17.2609	13.0299
17.2609	13.0231
17.2540	13.0231
17.2471	13.0231
17.2403	13.0231
17.2334	13.0231
17.2265	13.0231
17.2196	13.0231
17.2127	13.0231
17.2059	13.0231
17.2059	13.0162
17.1990	13.0162
17.1921	13.0162
17.1921	13.0093
17.1852	13.0093
17.1783	13.0093
17.1715	13.0093
17.1646	13.0093
17.1577	13.0093
17.1508	13.0093
17.1439	13.0093
17.1371	13.0093
17.1371	13.0024
17.1233	13.0024
17.1233	12.9955
17.1164	12.9955
17.1095	12.9955
17.1027	12.9955
17.0958	12.9955
17.0958	12.9887
17.0889	12.9887
17.0820	12.9887
17.0751	12.9887
17.0751	12.9818
17.0683	12.9818
17.0614	12.9818
17.0545	12.9818
17.0476	12.9818
17.0407	12.9749
17.0339	12.9749
17.0270	12.9749
17.0270	12.9680
17.0201	12.9680
17.0132	12.9680
17.0063	12.9680
16.9995	12.9680
16.9926	12.9680
16.9857	12.9680
16.9857	12.9611
16.9857	12.9543
16.9788	12.9543
16.9719	12.9543
16.9651	12.9543
16.9582	12.9543
16.9513	12.9474
16.9444	12.9474
16.9375	12.9474
16.9375	12.9405
16.9307	12.9405
16.9238	12.9405
16.9169	12.9405
16.9169	12.9336
16.9100	12.9336
16.9032	12.9336
16.9032	12.9267
16.8963	12.9267
16.8894	12.9267
16.8894	12.9199
16.8756	12.9199
16.8688	12.9199
16.8619	12.9130
16.8550	12.9130
16.8481	12.9130
16.8412	12.9130
16.8344	12.9130
16.8275	12.9130
16.8206	12.9130
16.8137	12.9130
16.8068	12.9130
16.8000	12.9130
16.7931	12.9130
16.7862	12.9130
16.7793	12.9130
16.7724	12.9130
16.7656	12.9130
16.7656	12.9199
16.7587	12.9199
16.7587	12.9267
16.7518	12.9267
16.7449	12.9267
16.7380	12.9267
16.7380	12.9336
16.7312	12.9336
16.7243	12.9405
16.7174	12.9474
16.7105	12.9474
16.7105	12.9543
16.7036	12.9543
16.6968	12.9543
16.6968	12.9611
16.6899	12.9611
16.6830	12.9611
16.6830	12.9680
16.6761	12.9680
16.6692	12.9680
16.6624	12.9680
16.6624	12.9749
16.6555	12.9818
16.6486	12.9818
16.6417	12.9818
16.6348	12.9818
16.6348	12.9887
16.6280	12.9887
16.6211	12.9955
16.6142	12.9955
16.6073	12.9955
16.6004	12.9955
16.6004	13.0024
16.5936	13.0024
16.5867	13.0024
16.5867	13.0093
16.5798	13.0093
16.5729	13.0093
16.5661	13.0093
16.5592	13.0093
16.5592	13.0162
16.5523	13.0162
16.5454	13.0162
16.5385	13.0162
16.5317	13.0162
16.5317	13.0231
16.5248	13.0231
16.5179	13.0231
16.5110	13.0231
16.5041	13.0231
16.4973	13.0231
16.4904	13.0231
16.4904	13.0299
16.4835	13.0299
16.4766	13.0299
16.4697	13.0299
16.4629	13.0299
16.4629	13.0368
16.4560	13.0368
16.4491	13.0368
16.4422	13.0368
16.4353	13.0368
16.4285	13.0368
16.4216	13.0368
16.4147	13.0368
16.4078	13.0368
16.4009	13.0368
16.3941	13.0368
16.3872	13.0368
16.3803	13.0368
16.3734	13.0368
16.3665	13.0368
16.3597	13.0368
16.3528	13.0368
16.3459	13.0368
16.3390	13.0368
16.3321	13.0368
16.3253	13.0368
16.3184	13.0368
16.3115	13.0368
16.3046	13.0368
16.2977	13.0368
16.2909	13.0368
16.2840	13.0368
16.2771	13.0368
16.2702	13.0368
16.2633	13.0368
16.2565	13.0368
16.2496	13.0368
16.2427	13.0368
16.2358	13.0368
16.2290	13.0368
16.2221	13.0368
16.2152	13.0368
16.2083	13.0368
16.2014	13.0368
16.2014	13.0299
16.1946	13.0299
16.1877	13.0299
16.1808	13.0299
16.1739	13.0299
16.1739	13.0231
16.1670	13.0231
16.1602	13.0231
16.1533	13.0231
16.1533	13.0162
16.1464	13.0093
16.1395	13.0093
16.1326	13.0093
16.1258	13.0093
16.1189	13.0093
16.1189	13.0024
16.1120	13.0024
16.1051	13.0024
16.1051	12.9955
16.0982	12.9955
16.0914	12.9955
16.0845	12.9955
16.0845	12.9887
16.0776	12.9887
16.0707	12.9887
16.0638	12.9887
16.0570	12.9887
16.0501	12.9887
16.0432	12.9887
16.0363	12.9887
16.0294	12.9887
16.0226	12.9887
16.0157	12.9887
16.0088	12.9887
16.0019	12.9887
16.0019	12.9955
15.9950	12.9955
15.9882	12.9955
15.9813	12.9955
15.9744	12.9955
15.9675	12.9955
15.9606	12.9955
15.9538	12.9955
15.9469	12.9955
15.9469	13.0024
15.9400	13.0024
15.9331	13.0024
15.9262	13.0024
15.9194	13.0024
15.9125	13.0024
15.9056	13.0024
15.8987	13.0024
15.8919	13.0024
15.8850	13.0024
15.8781	12.9955
15.8712	12.9955
15.8643	12.9955
15.8575	12.9955
15.8575	12.9887
15.8506	12.9887
15.8437	12.9818
15.8368	12.9818
15.8299	12.9818
15.8299	12.9749
15.8231	12.9749
15.8162	12.9680
15.8093	12.9680
15.8024	12.9680
15.7955	12.9680
15.7887	12.9680
15.7818	12.9680
15.7749	12.9680
15.7680	12.9680
15.7611	12.9680
15.7611	12.9749
15.7543	12.9749
15.7543	12.9818
15.7474	12.9818
15.7405	12.9818
15.7336	12.9818
15.7267	12.9818
15.7199	12.9818
15.7130	12.9818
15.7130	12.9887
15.7061	12.9887
15.6992	12.9887
15.6923	12.9887
15.6855	12.9887
15.6786	12.9887
15.6717	12.9887
15.6648	12.9887
15.6579	12.9887
15.6511	12.9887
15.6442	12.9887
15.6373	12.9887
15.6304	12.9887
15.6235	12.9818
15.6167	12.9818
15.6098	12.9818
15.6029	12.9818
15.5960	12.9818
15.5960	12.9749
15.5891	12.9749
15.5823	12.9749
15.5754	12.9749
15.5685	12.9680
15.5616	12.9680
15.5548	12.9680
15.5479	12.9680
15.5479	12.9611
15.5410	12.9611
15.5410	12.9543
15.5341	12.9543
15.5272	12.9543
15.5272	12.9474
15.5204	12.9474
15.5135	12.9474
15.5135	12.9405
15.5066	12.9405
15.5066	12.9336
15.4997	12.9336
15.4997	12.9267
15.4928	12.9267
15.4860	12.9267
15.4791	12.9267
15.4722	12.9267
15.4653	12.9267
15.4584	12.9267
15.4516	12.9267
15.4447	12.9267
15.4378	12.9267
15.4309	12.9267
15.4240	12.9267
15.4172	12.9267
15.4103	12.9267
15.4034	12.9267
15.3965	12.9267
15.3896	12.9267
15.3828	12.9267
15.3759	12.9267
15.3690	12.9267
15.3621	12.9267
15.3552	12.9267
15.3484	12.9267
15.3415	12.9267
15.3415	12.9336
15.3346	12.9336
15.3277	12.9336
15.3277	12.9405
15.3208	12.9405
15.3208	12.9474
15.3140	12.9474
15.3071	12.9543
15.3071	12.9611
15.3071	12.9680
15.3071	12.9749
15.3071	12.9818
15.3071	12.9887
15.3071	12.9955
15.3071	13.0024
15.3071	13.0093
15.3071	13.0162
15.3071	13.0231
15.3071	13.0299
15.3071	13.0368
15.3071	13.0437
15.3002	13.0437
15.3002	13.0506
15.3002	13.0575
15.2933	13.0575
15.2933	13.0643
15.2864	13.0643
15.2864	13.0712
15.2864	13.0781
15.2796	13.0781
15.2796	13.0850
15.2796	13.0919
15.2727	13.0919
15.2658	13.0919
15.2658	13.0987
15.2658	13.1056
15.2589	13.1056
15.2589	13.1125
15.2520	13.1125
15.2520	13.1194
15.2452	13.1194
15.2383	13.1194
15.2383	13.1263
15.2383	13.1331
15.2314	13.1331
15.2314	13.1400
15.2245	13.1400
15.2245	13.1469
15.2177	13.1469
15.2177	13.1538
15.2108	13.1538
15.2108	13.1607
15.2039	13.1607
15.1970	13.1607
15.1970	13.1675
15.1901	13.1744
15.1833	13.1744
15.1764	13.1744
15.1695	13.1744
15.1695	13.1813
15.1626	13.1813
15.1557	13.1813
15.1489	13.1813
15.1489	13.1882
15.1420	13.1882
15.1351	13.1882
15.1282	13.1882
15.1282	13.1951
15.1213	13.1951
15.1145	13.1951
15.1145	13.2019
15.1076	13.2019
15.1007	13.2019
15.0938	13.2019
15.0869	13.2019
15.0869	13.2088
15.0801	13.2088
15.0732	13.2088
15.0732	13.2157
15.0663	13.2157
15.0594	13.2157
15.0525	13.2157
15.0457	13.2157
15.0388	13.2157
15.0319	13.2157
15.0250	13.2157
15.0181	13.2157
15.0113	13.2157
15.0044	13.2157
14.9975	13.2157
14.9975	13.2088
14.9906	13.2088
14.9906	13.2019
14.9837	13.2019
14.9769	13.2019
14.9700	13.2019
14.9631	13.1951
14.9631	13.1882
14.9562	13.1882
14.9493	13.1882
14.9493	13.1813
14.9425	13.1813
14.9425	13.1744
14.9356	13.1744
14.9356	13.1675
14.9287	13.1675
14.9287	13.1607
14.9218	13.1607
14.9218	13.1538
14.9150	13.1538
14.9081	13.1469
14.9012	13.1400
14.9012	13.1331
14.8943	13.1331
14.8874	13.1331
14.8874	13.1263
14.8806	13.1263
14.8806	13.1194
14.8737	13.1194
14.8737	13.1125
14.8668	13.1056
14.8668	13.0987
14.8599	13.0987
14.8599	13.0919
14.8530	13.0919
14.8530	13.0850
14.8530	13.0781
14.8462	13.0781
14.8393	13.0781
14.8393	13.0712
14.8393	13.0643
14.8324	13.0643
14.8324	13.0575
14.8324	13.0506
14.8255	13.0506
14.8255	13.0437
14.8255	13.0368
14.8255	13.0299
14.8255	13.0231
14.8255	13.0162
14.8255	13.0093
14.8186	13.0093
14.8186	13.0024
14.8186	12.9955
14.8118	12.9955
14.8118	12.9887
14.8118	12.9818
14.8118	12.9749
14.8049	12.9749
14.8049	12.9680
14.7980	12.9680
14.7980	12.9611
14.7980	12.9543
14.7911	12.9543
14.7842	12.9543
14.7842	12.9474
14.7774	12.9474
14.7774	12.9405
14.7705	12.9405
14.7636	12.9405
14.7567	12.9336
14.7567	12.9267
14.7498	12.9267
14.7430	12.9199
14.7430	12.9130
14.7361	12.9130
14.7292	12.9130
14.7292	12.9061
14.7154	12.8992
14.7086	12.8924
14.7017	12.8924
14.7017	12.8855
14.6948	12.8855
14.6879	12.8855
14.6879	12.8786
14.6810	12.8786
14.6810	12.8717
14.6742	12.8717
14.6742	12.8648
14.6604	12.8648
14.6604	12.8580
14.6535	12.8580
14.6466	12.8580
14.6466	12.8511
14.6398	12.8511
14.6398	12.8442
14.6329	12.8442
14.6260	12.8442
14.6191	12.8442
14.6191	12.8373
14.6054	12.8373
14.5985	12.8373
14.5916	12.8304
14.5847	12.8304
14.5779	12.8304
14.5710	12.8304
14.5641	12.8236
14.5572	12.8236
14.5503	12.8236
14.5503	12.8167
14.5435	12.8167
14.5366	12.8167
14.5297	12.8167
14.5228	12.8167
14.5159	12.8167
14.5091	12.8167
14.5022	12.8167
14.4953	12.8167
14.4884	12.8098
14.4815	12.8098
14.4747	12.8029
14.4678	12.8029
14.4609	12.8029
14.4540	12.8029
14.4471	12.8029
14.4403	12.7960
14.4334	12.7960
14.4334	12.7892
14.4265	12.7892
14.4196	12.7892
14.4127	12.7823
14.4127	12.7754
14.4059	12.7754
14.3990	12.7754
14.3852	12.7685
14.3783	12.7616
14.3715	12.7616
14.3646	12.7616
14.3577	12.7548
14.3577	12.7479
14.3439	12.7479
14.3439	12.7410
14.3302	12.7410
14.3302	12.7341
14.3233	12.7341
14.3164	12.7272
14.3164	12.7204
14.3027	12.7204
14.2958	12.7204
14.2958	12.7135
14.2958	12.7066
14.2889	12.7066
14.2889	12.6997
14.2820	12.6997
14.2820	12.6928
14.2751	12.6928
14.2751	12.6860
14.2751	12.6791
14.2683	12.6791
14.2614	12.6722
14.2614	12.6653
14.2545	12.6653
14.2476	12.6653
14.2476	12.6584
14.2476	12.6516
14.2408	12.6516
14.2339	12.6516
14.2339	12.6447
14.2270	12.6447
14.2270	12.6378
14.2201	12.6378
14.2132	12.6309
14.2064	12.6240
14.1926	12.6240
14.1857	12.6172
14.1788	12.6172
14.1651	12.6103
14.1582	12.6034
14.1513	12.6034
14.1376	12.5965
14.1100	12.5759
14.1100	12.5690
14.1032	12.5690
14.1032	12.5621
14.0963	12.5621
14.0963	12.5553
14.0894	12.5553
14.0894	12.5484
14.0825	12.5415
14.0825	12.5346
14.0825	12.5277
14.0756	12.5277
14.0756	12.5209
14.0756	12.5140
14.0688	12.5140
14.0688	12.5071
14.0688	12.5002
14.0688	12.4933
14.0688	12.4865
14.0688	12.4796
14.0619	12.4796
14.0619	12.4727
14.0619	12.4658
14.0619	12.4589
14.0550	12.4589
14.0550	12.4521
14.0550	12.4452
14.0550	12.4383
14.0550	12.4314
14.0550	12.4245
14.0550	12.4177
14.0550	12.4108
14.0550	12.4039
14.0550	12.3970
14.0550	12.3901
14.0550	12.3833
14.0550	12.3764
14.0550	12.3695
14.0550	12.3626
14.0550	12.3557
14.0619	12.3557
14.0619	12.3489
14.0688	12.3489
14.0688	12.3420
14.0688	12.3351
14.0688	12.3282
14.0688	12.3213
14.0756	12.3213
14.0756	12.3145
14.0756	12.3076
14.0825	12.3076
14.0825	12.3007
14.0825	12.2938
14.0894	12.2938
14.0894	12.2869
14.0963	12.2869
14.0963	12.2801
14.1032	12.2801
14.1032	12.2732
14.1100	12.2732
14.1100	12.2663
14.1169	12.2663
14.1169	12.2594
14.1238	12.2594
14.1238	12.2525
14.1307	12.2525
14.1307	12.2457
14.1376	12.2457
14.1444	12.2388
14.1513	12.2388
14.1513	12.2319
14.1582	12.2319
14.1582	12.2250
14.1651	12.2250
14.1720	12.2250
14.1788	12.2250
14.1788	12.2182
14.1788	12.2113
14.1857	12.2113
14.1926	12.2113
14.1995	12.2113
14.2064	12.2113
14.2064	12.2044
14.2132	12.2044
14.2201	12.1975
14.2270	12.1975
14.2339	12.1975
14.2339	12.1906
14.2408	12.1906
14.2476	12.1906
14.2545	12.1906
14.2545	12.1838
14.2614	12.1838
14.2683	12.1838
14.2751	12.1838
14.2751	12.1769
14.2820	12.1769
14.2889	12.1769
14.2958	12.1769
14.3027	12.1769
14.3095	12.1769
14.3164	12.1769
14.3233	12.1769
14.3302	12.1769
14.3371	12.1769
14.3371	12.1700
14.3439	12.1700
14.3508	12.1700
14.3577	12.1700
14.3646	12.1700
14.3715	12.1700
14.3783	12.1700
14.3852	12.1700
14.3921	12.1700
14.3990	12.1700
14.4059	12.1700
14.4059	12.1631
14.4059	12.1562
14.3990	12.1562
14.3990	12.1494
14.3990	12.1425
14.3990	12.1356
14.3990	12.1287
14.3921	12.1287
14.3852	12.1287
14.3852	12.1218
14.3852	12.1150
14.3783	12.1150
14.3783	12.1081
14.3715	12.1081
14.3715	12.1012
14.3646	12.0943
14.3577	12.0943
14.3577	12.0874
14.3577	12.0806
14.3508	12.0806
14.3508	12.0737
14.3439	12.0737
14.3371	12.0737
14.3371	12.0668
14.3302	12.0599
14.3233	12.0530
14.3164	12.0462
14.3164	12.0393
14.3095	12.0324
14.3027	12.0324
14.3027	12.0255
14.2958	12.0255
14.2958	12.0186
14.2889	12.0186
14.2889	12.0118
14.2889	12.0049
14.2820	12.0049
14.2751	12.0049
14.2751	11.9980
14.2751	11.9911
14.2683	11.9911
14.2683	11.9842
14.2683	11.9774
14.2614	11.9774
14.2614	11.9705
14.2614	11.9636
14.2614	11.9567
14.2545	11.9567
14.2545	11.9498
14.2545	11.9430
14.2545	11.9361
14.2545	11.9292
14.2545	11.9223
14.2545	11.9154
14.2545	11.9086
14.2545	11.9017
14.2545	11.8948
14.2545	11.8879
14.2614	11.8879
14.2614	11.8811
14.2614	11.8742
14.2614	11.8673
14.2614	11.8604
14.2683	11.8535
14.2751	11.8535
14.2751	11.8467
14.2751	11.8398
14.2751	11.8329
14.2751	11.8260
14.2820	11.8260
14.2889	11.8260
14.2889	11.8191
14.2889	11.8123
14.2958	11.8123
14.2958	11.8054
14.3027	11.8054
14.3027	11.7985
14.3027	11.7916
14.3095	11.7916
14.3095	11.7847
14.3164	11.7847
14.3164	11.7779
14.3164	11.7710
14.3233	11.7710
14.3302	11.7710
14.3302	11.7641
14.3302	11.7572
14.3371	11.7572
14.3371	11.7503
14.3439	11.7503
14.3439	11.7435
14.3508	11.7435
14.3508	11.7366
14.3577	11.7366
14.3577	11.7297
14.3646	11.7297
14.3646	11.7228
14.3715	11.7159
14.3715	11.7091
14.3783	11.7091
14.3783	11.7022
14.3852	11.7022
14.3852	11.6953
14.3852	11.6884
14.3921	11.6884
14.3990	11.6884
14.3990	11.6815
14.4059	11.6747
14.4127	11.6747
14.4127	11.6678
14.4196	11.6609
14.4265	11.6609
14.4334	11.6609
14.4403	11.6609
14.4471	11.6609
14.4540	11.6609
14.4609	11.6609
14.4678	11.6609
14.4747	11.6609
14.4815	11.6609
14.4884	11.6609
14.4884	11.6678
14.4953	11.6678
14.5022	11.6678
14.5022	11.6747
14.5091	11.6747
14.5159	11.6747
14.5228	11.6747
14.5297	11.6747
14.5366	11.6747
14.5366	11.6815
14.5366	11.6884
14.5435	11.6884
14.5503	11.6884
14.5572	11.6884
14.5641	11.6884
14.5641	11.6953
14.5641	11.7022
14.5710	11.7022
14.5779	11.7022
14.5847	11.7022
14.5847	11.7091
14.5916	11.7091
14.5916	11.7159
14.5985	11.7159
14.6054	11.7159
14.6054	11.7228
14.6054	11.7297
14.6122	11.7297
14.6191	11.7297
14.6191	11.7366
14.6191	11.7435
14.6260	11.7435
14.6329	11.7435
14.6329	11.7503
14.6329	11.7572
14.6398	11.7572
14.6466	11.7572
14.6466	11.7641
14.6466	11.7710
14.6535	11.7710
14.6535	11.7779
14.6604	11.7779
14.6604	11.7847
14.6673	11.7847
14.6673	11.7916
14.6742	11.7985
14.6742	11.8054
14.6810	11.8054
14.6810	11.8123
14.6879	11.8123
14.6879	11.8191
14.6879	11.8260
14.6948	11.8260
14.7017	11.8260
14.7017	11.8329
14.7017	11.8398
14.7086	11.8398
14.7154	11.8398
14.7154	11.8467
14.7154	11.8535
14.7223	11.8535
14.7292	11.8535
14.7292	11.8604
14.7292	11.8673
14.7361	11.8673
14.7430	11.8673
14.7430	11.8742
14.7498	11.8811
14.7567	11.8811
14.7636	11.8811
14.7636	11.8879
14.7705	11.8879
14.7705	11.8948
14.7705	11.9017
14.7774	11.9017
14.7842	11.9017
14.7842	11.9086
14.7911	11.9086
14.7980	11.9086
14.7980	11.9154
14.8049	11.9154
14.8118	11.9223
14.8186	11.9223
14.8255	11.9223
14.8324	11.9223
14.8393	11.9292
14.8462	11.9292
14.8530	11.9292
14.8599	11.9292
14.8668	11.9292
14.8737	11.9292
14.8806	11.9292
14.8874	11.9292
14.8943	11.9292
14.8943	11.9223
14.9012	11.9223
14.9081	11.9223
14.9150	11.9223
14.9218	11.9223
14.9287	11.9223
14.9356	11.9223
14.9356	11.9154
14.9425	11.9154
14.9493	11.9154
14.9493	11.9086
14.9562	11.9086
14.9631	11.9086
14.9700	11.9086
14.9769	11.9086
14.9837	11.9086
14.9906	11.9086
14.9975	11.9086
15.0044	11.9086
15.0113	11.9086
15.0181	11.9086
15.0250	11.9086
15.0319	11.9086
15.0388	11.9086
15.0457	11.9086
15.0525	11.9086
15.0594	11.9086
15.0663	11.9086
15.0732	11.9086
15.0801	11.9086
15.0869	11.9086
15.0938	11.9086
15.1007	11.9086
15.1076	11.9086
15.1145	11.9086
15.1213	11.9086
15.1282	11.9086
15.1282	11.9154
15.1351	11.9154
15.1351	11.9223
15.1420	11.9223
15.1489	11.9223
15.1557	11.9223
15.1557	11.9292
15.1626	11.9292
15.1626	11.9361
15.1695	11.9361
15.1764	11.9361
15.1833	11.9361
15.1833	11.9430
15.1833	11.9498
15.1901	11.9498
15.1970	11.9498
15.1970	11.9567
15.2039	11.9567
15.2039	11.9636
15.2108	11.9636
15.2177	11.9636
15.2177	11.9705
15.2245	11.9705
15.2245	11.9774
15.2314	11.9774
15.2383	11.9774
15.2452	11.9774
15.2452	11.9842
15.2520	11.9842
15.2520	11.9911
15.2589	11.9911
15.2658	11.9911
15.2727	11.9911
15.2727	11.9980
15.2796	11.9980
15.2796	12.0049
15.2864	12.0049
15.2933	12.0049
15.2933	12.0118
15.3002	12.0118
15.3071	12.0118
15.3071	12.0186
15.3140	12.0186
15.3208	12.0186
15.3277	12.0186
15.3346	12.0186
15.3346	12.0255
15.3346	12.0324
15.3415	12.0324
15.3484	12.0324
15.3552	12.0324
15.3621	12.0324
15.3690	12.0324
15.3759	12.0324
15.3828	12.0324
15.3896	12.0324
15.3965	12.0324
15.4034	12.0324
15.4103	12.0324
15.4172	12.0324
15.4240	12.0324
15.4309	12.0324
15.4378	12.0324
15.4447	12.0324
15.4516	12.0324
15.4584	12.0324
15.4653	12.0324
15.4722	12.0324
15.4791	12.0324
15.4860	12.0324
15.4928	12.0324
15.4997	12.0324
15.5066	12.0324
15.5135	12.0324
15.5204	12.0324
15.5272	12.0324
15.5341	12.0324
15.5410	12.0324
15.5410	12.0393
15.5479	12.0393
15.5548	12.0393
15.5548	12.0462
15.5616	12.0462
15.5685	12.0462
15.5754	12.0462
15.5754	12.0530
15.5823	12.0530
15.5891	12.0530
15.5960	12.0599
15.6029	12.0599
15.6098	12.0599
15.6167	12.0599
15.6235	12.0599
15.6304	12.0599
15.6373	12.0599
15.6442	12.0599
15.6511	12.0599
15.6579	12.0599
15.6648	12.0599
15.6648	12.0668
