14.8985	5.2092
14.9040	5.2092
14.9040	5.2037
14.9096	5.2037
14.9096	5.1982
14.9151	5.1982
14.9151	5.1927
14.9206	5.1927
14.9206	5.1871
14.9261	5.1871
14.9261	5.1816
14.9317	5.1816
14.9317	5.1761
14.9317	5.1706
14.9317	5.1650
14.9317	5.1595
14.9372	5.1595
14.9372	5.1540
14.9372	5.1485
14.9427	5.1485
14.9427	5.1429
14.9427	5.1374
14.9427	5.1319
14.9427	5.1264
14.9427	5.1208
14.9482	5.1208
14.9482	5.1153
14.9482	5.1098
14.9482	5.1043
14.9537	5.1043
14.9537	5.0987
14.9537	5.0932
14.9537	5.0877
14.9537	5.0822
14.9537	5.0767
14.9593	5.0767
14.9593	5.0711
14.9593	5.0656
14.9648	5.0656
14.9648	5.0601
14.9648	5.0546
14.9703	5.0546
14.9703	5.0490
14.9703	5.0435
14.9758	5.0435
14.9758	5.0380
14.9758	5.0325
14.9758	5.0269
14.9758	5.0214
14.9758	5.0159
14.9758	5.0104
14.9758	5.0048
14.9758	4.9993
14.9758	4.9938
14.9703	4.9938
14.9703	4.9883
14.9703	4.9827
14.9703	4.9772
14.9703	4.9717
14.9703	4.9662
14.9703	4.9606
14.9703	4.9551
14.9703	4.9496
14.9703	4.9441
14.9703	4.9385
14.9758	4.9385
14.9758	4.9330
14.9758	4.9275
14.9814	4.9275
14.9814	4.9220
14.9814	4.9165
14.9869	4.9165
14.9869	4.9109
14.9924	4.9109
14.9924	4.9054
14.9979	4.9054
15.0035	4.9054
15.0035	4.8999
15.0090	4.8999
15.0090	4.8944
15.0145	4.8944
15.0145	4.8888
15.0200	4.8888
15.0200	4.8833
15.0256	4.8778
15.0256	4.8723
15.0311	4.8723
15.0311	4.8667
15.0311	4.8612
15.0366	4.8612
15.0421	4.8612
15.0421	4.8557
15.0421	4.8502
15.0477	4.8502
15.0477	4.8446
15.0477	4.8391
15.0532	4.8391
15.0532	4.8336
15.0532	4.8281
15.0532	4.8225
15.0587	4.8170
15.0642	4.8170
15.0642	4.8115
15.0642	4.8060
15.0642	4.8004
15.0642	4.7949
15.0642	4.7894
15.0698	4.7839
15.0698	4.7783
15.0698	4.7728
15.0698	4.7673
15.0698	4.7618
15.0753	4.7618
15.0753	4.7563
15.0753	4.7507
15.0753	4.7452
15.0753	4.7397
15.0753	4.7342
15.0753	4.7286
15.0753	4.7231
15.0753	4.7176
15.0808	4.7176
15.0808	4.7121
15.0808	4.7065
15.0808	4.7010
15.0808	4.6955
15.0863	4.6955
15.0863	4.6900
15.0863	4.6844
15.0863	4.6789
15.0863	4.6734
15.0863	4.6679
15.0863	4.6623
15.0918	4.6623
15.0918	4.6568
15.0918	4.6513
15.0974	4.6513
15.0974	4.6458
15.0974	4.6402
15.1029	4.6347
15.1029	4.6292
15.1084	4.6292
15.1084	4.6237
15.1139	4.6237
15.1139	4.6182
15.1195	4.6182
15.1250	4.6182
15.1305	4.6182
15.1305	4.6126
15.1305	4.6071
15.1360	4.6071
15.1416	4.6071
15.1471	4.6071
15.1471	4.6016
15.1526	4.6016
15.1581	4.6016
15.1581	4.5961
15.1637	4.5961
15.1692	4.5961
15.1747	4.5961
15.1747	4.5905
15.1802	4.5905
15.1858	4.5905
15.1858	4.5850
15.1913	4.5850
15.1968	4.5850
15.2023	4.5850
15.2079	4.5850
15.2079	4.5795
15.2079	4.5740
15.2134	4.5740
15.2189	4.5740
15.2244	4.5740
15.2300	4.5740
15.2355	4.5740
15.2410	4.5740
15.2410	4.5684
15.2465	4.5684
15.2520	4.5684
15.2520	4.5629
15.2576	4.5629
15.2631	4.5629
15.2631	4.5574
15.2686	4.5574
15.2741	4.5574
15.2741	4.5519
15.2797	4.5519
15.2852	4.5519
15.2907	4.5519
15.2962	4.5519
15.3018	4.5519
15.3073	4.5519
15.3128	4.5519
15.3183	4.5519
15.3239	4.5519
15.3294	4.5519
15.3349	4.5519
15.3404	4.5519
15.3460	4.5519
15.3515	4.5519
15.3515	4.5574
15.3570	4.5574
15.3570	4.5629
15.3625	4.5629
15.3625	4.5684
15.3681	4.5684
15.3681	4.5740
15.3736	4.5740
15.3736	4.5795
15.3791	4.5795
15.3846	4.5795
15.3846	4.5850
15.3902	4.5850
15.3902	4.5905
15.3902	4.5961
15.3957	4.5961
15.4012	4.6016
15.4012	4.6071
15.4067	4.6071
15.4067	4.6126
15.4067	4.6182
15.4122	4.6182
15.4178	4.6182
15.4178	4.6237
15.4178	4.6292
15.4178	4.6347
15.4233	4.6347
15.4233	4.6402
15.4288	4.6402
15.4288	4.6458
15.4288	4.6513
15.4343	4.6513
15.4343	4.6568
15.4399	4.6568
15.4399	4.6623
15.4399	4.6679
15.4399	4.6734
15.4454	4.6734
15.4454	4.6789
15.4509	4.6789
15.4509	4.6844
15.4509	4.6900
15.4509	4.6955
15.4509	4.7010
15.4564	4.7010
15.4564	4.7065
15.4620	4.7065
15.4620	4.7121
15.4620	4.7176
15.4620	4.7231
15.4620	4.7286
15.4675	4.7286
15.4675	4.7342
15.4675	4.7397
15.4675	4.7452
15.4730	4.7452
15.4730	4.7507
15.4730	4.7563
15.4730	4.7618
15.4730	4.7673
15.4730	4.7728
15.4785	4.7728
15.4785	4.7783
15.4785	4.7839
15.4785	4.7894
15.4785	4.7949
15.4841	4.7949
15.4841	4.8004
15.4841	4.8060
15.4841	4.8115
15.4896	4.8115
15.4896	4.8170
15.4896	4.8225
15.4896	4.8281
15.4896	4.8336
15.4896	4.8391
15.4951	4.8446
15.4951	4.8502
15.4951	4.8557
15.4951	4.8612
15.4951	4.8667
15.4951	4.8723
15.5006	4.8723
15.5006	4.8778
15.5062	4.8778
15.5062	4.8833
15.5062	4.8888
15.5062	4.8944
15.5062	4.8999
15.5062	4.9054
15.5117	4.9054
15.5117	4.9109
15.5117	4.9165
15.5117	4.9220
15.5172	4.9220
15.5172	4.9275
15.5172	4.9330
15.5172	4.9385
15.5172	4.9441
15.5172	4.9496
15.5227	4.9496
15.5227	4.9551
15.5227	4.9606
15.5227	4.9662
15.5227	4.9717
15.5283	4.9717
15.5283	4.9772
15.5283	4.9827
15.5283	4.9883
15.5338	4.9883
15.5338	4.9938
15.5338	4.9993
15.5393	4.9993
15.5393	5.0048
15.5393	5.0104
15.5393	5.0159
15.5393	5.0214
15.5448	5.0214
15.5448	5.0269
15.5504	5.0269
15.5504	5.0325
15.5504	5.0380
15.5559	5.0380
15.5614	5.0380
15.5614	5.0435
15.5614	5.0490
15.5669	5.0490
15.5669	5.0546
15.5724	5.0546
15.5724	5.0601
15.5780	5.0601
15.5835	5.0601
15.5835	5.0656
15.5835	5.0711
15.5890	5.0711
15.5945	5.0711
15.5945	5.0767
15.5945	5.0822
15.6001	5.0822
15.6056	5.0822
15.6056	5.0877
15.6111	5.0877
15.6111	5.0932
15.6166	5.0932
15.6166	5.0987
15.6222	5.0987
15.6222	5.1043
15.6277	5.1043
15.6332	5.1043
15.6332	5.1098
15.6387	5.1098
15.6387	5.1153
15.6443	5.1153
15.6498	5.1153
15.6553	5.1153
15.6608	5.1153
15.6664	5.1153
15.6719	5.1153
15.6719	5.1098
15.6719	5.1043
15.6774	5.1043
15.6829	5.1043
15.6829	5.0987
15.6829	5.0932
15.6885	5.0932
15.6885	5.0877
15.6940	5.0877
15.6940	5.0822
15.6940	5.0767
15.6940	5.0711
15.6995	5.0711
15.7050	5.0711
15.7050	5.0656
15.7050	5.0601
15.7105	5.0601
15.7105	5.0546
15.7105	5.0490
15.7161	5.0490
15.7161	5.0435
15.7161	5.0380
15.7161	5.0325
15.7161	5.0269
15.7216	5.0269
15.7216	5.0214
15.7216	5.0159
15.7216	5.0104
15.7216	5.0048
15.7271	5.0048
15.7271	4.9993
15.7271	4.9938
15.7271	4.9883
15.7271	4.9827
15.7326	4.9827
15.7326	4.9772
15.7326	4.9717
15.7382	4.9717
15.7382	4.9662
15.7382	4.9606
15.7382	4.9551
15.7382	4.9496
15.7437	4.9496
15.7492	4.9496
15.7492	4.9441
15.7492	4.9385
15.7492	4.9330
15.7547	4.9275
15.7547	4.9220
15.7603	4.9220
15.7603	4.9165
15.7603	4.9109
15.7658	4.9109
15.7658	4.9054
15.7713	4.9054
15.7713	4.8999
15.7713	4.8944
15.7713	4.8888
15.7713	4.8833
15.7713	4.8778
15.7713	4.8723
15.7713	4.8667
15.7713	4.8612
15.7713	4.8557
15.7713	4.8502
15.7713	4.8446
15.7713	4.8391
15.7713	4.8336
15.7713	4.8281
15.7768	4.8281
15.7768	4.8225
15.7768	4.8170
15.7824	4.8170
15.7824	4.8115
15.7824	4.8060
15.7879	4.8060
15.7879	4.8004
15.7934	4.8004
15.7934	4.7949
15.7989	4.7894
15.8045	4.7894
15.8045	4.7839
15.8100	4.7839
15.8155	4.7839
15.8155	4.7783
15.8210	4.7783
15.8210	4.7728
15.8266	4.7728
15.8321	4.7728
15.8376	4.7728
15.8376	4.7673
15.8431	4.7673
15.8487	4.7673
15.8542	4.7618
15.8597	4.7618
15.8597	4.7563
15.8652	4.7563
15.8707	4.7563
15.8707	4.7507
15.8763	4.7507
15.8818	4.7452
15.8873	4.7452
15.8873	4.7397
15.8928	4.7397
15.8984	4.7397
15.8984	4.7342
15.9039	4.7342
15.9039	4.7286
15.9094	4.7286
15.9149	4.7286
15.9205	4.7286
15.9260	4.7286
15.9315	4.7286
15.9370	4.7286
15.9426	4.7286
15.9481	4.7286
15.9536	4.7286
15.9591	4.7286
15.9591	4.7342
15.9647	4.7342
15.9647	4.7397
15.9702	4.7397
15.9702	4.7452
15.9702	4.7507
15.9757	4.7507
15.9812	4.7507
15.9812	4.7563
15.9812	4.7618
15.9868	4.7618
15.9923	4.7618
15.9923	4.7673
15.9923	4.7728
15.9978	4.7728
15.9978	4.7783
16.0033	4.7783
16.0033	4.7839
16.0089	4.7839
16.0089	4.7894
16.0089	4.7949
16.0144	4.7949
16.0144	4.8004
16.0199	4.8004
16.0199	4.8060
16.0254	4.8060
16.0254	4.8115
16.0254	4.8170
16.0309	4.8170
16.0365	4.8170
16.0365	4.8225
16.0420	4.8225
16.0420	4.8281
16.0475	4.8281
16.0530	4.8281
16.0530	4.8336
16.0586	4.8336
16.0586	4.8391
16.0641	4.8391
16.0696	4.8391
16.0751	4.8391
16.0807	4.8391
16.0807	4.8446
16.0862	4.8446
16.0917	4.8446
16.0972	4.8446
16.0972	4.8502
16.1028	4.8502
16.1083	4.8502
16.1083	4.8557
16.1138	4.8557
16.1138	4.8612
16.1193	4.8612
16.1249	4.8612
16.1304	4.8612
16.1359	4.8612
16.1359	4.8667
16.1359	4.8723
16.1414	4.8723
16.1470	4.8723
16.1525	4.8723
16.1525	4.8778
16.1580	4.8778
16.1580	4.8833
16.1635	4.8833
16.1635	4.8888
16.1690	4.8888
16.1690	4.8944
16.1746	4.8944
16.1746	4.8999
16.1746	4.9054
16.1801	4.9054
16.1801	4.9109
16.1801	4.9165
16.1856	4.9165
16.1856	4.9220
16.1856	4.9275
16.1911	4.9275
16.1911	4.9330
16.1911	4.9385
16.1911	4.9441
16.1911	4.9496
16.1967	4.9496
16.1967	4.9551
16.1967	4.9606
16.1967	4.9662
16.2022	4.9662
16.2022	4.9717
16.2022	4.9772
16.2022	4.9827
16.2077	4.9827
16.2077	4.9883
16.2077	4.9938
16.2132	4.9938
16.2132	4.9993
16.2132	5.0048
16.2132	5.0104
16.2132	5.0159
16.2188	5.0159
16.2188	5.0214
16.2243	5.0214
16.2243	5.0269
16.2243	5.0325
16.2243	5.0380
16.2243	5.0435
16.2298	5.0435
16.2298	5.0490
16.2353	5.0490
16.2353	5.0546
16.2353	5.0601
16.2353	5.0656
16.2353	5.0711
16.2353	5.0767
16.2353	5.0822
16.2353	5.0877
16.2353	5.0932
16.2353	5.0987
16.2353	5.1043
16.2298	5.1043
16.2298	5.1098
16.2298	5.1153
16.2243	5.1153
16.2243	5.1208
16.2243	5.1264
16.2188	5.1264
16.2188	5.1319
16.2132	5.1319
16.2132	5.1374
16.2132	5.1429
16.2077	5.1429
16.2077	5.1485
16.2022	5.1485
16.2022	5.1540
16.2022	5.1595
16.1967	5.1595
16.1911	5.1595
16.1911	5.1650
16.1911	5.1706
16.1856	5.1706
16.1856	5.1761
16.1801	5.1761
16.1801	5.1816
16.1801	5.1871
16.1801	5.1927
16.1746	5.1927
16.1690	5.1927
16.1690	5.1982
16.1690	5.2037
16.1635	5.2037
16.1635	5.2092
16.1635	5.2148
16.1580	5.2148
16.1580	5.2203
16.1580	5.2258
16.1525	5.2258
16.1470	5.2258
16.1470	5.2313
16.1470	5.2368
16.1470	5.2424
16.1414	5.2424
16.1414	5.2479
16.1359	5.2479
16.1359	5.2534
16.1359	5.2589
16.1304	5.2589
16.1304	5.2645
16.1249	5.2645
16.1249	5.2700
16.1193	5.2700
16.1193	5.2755
16.1138	5.2810
16.1138	5.2866
16.1083	5.2866
16.1083	5.2921
16.1028	5.2921
16.1028	5.2976
16.1028	5.3031
16.0972	5.3031
16.0917	5.3031
16.0917	5.3087
16.0917	5.3142
16.0862	5.3142
16.0862	5.3197
16.0807	5.3197
16.0807	5.3252
16.0807	5.3308
16.0751	5.3308
16.0751	5.3363
16.0696	5.3363
16.0696	5.3418
16.0696	5.3473
16.0641	5.3473
16.0641	5.3529
16.0586	5.3529
16.0586	5.3584
16.0586	5.3639
16.0586	5.3694
16.0530	5.3694
16.0530	5.3750
16.0475	5.3750
16.0475	5.3805
16.0475	5.3860
16.0475	5.3915
16.0420	5.3915
16.0420	5.3970
16.0420	5.4026
16.0365	5.4026
16.0365	5.4081
16.0365	5.4136
16.0365	5.4191
16.0309	5.4191
16.0309	5.4247
16.0309	5.4302
16.0309	5.4357
16.0365	5.4357
16.0420	5.4357
16.0420	5.4412
16.0475	5.4412
16.0530	5.4468
16.0586	5.4468
16.0586	5.4523
16.0641	5.4523
16.0696	5.4523
16.0696	5.4578
16.0751	5.4578
16.0751	5.4633
16.0807	5.4633
16.0807	5.4689
16.0862	5.4689
16.0917	5.4689
16.0917	5.4744
16.0917	5.4799
16.0972	5.4799
16.0972	5.4854
16.1028	5.4854
16.1028	5.4910
16.1028	5.4965
16.1083	5.4965
16.1083	5.5020
16.1138	5.5020
16.1138	5.5075
16.1193	5.5075
16.1193	5.5131
16.1249	5.5131
16.1304	5.5131
16.1304	5.5186
16.1304	5.5241
16.1359	5.5241
16.1414	5.5241
16.1414	5.5296
16.1414	5.5352
16.1470	5.5352
16.1470	5.5407
16.1470	5.5462
16.1525	5.5462
16.1580	5.5517
16.1580	5.5572
16.1580	5.5628
16.1635	5.5628
16.1635	5.5683
16.1635	5.5738
16.1690	5.5738
16.1690	5.5793
16.1690	5.5849
16.1690	5.5904
16.1746	5.5904
16.1746	5.5959
16.1746	5.6014
16.1801	5.6014
16.1801	5.6070
16.1801	5.6125
16.1801	5.6180
16.1801	5.6235
16.1801	5.6291
16.1801	5.6346
16.1856	5.6346
16.1856	5.6401
16.1856	5.6456
16.1856	5.6512
16.1856	5.6567
16.1856	5.6622
16.1856	5.6677
16.1856	5.6733
16.1856	5.6788
16.1856	5.6843
16.1856	5.6898
16.1856	5.6954
16.1856	5.7009
16.1801	5.7009
16.1801	5.7064
16.1801	5.7119
16.1801	5.7174
16.1801	5.7230
16.1746	5.7230
16.1690	5.7230
16.1690	5.7285
16.1690	5.7340
16.1690	5.7395
16.1690	5.7451
16.1635	5.7451
16.1635	5.7506
16.1635	5.7561
16.1580	5.7616
16.1580	5.7672
16.1580	5.7727
16.1580	5.7782
16.1580	5.7837
16.1580	5.7893
16.1580	5.7948
16.1525	5.7948
16.1525	5.8003
16.1525	5.8058
16.1525	5.8114
16.1525	5.8169
16.1525	5.8224
16.1525	5.8279
16.1525	5.8335
16.1525	5.8390
16.1525	5.8445
16.1525	5.8500
16.1525	5.8555
16.1525	5.8611
16.1525	5.8666
16.1525	5.8721
16.1525	5.8776
16.1525	5.8832
16.1525	5.8887
16.1525	5.8942
16.1525	5.8997
16.1525	5.9053
16.1525	5.9108
16.1525	5.9163
16.1525	5.9218
16.1580	5.9218
16.1580	5.9274
16.1580	5.9329
16.1635	5.9329
16.1635	5.9384
16.1690	5.9384
16.1690	5.9439
16.1690	5.9495
16.1690	5.9550
16.1746	5.9550
16.1801	5.9550
16.1856	5.9550
16.1856	5.9605
16.1911	5.9660
16.1911	5.9716
16.1911	5.9771
16.1911	5.9826
16.1911	5.9881
16.1911	5.9937
16.1911	5.9992
16.1911	6.0047
16.1911	6.0102
16.1911	6.0157
16.1911	6.0213
16.1911	6.0268
16.1911	6.0323
16.1911	6.0378
16.1911	6.0434
16.1911	6.0489
16.1911	6.0544
16.1911	6.0599
16.1911	6.0655
16.1911	6.0710
16.1911	6.0765
16.1911	6.0820
16.1911	6.0876
16.1911	6.0931
16.1911	6.0986
16.1911	6.1041
16.1967	6.1041
16.1967	6.1097
16.1967	6.1152
16.1967	6.1207
16.1967	6.1262
16.1967	6.1318
16.2022	6.1318
16.2022	6.1373
16.2022	6.1428
16.2022	6.1483
16.2077	6.1483
16.2077	6.1539
16.2132	6.1539
16.2132	6.1594
16.2132	6.1649
16.2132	6.1704
16.2132	6.1759
16.2132	6.1815
16.2132	6.1870
16.2132	6.1925
16.2132	6.1980
16.2077	6.1980
16.2077	6.2036
16.2077	6.2091
16.2077	6.2146
16.2022	6.2146
16.2022	6.2201
16.2022	6.2257
16.2022	6.2312
16.2022	6.2367
16.2022	6.2422
16.2022	6.2478
16.2022	6.2533
16.2022	6.2588
16.2022	6.2643
16.1967	6.2643
16.1967	6.2699
16.1967	6.2754
16.1967	6.2809
16.1967	6.2864
16.1967	6.2920
16.1967	6.2975
16.1967	6.3030
16.1967	6.3085
16.2022	6.3085
16.2022	6.3140
16.2022	6.3196
16.2022	6.3251
16.2077	6.3251
16.2077	6.3306
16.2077	6.3361
16.2132	6.3361
16.2132	6.3417
16.2132	6.3472
16.2132	6.3527
16.2132	6.3582
16.2132	6.3638
16.2132	6.3693
16.2132	6.3748
16.2132	6.3803
16.2132	6.3859
16.2132	6.3914
16.2132	6.3969
16.2132	6.4024
16.2132	6.4080
16.2132	6.4135
16.2132	6.4190
16.2132	6.4245
16.2132	6.4301
16.2132	6.4356
16.2132	6.4411
16.2132	6.4466
16.2132	6.4522
16.2132	6.4577
16.2132	6.4632
16.2077	6.4687
16.2077	6.4742
16.2022	6.4742
16.2022	6.4798
16.2022	6.4853
16.2022	6.4908
16.1967	6.4908
16.1967	6.4963
16.1967	6.5019
16.1911	6.5019
16.1911	6.5074
16.1911	6.5129
16.1856	6.5129
16.1856	6.5184
16.1801	6.5184
16.1801	6.5240
16.1801	6.5295
16.1746	6.5295
16.1746	6.5350
16.1746	6.5405
16.1690	6.5405
16.1690	6.5461
16.1690	6.5516
16.1690	6.5571
16.1690	6.5626
16.1635	6.5626
16.1635	6.5682
16.1580	6.5682
16.1580	6.5737
16.1525	6.5737
16.1525	6.5792
16.1470	6.5792
16.1470	6.5847
16.1470	6.5903
16.1470	6.5958
16.1414	6.5958
16.1414	6.6013
16.1414	6.6068
16.1359	6.6068
16.1359	6.6124
16.1359	6.6179
16.1359	6.6234
16.1359	6.6289
16.1359	6.6344
16.1359	6.6400
16.1414	6.6400
16.1414	6.6455
16.1470	6.6510
16.1470	6.6565
16.1470	6.6621
16.1470	6.6676
16.1525	6.6676
16.1525	6.6731
16.1525	6.6786
16.1525	6.6842
16.1580	6.6842
16.1580	6.6897
16.1580	6.6952
16.1580	6.7007
16.1635	6.7007
16.1635	6.7063
16.1690	6.7063
16.1690	6.7118
16.1690	6.7173
16.1746	6.7173
16.1746	6.7228
16.1746	6.7284
16.1801	6.7284
16.1801	6.7339
16.1856	6.7339
16.1911	6.7339
16.1911	6.7394
16.1967	6.7394
16.2022	6.7394
16.2022	6.7449
16.2077	6.7449
16.2077	6.7505
16.2132	6.7505
16.2132	6.7560
16.2188	6.7560
16.2243	6.7615
16.2298	6.7615
16.2353	6.7615
16.2353	6.7670
16.2353	6.7726
16.2409	6.7726
16.2464	6.7726
16.2464	6.7781
16.2519	6.7781
16.2574	6.7836
16.2630	6.7836
16.2630	6.7891
16.2685	6.7946
16.2740	6.7946
16.2740	6.8002
16.2795	6.8002
16.2795	6.8057
16.2851	6.8057
16.2906	6.8057
16.2906	6.8112
16.2906	6.8167
16.2961	6.8167
16.3016	6.8167
16.3072	6.8167
16.3127	6.8167
16.3182	6.8167
16.3237	6.8167
16.3237	6.8223
16.3292	6.8223
16.3348	6.8223
16.3348	6.8278
16.3403	6.8278
16.3458	6.8278
16.3513	6.8278
16.3569	6.8333
16.3624	6.8388
16.3679	6.8388
16.3734	6.8388
16.3790	6.8388
16.3790	6.8444
16.3790	6.8499
16.3845	6.8499
16.3900	6.8499
16.3900	6.8554
16.3900	6.8609
16.3955	6.8609
16.3955	6.8665
16.4011	6.8665
16.4011	6.8720
16.4066	6.8775
16.4066	6.8830
16.4121	6.8830
16.4121	6.8886
16.4121	6.8941
16.4176	6.8941
16.4176	6.8996
16.4232	6.8996
16.4232	6.9051
16.4232	6.9107
16.4232	6.9162
16.4287	6.9162
16.4342	6.9162
16.4342	6.9217
16.4342	6.9272
16.4397	6.9327
16.4397	6.9383
16.4453	6.9383
16.4453	6.9438
16.4453	6.9493
16.4508	6.9493
16.4508	6.9548
16.4508	6.9604
16.4563	6.9604
16.4563	6.9659
16.4563	6.9714
16.4618	6.9714
16.4674	6.9769
16.4674	6.9825
16.4674	6.9880
16.4674	6.9935
16.4729	6.9935
16.4784	6.9935
16.4784	6.9990
16.4784	7.0046
16.4839	7.0046
16.4839	7.0101
16.4839	7.0156
16.4894	7.0156
16.4950	7.0156
16.4950	7.0211
16.5005	7.0267
16.5005	7.0322
16.5060	7.0377
16.5115	7.0377
16.5115	7.0432
16.5115	7.0488
16.5171	7.0488
16.5171	7.0543
16.5226	7.0598
16.5281	7.0598
16.5281	7.0653
16.5336	7.0709
16.5392	7.0764
16.5447	7.0819
16.5502	7.0819
16.5557	7.0819
16.5557	7.0874
16.5557	7.0929
16.5613	7.0929
16.5668	7.0929
16.5668	7.0985
16.5723	7.0985
16.5723	7.1040
16.5778	7.1040
16.5778	7.1095
16.5834	7.1095
16.5889	7.1095
16.5889	7.1150
16.5944	7.1150
16.5999	7.1150
16.5999	7.1206
16.6055	7.1206
16.6110	7.1206
16.6165	7.1206
16.6165	7.1261
16.6220	7.1261
16.6276	7.1261
16.6331	7.1261
16.6331	7.1316
16.6386	7.1316
16.6386	7.1371
16.6441	7.1371
16.6496	7.1371
16.6552	7.1427
16.6552	7.1482
16.6607	7.1482
16.6662	7.1482
16.6662	7.1537
16.6717	7.1537
16.6773	7.1537
16.6773	7.1592
16.6828	7.1592
16.6828	7.1648
16.6883	7.1648
16.6883	7.1703
16.6938	7.1703
16.6938	7.1758
16.6994	7.1758
16.6994	7.1813
16.6994	7.1869
16.6994	7.1924
16.6994	7.1979
16.6994	7.2034
16.7049	7.2034
16.7049	7.2090
16.7049	7.2145
16.7049	7.2200
16.7104	7.2200
16.7104	7.2255
16.7104	7.2311
16.7104	7.2366
16.7104	7.2421
16.7104	7.2476
16.7104	7.2531
16.7104	7.2587
16.7104	7.2642
16.7104	7.2697
16.7104	7.2752
16.7104	7.2808
16.7104	7.2863
16.7104	7.2918
16.7104	7.2973
16.7104	7.3029
16.7104	7.3084
16.7104	7.3139
16.7159	7.3139
16.7159	7.3194
16.7159	7.3250
16.7215	7.3250
16.7215	7.3305
16.7215	7.3360
16.7215	7.3415
16.7215	7.3471
16.7215	7.3526
16.7215	7.3581
16.7215	7.3636
16.7270	7.3636
16.7270	7.3692
16.7270	7.3747
16.7270	7.3802
16.7270	7.3857
16.7270	7.3913
16.7325	7.3913
16.7325	7.3968
16.7325	7.4023
16.7325	7.4078
16.7380	7.4078
16.7380	7.4133
16.7380	7.4189
16.7436	7.4189
16.7436	7.4244
16.7436	7.4299
16.7436	7.4354
16.7436	7.4410
16.7491	7.4410
16.7491	7.4465
16.7546	7.4465
16.7546	7.4520
16.7546	7.4575
16.7546	7.4631
16.7601	7.4631
16.7601	7.4686
16.7601	7.4741
16.7657	7.4741
16.7657	7.4796
16.7657	7.4852
16.7657	7.4907
16.7712	7.4907
16.7767	7.4907
16.7767	7.4962
16.7767	7.5017
16.7822	7.5017
16.7822	7.5073
16.7877	7.5073
16.7877	7.5128
16.7877	7.5183
16.7877	7.5238
16.7933	7.5238
16.7988	7.5238
16.8043	7.5238
16.8098	7.5238
16.8154	7.5238
16.8154	7.5294
16.8209	7.5294
16.8209	7.5349
16.8264	7.5349
16.8319	7.5349
16.8375	7.5349
16.8430	7.5349
16.8485	7.5349
16.8540	7.5404
16.8596	7.5404
16.8651	7.5459
16.8706	7.5459
16.8761	7.5459
16.8761	7.5514
16.8817	7.5514
16.8872	7.5514
16.8872	7.5570
16.8927	7.5570
16.8982	7.5570
16.8982	7.5625
16.9038	7.5625
16.9093	7.5625
16.9093	7.5680
16.9148	7.5680
16.9203	7.5680
16.9259	7.5680
16.9314	7.5680
16.9314	7.5735
16.9369	7.5735
16.9369	7.5791
16.9424	7.5791
16.9479	7.5791
16.9535	7.5791
16.9590	7.5791
16.9645	7.5846
16.9700	7.5846
16.9756	7.5846
16.9756	7.5901
16.9811	7.5901
16.9866	7.5901
16.9921	7.5901
16.9977	7.5901
16.9977	7.5956
17.0032	7.5956
17.0087	7.5956
17.0087	7.6012
17.0142	7.6012
17.0198	7.6012
17.0253	7.6012
17.0253	7.6067
17.0308	7.6067
17.0363	7.6067
17.0419	7.6067
17.0419	7.6122
17.0474	7.6122
17.0529	7.6122
17.0584	7.6122
17.0640	7.6122
17.0695	7.6122
17.0750	7.6122
17.0805	7.6122
17.0861	7.6177
17.0861	7.6233
17.0916	7.6233
17.0971	7.6233
17.1026	7.6233
17.1081	7.6233
17.1081	7.6288
17.1137	7.6343
17.1192	7.6343
17.1247	7.6343
17.1302	7.6343
17.1302	7.6398
17.1358	7.6398
17.1413	7.6398
17.1413	7.6454
17.1468	7.6454
17.1523	7.6454
17.1579	7.6454
17.1634	7.6454
17.1634	7.6509
17.1689	7.6509
17.1689	7.6564
17.1744	7.6564
17.1800	7.6564
17.1855	7.6619
17.1855	7.6675
17.1910	7.6675
17.1965	7.6675
17.1965	7.6730
17.2021	7.6730
17.2021	7.6785
17.2076	7.6785
17.2131	7.6785
17.2131	7.6840
17.2186	7.6840
17.2186	7.6896
17.2242	7.6896
17.2297	7.6896
17.2297	7.6951
17.2352	7.6951
17.2352	7.7006
17.2407	7.7006
17.2463	7.7006
17.2463	7.7061
17.2518	7.7061
17.2518	7.7116
17.2573	7.7116
17.2628	7.7116
17.2628	7.7172
17.2683	7.7172
17.2683	7.7227
17.2739	7.7227
17.2739	7.7282
17.2794	7.7282
17.2849	7.7282
17.2849	7.7337
17.2904	7.7337
17.2960	7.7337
17.2960	7.7393
17.2960	7.7448
17.3015	7.7448
17.3070	7.7448
17.3070	7.7503
17.3125	7.7503
17.3125	7.7558
17.3181	7.7558
17.3181	7.7614
17.3236	7.7614
17.3291	7.7669
17.3346	7.7669
17.3346	7.7724
17.3402	7.7724
17.3402	7.7779
17.3457	7.7779
17.3457	7.7835
17.3512	7.7835
17.3512	7.7890
17.3567	7.7890
17.3567	7.7945
17.3623	7.7945
17.3623	7.8000
17.3678	7.8000
17.3678	7.8056
17.3733	7.8056
17.3733	7.8111
17.3788	7.8111
17.3844	7.8166
17.3844	7.8221
17.3899	7.8221
17.3954	7.8221
17.3954	7.8277
17.4009	7.8277
17.4009	7.8332
17.4064	7.8332
17.4064	7.8387
17.4064	7.8442
17.4120	7.8442
17.4120	7.8498
17.4120	7.8553
17.4175	7.8553
17.4175	7.8608
17.4175	7.8663
17.4175	7.8718
17.4175	7.8774
17.4175	7.8829
17.4175	7.8884
17.4175	7.8939
17.4175	7.8995
17.4120	7.9050
17.4120	7.9105
17.4064	7.9105
17.4064	7.9160
17.4009	7.9160
17.4009	7.9216
17.4009	7.9271
17.3954	7.9271
17.3954	7.9326
17.3899	7.9326
17.3844	7.9326
17.3788	7.9326
17.3733	7.9326
17.3733	7.9381
17.3678	7.9381
17.3623	7.9381
17.3567	7.9381
17.3512	7.9381
17.3512	7.9437
17.3457	7.9437
17.3402	7.9437
17.3346	7.9437
17.3291	7.9437
17.3236	7.9437
17.3181	7.9437
17.3125	7.9437
17.3070	7.9437
17.3015	7.9437
17.2960	7.9437
17.2960	7.9381
17.2904	7.9381
17.2849	7.9381
17.2794	7.9381
17.2739	7.9381
17.2683	7.9381
17.2628	7.9381
17.2573	7.9381
17.2518	7.9381
17.2463	7.9381
17.2407	7.9381
17.2352	7.9381
17.2297	7.9381
17.2297	7.9437
17.2242	7.9437
17.2186	7.9437
17.2186	7.9492
17.2131	7.9492
17.2076	7.9547
17.2021	7.9547
17.2021	7.9602
17.1965	7.9602
17.1965	7.9658
17.1910	7.9658
17.1855	7.9658
17.1855	7.9713
17.1800	7.9713
17.1744	7.9713
17.1744	7.9768
17.1689	7.9768
17.1634	7.9768
17.1579	7.9768
17.1523	7.9768
17.1468	7.9768
17.1413	7.9768
17.1413	7.9823
17.1358	7.9823
17.1302	7.9823
17.1247	7.9823
17.1247	7.9879
17.1192	7.9879
17.1137	7.9879
17.1081	7.9879
17.1081	7.9934
17.1026	7.9934
17.0971	7.9934
17.0971	7.9989
17.0971	8.0044
17.0916	8.0044
17.0916	8.0099
17.0861	8.0099
17.0861	8.0155
17.0861	8.0210
17.0805	8.0210
17.0805	8.0265
17.0750	8.0265
17.0750	8.0320
17.0750	8.0376
17.0750	8.0431
17.0750	8.0486
17.0750	8.0541
17.0695	8.0541
17.0695	8.0597
17.0695	8.0652
17.0640	8.0652
17.0640	8.0707
17.0640	8.0762
17.0640	8.0818
17.0640	8.0873
17.0584	8.0873
17.0584	8.0928
17.0529	8.0983
17.0529	8.1039
17.0529	8.1094
17.0474	8.1094
17.0419	8.1094
17.0419	8.1149
17.0419	8.1204
17.0363	8.1204
17.0363	8.1260
17.0308	8.1260
17.0308	8.1315
17.0308	8.1370
17.0253	8.1370
17.0253	8.1425
17.0198	8.1425
17.0142	8.1425
17.0142	8.1481
17.0087	8.1481
17.0087	8.1536
17.0032	8.1536
17.0032	8.1591
16.9977	8.1591
16.9921	8.1591
16.9866	8.1591
16.9866	8.1646
16.9811	8.1646
16.9756	8.1646
16.9756	8.1701
16.9700	8.1701
16.9645	8.1701
16.9645	8.1757
16.9590	8.1757
16.9535	8.1757
16.9535	8.1812
16.9535	8.1867
16.9479	8.1867
16.9424	8.1867
16.9424	8.1922
16.9424	8.1978
16.9369	8.1978
16.9314	8.1978
16.9314	8.2033
16.9314	8.2088
16.9259	8.2088
16.9203	8.2088
16.9203	8.2143
16.9148	8.2143
16.9148	8.2199
16.9093	8.2199
16.9093	8.2254
16.9038	8.2254
16.8982	8.2254
16.8982	8.2309
16.8927	8.2309
16.8872	8.2309
16.8817	8.2309
16.8817	8.2364
16.8761	8.2364
16.8706	8.2364
16.8706	8.2420
16.8651	8.2420
16.8596	8.2420
16.8540	8.2420
16.8540	8.2475
16.8485	8.2475
16.8430	8.2475
16.8375	8.2475
16.8319	8.2475
16.8319	8.2530
16.8264	8.2530
16.8209	8.2530
16.8154	8.2530
16.8098	8.2530
16.8043	8.2530
16.8043	8.2585
16.7988	8.2585
16.7988	8.2641
16.7933	8.2641
16.7877	8.2641
16.7877	8.2696
16.7822	8.2696
16.7767	8.2696
16.7767	8.2751
16.7712	8.2751
16.7657	8.2806
16.7657	8.2862
16.7601	8.2862
16.7546	8.2862
16.7546	8.2917
16.7491	8.2917
16.7491	8.2972
16.7436	8.2972
16.7380	8.2972
16.7380	8.3027
16.7325	8.3083
16.7270	8.3083
16.7270	8.3138
16.7215	8.3193
16.7159	8.3193
16.7159	8.3248
16.7104	8.3248
16.7104	8.3303
16.7049	8.3303
16.7049	8.3359
16.6994	8.3359
16.6994	8.3414
16.6938	8.3414
16.6938	8.3469
16.6883	8.3469
16.6883	8.3524
16.6828	8.3524
16.6828	8.3580
16.6773	8.3580
16.6773	8.3635
16.6717	8.3635
16.6717	8.3690
16.6662	8.3690
16.6662	8.3745
16.6607	8.3745
16.6552	8.3745
16.6552	8.3801
16.6552	8.3856
16.6496	8.3856
16.6441	8.3856
16.6441	8.3911
16.6386	8.3911
16.6386	8.3966
16.6331	8.3966
16.6276	8.3966
16.6276	8.4022
16.6220	8.4022
16.6220	8.4077
16.6165	8.4077
16.6165	8.4132
16.6110	8.4132
16.6110	8.4187
16.6055	8.4187
16.6055	8.4243
16.6055	8.4298
16.5999	8.4298
16.5999	8.4353
16.5944	8.4353
16.5944	8.4408
16.5889	8.4408
16.5889	8.4464
16.5889	8.4519
16.5834	8.4519
16.5834	8.4574
16.5778	8.4574
16.5778	8.4629
16.5778	8.4685
16.5778	8.4740
16.5723	8.4740
16.5723	8.4795
16.5668	8.4850
16.5668	8.4905
16.5613	8.4961
16.5557	8.4961
16.5557	8.5016
16.5557	8.5071
16.5557	8.5126
16.5502	8.5126
16.5502	8.5182
16.5502	8.5237
16.5447	8.5237
16.5447	8.5292
16.5447	8.5347
16.5392	8.5347
16.5392	8.5403
16.5336	8.5403
16.5336	8.5458
16.5336	8.5513
16.5281	8.5513
16.5226	8.5513
16.5226	8.5568
16.5226	8.5624
16.5171	8.5624
16.5115	8.5624
16.5115	8.5679
16.5060	8.5679
16.5060	8.5734
16.5005	8.5734
16.5005	8.5789
16.4950	8.5789
16.4950	8.5845
16.4894	8.5845
16.4839	8.5845
16.4784	8.5845
16.4784	8.5900
16.4729	8.5900
16.4674	8.5955
16.4618	8.5955
16.4563	8.5955
16.4563	8.6010
16.4508	8.6010
16.4453	8.6010
16.4397	8.6010
16.4342	8.6010
16.4342	8.6066
16.4287	8.6066
16.4232	8.6066
16.4176	8.6066
16.4121	8.6066
16.4121	8.6121
16.4066	8.6121
16.4011	8.6121
16.4011	8.6176
16.3955	8.6176
16.3900	8.6176
16.3845	8.6176
16.3790	8.6176
16.3734	8.6176
16.3679	8.6176
16.3624	8.6176
16.3624	8.6231
16.3569	8.6231
16.3513	8.6231
16.3513	8.6286
16.3458	8.6286
16.3403	8.6286
16.3348	8.6286
16.3292	8.6286
16.3237	8.6286
16.3237	8.6342
16.3182	8.6342
16.3127	8.6342
16.3072	8.6342
16.3016	8.6397
16.2961	8.6397
16.2906	8.6397
16.2906	8.6452
16.2851	8.6452
16.2851	8.6507
16.2795	8.6507
16.2740	8.6507
16.2685	8.6507
16.2685	8.6563
16.2630	8.6563
16.2574	8.6563
16.2574	8.6618
16.2519	8.6618
16.2464	8.6618
16.2464	8.6673
16.2409	8.6728
16.2353	8.6728
16.2298	8.6728
16.2298	8.6784
16.2243	8.6784
16.2243	8.6839
16.2188	8.6839
16.2132	8.6839
16.2132	8.6894
16.2132	8.6949
16.2077	8.6949
16.2022	8.6949
16.2022	8.7005
16.1967	8.7005
16.1967	8.7060
16.1911	8.7060
16.1856	8.7060
16.1801	8.7060
16.1801	8.7115
16.1801	8.7170
16.1746	8.7170
16.1690	8.7170
16.1690	8.7226
16.1635	8.7226
16.1580	8.7226
16.1580	8.7281
16.1525	8.7336
16.1470	8.7391
16.1414	8.7391
16.1414	8.7447
16.1359	8.7447
16.1359	8.7502
16.1359	8.7557
16.1304	8.7557
16.1304	8.7612
16.1249	8.7612
16.1249	8.7668
16.1193	8.7668
16.1193	8.7723
16.1138	8.7723
16.1138	8.7778
16.1083	8.7833
16.1028	8.7833
16.1028	8.7888
16.1028	8.7944
16.0972	8.7944
16.0917	8.7944
16.0917	8.7999
16.0862	8.7999
16.0862	8.8054
16.0807	8.8054
16.0751	8.8109
16.0696	8.8109
16.0696	8.8165
16.0641	8.8165
16.0586	8.8165
16.0530	8.8165
16.0475	8.8220
16.0475	8.8275
16.0420	8.8275
16.0365	8.8275
16.0309	8.8275
16.0309	8.8330
16.0254	8.8330
16.0199	8.8330
16.0144	8.8330
16.0089	8.8330
16.0033	8.8330
16.0033	8.8386
15.9978	8.8386
15.9923	8.8386
15.9868	8.8386
15.9812	8.8386
15.9757	8.8386
15.9702	8.8386
15.9647	8.8386
15.9591	8.8386
15.9536	8.8386
15.9481	8.8386
15.9426	8.8386
15.9370	8.8386
15.9315	8.8386
15.9260	8.8386
15.9205	8.8386
15.9149	8.8386
15.9149	8.8330
15.9094	8.8330
15.9039	8.8330
15.8984	8.8330
15.8928	8.8330
15.8873	8.8330
15.8818	8.8330
15.8763	8.8330
15.8707	8.8330
15.8652	8.8330
15.8652	8.8386
15.8597	8.8386
15.8542	8.8386
15.8487	8.8386
15.8487	8.8441
15.8431	8.8441
15.8376	8.8441
15.8376	8.8496
15.8321	8.8496
15.8266	8.8496
15.8266	8.8551
15.8266	8.8607
15.8210	8.8607
15.8210	8.8662
15.8155	8.8717
15.8155	8.8772
15.8155	8.8828
15.8155	8.8883
15.8155	8.8938
15.8100	8.8938
15.8100	8.8993
15.8100	8.9049
15.8100	8.9104
15.8100	8.9159
15.8100	8.9214
15.8155	8.9214
15.8155	8.9270
15.8155	8.9325
15.8155	8.9380
15.8155	8.9435
15.8155	8.9490
15.8155	8.9546
15.8155	8.9601
15.8155	8.9656
15.8155	8.9711
15.8155	8.9767
15.8155	8.9822
15.8100	8.9822
15.8100	8.9877
15.8100	8.9932
15.8045	8.9932
15.8045	8.9988
15.8045	9.0043
15.8045	9.0098
15.7989	9.0098
15.7989	9.0153
15.7934	9.0153
15.7934	9.0209
15.7879	9.0209
15.7824	9.0209
15.7824	9.0264
15.7768	9.0264
15.7713	9.0264
15.7658	9.0264
15.7603	9.0264
15.7547	9.0264
15.7492	9.0264
15.7492	9.0319
15.7437	9.0319
15.7437	9.0374
15.7382	9.0374
15.7326	9.0374
15.7271	9.0374
15.7271	9.0430
15.7216	9.0430
15.7216	9.0485
15.7161	9.0485
15.7105	9.0485
15.7050	9.0485
15.7050	9.0540
15.6995	9.0540
15.6940	9.0540
15.6940	9.0595
15.6885	9.0595
15.6885	9.0651
15.6829	9.0651
15.6829	9.0706
15.6774	9.0706
15.6719	9.0706
15.6719	9.0761
15.6664	9.0761
15.6664	9.0816
15.6608	9.0816
15.6608	9.0871
15.6553	9.0927
15.6498	9.0927
15.6498	9.0982
15.6443	9.0982
15.6443	9.1037
15.6387	9.1037
15.6332	9.1037
15.6332	9.1092
15.6332	9.1148
15.6277	9.1148
15.6222	9.1148
15.6222	9.1203
15.6166	9.1203
15.6166	9.1258
15.6111	9.1258
15.6111	9.1313
15.6056	9.1313
15.6056	9.1369
15.6001	9.1369
15.5945	9.1369
15.5945	9.1424
15.5890	9.1424
15.5890	9.1479
15.5835	9.1479
15.5780	9.1479
15.5724	9.1479
15.5669	9.1479
15.5669	9.1534
15.5614	9.1534
15.5559	9.1534
15.5559	9.1590
15.5504	9.1590
15.5448	9.1590
15.5393	9.1590
15.5338	9.1590
15.5283	9.1590
15.5227	9.1590
15.5172	9.1590
15.5117	9.1590
15.5062	9.1590
15.5006	9.1590
15.4951	9.1590
15.4951	9.1645
15.4896	9.1645
15.4841	9.1645
15.4785	9.1645
15.4785	9.1700
15.4730	9.1700
15.4675	9.1700
15.4620	9.1700
15.4620	9.1755
15.4564	9.1755
15.4509	9.1755
15.4509	9.1811
15.4454	9.1811
15.4399	9.1811
15.4399	9.1866
15.4399	9.1921
15.4343	9.1921
15.4343	9.1976
15.4343	9.2032
15.4343	9.2087
15.4288	9.2087
15.4288	9.2142
15.4288	9.2197
15.4233	9.2197
15.4233	9.2253
15.4178	9.2253
15.4178	9.2308
15.4178	9.2363
15.4122	9.2363
15.4122	9.2418
15.4067	9.2418
15.4067	9.2473
15.4012	9.2473
15.3957	9.2473
15.3902	9.2473
15.3846	9.2473
15.3791	9.2473
15.3736	9.2473
15.3681	9.2473
15.3625	9.2473
15.3570	9.2473
15.3515	9.2473
15.3515	9.2418
15.3460	9.2418
15.3460	9.2363
15.3404	9.2363
15.3404	9.2418
15.3349	9.2418
15.3294	9.2473
15.3294	9.2529
15.3239	9.2529
15.3239	9.2584
15.3183	9.2584
15.3183	9.2639
15.3128	9.2639
15.3128	9.2694
15.3073	9.2694
15.3018	9.2750
15.3018	9.2805
15.2962	9.2805
15.2962	9.2860
15.2962	9.2915
15.2907	9.2915
15.2907	9.2971
15.2852	9.2971
15.2852	9.3026
15.2852	9.3081
15.2797	9.3136
15.2741	9.3136
15.2741	9.3192
15.2686	9.3192
15.2686	9.3247
15.2631	9.3247
15.2631	9.3302
15.2631	9.3357
15.2576	9.3357
15.2576	9.3413
15.2520	9.3413
15.2520	9.3468
15.2520	9.3523
15.2465	9.3523
15.2465	9.3578
15.2410	9.3578
15.2410	9.3634
15.2355	9.3634
15.2355	9.3689
15.2355	9.3744
15.2300	9.3744
15.2300	9.3799
15.2300	9.3855
15.2244	9.3855
15.2244	9.3910
15.2189	9.3910
15.2189	9.3965
15.2189	9.4020
15.2134	9.4020
15.2079	9.4020
15.2079	9.4075
15.2023	9.4075
15.2023	9.4131
15.1968	9.4131
15.1913	9.4131
15.1913	9.4186
15.1858	9.4186
15.1858	9.4241
15.1802	9.4241
15.1747	9.4241
15.1692	9.4241
15.1637	9.4241
15.1581	9.4241
15.1526	9.4241
15.1471	9.4241
15.1416	9.4241
15.1360	9.4241
15.1305	9.4241
15.1250	9.4241
15.1195	9.4241
15.1139	9.4241
15.1084	9.4241
15.1029	9.4241
15.0974	9.4241
15.0918	9.4241
15.0863	9.4241
15.0808	9.4241
15.0753	9.4241
15.0753	9.4186
15.0698	9.4186
15.0642	9.4131
15.0587	9.4131
15.0532	9.4131
15.0477	9.4131
15.0421	9.4131
15.0366	9.4131
15.0311	9.4131
15.0311	9.4075
15.0256	9.4075
15.0200	9.4075
15.0145	9.4075
15.0090	9.4075
15.0090	9.4020
15.0090	9.3965
15.0090	9.3910
15.0090	9.3855
15.0035	9.3855
15.0035	9.3799
14.9979	9.3799
14.9979	9.3744
14.9979	9.3689
14.9979	9.3634
14.9979	9.3578
14.9979	9.3523
14.9979	9.3468
14.9979	9.3413
14.9979	9.3357
14.9979	9.3302
14.9979	9.3247
14.9979	9.3192
14.9979	9.3136
15.0035	9.3136
15.0090	9.3136
15.0090	9.3081
15.0090	9.3026
15.0145	9.3026
15.0145	9.2971
15.0145	9.2915
15.0145	9.2860
15.0090	9.2860
15.0035	9.2860
14.9979	9.2805
14.9924	9.2805
14.9869	9.2805
14.9814	9.2805
14.9758	9.2805
14.9703	9.2805
14.9648	9.2805
14.9648	9.2750
14.9593	9.2750
14.9537	9.2750
14.9482	9.2750
14.9427	9.2750
14.9427	9.2694
14.9372	9.2694
14.9317	9.2694
14.9261	9.2694
14.9206	9.2694
14.9206	9.2639
14.9206	9.2584
14.9151	9.2584
14.9096	9.2584
14.9040	9.2584
14.8985	9.2584
14.8930	9.2584
14.8930	9.2529
14.8875	9.2529
14.8819	9.2473
14.8764	9.2473
14.8709	9.2473
14.8654	9.2473
14.8654	9.2418
14.8598	9.2418
14.8543	9.2418
14.8488	9.2418
14.8433	9.2418
14.8433	9.2363
14.8377	9.2363
14.8322	9.2363
14.8322	9.2308
14.8267	9.2308
14.8212	9.2308
14.8156	9.2308
14.8156	9.2253
14.8101	9.2253
14.8046	9.2253
14.7991	9.2253
14.7935	9.2253
14.7880	9.2197
14.7880	9.2142
14.7825	9.2142
14.7770	9.2142
14.7715	9.2142
14.7659	9.2142
14.7604	9.2142
14.7604	9.2087
14.7549	9.2087
14.7494	9.2087
14.7438	9.2087
14.7438	9.2032
14.7438	9.1976
14.7438	9.1921
14.7438	9.1866
14.7383	9.1866
14.7383	9.1811
14.7328	9.1811
14.7328	9.1755
14.7328	9.1700
14.7328	9.1645
14.7273	9.1645
14.7273	9.1590
14.7217	9.1590
14.7217	9.1534
14.7217	9.1479
14.7162	9.1424
14.7162	9.1369
14.7107	9.1369
14.7107	9.1313
14.7107	9.1258
14.7052	9.1258
14.7052	9.1203
14.7052	9.1148
14.6996	9.1148
14.6941	9.1148
14.6886	9.1092
14.6886	9.1037
14.6831	9.1037
14.6831	9.0982
14.6831	9.0927
14.6775	9.0927
14.6775	9.0871
14.6775	9.0816
14.6775	9.0761
14.6775	9.0706
14.6720	9.0706
14.6720	9.0651
14.6665	9.0651
14.6665	9.0595
14.6665	9.0540
14.6665	9.0485
14.6665	9.0430
14.6665	9.0374
14.6665	9.0319
14.6665	9.0264
14.6665	9.0209
14.6665	9.0153
14.6665	9.0098
14.6665	9.0043
14.6665	8.9988
14.6665	8.9932
14.6665	8.9877
14.6665	8.9822
14.6665	8.9767
14.6665	8.9711
14.6665	8.9656
14.6665	8.9601
14.6720	8.9546
14.6720	8.9490
14.6720	8.9435
14.6720	8.9380
14.6720	8.9325
14.6720	8.9270
14.6720	8.9214
14.6720	8.9159
14.6665	8.9159
14.6665	8.9104
14.6665	8.9049
14.6610	8.9049
14.6554	8.9049
14.6499	8.8993
14.6444	8.8993
14.6444	8.8938
14.6389	8.8938
14.6333	8.8938
14.6333	8.8883
14.6278	8.8883
14.6223	8.8883
14.6223	8.8828
14.6168	8.8828
14.6168	8.8772
14.6113	8.8772
14.6113	8.8717
14.6057	8.8717
14.6002	8.8662
14.6002	8.8607
14.5947	8.8607
14.5892	8.8607
14.5892	8.8551
14.5836	8.8496
14.5781	8.8496
14.5726	8.8496
14.5726	8.8441
14.5671	8.8441
14.5671	8.8386
14.5615	8.8386
14.5560	8.8386
14.5560	8.8330
14.5505	8.8330
14.5450	8.8330
14.5450	8.8275
14.5394	8.8275
14.5339	8.8275
14.5284	8.8275
14.5284	8.8220
14.5229	8.8220
14.5173	8.8165
14.5118	8.8165
14.5063	8.8165
14.5008	8.8109
14.4952	8.8109
14.4952	8.8054
14.4897	8.8054
14.4842	8.8054
14.4842	8.7999
14.4787	8.7999
14.4787	8.7944
14.4732	8.7944
14.4676	8.7944
14.4676	8.7888
14.4621	8.7888
14.4621	8.7833
14.4566	8.7833
14.4511	8.7833
14.4455	8.7833
14.4455	8.7778
14.4455	8.7723
14.4400	8.7723
14.4345	8.7723
14.4345	8.7668
14.4290	8.7668
14.4290	8.7612
14.4234	8.7612
14.4234	8.7557
14.4179	8.7557
14.4179	8.7502
14.4124	8.7502
14.4124	8.7447
14.4069	8.7447
14.4069	8.7391
14.4013	8.7391
14.3958	8.7391
14.3903	8.7391
14.3903	8.7336
14.3903	8.7281
14.3848	8.7281
14.3792	8.7281
14.3792	8.7226
14.3737	8.7226
14.3737	8.7170
14.3682	8.7170
14.3682	8.7115
14.3627	8.7115
14.3571	8.7115
14.3571	8.7060
14.3516	8.7060
14.3461	8.7060
14.3406	8.7060
14.3406	8.7005
14.3350	8.7005
14.3350	8.6949
14.3295	8.6949
14.3240	8.6949
14.3185	8.6949
14.3185	8.6894
14.3130	8.6894
14.3130	8.6839
14.3074	8.6839
14.3019	8.6839
14.3019	8.6784
14.3019	8.6728
14.2964	8.6728
14.2909	8.6728
14.2909	8.6673
14.2853	8.6673
14.2853	8.6618
14.2798	8.6618
14.2743	8.6618
14.2688	8.6563
14.2688	8.6507
14.2632	8.6507
14.2632	8.6452
14.2577	8.6452
14.2577	8.6397
14.2522	8.6397
14.2467	8.6397
14.2467	8.6342
14.2411	8.6342
14.2411	8.6286
14.2356	8.6286
14.2356	8.6231
14.2356	8.6176
14.2301	8.6176
14.2246	8.6176
14.2246	8.6121
14.2190	8.6121
14.2190	8.6066
14.2135	8.6066
14.2135	8.6010
14.2080	8.6010
14.2080	8.5955
14.2025	8.5955
14.2025	8.5900
14.1969	8.5900
14.1969	8.5845
14.1914	8.5845
14.1859	8.5789
14.1804	8.5734
14.1748	8.5734
14.1748	8.5679
14.1693	8.5679
14.1693	8.5624
14.1638	8.5624
14.1638	8.5568
14.1583	8.5568
14.1583	8.5513
14.1528	8.5513
14.1472	8.5513
14.1472	8.5458
14.1472	8.5403
14.1417	8.5403
14.1362	8.5403
14.1362	8.5347
14.1307	8.5347
14.1307	8.5292
14.1251	8.5292
14.1196	8.5292
14.1196	8.5237
14.1141	8.5237
14.1141	8.5182
14.1086	8.5182
14.1030	8.5182
14.1030	8.5126
14.1030	8.5071
14.0975	8.5071
14.0975	8.5016
14.0920	8.5016
14.0920	8.4961
14.0865	8.4961
14.0809	8.4961
14.0809	8.4905
14.0809	8.4850
14.0754	8.4850
14.0699	8.4850
14.0699	8.4795
14.0644	8.4740
14.0588	8.4740
14.0588	8.4685
14.0533	8.4685
14.0533	8.4629
14.0478	8.4629
14.0423	8.4629
14.0367	8.4629
14.0367	8.4574
14.0367	8.4519
14.0312	8.4519
14.0257	8.4519
14.0257	8.4464
14.0202	8.4464
14.0202	8.4408
14.0146	8.4408
14.0091	8.4408
14.0091	8.4353
14.0036	8.4353
14.0036	8.4298
13.9981	8.4298
13.9926	8.4298
13.9926	8.4243
13.9870	8.4243
13.9815	8.4243
13.9815	8.4187
13.9760	8.4187
13.9705	8.4187
13.9705	8.4132
13.9649	8.4077
13.9594	8.4077
13.9539	8.4077
13.9539	8.4022
13.9484	8.4022
13.9484	8.3966
13.9428	8.3966
13.9373	8.3966
13.9373	8.3911
13.9318	8.3856
13.9263	8.3856
13.9263	8.3801
13.9207	8.3801
13.9207	8.3745
13.9152	8.3745
13.9097	8.3745
13.9097	8.3690
13.9042	8.3635
13.8986	8.3635
13.8986	8.3580
13.8931	8.3580
13.8931	8.3524
13.8876	8.3524
13.8876	8.3469
13.8821	8.3469
13.8821	8.3414
13.8765	8.3359
13.8765	8.3303
13.8710	8.3303
13.8710	8.3248
13.8710	8.3193
13.8655	8.3193
13.8600	8.3193
13.8600	8.3138
13.8600	8.3083
13.8600	8.3027
13.8545	8.2972
13.8545	8.2917
13.8489	8.2917
13.8489	8.2862
13.8489	8.2806
13.8489	8.2751
13.8434	8.2751
13.8434	8.2696
13.8434	8.2641
13.8379	8.2641
13.8379	8.2585
13.8379	8.2530
13.8379	8.2475
13.8379	8.2420
13.8379	8.2364
13.8379	8.2309
13.8379	8.2254
13.8379	8.2199
13.8324	8.2199
13.8324	8.2143
13.8324	8.2088
13.8268	8.2088
13.8268	8.2033
13.8268	8.1978
13.8268	8.1922
13.8268	8.1867
13.8268	8.1812
13.8268	8.1757
13.8268	8.1701
13.8268	8.1646
13.8268	8.1591
13.8268	8.1536
13.8268	8.1481
13.8268	8.1425
13.8268	8.1370
13.8268	8.1315
13.8268	8.1260
13.8268	8.1204
13.8324	8.1204
13.8379	8.1204
13.8379	8.1149
13.8379	8.1094
13.8379	8.1039
13.8379	8.0983
13.8434	8.0983
13.8489	8.0983
13.8489	8.0928
13.8489	8.0873
13.8545	8.0873
13.8545	8.0818
13.8600	8.0818
13.8600	8.0762
13.8655	8.0762
13.8655	8.0707
13.8655	8.0652
13.8710	8.0652
13.8710	8.0597
13.8710	8.0541
13.8765	8.0541
13.8821	8.0541
13.8821	8.0486
13.8821	8.0431
13.8821	8.0376
13.8876	8.0376
13.8876	8.0320
13.8931	8.0320
13.8931	8.0265
13.8986	8.0210
13.8986	8.0155
13.9042	8.0155
13.9042	8.0099
13.9042	8.0044
13.9097	8.0044
13.9097	7.9989
13.9152	7.9989
13.9152	7.9934
13.9152	7.9879
13.9152	7.9823
13.9207	7.9823
13.9207	7.9768
13.9263	7.9768
13.9263	7.9713
13.9263	7.9658
13.9318	7.9658
13.9318	7.9602
13.9373	7.9602
13.9373	7.9547
13.9373	7.9492
13.9428	7.9437
13.9428	7.9381
13.9484	7.9381
13.9484	7.9326
13.9484	7.9271
13.9484	7.9216
13.9539	7.9216
13.9539	7.9160
13.9594	7.9160
13.9594	7.9105
13.9594	7.9050
13.9594	7.8995
13.9594	7.8939
13.9594	7.8884
13.9594	7.8829
13.9594	7.8774
13.9594	7.8718
13.9594	7.8663
13.9594	7.8608
13.9594	7.8553
13.9539	7.8553
13.9539	7.8498
13.9539	7.8442
13.9539	7.8387
13.9484	7.8387
13.9484	7.8332
13.9484	7.8277
13.9484	7.8221
13.9484	7.8166
13.9428	7.8166
13.9428	7.8111
13.9373	7.8111
13.9373	7.8056
13.9373	7.8000
13.9373	7.7945
13.9318	7.7945
13.9318	7.7890
13.9318	7.7835
13.9263	7.7835
13.9263	7.7779
13.9263	7.7724
13.9263	7.7669
13.9263	7.7614
13.9263	7.7558
13.9263	7.7503
13.9263	7.7448
13.9263	7.7393
13.9263	7.7337
13.9318	7.7337
13.9318	7.7282
13.9373	7.7282
13.9373	7.7227
13.9373	7.7172
13.9373	7.7116
13.9428	7.7116
13.9428	7.7061
13.9484	7.7061
13.9484	7.7006
13.9539	7.7006
13.9539	7.6951
13.9594	7.6951
13.9594	7.6896
13.9649	7.6896
13.9649	7.6840
13.9705	7.6840
13.9705	7.6785
13.9760	7.6785
13.9760	7.6730
13.9815	7.6730
13.9815	7.6675
13.9815	7.6619
13.9870	7.6619
13.9870	7.6564
13.9870	7.6509
13.9926	7.6509
13.9926	7.6454
13.9926	7.6398
13.9926	7.6343
13.9926	7.6288
13.9926	7.6233
13.9981	7.6233
13.9981	7.6177
14.0036	7.6177
14.0036	7.6122
14.0036	7.6067
14.0036	7.6012
14.0036	7.5956
14.0036	7.5901
14.0036	7.5846
14.0036	7.5791
14.0036	7.5735
14.0091	7.5735
14.0091	7.5680
14.0091	7.5625
14.0091	7.5570
14.0091	7.5514
14.0036	7.5514
14.0036	7.5459
13.9981	7.5459
13.9926	7.5459
13.9870	7.5459
13.9815	7.5459
13.9760	7.5459
13.9705	7.5459
13.9705	7.5404
13.9649	7.5404
13.9594	7.5404
13.9594	7.5349
13.9539	7.5349
13.9484	7.5349
13.9428	7.5349
13.9373	7.5349
13.9318	7.5349
13.9263	7.5349
13.9207	7.5349
13.9152	7.5349
13.9097	7.5349
13.9042	7.5349
13.8986	7.5349
13.8931	7.5349
13.8876	7.5349
13.8821	7.5349
13.8765	7.5349
13.8765	7.5294
13.8710	7.5294
13.8655	7.5294
13.8600	7.5294
13.8545	7.5294
13.8489	7.5294
13.8434	7.5238
13.8379	7.5238
13.8324	7.5238
13.8268	7.5238
13.8213	7.5238
13.8158	7.5238
13.8103	7.5238
13.8047	7.5238
13.7992	7.5238
13.7937	7.5238
13.7882	7.5238
13.7826	7.5238
13.7771	7.5238
13.7716	7.5238
13.7661	7.5238
13.7605	7.5238
13.7550	7.5238
13.7495	7.5238
13.7440	7.5238
13.7384	7.5183
13.7329	7.5183
13.7274	7.5183
13.7219	7.5183
13.7163	7.5183
13.7163	7.5128
13.7108	7.5128
13.7053	7.5128
13.6998	7.5128
13.6943	7.5128
13.6887	7.5128
13.6832	7.5128
13.6777	7.5128
13.6722	7.5128
13.6666	7.5128
13.6611	7.5128
13.6556	7.5128
13.6501	7.5128
13.6445	7.5128
13.6390	7.5128
13.6335	7.5128
13.6280	7.5128
13.6280	7.5183
13.6169	7.5183
13.6114	7.5183
13.6059	7.5183
13.6003	7.5183
13.6003	7.5238
13.5948	7.5238
13.5893	7.5238
13.5838	7.5238
13.5838	7.5294
13.5782	7.5294
13.5727	7.5349
13.5672	7.5349
13.5617	7.5349
13.5561	7.5349
13.5561	7.5404
13.5506	7.5404
13.5506	7.5459
13.5451	7.5459
13.5396	7.5459
13.5396	7.5514
13.5341	7.5514
13.5341	7.5570
13.5285	7.5570
13.5285	7.5625
13.5230	7.5625
13.5230	7.5680
13.5175	7.5680
13.5120	7.5680
13.5120	7.5735
13.5120	7.5791
13.5064	7.5791
13.5064	7.5846
13.5009	7.5846
13.4954	7.5901
13.4954	7.5956
13.4899	7.5956
13.4899	7.6012
13.4843	7.6012
13.4843	7.6067
13.4788	7.6067
13.4788	7.6122
13.4733	7.6122
13.4678	7.6122
13.4678	7.6177
13.4622	7.6177
13.4622	7.6233
13.4567	7.6233
13.4512	7.6233
13.4512	7.6288
13.4457	7.6343
13.4401	7.6343
13.4401	7.6398
13.4346	7.6398
13.4291	7.6398
13.4291	7.6454
13.4236	7.6454
13.4236	7.6509
13.4180	7.6509
13.4180	7.6564
13.4125	7.6564
13.4125	7.6619
13.4070	7.6619
13.4070	7.6675
13.4015	7.6675
13.3960	7.6675
13.3960	7.6730
13.3960	7.6785
13.3904	7.6785
13.3849	7.6785
13.3849	7.6840
13.3849	7.6896
13.3794	7.6896
13.3794	7.6951
13.3739	7.7006
13.3739	7.7061
13.3739	7.7116
13.3683	7.7116
13.3683	7.7172
13.3628	7.7172
13.3628	7.7227
13.3628	7.7282
13.3573	7.7282
13.3573	7.7337
13.3518	7.7337
13.3518	7.7393
13.3518	7.7448
13.3462	7.7448
13.3407	7.7448
13.3407	7.7503
13.3407	7.7558
13.3352	7.7558
13.3297	7.7558
13.3297	7.7614
13.3297	7.7669
13.3241	7.7669
13.3186	7.7669
13.3186	7.7724
13.3186	7.7779
13.3131	7.7779
13.3076	7.7779
13.3076	7.7835
13.3020	7.7890
13.2965	7.7890
13.2910	7.7890
13.2910	7.7945
13.2855	7.7945
13.2799	7.7945
13.2744	7.7945
13.2744	7.8000
13.2689	7.8000
13.2634	7.8000
13.2634	7.8056
13.2578	7.8056
13.2523	7.8056
13.2523	7.8111
13.2468	7.8111
13.2413	7.8111
13.2358	7.8111
13.2302	7.8111
13.2247	7.8111
13.2192	7.8166
13.2137	7.8166
13.2081	7.8166
13.2081	7.8221
13.2026	7.8221
13.1971	7.8221
13.1916	7.8221
13.1860	7.8221
13.1805	7.8221
13.1750	7.8221
13.1750	7.8277
13.1695	7.8277
13.1639	7.8277
13.1584	7.8277
13.1529	7.8277
13.1529	7.8332
13.1474	7.8332
13.1418	7.8332
13.1363	7.8332
13.1308	7.8332
13.1308	7.8387
13.1253	7.8387
13.1197	7.8387
13.1197	7.8442
13.1142	7.8442
13.1087	7.8442
13.1032	7.8442
13.1032	7.8498
13.0976	7.8498
13.0921	7.8498
13.0866	7.8498
13.0866	7.8553
13.0811	7.8553
13.0756	7.8553
13.0756	7.8608
13.0700	7.8663
13.0645	7.8663
13.0645	7.8718
13.0645	7.8774
13.0590	7.8774
13.0535	7.8774
13.0535	7.8829
13.0479	7.8884
13.0424	7.8884
13.0424	7.8939
13.0424	7.8995
13.0369	7.8995
13.0314	7.8995
13.0314	7.9050
13.0314	7.9105
13.0258	7.9105
13.0203	7.9105
13.0203	7.9160
13.0148	7.9160
13.0093	7.9216
13.0037	7.9216
12.9982	7.9216
12.9927	7.9216
12.9927	7.9271
12.9872	7.9271
12.9816	7.9271
12.9761	7.9271
12.9706	7.9271
12.9651	7.9271
12.9595	7.9271
12.9540	7.9271
12.9485	7.9271
12.9430	7.9216
12.9374	7.9216
12.9319	7.9216
12.9264	7.9216
12.9209	7.9216
12.9209	7.9160
12.9154	7.9160
12.9098	7.9160
12.9043	7.9160
12.9043	7.9105
12.8988	7.9105
12.8933	7.9105
12.8877	7.9050
12.8877	7.8995
12.8822	7.8995
12.8767	7.8995
12.8767	7.8939
12.8712	7.8939
12.8656	7.8939
12.8656	7.8884
12.8601	7.8884
12.8546	7.8884
12.8491	7.8884
12.8435	7.8884
12.8435	7.8829
12.8380	7.8829
12.8325	7.8829
12.8270	7.8829
12.8270	7.8774
12.8214	7.8774
12.8159	7.8774
12.8104	7.8774
12.8049	7.8774
12.7993	7.8774
12.7938	7.8774
12.7883	7.8774
12.7828	7.8774
12.7773	7.8774
12.7717	7.8774
12.7662	7.8774
12.7607	7.8774
12.7552	7.8774
12.7496	7.8774
12.7441	7.8774
12.7441	7.8829
12.7331	7.8829
12.7275	7.8829
12.7220	7.8884
12.7165	7.8884
12.7110	7.8884
12.7054	7.8884
12.6999	7.8884
12.6944	7.8939
12.6889	7.8939
12.6889	7.8995
12.6833	7.8995
12.6778	7.8995
12.6723	7.8995
12.6668	7.8995
12.6612	7.8995
12.6557	7.8995
12.6502	7.8995
12.6447	7.8995
12.6391	7.8995
12.6336	7.8995
12.6281	7.8995
12.6226	7.8995
12.6171	7.8995
12.6115	7.8939
12.6115	7.8884
12.6060	7.8884
12.6005	7.8884
12.6005	7.8829
12.5950	7.8829
12.5950	7.8774
12.5894	7.8774
12.5839	7.8718
12.5839	7.8663
12.5784	7.8663
12.5784	7.8608
12.5784	7.8553
12.5729	7.8553
12.5729	7.8498
12.5729	7.8442
12.5673	7.8442
12.5673	7.8387
12.5673	7.8332
12.5673	7.8277
12.5673	7.8221
12.5673	7.8166
12.5673	7.8111
12.5618	7.8111
12.5618	7.8056
12.5618	7.8000
12.5563	7.8000
12.5563	7.7945
12.5508	7.7945
12.5508	7.7890
12.5452	7.7890
12.5452	7.7835
12.5397	7.7835
12.5397	7.7779
12.5342	7.7779
12.5342	7.7724
12.5287	7.7724
12.5231	7.7724
12.5231	7.7669
12.5176	7.7669
12.5176	7.7614
12.5121	7.7614
12.5121	7.7558
12.5066	7.7558
12.5010	7.7503
12.5010	7.7448
12.4955	7.7448
12.4900	7.7393
12.4900	7.7337
12.4845	7.7337
12.4789	7.7337
12.4789	7.7282
12.4734	7.7227
12.4679	7.7227
12.4679	7.7172
12.4624	7.7172
12.4624	7.7116
12.4569	7.7116
12.4569	7.7061
12.4513	7.7006
12.4458	7.7006
12.4458	7.6951
12.4403	7.6951
12.4403	7.6896
12.4348	7.6896
12.4348	7.6840
12.4348	7.6785
12.4292	7.6785
12.4237	7.6785
12.4237	7.6730
12.4237	7.6675
12.4182	7.6675
12.4182	7.6619
12.4127	7.6619
12.4127	7.6564
12.4127	7.6509
12.4071	7.6509
12.4016	7.6509
12.3961	7.6454
12.3906	7.6454
12.3850	7.6454
12.3795	7.6454
12.3740	7.6454
12.3685	7.6454
12.3629	7.6454
12.3574	7.6454
12.3464	7.6454
12.3408	7.6454
12.3353	7.6454
12.3298	7.6454
12.3243	7.6454
12.3188	7.6454
12.3132	7.6454
12.3132	7.6398
12.3077	7.6398
12.3022	7.6398
12.2967	7.6398
12.2911	7.6398
12.2856	7.6398
12.2801	7.6398
12.2801	7.6343
12.2746	7.6343
12.2690	7.6343
12.2635	7.6343
12.2580	7.6343
12.2525	7.6343
12.2469	7.6343
12.2414	7.6343
12.2414	7.6288
12.2359	7.6288
12.2359	7.6233
12.2304	7.6233
12.2248	7.6233
12.2248	7.6177
12.2193	7.6122
12.2138	7.6122
12.2138	7.6067
12.2138	7.6012
12.2083	7.6012
12.2083	7.5956
12.2027	7.5956
12.2027	7.5901
12.1972	7.5901
12.1972	7.5846
12.1972	7.5791
12.1917	7.5791
12.1917	7.5735
12.1917	7.5680
12.1862	7.5680
12.1806	7.5680
12.1806	7.5625
12.1806	7.5570
12.1751	7.5570
12.1751	7.5514
12.1696	7.5514
12.1696	7.5459
12.1696	7.5404
12.1696	7.5349
12.1696	7.5294
12.1641	7.5294
12.1641	7.5238
12.1641	7.5183
12.1586	7.5183
12.1586	7.5128
12.1586	7.5073
12.1586	7.5017
12.1586	7.4962
12.1586	7.4907
12.1586	7.4852
12.1586	7.4796
12.1586	7.4741
12.1586	7.4686
12.1586	7.4631
12.1586	7.4575
12.1586	7.4520
12.1586	7.4465
12.1586	7.4410
12.1586	7.4354
12.1641	7.4354
12.1641	7.4299
12.1641	7.4244
12.1641	7.4189
12.1641	7.4133
12.1696	7.4133
12.1696	7.4078
12.1696	7.4023
12.1696	7.3968
12.1696	7.3913
12.1696	7.3857
12.1696	7.3802
12.1696	7.3747
12.1696	7.3692
12.1696	7.3636
12.1641	7.3581
12.1586	7.3581
12.1586	7.3526
12.1586	7.3471
12.1586	7.3415
12.1530	7.3415
12.1530	7.3360
12.1530	7.3305
12.1530	7.3250
12.1475	7.3250
12.1475	7.3194
12.1475	7.3139
12.1475	7.3084
12.1420	7.3084
12.1420	7.3029
12.1365	7.3029
12.1365	7.2973
12.1365	7.2918
12.1365	7.2863
12.1365	7.2808
12.1365	7.2752
12.1365	7.2697
12.1309	7.2697
12.1254	7.2697
12.1254	7.2642
12.1254	7.2587
12.1254	7.2531
12.1254	7.2476
12.1199	7.2421
12.1199	7.2366
12.1144	7.2311
12.1144	7.2255
12.1144	7.2200
12.1144	7.2145
12.1088	7.2145
12.1088	7.2090
12.1088	7.2034
12.1033	7.2034
12.1033	7.1979
12.1033	7.1924
12.1033	7.1869
12.0978	7.1813
12.0978	7.1758
12.0978	7.1703
12.0923	7.1703
12.0923	7.1648
12.0923	7.1592
12.0923	7.1537
12.0923	7.1482
12.0867	7.1482
12.0867	7.1427
12.0812	7.1371
12.0812	7.1316
12.0812	7.1261
12.0757	7.1261
12.0757	7.1206
12.0757	7.1150
12.0702	7.1150
12.0702	7.1095
12.0702	7.1040
12.0702	7.0985
12.0646	7.0929
12.0646	7.0874
12.0591	7.0819
12.0591	7.0764
12.0591	7.0709
12.0591	7.0653
12.0591	7.0598
12.0591	7.0543
12.0536	7.0543
12.0536	7.0488
12.0536	7.0432
12.0536	7.0377
12.0536	7.0322
12.0536	7.0267
12.0536	7.0211
12.0536	7.0156
12.0536	7.0101
12.0536	7.0046
12.0536	6.9990
12.0536	6.9935
12.0481	6.9935
12.0481	6.9880
12.0481	6.9825
12.0481	6.9769
12.0481	6.9714
12.0425	6.9714
12.0425	6.9659
12.0370	6.9604
12.0315	6.9604
12.0315	6.9548
12.0315	6.9493
12.0260	6.9493
12.0260	6.9438
12.0204	6.9438
12.0204	6.9383
12.0204	6.9327
12.0149	6.9327
12.0149	6.9272
12.0094	6.9217
12.0094	6.9162
12.0039	6.9162
12.0039	6.9107
12.0039	6.9051
11.9984	6.9051
11.9984	6.8996
11.9984	6.8941
11.9928	6.8941
11.9928	6.8886
11.9928	6.8830
11.9873	6.8830
11.9873	6.8775
11.9818	6.8775
11.9818	6.8720
11.9818	6.8665
11.9763	6.8665
11.9763	6.8609
11.9707	6.8609
11.9707	6.8554
11.9707	6.8499
11.9707	6.8444
11.9652	6.8444
11.9597	6.8388
11.9597	6.8333
11.9597	6.8278
11.9542	6.8278
11.9542	6.8223
11.9486	6.8223
11.9486	6.8167
11.9486	6.8112
11.9486	6.8057
11.9486	6.8002
11.9431	6.7946
11.9431	6.7891
11.9431	6.7836
11.9376	6.7836
11.9376	6.7781
11.9376	6.7726
11.9376	6.7670
11.9376	6.7615
11.9376	6.7560
11.9376	6.7505
11.9376	6.7449
11.9376	6.7394
11.9376	6.7339
11.9376	6.7284
11.9376	6.7228
11.9376	6.7173
11.9376	6.7118
11.9376	6.7063
11.9376	6.7007
11.9376	6.6952
11.9376	6.6897
11.9376	6.6842
11.9376	6.6786
11.9431	6.6731
11.9431	6.6676
11.9431	6.6621
11.9486	6.6621
11.9486	6.6565
11.9486	6.6510
11.9542	6.6510
11.9542	6.6455
11.9542	6.6400
11.9597	6.6400
11.9597	6.6344
11.9597	6.6289
11.9652	6.6234
11.9652	6.6179
11.9707	6.6179
11.9707	6.6124
11.9707	6.6068
11.9707	6.6013
11.9763	6.6013
11.9763	6.5958
11.9818	6.5958
11.9818	6.5903
11.9818	6.5847
11.9873	6.5847
11.9873	6.5792
11.9873	6.5737
11.9928	6.5737
11.9928	6.5682
11.9928	6.5626
11.9984	6.5626
11.9984	6.5571
11.9984	6.5516
12.0039	6.5516
12.0039	6.5461
12.0094	6.5461
12.0094	6.5405
12.0094	6.5350
12.0149	6.5350
12.0149	6.5295
12.0149	6.5240
12.0149	6.5184
12.0204	6.5184
12.0204	6.5129
12.0260	6.5074
12.0260	6.5019
12.0260	6.4963
12.0315	6.4963
12.0315	6.4908
12.0315	6.4853
12.0370	6.4853
12.0370	6.4798
12.0370	6.4742
12.0425	6.4742
12.0425	6.4687
12.0425	6.4632
12.0481	6.4577
12.0481	6.4522
12.0481	6.4466
12.0481	6.4411
12.0536	6.4411
12.0591	6.4356
12.0591	6.4301
12.0591	6.4245
12.0591	6.4190
12.0646	6.4190
12.0646	6.4135
12.0646	6.4080
12.0702	6.4080
12.0702	6.4024
12.0702	6.3969
12.0757	6.3969
12.0757	6.3859
12.0812	6.3859
12.0812	6.3803
12.0812	6.3748
12.0812	6.3693
12.0867	6.3693
12.0867	6.3638
12.0867	6.3582
12.0923	6.3582
12.0923	6.3527
12.0923	6.3472
12.0923	6.3417
12.0978	6.3417
12.0978	6.3361
12.0978	6.3306
12.1033	6.3306
12.1033	6.3251
12.1033	6.3196
12.1033	6.3140
12.1088	6.3085
12.1144	6.3030
12.1144	6.2975
12.1144	6.2920
12.1144	6.2864
12.1199	6.2864
12.1199	6.2809
12.1199	6.2754
12.1254	6.2754
12.1254	6.2699
12.1254	6.2643
12.1254	6.2588
12.1309	6.2588
12.1309	6.2533
12.1309	6.2478
12.1309	6.2422
12.1365	6.2422
12.1365	6.2367
12.1365	6.2312
12.1365	6.2257
12.1365	6.2201
12.1365	6.2146
12.1365	6.2091
12.1365	6.2036
12.1365	6.1980
12.1420	6.1980
12.1420	6.1925
12.1420	6.1870
12.1475	6.1870
12.1475	6.1815
12.1475	6.1759
12.1475	6.1704
12.1475	6.1649
12.1475	6.1594
12.1475	6.1539
12.1475	6.1483
12.1475	6.1428
12.1530	6.1428
12.1530	6.1373
12.1530	6.1318
12.1586	6.1318
12.1586	6.1262
12.1586	6.1207
12.1586	6.1152
12.1586	6.1097
12.1641	6.1097
12.1641	6.1041
12.1696	6.1041
12.1696	6.0986
12.1696	6.0931
12.1696	6.0876
12.1751	6.0876
12.1806	6.0876
12.1862	6.0876
12.1862	6.0820
12.1917	6.0820
12.1972	6.0820
12.1972	6.0765
12.2027	6.0765
12.2083	6.0765
12.2138	6.0765
12.2193	6.0710
12.2248	6.0655
12.2304	6.0655
12.2359	6.0655
12.2414	6.0655
12.2414	6.0599
12.2469	6.0599
12.2469	6.0544
12.2525	6.0544
12.2580	6.0544
12.2635	6.0489
12.2690	6.0489
12.2690	6.0434
12.2746	6.0434
12.2801	6.0434
12.2801	6.0378
12.2856	6.0378
12.2911	6.0378
12.2911	6.0323
12.2967	6.0323
12.3022	6.0323
12.3077	6.0323
12.3132	6.0323
12.3132	6.0268
12.3132	6.0213
12.3188	6.0213
12.3243	6.0213
12.3298	6.0213
12.3298	6.0157
12.3353	6.0157
12.3353	6.0102
12.3353	6.0047
12.3408	6.0047
12.3464	5.9992
12.3464	5.9937
12.3519	5.9881
12.3574	5.9881
12.3574	5.9826
12.3629	5.9826
12.3629	5.9771
12.3685	5.9771
12.3685	5.9716
12.3740	5.9716
12.3740	5.9660
12.3795	5.9660
12.3795	5.9605
12.3795	5.9550
12.3850	5.9550
12.3906	5.9550
12.3906	5.9495
12.3906	5.9439
12.3961	5.9439
12.4016	5.9439
12.4016	5.9329
12.4071	5.9329
12.4127	5.9274
12.4127	5.9218
12.4127	5.9163
12.4237	5.9163
12.4237	5.9108
12.4237	5.9053
12.4237	5.8997
12.4292	5.8997
12.4348	5.8997
12.4348	5.8942
12.4348	5.8887
12.4403	5.8887
12.4403	5.8832
12.4458	5.8832
12.4458	5.8776
12.4513	5.8776
12.4513	5.8721
12.4569	5.8721
12.4569	5.8666
12.4624	5.8611
12.4679	5.8611
12.4679	5.8555
12.4679	5.8500
12.4734	5.8500
12.4789	5.8500
12.4789	5.8445
12.4845	5.8445
12.4900	5.8445
12.4900	5.8390
12.4955	5.8390
12.5010	5.8335
12.5066	5.8335
12.5066	5.8279
12.5121	5.8279
12.5121	5.8224
12.5176	5.8224
12.5231	5.8224
12.5231	5.8169
12.5287	5.8169
12.5342	5.8114
12.5397	5.8114
12.5452	5.8114
12.5452	5.8058
12.5508	5.8058
12.5508	5.8003
12.5563	5.8003
12.5618	5.8003
12.5673	5.8003
12.5673	5.7948
12.5729	5.7948
12.5784	5.7893
12.5839	5.7893
12.5894	5.7893
12.5894	5.7837
12.5950	5.7837
12.5950	5.7782
12.6005	5.7782
12.6060	5.7782
12.6115	5.7782
12.6171	5.7782
12.6171	5.7727
12.6226	5.7727
12.6226	5.7672
12.6281	5.7672
12.6336	5.7672
12.6336	5.7616
12.6391	5.7616
12.6447	5.7616
12.6447	5.7561
12.6502	5.7561
12.6557	5.7561
12.6612	5.7561
12.6668	5.7561
12.6668	5.7506
12.6668	5.7451
12.6723	5.7451
12.6778	5.7451
12.6833	5.7451
12.6889	5.7451
12.6889	5.7395
12.6944	5.7395
12.6999	5.7395
12.6999	5.7340
12.7054	5.7340
12.7110	5.7340
12.7165	5.7340
12.7165	5.7285
12.7220	5.7285
12.7275	5.7285
12.7275	5.7230
12.7331	5.7230
12.7386	5.7230
12.7386	5.7174
12.7441	5.7174
12.7441	5.7119
12.7496	5.7119
12.7552	5.7119
12.7607	5.7119
12.7662	5.7119
12.7717	5.7119
12.7717	5.7064
12.7773	5.7064
12.7828	5.7064
12.7883	5.7064
12.7883	5.7009
12.7938	5.7009
12.7993	5.7009
12.8049	5.7009
12.8104	5.7009
12.8159	5.7009
12.8214	5.7009
12.8270	5.7009
12.8325	5.7009
12.8380	5.7009
12.8435	5.7009
12.8491	5.7009
12.8546	5.7009
12.8601	5.7009
12.8656	5.7009
12.8712	5.7009
12.8767	5.7009
12.8822	5.7009
12.8877	5.7009
12.8933	5.7009
12.8988	5.7009
12.8988	5.6954
12.9043	5.6954
12.9098	5.6954
12.9154	5.6954
12.9209	5.6954
12.9264	5.6954
12.9319	5.6954
12.9374	5.6954
12.9430	5.6954
12.9485	5.6954
12.9540	5.6954
12.9595	5.6954
12.9651	5.6954
12.9706	5.6954
12.9761	5.6954
12.9816	5.6954
12.9872	5.6954
12.9927	5.7009
12.9982	5.7009
13.0037	5.7009
13.0093	5.7009
13.0148	5.7009
13.0203	5.7009
13.0258	5.7009
13.0314	5.7009
13.0369	5.7009
13.0424	5.7009
13.0479	5.7009
13.0479	5.7064
13.0535	5.7064
13.0590	5.7064
13.0645	5.7064
13.0700	5.7064
13.0756	5.7064
13.0756	5.7119
13.0811	5.7119
13.0866	5.7119
13.0921	5.7119
13.0976	5.7119
13.1032	5.7119
13.1087	5.7174
13.1142	5.7174
13.1197	5.7230
13.1253	5.7230
13.1308	5.7230
13.1363	5.7230
13.1418	5.7230
13.1474	5.7230
13.1529	5.7285
13.1584	5.7285
13.1639	5.7285
13.1695	5.7285
13.1750	5.7285
13.1750	5.7340
13.1805	5.7340
13.1860	5.7340
13.1916	5.7340
13.1971	5.7340
13.2026	5.7340
13.2081	5.7340
13.2137	5.7340
13.2192	5.7340
13.2247	5.7340
13.2302	5.7340
13.2358	5.7340
13.2413	5.7340
13.2468	5.7340
13.2523	5.7340
13.2578	5.7340
13.2634	5.7340
13.2689	5.7340
13.2744	5.7340
13.2799	5.7340
13.2855	5.7340
13.2855	5.7285
13.2910	5.7285
13.2965	5.7285
13.2965	5.7230
13.3020	5.7230
13.3076	5.7230
13.3076	5.7174
13.3131	5.7174
13.3186	5.7119
13.3241	5.7119
13.3297	5.7119
13.3297	5.7064
13.3297	5.7009
13.3352	5.7009
13.3407	5.7009
13.3407	5.6954
13.3462	5.6954
13.3518	5.6954
13.3518	5.6898
13.3573	5.6898
13.3628	5.6898
13.3683	5.6843
13.3739	5.6843
13.3794	5.6843
13.3794	5.6788
13.3849	5.6788
13.3904	5.6788
13.3960	5.6788
13.4015	5.6788
13.4070	5.6788
13.4070	5.6733
13.4125	5.6733
13.4180	5.6733
13.4236	5.6733
13.4291	5.6733
13.4346	5.6733
13.4401	5.6733
13.4401	5.6677
13.4457	5.6677
13.4512	5.6677
13.4567	5.6677
13.4622	5.6677
13.4678	5.6677
13.4733	5.6677
13.4788	5.6677
13.4843	5.6677
13.4899	5.6677
13.4954	5.6677
13.5009	5.6677
13.5064	5.6677
13.5120	5.6677
13.5175	5.6677
13.5230	5.6677
13.5285	5.6677
13.5341	5.6677
13.5396	5.6677
13.5506	5.6677
13.5561	5.6677
13.5617	5.6677
13.5672	5.6677
13.5727	5.6677
13.5782	5.6677
13.5838	5.6677
13.5893	5.6677
13.5948	5.6677
13.6003	5.6677
13.6059	5.6677
13.6114	5.6677
13.6114	5.6733
13.6169	5.6733
13.6224	5.6733
13.6280	5.6733
13.6280	5.6788
13.6335	5.6788
13.6390	5.6788
13.6445	5.6788
13.6501	5.6788
13.6556	5.6788
13.6611	5.6788
13.6666	5.6788
13.6722	5.6788
13.6777	5.6788
13.6832	5.6788
13.6887	5.6788
13.6943	5.6788
13.6998	5.6788
13.7053	5.6788
13.7108	5.6788
13.7108	5.6733
13.7163	5.6733
13.7163	5.6677
13.7219	5.6677
13.7274	5.6677
13.7329	5.6677
13.7384	5.6677
13.7384	5.6622
13.7384	5.6567
13.7440	5.6567
13.7495	5.6567
13.7495	5.6512
13.7550	5.6512
13.7605	5.6512
13.7605	5.6456
13.7605	5.6401
13.7661	5.6401
13.7716	5.6401
13.7716	5.6346
13.7771	5.6346
13.7826	5.6346
13.7826	5.6291
13.7826	5.6235
13.7882	5.6235
13.7937	5.6235
13.7937	5.6180
13.7992	5.6180
13.8047	5.6125
13.8103	5.6125
13.8158	5.6070
13.8158	5.6014
13.8213	5.6014
13.8268	5.6014
13.8268	5.5959
13.8268	5.5904
13.8324	5.5904
13.8379	5.5904
13.8434	5.5904
13.8434	5.5849
13.8489	5.5849
13.8489	5.5793
13.8545	5.5793
13.8600	5.5793
13.8655	5.5793
13.8655	5.5738
13.8710	5.5738
13.8710	5.5683
13.8765	5.5683
13.8821	5.5683
13.8876	5.5683
13.8876	5.5628
13.8931	5.5628
13.8986	5.5628
13.8986	5.5572
13.9042	5.5572
13.9097	5.5572
13.9097	5.5517
13.9152	5.5517
13.9207	5.5517
13.9207	5.5462
13.9263	5.5462
13.9318	5.5462
13.9373	5.5407
13.9373	5.5352
13.9428	5.5352
13.9484	5.5296
13.9539	5.5241
13.9594	5.5241
13.9594	5.5186
13.9649	5.5186
13.9649	5.5131
13.9705	5.5131
13.9760	5.5131
13.9760	5.5075
13.9815	5.5075
13.9815	5.5020
13.9870	5.5020
13.9870	5.4965
13.9926	5.4965
13.9926	5.4910
13.9981	5.4910
13.9981	5.4854
14.0036	5.4854
14.0036	5.4799
14.0091	5.4799
14.0091	5.4744
14.0146	5.4744
14.0146	5.4689
14.0202	5.4689
14.0257	5.4689
14.0257	5.4633
14.0257	5.4578
14.0312	5.4578
14.0367	5.4578
14.0367	5.4523
14.0423	5.4523
14.0423	5.4468
14.0478	5.4468
14.0533	5.4468
14.0533	5.4412
14.0588	5.4412
14.0644	5.4412
14.0644	5.4357
14.0699	5.4357
14.0754	5.4357
14.0809	5.4357
14.0865	5.4357
14.0920	5.4357
14.0975	5.4357
14.1030	5.4357
14.1086	5.4357
14.1141	5.4357
14.1196	5.4357
14.1251	5.4357
14.1251	5.4412
14.1307	5.4412
14.1362	5.4412
14.1417	5.4412
14.1417	5.4468
14.1472	5.4468
14.1528	5.4468
14.1583	5.4468
14.1638	5.4468
14.1693	5.4468
14.1693	5.4523
14.1804	5.4523
14.1859	5.4523
14.1914	5.4578
14.1969	5.4578
14.2025	5.4578
14.2080	5.4578
14.2135	5.4578
14.2190	5.4578
14.2301	5.4578
14.2356	5.4578
14.2411	5.4578
14.2467	5.4578
14.2522	5.4633
14.2577	5.4633
14.2688	5.4633
14.2743	5.4633
14.2798	5.4633
14.2853	5.4633
14.2909	5.4633
14.2964	5.4633
14.3019	5.4633
14.3019	5.4689
14.3074	5.4689
14.3130	5.4689
14.3185	5.4689
14.3240	5.4689
14.3295	5.4689
14.3350	5.4689
14.3406	5.4689
14.3461	5.4689
14.3516	5.4689
14.3571	5.4689
14.3627	5.4689
14.3682	5.4689
14.3737	5.4689
14.3737	5.4633
14.3792	5.4633
14.3792	5.4578
14.3848	5.4578
14.3903	5.4578
14.3903	5.4523
14.3903	5.4468
14.3903	5.4412
14.3958	5.4412
14.3958	5.4357
14.4013	5.4357
14.4013	5.4302
14.4013	5.4247
14.4069	5.4247
14.4069	5.4191
14.4124	5.4191
14.4124	5.4136
14.4179	5.4136
14.4179	5.4081
14.4179	5.4026
14.4234	5.4026
14.4234	5.3970
14.4290	5.3970
14.4290	5.3915
14.4345	5.3915
14.4400	5.3915
14.4455	5.3860
14.4455	5.3805
14.4511	5.3805
14.4566	5.3805
14.4621	5.3805
14.4676	5.3805
14.4676	5.3750
14.4732	5.3750
14.4787	5.3750
14.4842	5.3750
14.4897	5.3694
14.4952	5.3694
14.5008	5.3694
14.5063	5.3694
14.5118	5.3694
14.5173	5.3694
14.5229	5.3694
14.5284	5.3694
14.5284	5.3639
14.5339	5.3639
14.5394	5.3639
14.5450	5.3639
14.5450	5.3584
14.5505	5.3584
14.5560	5.3584
14.5615	5.3584
14.5671	5.3584
14.5726	5.3584
14.5781	5.3584
14.5836	5.3584
14.5892	5.3529
14.5947	5.3529
14.6002	5.3529
14.6057	5.3529
14.6113	5.3529
14.6113	5.3473
14.6168	5.3473
14.6223	5.3473
14.6278	5.3473
14.6333	5.3473
14.6389	5.3473
14.6444	5.3418
14.6444	5.3363
14.6499	5.3363
14.6554	5.3363
14.6554	5.3308
14.6554	5.3252
14.6610	5.3252
14.6665	5.3252
14.6665	5.3197
14.6665	5.3142
14.6720	5.3142
14.6720	5.3087
14.6775	5.3087
14.6775	5.3031
14.6831	5.3031
14.6886	5.3031
14.6886	5.2976
14.6886	5.2921
14.6941	5.2921
14.6941	5.2866
14.6996	5.2866
14.6996	5.2810
14.7052	5.2810
14.7052	5.2755
14.7107	5.2755
14.7107	5.2700
14.7162	5.2700
14.7217	5.2700
14.7217	5.2645
14.7217	5.2589
14.7273	5.2589
14.7328	5.2589
14.7383	5.2589
14.7383	5.2534
14.7438	5.2534
14.7438	5.2479
14.7494	5.2479
14.7549	5.2479
14.7549	5.2424
14.7604	5.2424
14.7659	5.2368
14.7659	5.2313
14.7715	5.2313
14.7770	5.2258
14.7825	5.2258
14.7880	5.2258
14.7880	5.2203
14.7880	5.2148
14.7935	5.2148
14.7991	5.2148
14.7991	5.2092
14.8046	5.2037
14.8101	5.2037
14.8156	5.2037
14.8212	5.1982
14.8267	5.1982
14.8267	5.1927
14.8322	5.1927
14.8377	5.1927
14.8433	5.1927
14.8488	5.1927
14.8543	5.1927
14.8598	5.1927
