23.2853	17.0427
23.2757	17.0427
23.2661	17.0427
23.2565	17.0427
23.2470	17.0427
23.2470	17.0522
23.2374	17.0522
23.2278	17.0522
23.2182	17.0522
23.2087	17.0522
23.1991	17.0522
23.1895	17.0522
23.1799	17.0522
23.1704	17.0522
23.1608	17.0522
23.1512	17.0522
23.1416	17.0522
23.1321	17.0522
23.1225	17.0522
23.1129	17.0522
23.1033	17.0522
23.0938	17.0522
23.0842	17.0522
23.0746	17.0522
23.0650	17.0522
23.0555	17.0522
23.0459	17.0522
23.0363	17.0522
23.0267	17.0522
23.0172	17.0522
23.0076	17.0618
22.9980	17.0618
22.9884	17.0618
22.9884	17.0714
22.9789	17.0714
22.9693	17.0714
22.9597	17.0714
22.9597	17.0810
22.9501	17.0810
22.9406	17.0810
22.9406	17.0905
22.9310	17.0905
22.9214	17.0905
22.9119	17.0905
22.9023	17.0905
22.9023	17.1001
22.8927	17.1001
22.8831	17.1001
22.8831	17.1097
22.8736	17.1097
22.8640	17.1097
22.8544	17.1097
22.8544	17.1193
22.8448	17.1193
22.8448	17.1288
22.8353	17.1288
22.8257	17.1288
22.8257	17.1384
22.8161	17.1384
22.8065	17.1384
22.8065	17.1480
22.7970	17.1480
22.7970	17.1576
22.7874	17.1576
22.7874	17.1671
22.7778	17.1671
22.7682	17.1671
22.7587	17.1671
22.7587	17.1767
22.7491	17.1767
22.7491	17.1863
22.7395	17.1863
22.7299	17.1863
22.7299	17.1959
22.7204	17.1959
22.7204	17.2054
22.7108	17.2054
22.7012	17.2054
22.7012	17.2150
22.6916	17.2150
22.6916	17.2246
22.6821	17.2246
22.6725	17.2246
22.6725	17.2342
22.6629	17.2437
22.6533	17.2437
22.6533	17.2533
22.6438	17.2533
22.6438	17.2629
22.6342	17.2629
22.6246	17.2629
22.6246	17.2725
22.6150	17.2725
22.6150	17.2820
22.6055	17.2820
22.5959	17.2820
22.5959	17.2916
22.5959	17.3012
22.5863	17.3012
22.5767	17.3012
22.5767	17.3108
22.5672	17.3108
22.5672	17.3203
22.5576	17.3203
22.5480	17.3203
22.5480	17.3299
22.5384	17.3299
22.5384	17.3395
22.5289	17.3395
22.5193	17.3395
22.5193	17.3490
22.5097	17.3490
22.5097	17.3586
22.5001	17.3586
22.4906	17.3586
22.4906	17.3682
22.4810	17.3682
22.4810	17.3778
22.4714	17.3778
22.4618	17.3778
22.4618	17.3873
22.4523	17.3873
22.4523	17.3969
22.4427	17.3969
22.4331	17.3969
22.4236	17.3969
22.4236	17.4065
22.4140	17.4065
22.4140	17.4161
22.4044	17.4161
22.4044	17.4256
22.3948	17.4256
22.3853	17.4256
22.3853	17.4352
22.3757	17.4352
22.3661	17.4352
22.3661	17.4448
22.3565	17.4448
22.3565	17.4544
22.3470	17.4544
22.3374	17.4544
22.3278	17.4544
22.3278	17.4639
22.3278	17.4735
22.3182	17.4735
22.3087	17.4735
22.2991	17.4735
22.2991	17.4831
22.2895	17.4831
22.2895	17.4927
22.2799	17.4927
22.2704	17.4927
22.2704	17.5022
22.2608	17.5022
22.2512	17.5022
22.2512	17.5118
22.2416	17.5118
22.2321	17.5118
22.2225	17.5118
22.2225	17.5214
22.2129	17.5214
22.2129	17.5310
22.2033	17.5310
22.1938	17.5310
22.1938	17.5405
22.1842	17.5405
22.1746	17.5405
22.1746	17.5501
22.1650	17.5501
22.1650	17.5597
22.1555	17.5597
22.1555	17.5693
22.1459	17.5693
22.1363	17.5788
22.1363	17.5884
22.1267	17.5884
22.1172	17.5884
22.1172	17.5980
22.1172	17.6076
22.1076	17.6076
22.0980	17.6076
22.0980	17.6171
22.0884	17.6171
22.0884	17.6267
22.0789	17.6267
22.0693	17.6267
22.0693	17.6363
22.0597	17.6459
22.0597	17.6554
22.0501	17.6554
22.0406	17.6554
22.0406	17.6650
22.0310	17.6650
22.0310	17.6746
22.0214	17.6746
22.0214	17.6842
22.0118	17.6842
22.0023	17.6842
22.0023	17.6937
22.0023	17.7033
21.9927	17.7033
21.9831	17.7033
21.9831	17.7129
21.9831	17.7225
21.9735	17.7225
21.9640	17.7225
21.9640	17.7320
21.9640	17.7416
21.9544	17.7416
21.9448	17.7416
21.9448	17.7512
21.9352	17.7512
21.9257	17.7608
21.9257	17.7703
21.9065	17.7703
21.9065	17.7799
21.8970	17.7895
21.8970	17.7991
21.8874	17.7991
21.8778	17.7991
21.8778	17.8086
21.8682	17.8182
21.8587	17.8182
21.8587	17.8278
21.8491	17.8278
21.8491	17.8374
21.8491	17.8469
21.8395	17.8469
21.8395	17.8565
21.8299	17.8565
21.8299	17.8661
21.8204	17.8661
21.8204	17.8756
21.8108	17.8756
21.8108	17.8852
21.8108	17.8948
21.8012	17.8948
21.7916	17.8948
21.7916	17.9044
21.7916	17.9139
21.7821	17.9139
21.7821	17.9235
21.7725	17.9235
21.7725	17.9331
21.7725	17.9427
21.7725	17.9522
21.7629	17.9522
21.7533	17.9522
21.7533	17.9618
21.7533	17.9714
21.7533	17.9810
21.7438	17.9810
21.7438	17.9905
21.7342	17.9905
21.7342	18.0001
21.7342	18.0097
21.7246	18.0097
21.7246	18.0193
21.7246	18.0288
21.7150	18.0288
21.7150	18.0384
21.7150	18.0480
21.7055	18.0480
21.7055	18.0576
21.6959	18.0576
21.6959	18.0671
21.6959	18.0767
21.6959	18.0863
21.6863	18.0863
21.6863	18.0959
21.6863	18.1054
21.6767	18.1054
21.6767	18.1150
21.6767	18.1246
21.6672	18.1246
21.6672	18.1342
21.6672	18.1437
21.6576	18.1437
21.6576	18.1533
21.6576	18.1629
21.6480	18.1629
21.6480	18.1725
21.6480	18.1820
21.6384	18.1820
21.6384	18.1916
21.6384	18.2012
21.6384	18.2108
21.6289	18.2108
21.6193	18.2203
21.6193	18.2299
21.6193	18.2395
21.6097	18.2395
21.6097	18.2491
21.6001	18.2491
21.6001	18.2586
21.6001	18.2682
21.6001	18.2778
21.5906	18.2778
21.5906	18.2874
21.5906	18.2969
21.5810	18.2969
21.5810	18.3065
21.5810	18.3161
21.5810	18.3257
21.5810	18.3352
21.5714	18.3352
21.5714	18.3544
21.5714	18.3639
21.5618	18.3735
21.5618	18.3831
21.5618	18.3927
21.5618	18.4022
21.5618	18.4118
21.5618	18.4214
21.5618	18.4310
21.5523	18.4310
21.5523	18.4405
21.5427	18.4501
21.5427	18.4597
21.5427	18.4693
21.5427	18.4788
21.5427	18.4884
21.5427	18.4980
21.5331	18.4980
21.5331	18.5076
21.5331	18.5171
21.5331	18.5267
21.5235	18.5267
21.5235	18.5363
21.5235	18.5459
21.5235	18.5554
21.5235	18.5650
21.5140	18.5650
21.5140	18.5746
21.5140	18.5842
21.5044	18.5842
21.5044	18.5937
21.5044	18.6033
21.5044	18.6129
21.5044	18.6225
21.5044	18.6320
21.4948	18.6320
21.4948	18.6416
21.4948	18.6512
21.4852	18.6608
21.4852	18.6703
21.4852	18.6799
21.4852	18.6895
21.4852	18.6991
21.4852	18.7086
21.4852	18.7182
21.4757	18.7182
21.4757	18.7278
21.4757	18.7374
21.4757	18.7469
21.4757	18.7565
21.4757	18.7661
21.4661	18.7661
21.4661	18.7757
21.4661	18.7852
21.4661	18.7948
21.4661	18.8044
21.4661	18.8140
21.4661	18.8235
21.4661	18.8331
21.4661	18.8427
21.4661	18.8523
21.4661	18.8618
21.4661	18.8714
21.4661	18.8810
21.4661	18.8905
21.4661	18.9001
21.4661	18.9097
21.4661	18.9193
21.4661	18.9288
21.4661	18.9384
21.4661	18.9480
21.4661	18.9576
21.4661	18.9671
21.4661	18.9767
21.4661	18.9863
21.4661	18.9959
21.4661	19.0054
21.4661	19.0150
21.4565	19.0150
21.4565	19.0246
21.4565	19.0342
21.4565	19.0437
21.4469	19.0437
21.4469	19.0533
21.4469	19.0629
21.4469	19.0725
21.4374	19.0725
21.4374	19.0820
21.4374	19.0916
21.4278	19.0916
21.4278	19.1012
21.4278	19.1108
21.4278	19.1203
21.4278	19.1299
21.4278	19.1395
21.4182	19.1395
21.4086	19.1395
21.4086	19.1491
21.4086	19.1586
21.4086	19.1682
21.3991	19.1682
21.3991	19.1778
21.3991	19.1874
21.3895	19.1874
21.3895	19.1969
21.3799	19.1969
21.3799	19.2065
21.3799	19.2161
21.3704	19.2161
21.3704	19.2257
21.3608	19.2257
21.3608	19.2352
21.3512	19.2448
21.3512	19.2544
21.3512	19.2640
21.3416	19.2640
21.3321	19.2640
21.3321	19.2735
21.3321	19.2831
21.3321	19.2927
21.3225	19.2927
21.3129	19.2927
21.3129	19.3023
21.3129	19.3118
21.3033	19.3118
21.3033	19.3214
21.2938	19.3214
21.2938	19.3310
21.2938	19.3406
21.2842	19.3406
21.2842	19.3501
21.2746	19.3501
21.2746	19.3597
21.2650	19.3693
21.2555	19.3693
21.2555	19.3788
21.2555	19.3884
21.2459	19.3884
21.2459	19.3980
21.2363	19.3980
21.2363	19.4076
21.2267	19.4076
21.2267	19.4171
21.2267	19.4267
21.2172	19.4267
21.2172	19.4363
21.2172	19.4459
21.2076	19.4459
21.1980	19.4459
21.1980	19.4554
21.1980	19.4650
21.1884	19.4650
21.1884	19.4746
21.1789	19.4746
21.1789	19.4842
21.1789	19.4937
21.1693	19.4937
21.1693	19.5033
21.1597	19.5033
21.1597	19.5129
21.1501	19.5225
21.1501	19.5320
21.1406	19.5320
21.1406	19.5416
21.1310	19.5416
21.1310	19.5512
21.1310	19.5608
21.1214	19.5608
21.1214	19.5703
21.1118	19.5703
21.1118	19.5799
21.1023	19.5799
21.1023	19.5895
21.1023	19.5991
21.0927	19.5991
21.0927	19.6086
21.0831	19.6086
21.0831	19.6182
21.0831	19.6278
21.0735	19.6374
21.0640	19.6374
21.0640	19.6469
21.0640	19.6565
21.0544	19.6565
21.0544	19.6661
21.0448	19.6661
21.0448	19.6757
21.0352	19.6852
21.0352	19.6948
21.0257	19.6948
21.0257	19.7044
21.0257	19.7140
21.0161	19.7140
21.0065	19.7140
21.0065	19.7235
21.0065	19.7331
21.0065	19.7427
20.9969	19.7427
20.9874	19.7523
20.9874	19.7618
20.9874	19.7714
20.9778	19.7714
20.9682	19.7810
20.9682	19.7906
20.9682	19.8001
20.9586	19.8001
20.9586	19.8097
20.9491	19.8097
20.9491	19.8193
20.9491	19.8289
20.9395	19.8289
20.9395	19.8384
20.9395	19.8480
20.9299	19.8480
20.9299	19.8576
20.9299	19.8672
20.9203	19.8672
20.9203	19.8767
20.9203	19.8863
20.9108	19.8863
20.9108	19.8959
20.9108	19.9054
20.9108	19.9150
20.9012	19.9246
20.9012	19.9342
20.8916	19.9342
20.8916	19.9437
20.8916	19.9533
20.8916	19.9629
20.8821	19.9629
20.8821	19.9820
20.8725	19.9820
20.8725	19.9916
20.8725	20.0012
20.8725	20.0108
20.8725	20.0203
20.8629	20.0203
20.8629	20.0299
20.8533	20.0395
20.8533	20.0491
20.8533	20.0586
20.8533	20.0682
20.8533	20.0778
20.8533	20.0874
20.8533	20.0969
20.8533	20.1065
20.8533	20.1161
20.8533	20.1257
20.8533	20.1352
20.8533	20.1448
20.8533	20.1544
20.8533	20.1640
20.8533	20.1735
20.8533	20.1831
20.8533	20.1927
20.8533	20.2023
20.8533	20.2118
20.8533	20.2214
20.8533	20.2310
20.8533	20.2406
20.8533	20.2501
20.8533	20.2597
20.8533	20.2693
20.8533	20.2789
20.8629	20.2789
20.8629	20.2884
20.8629	20.2980
20.8629	20.3076
20.8725	20.3076
20.8725	20.3172
20.8725	20.3267
20.8725	20.3363
20.8725	20.3459
20.8725	20.3555
20.8725	20.3650
20.8725	20.3746
20.8725	20.3842
20.8725	20.3937
20.8725	20.4033
20.8821	20.4033
20.8916	20.4129
20.8916	20.4225
20.8916	20.4320
20.8916	20.4416
20.8916	20.4512
20.8916	20.4608
20.8916	20.4703
20.8916	20.4799
20.8916	20.4895
20.8916	20.4991
20.8916	20.5086
20.8916	20.5182
20.8916	20.5278
20.8916	20.5374
20.8916	20.5469
20.8916	20.5565
20.8916	20.5661
20.8916	20.5757
20.8916	20.5852
20.8916	20.5948
20.8916	20.6044
20.8916	20.6140
20.8916	20.6235
20.8916	20.6331
20.8916	20.6427
20.8916	20.6523
20.8916	20.6618
20.8916	20.6714
20.8916	20.6810
20.8916	20.6906
20.8916	20.7001
20.8916	20.7097
20.8916	20.7193
20.8916	20.7289
20.8916	20.7384
20.8916	20.7480
20.8916	20.7576
20.8916	20.7672
20.8916	20.7767
20.8916	20.7863
20.8916	20.7959
20.8916	20.8055
20.8916	20.8150
20.8916	20.8246
20.9012	20.8246
20.9012	20.8342
20.9012	20.8438
20.9012	20.8533
20.9108	20.8533
20.9108	20.8629
20.9108	20.8725
20.9108	20.8821
20.9108	20.8916
20.9108	20.9012
20.9203	20.9012
20.9203	20.9108
20.9203	20.9203
20.9299	20.9203
20.9299	20.9299
20.9299	20.9395
20.9395	20.9395
20.9395	20.9491
20.9491	20.9491
20.9491	20.9586
20.9586	20.9586
20.9586	20.9682
20.9586	20.9778
20.9682	20.9778
20.9682	20.9874
20.9682	20.9969
20.9778	20.9969
20.9778	21.0065
20.9874	21.0161
20.9969	21.0161
20.9969	21.0352
21.0065	21.0352
21.0065	21.0448
21.0161	21.0544
21.0257	21.0544
21.0257	21.0640
21.0257	21.0735
21.0352	21.0735
21.0352	21.0831
21.0352	21.0927
21.0448	21.0927
21.0448	21.1023
21.0544	21.1023
21.0544	21.1118
21.0640	21.1118
21.0640	21.1214
21.0640	21.1310
21.0735	21.1310
21.0735	21.1406
21.0831	21.1501
21.0831	21.1597
21.0927	21.1597
21.0927	21.1693
21.1023	21.1693
21.1023	21.1789
21.1023	21.1884
21.1118	21.1884
21.1118	21.1980
21.1214	21.1980
21.1214	21.2076
21.1310	21.2076
21.1310	21.2172
21.1406	21.2172
21.1406	21.2267
21.1501	21.2267
21.1597	21.2459
21.1693	21.2555
21.1693	21.2650
21.1789	21.2650
21.1789	21.2746
21.1884	21.2746
21.1884	21.2842
21.1980	21.2842
21.1980	21.2938
21.2076	21.2938
21.2076	21.3033
21.2172	21.3033
21.2172	21.3129
21.2172	21.3225
21.2267	21.3225
21.2363	21.3225
21.2363	21.3321
21.2459	21.3321
21.2459	21.3416
21.2555	21.3416
21.2555	21.3512
21.2555	21.3608
21.2650	21.3608
21.2650	21.3704
21.2650	21.3799
21.2746	21.3799
21.2746	21.3895
21.2746	21.3991
21.2842	21.3991
21.2842	21.4086
21.2842	21.4182
21.2938	21.4182
21.2938	21.4278
21.2938	21.4374
21.3033	21.4374
21.3033	21.4469
21.3129	21.4565
21.3129	21.4661
21.3129	21.4757
21.3129	21.4852
21.3129	21.4948
21.3129	21.5044
21.3225	21.5044
21.3225	21.5140
21.3321	21.5140
21.3321	21.5235
21.3321	21.5331
21.3416	21.5331
21.3416	21.5427
21.3416	21.5523
21.3512	21.5523
21.3512	21.5618
21.3512	21.5714
21.3512	21.5810
21.3512	21.5906
21.3512	21.6001
21.3512	21.6097
21.3512	21.6193
21.3512	21.6289
21.3512	21.6384
21.3512	21.6480
21.3512	21.6576
21.3512	21.6672
21.3512	21.6767
21.3512	21.6863
21.3512	21.6959
21.3512	21.7055
21.3512	21.7150
21.3512	21.7246
21.3512	21.7342
21.3512	21.7438
21.3512	21.7533
21.3512	21.7629
21.3608	21.7629
21.3608	21.7725
21.3704	21.7725
21.3704	21.7821
21.3704	21.7916
21.3704	21.8012
21.3799	21.8012
21.3799	21.8108
21.3799	21.8204
21.3799	21.8299
21.3799	21.8395
21.3895	21.8395
21.3895	21.8491
21.3895	21.8587
21.3895	21.8682
21.3895	21.8778
21.3799	21.8778
21.3799	21.8874
21.3704	21.8874
21.3704	21.8970
21.3704	21.9065
21.3608	21.9065
21.3608	21.9161
21.3512	21.9161
21.3512	21.9257
21.3512	21.9352
21.3416	21.9448
21.3416	21.9544
21.3321	21.9544
21.3321	21.9640
21.3321	21.9735
21.3321	21.9831
21.3321	21.9927
21.3321	22.0023
21.3321	22.0118
21.3225	22.0118
21.3225	22.0214
21.3225	22.0310
21.3321	22.0310
21.3321	22.0406
21.3321	22.0501
21.3416	22.0501
21.3416	22.0597
21.3416	22.0693
21.3512	22.0693
21.3512	22.0789
21.3512	22.0884
21.3608	22.0884
21.3704	22.0884
21.3704	22.0980
21.3704	22.1076
21.3799	22.1076
21.3799	22.1172
21.3895	22.1267
21.3895	22.1363
21.3991	22.1459
21.4086	22.1555
21.4086	22.1650
21.4086	22.1746
21.4182	22.1746
21.4182	22.1842
21.4278	22.1842
21.4278	22.1938
21.4278	22.2033
21.4374	22.2033
21.4469	22.2129
21.4469	22.2225
21.4469	22.2321
21.4565	22.2321
21.4661	22.2416
21.4661	22.2512
21.4757	22.2608
21.4852	22.2608
21.4852	22.2704
21.4852	22.2799
21.4948	22.2799
21.5044	22.2799
21.5044	22.2895
21.5044	22.2991
21.5140	22.3087
21.5235	22.3182
21.5235	22.3278
21.5235	22.3374
21.5331	22.3374
21.5331	22.3470
21.5427	22.3470
21.5427	22.3565
21.5523	22.3565
21.5523	22.3661
21.5618	22.3661
21.5618	22.3757
21.5618	22.3853
21.5714	22.3853
21.5810	22.3853
21.5810	22.3948
21.5906	22.3948
21.6001	22.3948
21.6001	22.4044
21.6097	22.4044
21.6097	22.4140
21.6193	22.4140
21.6289	22.4140
21.6289	22.4236
21.6384	22.4236
21.6384	22.4331
21.6480	22.4331
21.6576	22.4331
21.6576	22.4427
21.6576	22.4523
21.6672	22.4523
21.6767	22.4523
21.6767	22.4618
21.6863	22.4618
21.6863	22.4714
21.6959	22.4714
21.7055	22.4810
21.7150	22.4810
21.7150	22.4906
21.7246	22.4906
21.7342	22.4906
21.7342	22.5001
21.7438	22.5001
21.7438	22.5097
21.7533	22.5097
21.7629	22.5097
21.7725	22.5193
21.7725	22.5289
21.7821	22.5289
21.7916	22.5289
21.8012	22.5289
21.8108	22.5289
21.8108	22.5384
21.8204	22.5384
21.8299	22.5384
21.8395	22.5384
21.8491	22.5384
21.8491	22.5480
21.8587	22.5480
21.8682	22.5480
21.8778	22.5480
21.8874	22.5480
21.8874	22.5576
21.8970	22.5576
21.9065	22.5576
21.9065	22.5672
21.9161	22.5672
21.9257	22.5672
21.9352	22.5672
21.9448	22.5672
21.9448	22.5767
21.9544	22.5863
21.9640	22.5863
21.9735	22.5863
21.9831	22.5863
21.9831	22.5959
21.9927	22.5959
22.0023	22.6055
22.0118	22.6055
22.0118	22.6150
22.0214	22.6150
22.0214	22.6246
22.0310	22.6246
22.0406	22.6246
22.0501	22.6246
22.0501	22.6342
22.0597	22.6342
22.0597	22.6438
22.0693	22.6438
22.0789	22.6438
22.0789	22.6533
22.0884	22.6533
22.0980	22.6533
22.1076	22.6533
22.1172	22.6533
22.1267	22.6533
22.1363	22.6533
22.1459	22.6533
22.1555	22.6533
22.1650	22.6533
22.1746	22.6533
22.1842	22.6533
22.1938	22.6533
22.2033	22.6533
22.2129	22.6533
22.2225	22.6533
22.2321	22.6533
22.2416	22.6533
22.2512	22.6533
22.2608	22.6533
22.2704	22.6533
22.2799	22.6533
22.2895	22.6533
22.2991	22.6533
22.3087	22.6533
22.3182	22.6533
22.3278	22.6533
22.3374	22.6533
22.3470	22.6533
22.3565	22.6533
22.3661	22.6533
22.3757	22.6533
22.3853	22.6533
22.3948	22.6533
22.4044	22.6533
22.4140	22.6533
22.4236	22.6438
22.4331	22.6438
22.4427	22.6438
22.4523	22.6438
22.4618	22.6438
22.4714	22.6438
22.4810	22.6438
22.4810	22.6342
22.4906	22.6342
22.5001	22.6342
22.5001	22.6246
22.5097	22.6246
22.5193	22.6246
22.5289	22.6246
22.5384	22.6246
22.5480	22.6246
22.5480	22.6150
22.5576	22.6150
22.5576	22.6055
22.5672	22.6055
22.5767	22.6055
22.5863	22.6055
22.5959	22.6055
22.6055	22.6055
22.6055	22.5959
22.6150	22.5959
22.6246	22.5959
22.6342	22.5959
22.6342	22.5863
22.6438	22.5863
22.6533	22.5863
22.6629	22.5863
22.6725	22.5863
22.6725	22.5767
22.6821	22.5767
22.6916	22.5767
22.7012	22.5767
22.7012	22.5672
22.7108	22.5672
22.7204	22.5672
22.7299	22.5672
22.7395	22.5672
22.7395	22.5576
22.7491	22.5576
22.7491	22.5480
22.7587	22.5480
22.7682	22.5480
22.7682	22.5384
22.7778	22.5384
22.7874	22.5384
22.7874	22.5289
22.7970	22.5289
22.7970	22.5193
22.8065	22.5193
22.8065	22.5097
22.8161	22.5097
22.8161	22.5001
22.8257	22.5001
22.8257	22.4906
22.8353	22.4906
22.8448	22.4906
22.8448	22.4810
22.8448	22.4714
22.8544	22.4714
22.8640	22.4714
22.8736	22.4618
22.8831	22.4618
22.8831	22.4523
22.8927	22.4523
22.9023	22.4523
22.9023	22.4427
22.9119	22.4427
22.9214	22.4427
22.9310	22.4427
22.9406	22.4427
22.9501	22.4427
22.9597	22.4427
22.9693	22.4427
22.9789	22.4427
22.9884	22.4427
22.9980	22.4427
23.0076	22.4427
23.0172	22.4427
23.0267	22.4427
23.0363	22.4427
23.0363	22.4523
23.0459	22.4523
23.0555	22.4523
23.0650	22.4523
23.0746	22.4523
23.0746	22.4618
23.0842	22.4618
23.0938	22.4714
23.1033	22.4714
23.1129	22.4714
23.1225	22.4810
23.1321	22.4810
23.1416	22.4810
23.1416	22.4906
23.1512	22.4906
23.1608	22.4906
23.1704	22.4906
23.1799	22.4906
23.1895	22.4906
23.1991	22.4906
23.2087	22.4906
23.2182	22.4906
23.2278	22.4906
23.2278	22.5001
23.2278	22.5097
23.2374	22.5097
23.2470	22.5097
23.2470	22.5193
23.2470	22.5289
23.2470	22.5384
23.2565	22.5384
23.2565	22.5480
23.2661	22.5480
23.2661	22.5576
23.2661	22.5672
23.2661	22.5767
23.2661	22.5863
23.2661	22.5959
23.2757	22.5959
23.2757	22.6055
23.2757	22.6150
23.2757	22.6246
23.2853	22.6246
23.2853	22.6342
23.2853	22.6438
23.2853	22.6533
23.2853	22.6629
23.2853	22.6725
23.2853	22.6821
23.2853	22.6916
23.2853	22.7012
23.2853	22.7108
23.2853	22.7204
23.2757	22.7204
23.2661	22.7299
23.2661	22.7395
23.2565	22.7395
23.2470	22.7491
23.2470	22.7587
23.2374	22.7587
23.2278	22.7587
23.2278	22.7682
23.2278	22.7778
23.2182	22.7778
23.2182	22.7874
23.2182	22.7970
23.2087	22.7970
23.2087	22.8065
23.2087	22.8161
23.1991	22.8161
23.1991	22.8257
23.1991	22.8353
23.1895	22.8353
23.1895	22.8448
23.1895	22.8544
23.1895	22.8640
23.1895	22.8736
23.1895	22.8831
23.1895	22.8927
23.1799	22.8927
23.1799	22.9023
23.1799	22.9119
23.1704	22.9119
23.1704	22.9214
23.1704	22.9310
23.1704	22.9406
23.1704	22.9501
23.1704	22.9597
23.1704	22.9693
23.1608	22.9693
23.1608	22.9789
23.1608	22.9884
23.1512	22.9884
23.1512	22.9980
23.1512	23.0076
23.1512	23.0172
23.1512	23.0267
23.1416	23.0363
23.1416	23.0459
23.1416	23.0555
23.1321	23.0650
23.1321	23.0746
23.1321	23.0842
23.1321	23.0938
23.1321	23.1033
23.1321	23.1129
23.1321	23.1225
23.1321	23.1321
23.1225	23.1416
23.1225	23.1512
23.1225	23.1608
23.1225	23.1704
23.1225	23.1799
23.1225	23.1895
23.1225	23.1991
23.1225	23.2087
23.1225	23.2182
23.1225	23.2278
23.1225	23.2374
23.1225	23.2470
23.1225	23.2565
23.1225	23.2661
23.1225	23.2757
23.1225	23.2853
23.1225	23.2948
23.1225	23.3044
23.1225	23.3140
23.1225	23.3236
23.1225	23.3331
23.1225	23.3427
23.1225	23.3523
23.1321	23.3523
23.1321	23.3619
23.1321	23.3714
23.1321	23.3810
23.1321	23.3906
23.1321	23.4002
23.1321	23.4097
23.1321	23.4193
23.1321	23.4289
23.1416	23.4289
23.1416	23.4385
23.1512	23.4480
23.1512	23.4576
23.1512	23.4672
23.1608	23.4672
23.1608	23.4767
23.1704	23.4863
23.1704	23.4959
23.1704	23.5055
23.1895	23.5150
23.1895	23.5246
23.1991	23.5342
23.2087	23.5438
23.2087	23.5533
23.2182	23.5629
23.2278	23.5725
23.2278	23.5821
23.2374	23.5916
23.2470	23.6012
23.2470	23.6204
23.2661	23.6204
23.2661	23.6395
23.2757	23.6395
23.2757	23.6491
23.2757	23.6587
23.2853	23.6587
23.2853	23.6682
23.2853	23.6778
23.2948	23.6778
23.3044	23.6778
23.3044	23.6874
23.3140	23.6874
23.3140	23.6970
23.3236	23.6970
23.3331	23.6970
23.3331	23.7065
23.3427	23.7065
23.3427	23.7161
23.3523	23.7161
23.3619	23.7161
23.3619	23.7257
23.3714	23.7257
23.3714	23.7353
23.3810	23.7353
23.3906	23.7353
23.3906	23.7448
23.4002	23.7544
23.4097	23.7544
23.4193	23.7544
23.4193	23.7640
23.4289	23.7640
23.4289	23.7736
23.4385	23.7736
23.4480	23.7736
23.4576	23.7736
23.4576	23.7831
23.4672	23.7831
23.4767	23.7831
23.4863	23.7831
23.4863	23.7927
23.4959	23.7927
23.5055	23.7927
23.5150	23.7927
23.5246	23.7927
23.5342	23.7927
23.5438	23.7927
23.5533	23.7927
23.5629	23.7927
23.5725	23.7927
23.5821	23.7927
23.5916	23.7927
23.6012	23.7927
23.6108	23.7927
23.6204	23.7927
23.6299	23.7927
23.6395	23.7927
23.6395	23.7831
23.6491	23.7831
23.6587	23.7736
23.6682	23.7736
23.6778	23.7736
23.6778	23.7640
23.6778	23.7544
23.6874	23.7544
23.6874	23.7448
23.6970	23.7448
23.7065	23.7544
23.7161	23.7640
23.7257	23.7736
23.7353	23.7736
23.7448	23.7736
23.7448	23.7831
23.7448	23.7927
23.7544	23.7927
23.7640	23.7927
23.7640	23.8023
23.7640	23.8119
23.7736	23.8119
23.7831	23.8119
23.7831	23.8214
23.7831	23.8310
23.7927	23.8310
23.8023	23.8310
23.8119	23.8310
23.8214	23.8310
23.8214	23.8406
23.8310	23.8406
23.8406	23.8502
23.8502	23.8502
23.8597	23.8502
23.8693	23.8502
23.8789	23.8502
23.8885	23.8502
23.8980	23.8502
23.9076	23.8502
23.9172	23.8502
23.9268	23.8502
23.9363	23.8502
23.9459	23.8502
23.9459	23.8406
23.9555	23.8406
23.9650	23.8406
23.9746	23.8406
23.9746	23.8310
23.9842	23.8310
23.9938	23.8310
23.9938	23.8214
24.0033	23.8214
24.0033	23.8119
24.0129	23.8119
24.0225	23.8119
24.0321	23.8119
24.0321	23.8023
24.0416	23.8023
24.0416	23.7927
24.0512	23.7927
24.0512	23.7831
24.0608	23.7831
24.0608	23.7736
24.0704	23.7736
24.0799	23.7736
24.0799	23.7640
24.0799	23.7544
24.0895	23.7544
24.0895	23.7448
24.0895	23.7353
24.0895	23.7257
24.0895	23.7161
24.0895	23.7065
24.0991	23.7065
24.0991	23.6970
24.0991	23.6874
24.0991	23.6778
24.1087	23.6778
24.1087	23.6682
24.1087	23.6587
24.1087	23.6491
24.1087	23.6395
24.1087	23.6299
24.1182	23.6299
24.1182	23.6204
24.1182	23.6108
24.1182	23.6012
24.1182	23.5916
24.1182	23.5821
24.1182	23.5725
24.1182	23.5629
24.1278	23.5629
24.1278	23.5533
24.1278	23.5438
24.1278	23.5342
24.1278	23.5246
24.1278	23.5150
24.1278	23.5055
24.1278	23.4959
24.1278	23.4863
24.1278	23.4767
24.1278	23.4672
24.1278	23.4576
24.1278	23.4480
24.1278	23.4385
24.1278	23.4289
24.1278	23.4193
24.1278	23.4097
24.1278	23.4002
24.1278	23.3906
24.1278	23.3810
24.1374	23.3810
24.1374	23.3714
24.1374	23.3619
24.1374	23.3523
24.1374	23.3427
24.1374	23.3331
24.1374	23.3236
24.1374	23.3140
24.1374	23.3044
24.1374	23.2948
24.1374	23.2853
24.1374	23.2757
24.1374	23.2661
24.1374	23.2565
24.1374	23.2470
24.1374	23.2374
24.1374	23.2278
24.1374	23.2182
24.1374	23.2087
24.1278	23.1991
24.1278	23.1895
24.1278	23.1799
24.1278	23.1704
24.1278	23.1608
24.1278	23.1512
24.1278	23.1416
24.1182	23.1416
24.1182	23.1321
24.1182	23.1225
24.1087	23.1225
24.1087	23.1129
24.1087	23.1033
24.1087	23.0938
24.0991	23.0938
24.0991	23.0842
24.0991	23.0746
24.0991	23.0650
24.0895	23.0650
24.0895	23.0555
24.0895	23.0459
24.0895	23.0363
24.0895	23.0267
24.0895	23.0172
24.0895	23.0076
24.0895	22.9980
24.0895	22.9884
24.0895	22.9789
24.0895	22.9693
24.0895	22.9597
24.0895	22.9501
24.0895	22.9406
24.0895	22.9310
24.0799	22.9310
24.0799	22.9214
24.0704	22.9214
24.0704	22.9119
24.0704	22.9023
24.0608	22.9023
24.0608	22.8927
24.0608	22.8831
24.0608	22.8736
24.0704	22.8736
24.0799	22.8736
24.0895	22.8640
24.0991	22.8640
24.1087	22.8640
24.1182	22.8640
24.1278	22.8640
24.1374	22.8640
24.1470	22.8640
24.1565	22.8640
24.1661	22.8640
24.1757	22.8640
24.1853	22.8640
24.1948	22.8640
24.2044	22.8640
24.2140	22.8640
24.2236	22.8640
24.2331	22.8640
24.2427	22.8640
24.2523	22.8640
24.2619	22.8640
24.2714	22.8640
24.2810	22.8640
24.2906	22.8640
24.3002	22.8640
24.3097	22.8640
24.3193	22.8640
24.3289	22.8640
24.3385	22.8640
24.3480	22.8640
24.3480	22.8736
24.3576	22.8736
24.3672	22.8736
24.3768	22.8736
24.3863	22.8736
24.3959	22.8736
24.4055	22.8736
24.4151	22.8736
24.4246	22.8736
24.4342	22.8736
24.4438	22.8736
24.4534	22.8736
24.4629	22.8736
24.4725	22.8736
24.4821	22.8736
24.4916	22.8736
24.5012	22.8736
24.5108	22.8736
24.5204	22.8736
24.5299	22.8736
24.5395	22.8736
24.5491	22.8736
24.5587	22.8736
24.5682	22.8831
24.5778	22.8831
24.5874	22.8831
24.5970	22.8831
24.6065	22.8831
24.6161	22.8831
24.6257	22.8831
24.6353	22.8831
24.6448	22.8831
24.6544	22.8831
24.6640	22.8831
24.6736	22.8831
24.6831	22.8831
24.6927	22.8831
24.7023	22.8831
24.7119	22.8831
24.7214	22.8831
24.7310	22.8831
24.7406	22.8831
24.7502	22.8831
24.7597	22.8831
24.7693	22.8831
24.7789	22.8831
24.7885	22.8831
24.7980	22.8831
24.8076	22.8831
24.8172	22.8831
24.8268	22.8831
24.8268	22.8736
24.8363	22.8736
24.8459	22.8736
24.8555	22.8736
24.8651	22.8736
24.8651	22.8640
24.8746	22.8640
24.8842	22.8640
24.8842	22.8544
24.8938	22.8544
24.9034	22.8544
24.9129	22.8544
24.9129	22.8448
24.9225	22.8448
24.9225	22.8353
24.9321	22.8353
24.9417	22.8353
24.9512	22.8353
24.9608	22.8353
24.9704	22.8353
24.9799	22.8353
24.9895	22.8353
24.9991	22.8353
25.0087	22.8353
25.0087	22.8448
25.0182	22.8448
25.0278	22.8448
25.0278	22.8544
25.0374	22.8544
25.0470	22.8544
25.0565	22.8544
25.0565	22.8640
25.0565	22.8736
25.0661	22.8736
25.0757	22.8736
25.0853	22.8736
25.0853	22.8831
25.0853	22.8927
25.0948	22.8927
25.0948	22.9023
25.1044	22.9023
25.1044	22.9119
25.1140	22.9119
25.1140	22.9214
25.1236	22.9214
25.1236	22.9310
25.1331	22.9310
25.1427	22.9310
25.1427	22.9406
25.1427	22.9501
25.1427	22.9597
25.1523	22.9597
25.1619	22.9693
25.1619	22.9789
25.1619	22.9884
25.1714	22.9884
25.1714	22.9980
25.1714	23.0076
25.1810	23.0076
25.1810	23.0172
25.1810	23.0267
25.1906	23.0267
25.1906	23.0363
25.1906	23.0459
25.2002	23.0459
25.2002	23.0555
25.2002	23.0650
25.2002	23.0746
25.2002	23.0842
25.2097	23.0842
25.2097	23.0938
25.2193	23.0938
25.2193	23.1033
25.2193	23.1129
25.2193	23.1225
25.2193	23.1321
25.2193	23.1416
25.2193	23.1512
25.2193	23.1608
25.2193	23.1704
25.2193	23.1799
25.2193	23.1895
25.2289	23.1991
25.2385	23.1991
25.2385	23.2087
25.2385	23.2182
25.2385	23.2278
25.2385	23.2374
25.2385	23.2470
25.2480	23.2470
25.2480	23.2565
25.2480	23.2661
25.2576	23.2757
25.2576	23.2853
25.2576	23.2948
25.2672	23.2948
25.2672	23.3044
25.2672	23.3140
25.2768	23.3236
25.2768	23.3331
25.2768	23.3427
25.2768	23.3523
25.2863	23.3523
25.2959	23.3619
25.2959	23.3714
25.2959	23.3810
25.3055	23.3810
25.3055	23.3906
25.3151	23.3906
25.3151	23.4002
25.3246	23.4002
25.3246	23.4097
25.3342	23.4097
25.3342	23.4193
25.3342	23.4289
25.3438	23.4289
25.3534	23.4289
25.3534	23.4385
25.3534	23.4480
25.3629	23.4480
25.3725	23.4576
25.3725	23.4672
25.3821	23.4672
25.3821	23.4767
25.3917	23.4767
25.3917	23.4863
25.4012	23.4863
25.4012	23.4959
25.4108	23.5055
25.4204	23.5055
25.4204	23.5150
25.4300	23.5150
25.4300	23.5246
25.4395	23.5246
25.4491	23.5246
25.4491	23.5342
25.4587	23.5342
25.4683	23.5342
25.4778	23.5342
25.4874	23.5342
25.4970	23.5342
25.5065	23.5342
25.5161	23.5342
25.5257	23.5342
25.5353	23.5342
25.5448	23.5342
25.5544	23.5342
25.5544	23.5246
25.5640	23.5246
25.5736	23.5246
25.5831	23.5246
25.5831	23.5150
25.5927	23.5150
25.6023	23.5150
25.6023	23.5055
25.6119	23.5055
25.6214	23.5055
25.6214	23.4959
25.6310	23.4959
25.6310	23.4863
25.6406	23.4863
25.6406	23.4767
25.6406	23.4672
25.6406	23.4576
25.6406	23.4480
25.6502	23.4480
25.6502	23.4385
25.6502	23.4289
25.6502	23.4193
25.6502	23.4097
25.6502	23.4002
25.6502	23.3906
25.6502	23.3810
25.6502	23.3714
25.6502	23.3619
25.6502	23.3523
25.6502	23.3427
25.6502	23.3331
25.6502	23.3236
25.6502	23.3140
25.6406	23.3140
25.6406	23.3044
25.6406	23.2948
25.6406	23.2853
25.6406	23.2757
25.6406	23.2661
25.6406	23.2565
25.6406	23.2470
25.6406	23.2374
25.6406	23.2278
25.6310	23.2278
25.6310	23.2182
25.6214	23.2182
25.6214	23.2087
25.6214	23.1991
25.6214	23.1895
25.6214	23.1799
25.6214	23.1704
25.6214	23.1608
25.6119	23.1608
25.6119	23.1512
25.6119	23.1416
25.6023	23.1416
25.6023	23.1321
25.6023	23.1225
25.6023	23.1129
25.6023	23.1033
25.5927	23.1033
25.5927	23.0938
25.5927	23.0842
25.5831	23.0746
25.5831	23.0650
25.5831	23.0555
25.5831	23.0459
25.5736	23.0459
25.5736	23.0363
25.5736	23.0267
25.5736	23.0172
25.5736	23.0076
25.5736	22.9980
25.5640	22.9884
25.5640	22.9789
25.5640	22.9693
25.5640	22.9597
25.5640	22.9501
25.5640	22.9406
25.5640	22.9310
25.5640	22.9214
25.5640	22.9119
25.5640	22.9023
25.5640	22.8927
25.5640	22.8831
25.5640	22.8736
25.5640	22.8640
25.5640	22.8544
25.5640	22.8448
25.5640	22.8353
25.5640	22.8257
25.5544	22.8257
25.5544	22.8161
25.5448	22.8161
25.5448	22.8065
25.5353	22.8065
25.5353	22.7970
25.5353	22.7874
25.5353	22.7778
25.5353	22.7682
25.5448	22.7682
25.5448	22.7587
25.5448	22.7491
25.5544	22.7491
25.5544	22.7395
25.5640	22.7395
25.5640	22.7299
25.5640	22.7204
25.5736	22.7204
25.5831	22.7204
25.5831	22.7108
25.5927	22.7108
25.5927	22.7012
25.6023	22.7012
25.6119	22.7012
25.6214	22.7012
25.6214	22.6916
25.6310	22.6916
25.6310	22.6821
25.6406	22.6821
25.6502	22.6821
25.6597	22.6725
25.6693	22.6725
25.6693	22.6629
25.6789	22.6629
25.6885	22.6629
25.6980	22.6629
25.6980	22.6533
25.7076	22.6533
25.7172	22.6438
25.7268	22.6438
25.7363	22.6438
25.7363	22.6342
25.7459	22.6342
25.7555	22.6246
25.7651	22.6246
25.7746	22.6246
25.7746	22.6150
25.7842	22.6150
25.7938	22.6150
25.7938	22.6055
25.8034	22.6055
25.8129	22.6055
25.8129	22.5959
25.8225	22.5959
25.8225	22.5863
25.8321	22.5863
25.8417	22.5863
25.8512	22.5767
25.8512	22.5672
25.8608	22.5672
25.8704	22.5672
25.8704	22.5576
25.8800	22.5576
25.8895	22.5576
25.8895	22.5480
25.8991	22.5480
25.9087	22.5480
25.9087	22.5384
25.9087	22.5289
25.9278	22.5289
25.9278	22.5193
25.9374	22.5193
25.9470	22.5097
25.9566	22.5097
25.9661	22.5097
25.9661	22.5001
25.9757	22.4906
25.9853	22.4906
25.9853	22.4810
25.9949	22.4810
26.0044	22.4714
26.0140	22.4618
26.0236	22.4618
26.0236	22.4523
26.0331	22.4523
26.0331	22.4427
26.0427	22.4427
26.0523	22.4427
26.0523	22.4331
26.0619	22.4331
26.0714	22.4236
26.0810	22.4236
26.0810	22.4140
26.0906	22.4140
26.1002	22.4140
26.1002	22.4044
26.1097	22.4044
26.1097	22.3948
26.1193	22.3948
26.1193	22.3853
26.1289	22.3853
26.1385	22.3757
26.1385	22.3661
26.1480	22.3661
26.1576	22.3661
26.1576	22.3565
26.1672	22.3565
26.1768	22.3565
26.1768	22.3470
26.1768	22.3374
26.1863	22.3374
26.1959	22.3374
26.1959	22.3278
26.1959	22.3182
26.2055	22.3182
26.2151	22.3182
26.2151	22.3087
26.2246	22.3087
26.2246	22.2991
26.2342	22.2991
26.2438	22.2991
26.2438	22.2895
26.2534	22.2799
26.2629	22.2799
26.2629	22.2704
26.2725	22.2704
26.2725	22.2608
26.2821	22.2608
26.2917	22.2512
26.2917	22.2416
26.3012	22.2416
26.3012	22.2321
26.3108	22.2321
26.3108	22.2225
26.3204	22.2225
26.3300	22.2225
26.3300	22.2129
26.3300	22.2033
26.3395	22.2033
26.3491	22.2033
26.3491	22.1938
26.3491	22.1842
26.3587	22.1842
26.3683	22.1842
26.3683	22.1746
26.3778	22.1746
26.3778	22.1650
26.3874	22.1650
26.3874	22.1555
26.3970	22.1459
26.4066	22.1459
26.4066	22.1363
26.4066	22.1267
26.4161	22.1267
26.4257	22.1267
26.4257	22.1172
26.4257	22.1076
26.4353	22.1076
26.4353	22.0980
26.4449	22.0980
26.4449	22.0884
26.4544	22.0884
26.4544	22.0789
26.4544	22.0693
26.4640	22.0693
26.4640	22.0597
26.4640	22.0501
26.4736	22.0501
26.4736	22.0406
26.4736	22.0310
26.4832	22.0310
26.4832	22.0214
26.4832	22.0118
26.4927	22.0118
26.4927	22.0023
26.5023	22.0023
26.5023	21.9927
26.5023	21.9831
26.5023	21.9735
26.5119	21.9735
26.5214	21.9735
26.5214	21.9640
26.5214	21.9544
26.5310	21.9544
26.5406	21.9544
26.5406	21.9448
26.5406	21.9352
26.5502	21.9352
26.5502	21.9257
26.5597	21.9257
26.5597	21.9161
26.5693	21.9161
26.5693	21.9065
26.5789	21.9065
26.5789	21.8970
26.5885	21.8970
26.5980	21.8970
26.5980	21.8874
26.6076	21.8874
26.6172	21.8874
26.6172	21.8778
26.6268	21.8778
26.6363	21.8778
26.6363	21.8682
26.6363	21.8587
26.6459	21.8587
26.6555	21.8587
26.6651	21.8587
26.6746	21.8587
26.6842	21.8587
26.6938	21.8587
26.7034	21.8587
26.7129	21.8587
26.7225	21.8587
26.7321	21.8587
26.7417	21.8587
26.7512	21.8587
26.7608	21.8587
26.7704	21.8587
26.7800	21.8587
26.7895	21.8587
26.7991	21.8587
26.8087	21.8587
26.8183	21.8587
26.8278	21.8587
26.8374	21.8587
26.8470	21.8587
26.8566	21.8587
26.8661	21.8587
26.8853	21.8587
26.8949	21.8587
26.9044	21.8587
26.9140	21.8587
26.9236	21.8587
26.9332	21.8587
26.9427	21.8587
26.9523	21.8587
26.9523	21.8682
26.9619	21.8682
26.9619	21.8778
26.9715	21.8778
26.9810	21.8778
26.9810	21.8874
26.9906	21.8874
26.9906	21.8970
27.0002	21.8970
27.0098	21.8970
27.0098	21.9065
27.0193	21.9065
27.0193	21.9161
27.0289	21.9161
27.0289	21.9257
27.0385	21.9257
27.0385	21.9352
27.0480	21.9352
27.0576	21.9352
27.0672	21.9352
27.0768	21.9352
27.0863	21.9352
27.0863	21.9448
27.0959	21.9448
27.1055	21.9448
27.1151	21.9448
27.1246	21.9448
27.1342	21.9448
27.1438	21.9448
27.1534	21.9544
27.1629	21.9544
27.1725	21.9544
27.1821	21.9544
27.1917	21.9544
27.2012	21.9544
27.2108	21.9544
27.2204	21.9544
27.2300	21.9544
27.2491	21.9544
27.2587	21.9544
27.2683	21.9640
27.2778	21.9640
27.2874	21.9640
27.2970	21.9640
27.3066	21.9640
27.3161	21.9640
27.3257	21.9640
27.3353	21.9640
27.3449	21.9640
27.3544	21.9640
27.3640	21.9640
27.3736	21.9640
27.3832	21.9640
27.3927	21.9640
27.4023	21.9640
27.4119	21.9640
27.4215	21.9640
27.4310	21.9640
27.4406	21.9640
27.4502	21.9640
27.4598	21.9640
27.4693	21.9640
27.4789	21.9640
27.4885	21.9640
27.4981	21.9640
27.5076	21.9640
27.5172	21.9640
27.5172	21.9544
27.5268	21.9544
27.5363	21.9544
27.5459	21.9544
27.5555	21.9544
27.5651	21.9544
27.5746	21.9544
27.5842	21.9544
27.5938	21.9544
27.6034	21.9544
27.6129	21.9544
27.6225	21.9544
27.6321	21.9544
27.6321	21.9448
27.6321	21.9352
27.6417	21.9352
27.6512	21.9352
27.6608	21.9352
27.6608	21.9257
27.6704	21.9257
27.6704	21.9161
27.6800	21.9161
27.6895	21.9161
27.6991	21.9065
27.7087	21.9065
27.7087	21.8970
27.7183	21.8970
27.7183	21.8874
27.7278	21.8874
27.7278	21.8778
27.7374	21.8778
27.7470	21.8778
27.7470	21.8682
27.7470	21.8587
27.7566	21.8587
27.7566	21.8491
27.7661	21.8491
27.7661	21.8395
27.7757	21.8395
27.7853	21.8299
27.7853	21.8204
27.7949	21.8204
27.8044	21.8204
27.8044	21.8108
27.8044	21.8012
27.8140	21.8012
27.8236	21.8012
27.8236	21.7916
27.8236	21.7821
27.8332	21.7821
27.8332	21.7725
27.8427	21.7725
27.8427	21.7629
27.8523	21.7629
27.8523	21.7533
27.8619	21.7533
27.8619	21.7438
27.8715	21.7438
27.8715	21.7342
27.8715	21.7246
27.8810	21.7246
27.8810	21.7150
27.8810	21.7055
27.8810	21.6959
27.8810	21.6863
27.8906	21.6767
27.9002	21.6672
27.9002	21.6576
27.9002	21.6480
27.9002	21.6384
27.9002	21.6289
27.9098	21.6289
27.9098	21.6193
27.9098	21.6097
27.9193	21.6097
27.9193	21.6001
27.9193	21.5906
27.9289	21.5906
27.9289	21.5810
27.9289	21.5714
27.9385	21.5714
27.9385	21.5618
27.9385	21.5523
27.9481	21.5523
27.9481	21.5427
27.9576	21.5427
27.9576	21.5331
27.9576	21.5235
27.9672	21.5140
27.9672	21.5044
27.9768	21.5044
27.9768	21.4948
27.9864	21.4852
27.9864	21.4757
27.9959	21.4757
27.9959	21.4661
27.9959	21.4565
28.0055	21.4565
28.0055	21.4469
28.0151	21.4374
28.0151	21.4278
28.0151	21.4182
28.0247	21.4182
28.0247	21.4086
28.0342	21.4086
28.0342	21.3991
28.0342	21.3895
28.0342	21.3799
28.0438	21.3799
28.0438	21.3704
28.0438	21.3608
28.0534	21.3608
28.0534	21.3512
28.0534	21.3416
28.0629	21.3416
28.0629	21.3321
28.0629	21.3225
28.0725	21.3225
28.0725	21.3129
28.0725	21.3033
28.0821	21.3033
28.0917	21.3033
28.0917	21.2938
28.0917	21.2842
28.0917	21.2746
28.1012	21.2746
28.1108	21.2746
28.1108	21.2650
28.1108	21.2555
28.1204	21.2459
28.1300	21.2459
28.1300	21.2363
28.1395	21.2267
28.1491	21.2267
28.1491	21.2172
28.1491	21.2076
28.1587	21.2076
28.1587	21.1980
28.1683	21.1980
28.1683	21.1884
28.1778	21.1884
28.1874	21.1884
28.1970	21.1884
28.2066	21.1884
28.2161	21.1884
28.2257	21.1884
28.2353	21.1884
28.2449	21.1884
28.2544	21.1884
28.2640	21.1884
28.2736	21.1884
28.2832	21.1884
28.2832	21.1980
28.2927	21.1980
28.3023	21.1980
28.3023	21.2076
28.3119	21.2076
28.3215	21.2076
28.3215	21.2172
28.3310	21.2172
28.3310	21.2267
28.3406	21.2267
28.3406	21.2363
28.3502	21.2363
28.3502	21.2459
28.3598	21.2459
28.3598	21.2555
28.3693	21.2650
28.3789	21.2650
28.3789	21.2746
28.3885	21.2842
28.3981	21.2842
28.3981	21.2938
28.4076	21.3033
28.4172	21.3033
28.4172	21.3129
28.4268	21.3129
28.4268	21.3225
28.4364	21.3225
28.4364	21.3321
28.4364	21.3416
28.4459	21.3416
28.4555	21.3416
28.4555	21.3512
28.4651	21.3512
28.4651	21.3608
28.4747	21.3608
28.4747	21.3704
28.4842	21.3704
28.4938	21.3704
28.4938	21.3799
28.5034	21.3799
28.5034	21.3895
28.5130	21.3895
28.5130	21.3991
28.5225	21.3991
28.5321	21.4086
28.5321	21.4182
28.5417	21.4182
28.5512	21.4182
28.5608	21.4182
28.5608	21.4278
28.5704	21.4278
28.5800	21.4278
28.5895	21.4278
28.5991	21.4278
28.6087	21.4278
28.6183	21.4278
28.6278	21.4278
28.6374	21.4278
28.6374	21.4374
28.6470	21.4374
28.6566	21.4374
28.6661	21.4374
28.6757	21.4374
28.6853	21.4374
28.6949	21.4374
28.6949	21.4469
28.7044	21.4469
28.7140	21.4469
28.7236	21.4469
28.7236	21.4565
28.7332	21.4565
28.7427	21.4565
28.7523	21.4565
28.7619	21.4565
28.7715	21.4565
28.7810	21.4565
28.7906	21.4565
28.8002	21.4565
28.8098	21.4565
28.8193	21.4565
28.8289	21.4565
28.8385	21.4565
28.8481	21.4565
28.8576	21.4565
28.8576	21.4661
28.8672	21.4661
28.8768	21.4661
28.8864	21.4661
28.8959	21.4757
28.9055	21.4757
28.9151	21.4757
28.9247	21.4757
28.9342	21.4757
28.9438	21.4757
28.9534	21.4757
28.9630	21.4757
28.9725	21.4757
28.9821	21.4757
28.9917	21.4757
29.0013	21.4757
29.0108	21.4757
29.0204	21.4757
29.0300	21.4757
29.0396	21.4757
29.0491	21.4757
29.0587	21.4757
29.0683	21.4757
29.0778	21.4757
29.0874	21.4852
29.0970	21.4852
29.0970	21.4948
29.1066	21.4948
29.1161	21.4948
29.1161	21.5044
29.1257	21.5044
29.1257	21.5140
29.1353	21.5140
29.1449	21.5140
29.1449	21.5235
29.1544	21.5235
29.1544	21.5331
29.1640	21.5331
29.1640	21.5427
29.1736	21.5427
29.1832	21.5523
29.1832	21.5618
29.1927	21.5618
29.1927	21.5714
29.2023	21.5714
29.2023	21.5810
29.2023	21.5906
29.2119	21.5906
29.2119	21.6001
29.2215	21.6001
29.2215	21.6097
29.2215	21.6193
29.2310	21.6289
29.2310	21.6384
29.2406	21.6384
29.2406	21.6480
29.2502	21.6480
29.2502	21.6576
29.2502	21.6672
29.2598	21.6672
29.2598	21.6767
29.2598	21.6863
29.2693	21.6863
29.2693	21.6959
29.2693	21.7055
29.2789	21.7055
29.2789	21.7150
29.2789	21.7246
29.2789	21.7342
29.2885	21.7342
29.2885	21.7438
29.2981	21.7438
29.2981	21.7533
29.2981	21.7629
29.3076	21.7629
29.3076	21.7725
29.3172	21.7821
29.3172	21.7916
29.3172	21.8012
29.3268	21.8012
29.3268	21.8108
29.3364	21.8204
29.3459	21.8204
29.3459	21.8299
29.3555	21.8395
29.3555	21.8491
29.3555	21.8587
29.3651	21.8587
29.3651	21.8682
29.3747	21.8778
29.3842	21.8778
29.3842	21.8874
29.3938	21.8970
29.3938	21.9065
29.4034	21.9065
29.4034	21.9161
29.4130	21.9161
29.4130	21.9257
29.4130	21.9352
29.4225	21.9352
29.4321	21.9352
29.4321	21.9448
29.4321	21.9544
29.4417	21.9544
29.4513	21.9544
29.4513	21.9640
29.4513	21.9735
29.4608	21.9735
29.4704	21.9831
29.4704	21.9927
29.4800	21.9927
29.4896	22.0023
29.4896	22.0118
29.4991	22.0118
29.4991	22.0214
29.5087	22.0214
29.5087	22.0310
29.5183	22.0310
29.5183	22.0406
29.5279	22.0406
29.5279	22.0501
29.5279	22.0597
29.5279	22.0693
29.5374	22.0693
29.5374	22.0789
29.5374	22.0884
29.5470	22.0884
29.5470	22.0980
29.5470	22.1076
29.5470	22.1172
29.5470	22.1267
29.5470	22.1363
29.5470	22.1459
29.5566	22.1459
29.5566	22.1555
29.5566	22.1650
29.5566	22.1746
29.5566	22.1842
29.5566	22.1938
29.5566	22.2033
29.5566	22.2129
29.5566	22.2225
29.5566	22.2321
29.5566	22.2416
29.5661	22.2416
29.5661	22.2512
29.5661	22.2608
29.5661	22.2704
29.5661	22.2799
29.5757	22.2799
29.5757	22.2895
29.5853	22.2895
29.5853	22.2991
29.5949	22.2991
29.5949	22.3087
29.5949	22.3182
29.6044	22.3182
29.6044	22.3278
29.6044	22.3374
29.6044	22.3470
29.6140	22.3470
29.6140	22.3565
29.6236	22.3565
29.6236	22.3661
29.6236	22.3757
29.6236	22.3853
29.6236	22.3948
29.6236	22.4044
29.6236	22.4140
29.6236	22.4236
29.6236	22.4331
29.6332	22.4331
29.6332	22.4427
29.6332	22.4523
29.6332	22.4618
29.6332	22.4714
29.6332	22.4810
29.6332	22.4906
29.6332	22.5001
29.6332	22.5097
29.6332	22.5193
29.6332	22.5289
29.6332	22.5384
29.6332	22.5480
29.6236	22.5480
29.6236	22.5576
29.6236	22.5672
29.6236	22.5767
29.6236	22.5863
29.6140	22.5863
29.6140	22.5959
29.6140	22.6055
29.6044	22.6055
29.6044	22.6150
29.6044	22.6246
29.6044	22.6342
29.5949	22.6342
29.5949	22.6438
29.5853	22.6438
29.5853	22.6533
29.5853	22.6629
29.5757	22.6629
29.5757	22.6725
29.5757	22.6821
29.5661	22.6821
29.5661	22.6916
29.5566	22.6916
29.5566	22.7012
29.5470	22.7012
29.5470	22.7108
29.5470	22.7204
29.5374	22.7204
29.5279	22.7204
29.5279	22.7299
29.5279	22.7395
29.5183	22.7395
29.5183	22.7491
29.5087	22.7491
29.5087	22.7587
29.5087	22.7682
29.4991	22.7682
29.4991	22.7778
29.4896	22.7778
29.4896	22.7874
29.4896	22.7970
29.4800	22.7970
29.4800	22.8065
29.4704	22.8161
29.4704	22.8257
29.4704	22.8353
29.4608	22.8353
29.4608	22.8448
29.4608	22.8544
29.4513	22.8544
29.4513	22.8640
29.4513	22.8736
29.4513	22.8831
29.4417	22.8831
29.4417	22.8927
29.4417	22.9023
29.4321	22.9023
29.4321	22.9119
29.4321	22.9214
29.4225	22.9214
29.4225	22.9310
29.4225	22.9406
29.4225	22.9501
29.4130	22.9501
29.4130	22.9597
29.4130	22.9693
29.4130	22.9789
29.4130	22.9884
29.4130	22.9980
29.4034	23.0076
29.4034	23.0172
29.3938	23.0172
29.3938	23.0267
29.3938	23.0363
29.3938	23.0459
29.3938	23.0555
29.3938	23.0650
29.3938	23.0746
29.3938	23.0842
29.3938	23.0938
29.3938	23.1033
29.3938	23.1129
29.3938	23.1225
29.3938	23.1321
29.3938	23.1416
29.3938	23.1512
29.3938	23.1608
29.4034	23.1704
29.4034	23.1799
29.4034	23.1895
29.4130	23.1895
29.4130	23.1991
29.4225	23.1991
29.4225	23.2087
29.4321	23.2182
29.4321	23.2278
29.4321	23.2374
29.4417	23.2374
29.4513	23.2470
29.4513	23.2565
29.4608	23.2565
29.4608	23.2661
29.4608	23.2757
29.4704	23.2757
29.4704	23.2853
29.4704	23.2948
29.4704	23.3044
29.4704	23.3140
29.4704	23.3236
29.4704	23.3331
29.4704	23.3427
29.4704	23.3523
29.4704	23.3619
29.4704	23.3714
29.4608	23.3714
29.4513	23.3714
29.4513	23.3810
29.4513	23.3906
29.4417	23.4002
29.4417	23.4097
29.4321	23.4097
29.4321	23.4193
29.4321	23.4289
29.4225	23.4385
29.4225	23.4480
29.4130	23.4480
29.4130	23.4576
29.4130	23.4672
29.4130	23.4767
29.4130	23.4863
29.3938	23.4863
29.3938	23.4959
29.3938	23.5055
29.3842	23.5055
29.3842	23.5150
29.3747	23.5150
29.3747	23.5246
29.3651	23.5342
29.3651	23.5438
29.3555	23.5438
29.3555	23.5533
29.3555	23.5629
29.3459	23.5629
29.3364	23.5725
29.3364	23.5821
29.3364	23.5916
29.3268	23.5916
29.3268	23.6012
29.3172	23.6012
29.3172	23.6108
29.3172	23.6204
29.3076	23.6204
29.3076	23.6299
29.3076	23.6395
29.2981	23.6395
29.2981	23.6491
29.2981	23.6587
29.2981	23.6682
29.2981	23.6778
29.2885	23.6778
29.2885	23.6874
29.2789	23.6970
29.2789	23.7065
29.2789	23.7161
29.2693	23.7161
29.2693	23.7257
29.2598	23.7353
29.2598	23.7448
29.2598	23.7544
29.2598	23.7640
29.2598	23.7736
29.2598	23.7831
29.2598	23.7927
29.2598	23.8023
29.2598	23.8119
29.2598	23.8214
29.2598	23.8310
29.2598	23.8406
29.2598	23.8502
29.2598	23.8597
29.2598	23.8693
29.2598	23.8789
29.2598	23.8885
29.2598	23.8980
29.2598	23.9076
29.2598	23.9172
29.2598	23.9268
29.2598	23.9363
29.2598	23.9459
29.2598	23.9555
29.2598	23.9650
29.2598	23.9746
29.2598	23.9842
29.2598	23.9938
29.2598	24.0033
29.2598	24.0129
29.2598	24.0225
29.2598	24.0321
29.2598	24.0416
29.2598	24.0512
29.2598	24.0608
29.2598	24.0704
29.2598	24.0799
29.2598	24.0895
29.2502	24.0991
29.2502	24.1087
29.2502	24.1182
29.2502	24.1278
29.2502	24.1374
29.2502	24.1470
29.2502	24.1565
29.2502	24.1661
29.2406	24.1757
29.2406	24.1853
29.2406	24.1948
29.2406	24.2044
29.2406	24.2140
29.2406	24.2236
29.2406	24.2331
29.2406	24.2427
29.2406	24.2523
29.2406	24.2619
29.2406	24.2714
29.2406	24.2810
29.2406	24.2906
29.2502	24.2906
29.2502	24.3002
29.2598	24.3002
29.2598	24.3097
29.2598	24.3193
29.2693	24.3193
29.2693	24.3289
29.2789	24.3289
29.2789	24.3480
29.2789	24.3576
29.2789	24.3672
29.2885	24.3672
29.2885	24.3768
29.2981	24.3863
29.2981	24.3959
29.2981	24.4055
29.3076	24.4055
29.3076	24.4151
29.3172	24.4246
29.3172	24.4342
29.3172	24.4438
29.3268	24.4534
29.3364	24.4629
29.3364	24.4725
29.3364	24.4821
29.3459	24.4916
29.3555	24.5012
29.3555	24.5108
29.3555	24.5204
29.3555	24.5299
29.3555	24.5395
29.3651	24.5395
29.3651	24.5491
29.3651	24.5587
29.3651	24.5682
29.3747	24.5682
29.3747	24.5778
29.3747	24.5874
29.3747	24.5970
29.3747	24.6065
29.3842	24.6161
29.3842	24.6257
29.3842	24.6353
29.3938	24.6353
29.3938	24.6448
29.3938	24.6544
29.3938	24.6640
29.3938	24.6736
29.3938	24.6831
29.3938	24.6927
29.3938	24.7023
29.3938	24.7119
29.3938	24.7214
29.3938	24.7310
29.3938	24.7406
29.3938	24.7502
29.3938	24.7597
29.3938	24.7693
29.3938	24.7789
29.3938	24.7885
29.3938	24.7980
29.3938	24.8076
29.3938	24.8172
29.3938	24.8268
29.3938	24.8363
29.3938	24.8459
29.3938	24.8555
29.3938	24.8651
29.3938	24.8746
29.3938	24.8842
29.3938	24.8938
29.3938	24.9034
29.3938	24.9129
29.3938	24.9225
29.3938	24.9321
29.3938	24.9417
29.3938	24.9512
29.3938	24.9608
29.3938	24.9704
29.3938	24.9799
29.3938	24.9895
29.3938	24.9991
29.3842	24.9991
29.3842	25.0087
29.3842	25.0182
29.3842	25.0278
29.3747	25.0374
29.3747	25.0470
29.3651	25.0565
29.3651	25.0661
29.3651	25.0757
29.3555	25.0757
29.3555	25.0853
29.3555	25.0948
29.3555	25.1044
29.3555	25.1140
29.3555	25.1236
29.3555	25.1331
29.3459	25.1331
29.3459	25.1427
29.3364	25.1427
29.3364	25.1523
29.3364	25.1619
29.3364	25.1714
29.3364	25.1810
29.3364	25.1906
29.3364	25.2002
29.3364	25.2097
29.3364	25.2193
29.3364	25.2289
29.3364	25.2385
29.3364	25.2480
29.3364	25.2576
29.3364	25.2672
29.3364	25.2768
29.3364	25.2863
29.3364	25.2959
29.3364	25.3055
29.3364	25.3151
29.3364	25.3246
29.3459	25.3246
29.3459	25.3342
29.3459	25.3438
29.3555	25.3438
29.3555	25.3534
29.3555	25.3629
29.3555	25.3725
29.3555	25.3821
29.3651	25.3821
29.3651	25.3917
29.3651	25.4012
29.3747	25.4012
29.3747	25.4108
29.3747	25.4204
29.3842	25.4204
29.3842	25.4300
29.3842	25.4395
29.3938	25.4395
29.3938	25.4491
29.3938	25.4587
29.4034	25.4587
29.4130	25.4587
29.4130	25.4683
29.4130	25.4778
29.4225	25.4778
29.4225	25.4874
29.4321	25.4874
29.4321	25.4970
29.4417	25.4970
29.4417	25.5065
29.4513	25.5065
29.4513	25.5161
29.4608	25.5161
29.4704	25.5161
29.4800	25.5161
29.4800	25.5257
29.4896	25.5257
29.4896	25.5353
29.4991	25.5353
29.5087	25.5353
29.5087	25.5448
29.5183	25.5448
29.5183	25.5544
29.5279	25.5544
29.5374	25.5544
29.5470	25.5544
29.5470	25.5640
29.5566	25.5640
29.5661	25.5640
29.5661	25.5736
29.5757	25.5736
29.5853	25.5736
29.5949	25.5736
29.6044	25.5736
29.6140	25.5736
29.6236	25.5736
29.6332	25.5736
29.6427	25.5736
29.6523	25.5736
29.6619	25.5736
29.6715	25.5736
29.6810	25.5736
29.6906	25.5736
29.7002	25.5736
29.7098	25.5736
29.7193	25.5736
29.7289	25.5736
29.7385	25.5736
29.7481	25.5736
29.7576	25.5736
29.7672	25.5736
29.7768	25.5736
29.7864	25.5736
29.7959	25.5736
29.8055	25.5736
29.8151	25.5736
29.8247	25.5736
29.8342	25.5736
29.8438	25.5736
29.8438	25.5640
29.8534	25.5640
29.8630	25.5544
29.8725	25.5544
29.8725	25.5448
29.8821	25.5448
29.8821	25.5353
29.8917	25.5353
29.9013	25.5353
29.9013	25.5257
29.9108	25.5257
29.9108	25.5161
29.9108	25.5065
29.9204	25.4970
29.9300	25.4970
29.9300	25.4874
29.9300	25.4778
29.9396	25.4778
29.9491	25.4778
29.9491	25.4683
29.9491	25.4587
29.9587	25.4587
29.9587	25.4491
29.9587	25.4395
29.9587	25.4300
29.9683	25.4204
29.9683	25.4108
29.9683	25.4012
29.9683	25.3917
29.9683	25.3821
29.9683	25.3725
29.9683	25.3629
29.9779	25.3629
29.9779	25.3534
29.9779	25.3438
29.9779	25.3342
29.9779	25.3246
29.9779	25.3151
29.9779	25.3055
29.9874	25.3055
29.9874	25.2863
29.9874	25.2768
29.9874	25.2672
29.9874	25.2576
29.9874	25.2480
29.9874	25.2385
29.9874	25.2289
29.9874	25.2193
29.9874	25.2097
29.9874	25.2002
29.9874	25.1906
29.9874	25.1810
29.9874	25.1714
29.9874	25.1619
29.9874	25.1523
29.9874	25.1427
29.9874	25.1331
29.9874	25.1236
29.9874	25.1140
29.9874	25.1044
29.9874	25.0948
29.9874	25.0853
29.9874	25.0757
29.9874	25.0661
29.9874	25.0565
29.9779	25.0565
29.9779	25.0470
29.9779	25.0374
29.9779	25.0278
29.9779	25.0182
29.9779	25.0087
29.9779	24.9991
29.9683	24.9991
29.9683	24.9895
29.9683	24.9799
29.9683	24.9704
29.9683	24.9608
29.9683	24.9512
29.9683	24.9417
29.9587	24.9417
29.9587	24.9321
29.9587	24.9225
29.9491	24.9225
29.9491	24.9129
29.9491	24.9034
29.9396	24.9034
29.9300	24.9034
29.9300	24.8938
29.9204	24.8938
29.9108	24.8938
29.9108	24.8842
29.9013	24.8842
29.8917	24.8842
29.8917	24.8746
29.8917	24.8651
29.8821	24.8651
29.8821	24.8555
29.8725	24.8459
29.8725	24.8268
29.8725	24.8172
29.8630	24.8076
29.8630	24.7980
29.8534	24.7885
29.8534	24.7789
29.8534	24.7693
29.8534	24.7597
29.8534	24.7502
29.8438	24.7502
29.8438	24.7406
29.8438	24.7310
29.8438	24.7214
29.8438	24.7119
29.8342	24.7119
29.8342	24.7023
29.8342	24.6927
29.8342	24.6831
29.8342	24.6736
29.8342	24.6640
29.8342	24.6544
29.8247	24.6544
29.8247	24.6448
29.8247	24.6353
29.8151	24.6353
29.8151	24.6257
29.8151	24.6161
29.8151	24.6065
29.8151	24.5970
29.8151	24.5874
29.8151	24.5778
29.8151	24.5682
29.8151	24.5587
29.8151	24.5491
29.8151	24.5395
29.8247	24.5395
29.8247	24.5299
29.8247	24.5204
29.8342	24.5204
29.8342	24.5108
29.8342	24.5012
29.8438	24.5012
29.8534	24.4916
29.8534	24.4821
29.8534	24.4725
29.8630	24.4725
29.8630	24.4629
29.8725	24.4629
29.8725	24.4534
29.8725	24.4438
29.8821	24.4438
29.8821	24.4342
29.8917	24.4246
29.8917	24.4151
29.8917	24.4055
29.9013	24.4055
29.9013	24.3959
29.9108	24.3959
29.9108	24.3863
29.9108	24.3768
29.9204	24.3768
29.9204	24.3672
29.9300	24.3672
29.9300	24.3576
29.9300	24.3480
29.9300	24.3385
29.9300	24.3289
29.9300	24.3193
29.9396	24.3097
29.9396	24.3002
29.9396	24.2906
29.9491	24.2906
29.9491	24.2810
29.9491	24.2714
29.9491	24.2619
29.9491	24.2523
29.9491	24.2427
29.9491	24.2331
29.9491	24.2236
29.9587	24.2236
29.9587	24.2140
29.9587	24.2044
29.9587	24.1948
29.9587	24.1853
29.9683	24.1757
29.9683	24.1661
29.9683	24.1565
29.9683	24.1470
29.9683	24.1374
29.9683	24.1278
29.9683	24.1182
29.9683	24.1087
29.9683	24.0991
29.9683	24.0895
29.9683	24.0799
29.9683	24.0704
29.9683	24.0608
29.9683	24.0512
29.9683	24.0416
29.9779	24.0416
29.9779	24.0321
29.9779	24.0225
29.9779	24.0129
29.9874	24.0033
29.9874	23.9938
29.9874	23.9842
29.9874	23.9746
29.9874	23.9650
29.9874	23.9555
29.9874	23.9459
29.9874	23.9363
29.9970	23.9363
29.9970	23.9268
29.9970	23.9172
30.0066	23.9172
30.0066	23.9076
30.0162	23.9076
30.0162	23.8885
30.0257	23.8885
30.0257	23.8789
30.0257	23.8693
30.0353	23.8693
30.0353	23.8597
30.0449	23.8597
30.0449	23.8502
30.0449	23.8406
30.0545	23.8406
30.0545	23.8310
30.0640	23.8310
30.0640	23.8214
30.0640	23.8119
30.0736	23.8119
30.0832	23.8119
30.0832	23.8023
30.0927	23.8023
30.0927	23.7927
30.1023	23.7927
30.1023	23.7831
30.1119	23.7831
30.1119	23.7736
30.1215	23.7736
30.1215	23.7640
30.1310	23.7544
30.1406	23.7544
30.1502	23.7544
30.1502	23.7448
30.1598	23.7448
30.1598	23.7353
30.1693	23.7353
30.1789	23.7353
30.1789	23.7257
30.1885	23.7257
30.1981	23.7257
30.1981	23.7161
30.2076	23.7161
30.2076	23.7065
30.2172	23.7065
30.2172	23.6970
30.2268	23.6970
30.2364	23.6970
30.2364	23.6874
30.2459	23.6874
30.2459	23.6778
30.2555	23.6778
30.2555	23.6682
30.2555	23.6587
30.2651	23.6587
30.2747	23.6587
30.2747	23.6491
30.2747	23.6395
30.2747	23.6299
30.2842	23.6299
30.2842	23.6204
30.2842	23.6108
30.2938	23.6012
30.2938	23.5916
30.2938	23.5821
30.3034	23.5821
30.3034	23.5725
30.3130	23.5725
30.3130	23.5629
30.3225	23.5629
30.3225	23.5438
30.3321	23.5438
30.3321	23.5342
30.3321	23.5246
30.3417	23.5246
30.3513	23.5150
30.3513	23.5055
30.3513	23.4959
30.3608	23.4959
30.3704	23.4863
30.3704	23.4767
30.3800	23.4767
30.3800	23.4672
30.3896	23.4672
30.3896	23.4576
30.3896	23.4480
30.3896	23.4385
30.3896	23.4289
30.3896	23.4193
30.3991	23.4193
30.3991	23.4097
30.4087	23.4097
30.4087	23.4002
30.4087	23.3906
30.4087	23.3810
30.4087	23.3714
30.4183	23.3714
30.4279	23.3619
30.4279	23.3523
30.4374	23.3523
30.4374	23.3427
30.4374	23.3331
30.4470	23.3331
30.4470	23.3236
30.4566	23.3236
30.4566	23.3140
30.4662	23.3140
30.4662	23.3044
30.4662	23.2948
30.4757	23.2948
30.4853	23.2948
30.4853	23.2853
30.4853	23.2757
30.4949	23.2757
30.5045	23.2757
30.5045	23.2565
30.5140	23.2565
30.5140	23.2470
30.5236	23.2374
30.5236	23.2278
30.5332	23.2278
30.5332	23.2182
30.5428	23.2182
30.5428	23.2087
30.5428	23.1991
30.5523	23.1991
30.5619	23.1895
30.5619	23.1799
30.5619	23.1704
30.5715	23.1704
30.5715	23.1608
30.5811	23.1608
30.5811	23.1512
30.5811	23.1416
30.5906	23.1416
30.5906	23.1321
30.6002	23.1225
30.6002	23.1129
30.6002	23.1033
30.6002	23.0938
30.6098	23.0938
30.6098	23.0842
30.6098	23.0746
30.6098	23.0650
30.6098	23.0555
30.6098	23.0459
30.6098	23.0363
30.6098	23.0267
30.6098	23.0172
30.6098	23.0076
30.6098	22.9980
30.6098	22.9884
30.6098	22.9789
30.6098	22.9693
30.6098	22.9597
30.6002	22.9597
30.6002	22.9501
30.6002	22.9406
30.6002	22.9310
30.5906	22.9310
30.5906	22.9214
30.5906	22.9119
30.5811	22.9119
30.5811	22.9023
30.5811	22.8927
30.5811	22.8831
30.5811	22.8736
30.5715	22.8640
30.5715	22.8544
30.5715	22.8448
30.5715	22.8353
30.5715	22.8257
30.5715	22.8161
30.5619	22.8065
30.5619	22.7970
30.5619	22.7874
30.5619	22.7778
30.5619	22.7682
30.5619	22.7587
30.5619	22.7395
30.5619	22.7299
30.5619	22.7204
30.5715	22.7204
30.5715	22.7012
30.5715	22.6916
30.5811	22.6821
30.5811	22.6725
30.5906	22.6629
30.5906	22.6533
30.6002	22.6533
30.6002	22.6438
30.6002	22.6342
30.6098	22.6342
30.6193	22.6246
30.6289	22.6246
30.6385	22.6246
30.6385	22.6150
30.6576	22.6055
30.6672	22.6055
30.6768	22.5959
30.6864	22.5959
30.6959	22.5863
30.7055	22.5863
30.7151	22.5767
30.7247	22.5767
30.7247	22.5672
30.7342	22.5672
30.7438	22.5672
30.7534	22.5672
30.7534	22.5576
30.7534	22.5480
30.7630	22.5480
30.7725	22.5480
30.7725	22.5384
30.7725	22.5289
30.7821	22.5289
30.7917	22.5289
30.7917	22.5193
30.7917	22.5097
30.8013	22.5097
30.8013	22.5001
30.8108	22.4906
30.8108	22.4810
30.8204	22.4714
30.8300	22.4714
30.8300	22.4618
30.8300	22.4523
30.8300	22.4427
30.8396	22.4331
30.8491	22.4331
30.8491	22.4236
30.8491	22.4140
30.8587	22.4044
30.8587	22.3948
30.8683	22.3948
30.8683	22.3853
30.8683	22.3757
30.8683	22.3661
30.8779	22.3661
30.8779	22.3565
30.8779	22.3470
30.8779	22.3374
30.8779	22.3278
30.8874	22.3182
30.8874	22.3087
30.8874	22.2991
30.8874	22.2895
30.8874	22.2799
30.8874	22.2704
30.8874	22.2608
30.8874	22.2512
30.8874	22.2416
30.8874	22.2321
30.8874	22.2225
30.8874	22.2129
30.8874	22.2033
30.8970	22.2033
30.8970	22.1938
30.8970	22.1842
30.8970	22.1746
30.8970	22.1650
30.8970	22.1555
30.8970	22.1459
30.8874	22.1363
30.8874	22.1267
30.8874	22.1172
30.8874	22.1076
30.8874	22.0980
30.8779	22.0980
30.8779	22.0884
30.8683	22.0884
30.8683	22.0789
30.8683	22.0693
30.8587	22.0693
30.8587	22.0597
30.8587	22.0501
30.8491	22.0501
30.8491	22.0406
30.8491	22.0310
30.8491	22.0214
30.8491	22.0118
30.8491	22.0023
30.8491	21.9927
30.8491	21.9831
30.8491	21.9735
30.8491	21.9640
30.8491	21.9544
30.8587	21.9544
30.8683	21.9544
30.8779	21.9544
30.8874	21.9544
30.8970	21.9544
30.9066	21.9544
30.9162	21.9544
30.9257	21.9544
30.9257	21.9640
30.9353	21.9640
30.9353	21.9735
30.9449	21.9735
30.9449	21.9831
30.9449	21.9927
30.9545	21.9927
30.9545	22.0023
30.9545	22.0118
30.9640	22.0118
30.9640	22.0214
30.9640	22.0310
30.9640	22.0406
30.9640	22.0501
30.9736	22.0501
30.9736	22.0597
30.9736	22.0693
30.9832	22.0693
30.9832	22.0789
30.9832	22.0884
30.9832	22.0980
30.9928	22.1076
30.9928	22.1172
30.9928	22.1267
31.0023	22.1363
31.0023	22.1459
31.0023	22.1555
31.0023	22.1650
31.0023	22.1746
31.0023	22.1842
31.0023	22.1938
31.0023	22.2033
31.0023	22.2129
31.0023	22.2225
31.0023	22.2321
31.0119	22.2416
31.0119	22.2512
31.0119	22.2608
31.0119	22.2704
31.0119	22.2799
31.0119	22.2895
31.0215	22.2991
31.0215	22.3087
31.0215	22.3182
31.0311	22.3182
31.0311	22.3278
31.0406	22.3278
31.0406	22.3374
31.0406	22.3470
31.0406	22.3565
31.0502	22.3565
31.0598	22.3565
31.0598	22.3661
31.0598	22.3757
31.0694	22.3757
31.0789	22.3757
31.0789	22.3853
31.0885	22.3853
31.0885	22.3948
31.0981	22.3948
31.0981	22.4044
31.1076	22.4044
31.1076	22.4140
31.1172	22.4140
31.1268	22.4236
31.1364	22.4236
31.1364	22.4331
31.1459	22.4331
31.1555	22.4331
31.1555	22.4427
31.1651	22.4427
31.1747	22.4427
31.1747	22.4523
31.1842	22.4523
31.1938	22.4523
31.2034	22.4523
31.2130	22.4523
31.2225	22.4523
31.2321	22.4523
31.2417	22.4523
31.2513	22.4523
31.2608	22.4523
31.2704	22.4523
31.2800	22.4523
31.2896	22.4523
31.2991	22.4523
31.3087	22.4523
31.3183	22.4523
31.3279	22.4523
31.3374	22.4523
31.3470	22.4523
31.3566	22.4523
31.3662	22.4714
31.3662	22.4810
31.3757	22.4810
31.3853	22.4810
31.3853	22.4906
31.3853	22.5001
31.3949	22.5001
31.3949	22.5097
31.4045	22.5097
31.4045	22.5193
31.4140	22.5289
31.4236	22.5289
31.4236	22.5384
31.4236	22.5480
31.4332	22.5480
31.4332	22.5576
31.4428	22.5576
31.4428	22.5672
31.4428	22.5767
31.4523	22.5767
31.4619	22.5863
31.4715	22.5863
31.4715	22.5959
31.4811	22.5959
31.4811	22.6055
31.4906	22.6055
31.5002	22.6055
31.5002	22.6150
31.5098	22.6150
31.5098	22.6246
31.5194	22.6246
31.5289	22.6246
31.5385	22.6246
31.5385	22.6342
31.5481	22.6342
31.5577	22.6342
31.5577	22.6438
31.5672	22.6438
31.5768	22.6438
31.5768	22.6533
31.5864	22.6533
31.5864	22.6629
31.5960	22.6629
31.5960	22.6725
31.6055	22.6725
31.6055	22.6821
31.6151	22.6821
31.6151	22.6916
31.6247	22.6916
31.6247	22.7012
31.6342	22.7012
31.6342	22.7108
31.6342	22.7204
31.6438	22.7204
31.6534	22.7204
31.6534	22.7395
31.6630	22.7395
31.6725	22.7491
31.6725	22.7587
31.6725	22.7682
31.6821	22.7682
31.6917	22.7682
31.6917	22.7778
31.7013	22.7778
31.7108	22.7778
31.7204	22.7778
31.7204	22.7874
31.7204	22.7970
31.7300	22.7970
31.7396	22.7970
31.7491	22.7970
31.7491	22.8065
31.7587	22.8065
31.7683	22.8161
31.7779	22.8161
31.7874	22.8161
31.7874	22.8257
31.7874	22.8353
31.7970	22.8353
31.8066	22.8353
31.8066	22.8448
31.8066	22.8544
31.8162	22.8544
31.8162	22.8640
31.8257	22.8640
31.8257	22.8736
31.8257	22.8831
31.8257	22.8927
31.8353	22.8927
31.8353	22.9023
31.8353	22.9119
31.8449	22.9119
31.8449	22.9214
31.8449	22.9310
31.8449	22.9406
31.8449	22.9501
31.8545	22.9501
31.8545	22.9597
31.8545	22.9693
31.8545	22.9789
31.8640	22.9789
31.8640	22.9884
31.8640	22.9980
31.8640	23.0076
31.8640	23.0172
31.8736	23.0267
31.8832	23.0267
31.8832	23.0363
31.8832	23.0459
31.8832	23.0555
31.8832	23.0650
31.8928	23.0650
31.9023	23.0746
31.9023	23.0842
31.9023	23.0938
31.9119	23.0938
31.9119	23.1033
31.9215	23.1033
31.9215	23.1129
31.9215	23.1225
31.9311	23.1225
31.9311	23.1321
31.9406	23.1321
31.9406	23.1416
31.9406	23.1512
31.9406	23.1608
31.9502	23.1608
31.9502	23.1704
31.9598	23.1704
31.9598	23.1799
31.9598	23.1895
31.9694	23.1895
31.9789	23.1895
31.9789	23.1991
31.9885	23.1991
31.9981	23.1991
32.0077	23.1991
32.0172	23.2087
32.0172	23.2182
32.0268	23.2182
32.0364	23.2182
32.0460	23.2182
32.0555	23.2182
32.0651	23.2182
32.0651	23.2278
32.0747	23.2278
32.0843	23.2278
32.0938	23.2278
32.0938	23.2374
32.1034	23.2374
32.1130	23.2374
32.1225	23.2374
32.1321	23.2374
32.1321	23.2470
32.1417	23.2470
32.1513	23.2470
32.1608	23.2470
32.1704	23.2470
32.1704	23.2565
32.1800	23.2565
32.1896	23.2565
32.1991	23.2565
32.2087	23.2565
32.2087	23.2661
32.2279	23.2661
32.2279	23.2757
32.2374	23.2757
32.2470	23.2757
32.2470	23.2853
32.2566	23.2948
32.2662	23.2948
32.2757	23.2948
32.2853	23.2948
32.2853	23.3044
32.2949	23.3044
32.3045	23.3044
32.3045	23.3140
32.3140	23.3140
32.3236	23.3140
32.3332	23.3140
32.3428	23.3140
32.3523	23.3140
32.3619	23.3140
32.3715	23.3140
32.3811	23.3140
32.3906	23.3140
32.4002	23.3140
32.4098	23.3140
32.4194	23.3140
32.4194	23.3044
32.4194	23.2948
32.4289	23.2948
32.4385	23.2948
32.4385	23.2853
32.4385	23.2757
32.4481	23.2757
32.4481	23.2661
32.4481	23.2565
32.4481	23.2470
32.4481	23.2374
32.4481	23.2278
32.4481	23.2182
32.4481	23.2087
32.4481	23.1991
32.4481	23.1895
32.4481	23.1799
32.4385	23.1799
32.4385	23.1704
32.4385	23.1608
32.4385	23.1512
32.4385	23.1416
32.4289	23.1416
32.4289	23.1321
32.4289	23.1225
32.4194	23.1225
32.4194	23.1129
32.4194	23.1033
32.4194	23.0938
32.4194	23.0842
32.4098	23.0842
32.4098	23.0746
32.4002	23.0746
32.4002	23.0650
32.3906	23.0650
32.3906	23.0459
32.3811	23.0459
32.3811	23.0363
32.3811	23.0267
32.3811	23.0172
32.3715	23.0172
32.3715	23.0076
32.3715	22.9980
32.3619	22.9980
32.3619	22.9884
32.3619	22.9789
32.3619	22.9693
32.3619	22.9597
32.3619	22.9501
32.3523	22.9501
32.3523	22.9406
32.3523	22.9310
32.3428	22.9310
32.3428	22.9214
32.3428	22.9119
32.3428	22.9023
32.3428	22.8927
32.3428	22.8831
32.3428	22.8736
32.3428	22.8640
32.3428	22.8544
32.3428	22.8448
32.3428	22.8353
32.3428	22.8257
32.3428	22.8161
32.3428	22.8065
32.3428	22.7970
32.3428	22.7874
32.3428	22.7778
32.3523	22.7778
32.3619	22.7778
32.3619	22.7682
32.3715	22.7587
32.3811	22.7587
32.3906	22.7587
32.3906	22.7491
32.4002	22.7491
32.4002	22.7395
32.4098	22.7395
32.4194	22.7395
32.4289	22.7395
32.4385	22.7395
32.4385	22.7299
32.4481	22.7299
32.4577	22.7299
32.4577	22.7204
32.4672	22.7204
32.4768	22.7204
32.4864	22.7204
32.4960	22.7204
32.5055	22.7204
32.5151	22.7204
32.5151	22.7108
32.5247	22.7108
32.5343	22.7012
32.5438	22.7012
32.5534	22.7012
32.5630	22.7012
32.5726	22.7012
32.5726	22.6916
32.5821	22.6821
32.5917	22.6821
32.5917	22.6725
32.5917	22.6629
32.5917	22.6533
32.5917	22.6438
32.6013	22.6438
32.6013	22.6342
32.6013	22.6246
32.6013	22.6150
32.6013	22.6055
32.6013	22.5959
32.6013	22.5863
32.6013	22.5767
32.6013	22.5672
32.6013	22.5576
32.6013	22.5480
32.6013	22.5384
32.6013	22.5289
32.6013	22.5193
32.6013	22.5097
32.6013	22.5001
32.6013	22.4906
32.6013	22.4810
32.6013	22.4714
32.6013	22.4618
32.6013	22.4523
32.6013	22.4427
32.5917	22.4427
32.5917	22.4331
32.5917	22.4236
32.5917	22.4140
32.5821	22.4044
32.5821	22.3948
32.5726	22.3948
32.5726	22.3853
32.5726	22.3757
32.5630	22.3757
32.5630	22.3661
32.5534	22.3661
32.5534	22.3565
32.5534	22.3470
32.5438	22.3374
32.5438	22.3278
32.5343	22.3278
32.5343	22.3182
32.5343	22.3087
32.5343	22.2991
32.5247	22.2991
32.5247	22.2895
32.5151	22.2799
32.5151	22.2704
32.5151	22.2608
32.5055	22.2608
32.5055	22.2512
32.5055	22.2416
32.4960	22.2416
32.4960	22.2321
32.4960	22.2225
32.4864	22.2225
32.4768	22.2225
32.4768	22.2129
32.4768	22.2033
32.4672	22.2033
32.4577	22.2033
32.4481	22.2033
32.4481	22.1938
32.4385	22.1938
32.4385	22.1842
32.4289	22.1842
32.4289	22.1746
32.4194	22.1746
32.4194	22.1650
32.4194	22.1555
32.4098	22.1555
32.4098	22.1459
32.4002	22.1459
32.4002	22.1363
32.4002	22.1267
32.4002	22.1172
32.4002	22.1076
32.4002	22.0980
32.4002	22.0884
32.4002	22.0789
32.4002	22.0693
32.4098	22.0693
32.4194	22.0693
32.4194	22.0597
32.4194	22.0501
32.4385	22.0406
32.4385	22.0310
32.4385	22.0214
32.4481	22.0214
32.4481	22.0118
32.4577	22.0118
32.4577	22.0023
32.4672	22.0023
32.4672	21.9927
32.4768	21.9927
32.4768	21.9831
32.4864	21.9831
32.4864	21.9735
32.4864	21.9640
32.4960	21.9640
32.4960	21.9544
32.4960	21.9448
32.4960	21.9352
32.4960	21.9257
32.4960	21.9161
32.4960	21.9065
32.4960	21.8970
32.4960	21.8874
32.4960	21.8778
32.4960	21.8682
32.4960	21.8587
32.4768	21.8587
32.4768	21.8491
32.4768	21.8395
32.4672	21.8395
32.4672	21.8299
32.4577	21.8299
32.4577	21.8204
32.4481	21.8108
32.4481	21.8012
32.4385	21.8012
32.4289	21.8012
32.4289	21.7916
32.4289	21.7821
32.4194	21.7821
32.4194	21.7725
32.4098	21.7725
32.4002	21.7629
32.4002	21.7533
32.3906	21.7533
32.3811	21.7438
32.3811	21.7342
32.3715	21.7246
32.3619	21.7246
32.3523	21.7246
32.3523	21.7150
32.3428	21.7150
32.3428	21.7055
32.3428	21.6959
32.3428	21.6863
32.3428	21.6767
32.3428	21.6672
32.3332	21.6672
32.3332	21.6576
32.3332	21.6480
32.3236	21.6480
32.3236	21.6384
32.3236	21.6289
32.3236	21.6193
32.3236	21.6097
32.3140	21.6097
32.3140	21.6001
32.3140	21.5906
32.3045	21.5906
32.3045	21.5810
32.3045	21.5714
32.2949	21.5714
32.2949	21.5618
32.2853	21.5618
32.2853	21.5523
32.2853	21.5427
32.2853	21.5331
32.2757	21.5331
32.2662	21.5235
32.2662	21.5140
32.2566	21.5140
32.2566	21.5044
32.2470	21.4948
32.2374	21.4852
32.2279	21.4757
32.2279	21.4661
32.2183	21.4661
32.2087	21.4565
32.2087	21.4469
32.1991	21.4469
32.1991	21.4374
32.1896	21.4374
32.1896	21.4278
32.1800	21.4278
32.1800	21.4182
32.1704	21.4182
32.1704	21.4086
32.1608	21.4086
32.1608	21.3991
32.1513	21.3991
32.1513	21.3895
32.1513	21.3799
32.1417	21.3799
32.1321	21.3799
32.1321	21.3704
32.1225	21.3704
32.1130	21.3608
32.1034	21.3608
32.0938	21.3608
32.0938	21.3512
32.0843	21.3512
32.0747	21.3416
32.0651	21.3416
32.0555	21.3321
32.0555	21.3225
32.0460	21.3225
32.0364	21.3225
32.0268	21.3225
32.0172	21.3225
32.0172	21.3129
32.0077	21.3129
31.9981	21.3033
31.9885	21.3033
31.9789	21.3033
31.9694	21.3033
31.9598	21.3033
31.9502	21.3033
31.9502	21.2938
31.9406	21.2938
31.9311	21.2938
31.9215	21.2938
31.9119	21.2938
31.9023	21.2842
31.8928	21.2842
31.8832	21.2842
31.8736	21.2842
31.8640	21.2842
31.8640	21.2746
31.8449	21.2746
31.8449	21.2650
31.8353	21.2650
31.8257	21.2650
31.8162	21.2650
31.8066	21.2650
31.7970	21.2555
31.7874	21.2555
31.7779	21.2555
31.7779	21.2459
31.7683	21.2459
31.7587	21.2459
31.7491	21.2459
31.7396	21.2459
31.7300	21.2459
31.7204	21.2459
31.7108	21.2459
31.7013	21.2459
31.6917	21.2459
31.6821	21.2459
31.6725	21.2459
31.6725	21.2363
31.6630	21.2363
31.6630	21.2267
31.6534	21.2267
31.6534	21.2172
31.6534	21.2076
31.6438	21.2076
31.6342	21.2076
31.6342	21.1980
31.6342	21.1884
31.6342	21.1789
31.6247	21.1789
31.6151	21.1789
31.6151	21.1693
31.6055	21.1693
31.6055	21.1597
31.6055	21.1501
31.5960	21.1501
31.5960	21.1406
31.5864	21.1406
31.5864	21.1310
31.5768	21.1310
31.5768	21.1214
31.5768	21.1118
31.5672	21.1118
31.5672	21.1023
31.5672	21.0927
31.5577	21.0927
31.5577	21.0831
31.5577	21.0735
31.5481	21.0640
31.5481	21.0544
31.5385	21.0544
31.5385	21.0448
31.5289	21.0448
31.5289	21.0352
31.5194	21.0352
31.5098	21.0352
31.5002	21.0257
31.5002	21.0161
31.4811	21.0161
31.4715	21.0161
31.4619	21.0161
31.4523	21.0161
31.4428	21.0161
31.4428	21.0065
31.4332	21.0065
31.4236	21.0065
31.4236	20.9969
31.4140	20.9969
31.4045	20.9969
31.3949	20.9969
31.3853	20.9874
31.3757	20.9874
31.3662	20.9778
31.3566	20.9778
31.3470	20.9682
31.3374	20.9682
31.3374	20.9586
31.3279	20.9586
31.3183	20.9586
31.3087	20.9586
31.2991	20.9586
31.2896	20.9491
31.2800	20.9395
31.2704	20.9395
31.2608	20.9395
31.2513	20.9395
31.2513	20.9299
31.2417	20.9299
31.2321	20.9299
31.2321	20.9203
31.2225	20.9203
31.2130	20.9203
31.2034	20.9203
31.1938	20.9108
31.1842	20.9108
31.1747	20.9108
31.1747	20.9012
31.1651	20.9012
31.1555	20.9012
31.1459	20.9012
31.1364	20.9012
31.1364	20.8916
31.1268	20.8821
31.1172	20.8821
31.1076	20.8821
31.1076	20.8725
31.1076	20.8629
31.0981	20.8438
31.0981	20.8342
31.0981	20.8246
31.0981	20.8150
31.0981	20.8055
31.0981	20.7959
31.0981	20.7863
31.0981	20.7767
31.0981	20.7672
31.0981	20.7576
31.0981	20.7480
31.0981	20.7384
31.0981	20.7289
31.1076	20.7289
31.1172	20.7289
31.1172	20.7193
31.1268	20.7193
31.1268	20.7097
31.1364	20.7097
31.1364	20.7001
31.1364	20.6906
31.1459	20.6906
31.1459	20.6810
31.1555	20.6714
31.1555	20.6618
31.1555	20.6523
31.1555	20.6427
31.1555	20.6331
31.1555	20.6235
31.1555	20.6140
31.1555	20.5948
31.1555	20.5852
31.1555	20.5757
31.1555	20.5661
31.1555	20.5565
31.1555	20.5374
31.1555	20.5278
31.1555	20.5182
31.1555	20.5086
31.1555	20.4991
31.1459	20.4991
31.1459	20.4895
31.1364	20.4895
31.1364	20.4799
31.1268	20.4799
31.1172	20.4703
31.1172	20.4608
31.1076	20.4608
31.1076	20.4512
31.0981	20.4512
31.0981	20.4416
31.0885	20.4416
31.0885	20.4320
31.0789	20.4225
31.0694	20.4225
31.0694	20.4129
31.0598	20.4129
31.0598	20.4033
31.0502	20.4033
31.0406	20.4033
31.0311	20.3937
31.0215	20.3842
31.0119	20.3842
31.0023	20.3746
31.0023	20.3650
30.9928	20.3650
30.9832	20.3650
30.9832	20.3555
30.9736	20.3555
30.9640	20.3555
30.9640	20.3459
30.9545	20.3459
30.9449	20.3459
30.9353	20.3459
30.9257	20.3459
30.9162	20.3459
30.9066	20.3459
30.8970	20.3363
30.8874	20.3363
30.8779	20.3363
30.8683	20.3363
30.8683	20.3267
30.8587	20.3267
30.8491	20.3267
30.8396	20.3267
30.8300	20.3267
30.8204	20.3267
30.8108	20.3267
30.8013	20.3267
30.7917	20.3172
30.7821	20.3172
30.7725	20.3172
30.7630	20.3172
30.7534	20.3076
30.7438	20.3076
30.7342	20.3076
30.7247	20.3076
30.7247	20.2980
30.7151	20.2980
30.7055	20.2884
30.6959	20.2884
30.6864	20.2884
30.6768	20.2789
30.6576	20.2693
30.6481	20.2693
30.6289	20.2693
30.6193	20.2597
30.6002	20.2501
30.5906	20.2501
30.5811	20.2501
30.5715	20.2501
30.5619	20.2501
30.5619	20.2406
30.5523	20.2406
30.5428	20.2310
30.5332	20.2310
30.5236	20.2310
30.5140	20.2214
30.5045	20.2214
30.4949	20.2214
30.4853	20.2118
30.4757	20.2118
30.4662	20.2118
30.4566	20.2118
30.4470	20.2023
30.4374	20.2023
30.4279	20.2023
30.4279	20.1927
30.4183	20.1927
30.4087	20.1927
30.3991	20.1927
30.3896	20.1927
30.3800	20.1927
30.3704	20.1927
30.3608	20.1927
30.3513	20.1927
30.3417	20.1927
30.3321	20.1927
30.3225	20.1927
30.3130	20.1927
30.2938	20.2118
30.2842	20.2118
30.2747	20.2118
30.2651	20.2214
30.2555	20.2214
30.2555	20.2310
30.2459	20.2310
30.2364	20.2310
30.2268	20.2310
30.2172	20.2310
30.2076	20.2310
30.1981	20.2406
30.1885	20.2406
30.1789	20.2406
30.1693	20.2406
30.1598	20.2406
30.1406	20.2406
30.1310	20.2406
30.1215	20.2406
30.1023	20.2406
30.0927	20.2406
30.0832	20.2406
30.0736	20.2406
30.0640	20.2406
30.0545	20.2406
30.0449	20.2406
30.0353	20.2406
30.0257	20.2406
30.0162	20.2406
30.0066	20.2406
29.9874	20.2406
29.9779	20.2406
29.9683	20.2406
29.9683	20.2310
29.9587	20.2310
29.9491	20.2214
29.9300	20.2214
29.9204	20.2118
29.9108	20.2118
29.8917	20.2023
29.8821	20.1927
29.8630	20.1927
29.8534	20.1831
29.8438	20.1735
29.8342	20.1735
29.8151	20.1735
29.8151	20.1640
29.8055	20.1544
29.7959	20.1544
29.7959	20.1448
29.7864	20.1448
29.7864	20.1352
29.7768	20.1352
29.7672	20.1352
29.7576	20.1257
29.7481	20.1161
29.7385	20.1161
29.7289	20.1161
29.7193	20.1065
29.7098	20.1065
29.7002	20.1065
29.7002	20.0969
29.6906	20.0969
29.6810	20.0874
29.6619	20.0874
29.6427	20.0778
29.6236	20.0682
29.6044	20.0586
29.5949	20.0586
29.5853	20.0586
29.5853	20.0491
29.5757	20.0491
29.5661	20.0491
29.5661	20.0395
29.5470	20.0395
29.5374	20.0395
29.5279	20.0395
29.5183	20.0395
29.5087	20.0395
29.5087	20.0299
29.4991	20.0299
29.4896	20.0299
29.4800	20.0299
29.4704	20.0203
29.4608	20.0203
29.4513	20.0203
29.4417	20.0203
29.4321	20.0203
29.4130	20.0108
29.3938	20.0108
29.3938	20.0012
29.3747	20.0012
29.3651	20.0012
29.3555	20.0012
29.3364	20.0012
29.3364	19.9916
29.3172	19.9916
29.3076	19.9916
29.2981	19.9916
29.2885	19.9916
29.2789	19.9916
29.2693	19.9916
29.2598	19.9916
29.2502	19.9916
29.2406	19.9916
29.2310	19.9916
29.2215	19.9916
29.2215	20.0012
29.2119	20.0012
29.2023	20.0012
29.1927	20.0012
29.1832	20.0012
29.1832	20.0108
29.1736	20.0108
29.1736	20.0203
29.1640	20.0203
29.1544	20.0299
29.1449	20.0299
29.1449	20.0395
29.1353	20.0395
29.1353	20.0491
29.1257	20.0491
29.1161	20.0491
29.1066	20.0491
29.0970	20.0491
29.0874	20.0491
29.0778	20.0491
29.0683	20.0491
29.0587	20.0491
29.0491	20.0491
29.0396	20.0491
29.0300	20.0491
29.0204	20.0491
29.0108	20.0491
29.0108	20.0395
29.0013	20.0395
28.9917	20.0395
28.9821	20.0395
28.9725	20.0395
28.9630	20.0395
28.9630	20.0299
28.9534	20.0299
28.9438	20.0299
28.9342	20.0203
28.9247	20.0203
28.9151	20.0203
28.9151	20.0108
28.8959	20.0012
28.8864	20.0012
28.8768	19.9916
28.8672	19.9916
28.8576	19.9820
28.8481	19.9820
28.8385	19.9820
28.8193	19.9629
28.8098	19.9629
28.8002	19.9629
28.7906	19.9629
28.7906	19.9533
28.7810	19.9533
28.7715	19.9533
28.7619	19.9437
28.7523	19.9437
28.7427	19.9437
28.7427	19.9342
28.7332	19.9342
28.7236	19.9342
28.7236	19.9246
28.7140	19.9246
28.7044	19.9246
28.6949	19.9246
28.6853	19.9246
28.6661	19.9246
28.6470	19.9246
28.6278	19.9246
28.6183	19.9246
28.5991	19.9246
28.5800	19.9246
28.5704	19.9246
28.5512	19.9246
28.5321	19.9246
28.5225	19.9246
28.5034	19.9246
28.4938	19.9246
28.4842	19.9246
28.4747	19.9246
28.4651	19.9246
28.4555	19.9246
28.4459	19.9246
28.4364	19.9246
28.4268	19.9246
28.4172	19.9246
28.4076	19.9246
28.3885	19.9246
28.3789	19.9246
28.3598	19.9246
28.3502	19.9246
28.3406	19.9246
28.3310	19.9246
28.3215	19.9246
28.3119	19.9246
28.3023	19.9246
28.2927	19.9246
28.2832	19.9342
28.2736	19.9342
28.2640	19.9342
28.2544	19.9342
28.2449	19.9437
28.2257	19.9437
28.2161	19.9437
28.2066	19.9533
28.1970	19.9533
28.1874	19.9533
28.1874	19.9629
28.1778	19.9629
28.1683	19.9629
28.1683	19.9725
28.1587	19.9725
28.1491	19.9725
28.1395	19.9725
28.1300	19.9725
28.1300	19.9629
28.1204	19.9629
28.1108	19.9629
28.1012	19.9629
28.0917	19.9533
28.0821	19.9437
28.0725	19.9437
28.0629	19.9437
28.0534	19.9342
28.0534	19.9246
28.0438	19.9246
28.0342	19.9246
28.0342	19.9150
28.0342	19.9054
28.0247	19.9054
28.0247	19.8959
28.0151	19.8959
28.0151	19.8863
28.0055	19.8863
28.0055	19.8767
27.9959	19.8767
27.9864	19.8767
27.9576	19.8672
27.9481	19.8576
27.9385	19.8576
27.9289	19.8576
27.9098	19.8480
27.9002	19.8480
27.8906	19.8480
27.8810	19.8480
27.8715	19.8480
27.8619	19.8480
27.8523	19.8480
27.8236	19.8384
27.8044	19.8289
27.7853	19.8289
27.7757	19.8289
27.7661	19.8193
27.7566	19.8097
27.7470	19.8097
27.7470	19.8001
27.7374	19.8001
27.7278	19.7906
27.7278	19.7810
27.7183	19.7810
27.7087	19.7714
27.7087	19.7618
27.6991	19.7618
27.6991	19.7523
27.6895	19.7523
27.6895	19.7427
27.6895	19.7331
27.6800	19.7331
27.6704	19.7331
27.6704	19.7235
27.6704	19.7140
27.6704	19.7044
27.6608	19.7044
27.6608	19.6948
27.6512	19.6948
27.6512	19.6757
27.6417	19.6757
27.6417	19.6661
27.6417	19.6565
27.6321	19.6469
27.6321	19.6374
27.6321	19.6278
27.6225	19.6278
27.6225	19.6182
27.6225	19.6086
27.6129	19.5991
27.6129	19.5895
27.6034	19.5799
27.5938	19.5799
27.5938	19.5703
27.5938	19.5608
27.5842	19.5608
27.5842	19.5512
27.5842	19.5416
27.5746	19.5416
27.5746	19.5320
27.5651	19.5320
27.5651	19.5225
27.5555	19.5129
27.5555	19.5033
27.5459	19.5033
27.5363	19.4937
27.5363	19.4842
27.5268	19.4842
27.5172	19.4746
27.5172	19.4650
27.5076	19.4650
27.5076	19.4554
27.4981	19.4554
27.4885	19.4459
27.4789	19.4363
27.4789	19.4267
27.4693	19.4171
27.4598	19.4171
27.4598	19.4076
27.4598	19.3980
27.4502	19.3884
27.4406	19.3884
27.4406	19.3788
27.4310	19.3693
27.4215	19.3501
27.4119	19.3501
27.4023	19.3310
27.4023	19.3214
27.3927	19.3118
27.3832	19.2927
27.3832	19.2831
27.3736	19.2735
27.3640	19.2735
27.3640	19.2640
27.3640	19.2544
27.3544	19.2544
27.3449	19.2448
27.3449	19.2352
27.3449	19.2257
27.3449	19.2161
27.3544	19.2065
27.3640	19.2065
27.3640	19.1969
27.3736	19.1969
27.3832	19.1874
27.3832	19.1778
27.3927	19.1778
27.4023	19.1778
27.4023	19.1682
27.4119	19.1682
27.4215	19.1682
27.4215	19.1586
27.4310	19.1586
27.4406	19.1586
27.4406	19.1491
27.4502	19.1491
27.4502	19.1395
27.4598	19.1395
27.4693	19.1395
27.4789	19.1395
27.4789	19.1299
27.4789	19.1203
27.4885	19.1203
27.4981	19.1203
27.5076	19.1203
27.5172	19.1203
27.5268	19.1108
27.5363	19.1108
27.5459	19.1012
27.5555	19.1012
27.5555	19.0916
27.5651	19.0916
27.5746	19.0820
27.5842	19.0820
27.5938	19.0725
27.5938	19.0629
27.6129	19.0629
27.6129	19.0437
27.6321	19.0342
27.6417	19.0246
27.6512	19.0054
27.6608	18.9959
27.6704	18.9863
27.6800	18.9671
27.6895	18.9671
27.6895	18.9576
27.6991	18.9480
27.7087	18.9480
27.7087	18.9384
27.7183	18.9384
27.7183	18.9288
27.7278	18.9288
27.7278	18.9193
27.7278	18.9097
27.7374	18.9097
27.7470	18.9001
27.7470	18.8905
27.7566	18.8905
27.7661	18.8810
27.7661	18.8714
27.7661	18.8618
27.7853	18.8618
27.7853	18.8523
27.7853	18.8427
27.7949	18.8331
27.7949	18.8235
27.7949	18.8140
27.8044	18.8140
27.8044	18.7948
27.8044	18.7852
27.8044	18.7757
27.8044	18.7565
27.8140	18.7374
27.8140	18.7278
27.8236	18.7086
27.8236	18.6991
27.8236	18.6799
27.8236	18.6703
27.8236	18.6608
27.8236	18.6512
27.8236	18.6416
27.8236	18.6320
27.8236	18.6225
27.8236	18.6129
27.8332	18.6033
27.8332	18.5937
27.8332	18.5842
27.8332	18.5746
27.8332	18.5650
27.8332	18.5459
27.8332	18.5363
27.8332	18.5267
27.8332	18.5171
27.8332	18.5076
27.8332	18.4980
27.8332	18.4884
27.8332	18.4693
27.8332	18.4597
27.8332	18.4501
27.8332	18.4310
27.8332	18.4214
27.8332	18.4118
27.8332	18.3927
27.8332	18.3831
27.8332	18.3735
27.8236	18.3735
27.8236	18.3639
27.8236	18.3544
27.8236	18.3448
27.8236	18.3352
27.8236	18.3257
27.8236	18.3161
27.8140	18.3065
27.8044	18.2874
27.8044	18.2778
27.8044	18.2586
27.8044	18.2491
27.7949	18.2395
27.7949	18.2299
27.7949	18.2203
27.7853	18.2108
27.7853	18.2012
27.7853	18.1916
27.7853	18.1820
27.7853	18.1725
27.7853	18.1629
27.7853	18.1533
27.7853	18.1437
27.7853	18.1342
27.7853	18.1246
27.7853	18.1150
27.7853	18.1054
27.7853	18.0959
27.7853	18.0863
27.7853	18.0767
27.7853	18.0671
27.7853	18.0576
27.7853	18.0480
27.7853	18.0288
27.7853	18.0097
27.7853	18.0001
27.7853	17.9810
27.7853	17.9714
27.7949	17.9618
27.7949	17.9522
27.7949	17.9427
27.7949	17.9331
27.7949	17.9235
27.7949	17.9139
27.7949	17.9044
27.7949	17.8948
27.7949	17.8852
27.7949	17.8756
27.7949	17.8661
27.7949	17.8565
27.7949	17.8469
27.7949	17.8374
27.7949	17.8182
27.7949	17.8086
27.7949	17.7991
27.7949	17.7799
27.7949	17.7703
27.7949	17.7608
27.7949	17.7512
27.7949	17.7416
27.7949	17.7320
27.7949	17.7225
27.7949	17.7129
27.7949	17.7033
27.7949	17.6937
27.7949	17.6842
27.7949	17.6746
27.7949	17.6650
27.7949	17.6554
27.7949	17.6459
27.7949	17.6363
27.7949	17.6267
27.7949	17.6171
27.7949	17.6076
27.7853	17.6076
27.7853	17.5980
27.7853	17.5884
27.7853	17.5788
27.7853	17.5693
27.7757	17.5693
27.7757	17.5597
27.7757	17.5501
27.7661	17.5501
27.7661	17.5405
27.7661	17.5310
27.7566	17.5310
27.7566	17.5214
27.7470	17.5214
27.7470	17.5118
27.7374	17.5118
27.7278	17.5022
27.7278	17.4927
27.7183	17.4831
27.7087	17.4735
27.6991	17.4735
27.6991	17.4639
27.6895	17.4544
27.6895	17.4448
27.6800	17.4448
27.6800	17.4352
27.6704	17.4352
27.6608	17.4352
27.6608	17.4256
27.6512	17.4161
27.6417	17.4161
27.6417	17.4065
27.6321	17.3969
27.6225	17.3969
27.6225	17.3873
27.6129	17.3873
27.6129	17.3778
27.6034	17.3682
27.6034	17.3586
27.5938	17.3586
27.5842	17.3586
27.5842	17.3490
27.5746	17.3395
27.5651	17.3395
27.5651	17.3299
27.5555	17.3299
27.5555	17.3203
27.5555	17.3108
27.5459	17.3108
27.5363	17.3108
27.5363	17.3012
27.5268	17.3012
27.5172	17.3012
27.5076	17.3012
27.4981	17.3012
27.4981	17.2820
27.4885	17.2820
27.4789	17.2820
27.4693	17.2820
27.4598	17.2820
27.4598	17.2725
27.4502	17.2725
27.4406	17.2725
27.4406	17.2629
27.4310	17.2629
27.4215	17.2629
27.4119	17.2629
27.4023	17.2629
27.3927	17.2629
27.3832	17.2629
27.3736	17.2629
27.3640	17.2629
27.3544	17.2629
27.3449	17.2533
27.3257	17.2533
27.3066	17.2533
27.2874	17.2533
27.2778	17.2533
27.2683	17.2533
27.2587	17.2533
27.2491	17.2533
27.2395	17.2533
27.2300	17.2533
27.2108	17.2533
27.2012	17.2533
27.1917	17.2533
27.1821	17.2533
27.1725	17.2533
27.1629	17.2533
27.1534	17.2629
27.1438	17.2629
27.1342	17.2629
27.1246	17.2629
27.1151	17.2629
27.1055	17.2629
27.0959	17.2629
27.0863	17.2629
27.0863	17.2725
27.0768	17.2725
27.0672	17.2725
27.0576	17.2725
27.0576	17.2820
27.0480	17.2820
27.0385	17.2820
27.0289	17.2820
27.0289	17.2916
27.0193	17.2916
27.0098	17.3012
27.0002	17.3012
26.9906	17.3012
26.9810	17.3012
26.9715	17.3108
26.9619	17.3108
26.9619	17.3203
26.9523	17.3203
26.9427	17.3203
26.9332	17.3203
26.9236	17.3203
26.9236	17.3299
26.9140	17.3299
26.9044	17.3299
26.9044	17.3395
26.8949	17.3395
26.8853	17.3490
26.8757	17.3586
26.8757	17.3682
26.8661	17.3778
26.8566	17.3778
26.8470	17.3873
26.8470	17.3969
26.8374	17.3969
26.8278	17.3969
26.8278	17.4065
26.8278	17.4161
26.8183	17.4161
26.8183	17.4256
26.8087	17.4256
26.8087	17.4352
26.7991	17.4352
26.7895	17.4448
26.7895	17.4544
26.7704	17.4544
26.7704	17.4639
26.7608	17.4639
26.7512	17.4735
26.7512	17.4831
26.7417	17.4831
26.7321	17.4927
26.7321	17.5022
26.7225	17.5022
26.7225	17.5118
26.7129	17.5118
26.7034	17.5118
26.7034	17.5214
26.6938	17.5310
26.6938	17.5405
26.6842	17.5405
26.6746	17.5501
26.6746	17.5597
26.6651	17.5693
26.6555	17.5788
26.6555	17.5884
26.6459	17.5884
26.6363	17.5980
26.6363	17.6076
26.6268	17.6076
26.6172	17.6267
26.6172	17.6363
26.6076	17.6459
26.5980	17.6554
26.5885	17.6650
26.5789	17.6650
26.5789	17.6746
26.5789	17.6842
26.5693	17.6937
26.5597	17.7033
26.5597	17.7129
26.5502	17.7129
26.5406	17.7225
26.5406	17.7320
26.5310	17.7416
26.5214	17.7512
26.5214	17.7608
26.5119	17.7703
26.5119	17.7799
26.5023	17.7799
26.5023	17.7895
26.5023	17.7991
26.5023	17.8086
26.4927	17.8182
26.4832	17.8182
26.4832	17.8278
26.4832	17.8374
26.4832	17.8469
26.4736	17.8565
26.4736	17.8661
26.4640	17.8756
26.4640	17.8852
26.4640	17.8948
26.4640	17.9044
26.4640	17.9139
26.4544	17.9139
26.4544	17.9235
26.4544	17.9331
26.4449	17.9331
26.4449	17.9522
26.4449	17.9618
26.4449	17.9714
26.4449	17.9810
26.4353	17.9810
26.4353	17.9905
26.4257	18.0001
26.4257	18.0097
26.4257	18.0193
26.4066	18.0288
26.4066	18.0384
26.4066	18.0480
26.3970	18.0480
26.3874	18.0671
26.3874	18.0767
26.3778	18.0863
26.3683	18.0959
26.3683	18.1054
26.3683	18.1150
26.3587	18.1150
26.3491	18.1246
26.3491	18.1342
26.3395	18.1437
26.3395	18.1533
26.3300	18.1629
26.3204	18.1629
26.3204	18.1725
26.3108	18.1725
26.3108	18.1820
26.3108	18.1916
26.3012	18.1916
26.3012	18.2012
26.2917	18.2012
26.2917	18.2108
26.2917	18.2203
26.2725	18.2203
26.2725	18.2299
26.2725	18.2395
26.2629	18.2395
26.2534	18.2395
26.2534	18.2491
26.2438	18.2586
26.2342	18.2586
26.2342	18.2682
26.2246	18.2778
26.2151	18.2778
26.2151	18.2874
26.2151	18.2969
26.2055	18.2969
26.1959	18.2969
26.1959	18.3065
26.1959	18.3161
26.1863	18.3161
26.1768	18.3352
26.1768	18.3448
26.1576	18.3544
26.1576	18.3735
26.1385	18.3735
26.1385	18.3831
26.1385	18.3927
26.1289	18.4022
26.1193	18.4118
26.1193	18.4214
26.1097	18.4310
26.1002	18.4310
26.1002	18.4405
26.1002	18.4501
26.0906	18.4501
26.0906	18.4597
26.0906	18.4693
26.0810	18.4693
26.0810	18.4788
26.0810	18.4884
26.0714	18.4980
26.0714	18.5076
26.0619	18.5076
26.0619	18.5171
26.0619	18.5267
26.0619	18.5363
26.0619	18.5459
26.0619	18.5554
26.0619	18.5650
26.0523	18.5650
26.0523	18.5746
26.0523	18.5842
26.0427	18.5842
26.0427	18.5937
26.0427	18.6033
26.0427	18.6129
26.0427	18.6225
26.0331	18.6225
26.0331	18.6320
26.0331	18.6416
26.0236	18.6416
26.0236	18.6512
26.0236	18.6608
26.0236	18.6703
26.0140	18.6703
26.0044	18.6703
26.0044	18.6799
25.9949	18.6799
25.9853	18.6799
25.9757	18.6895
25.9661	18.6895
25.9566	18.6895
25.9470	18.6895
25.9470	18.6991
25.9374	18.6991
25.9278	18.6991
25.9183	18.6991
25.9087	18.6991
25.8991	18.6991
25.8895	18.6991
25.8800	18.6991
25.8704	18.6991
25.8704	18.6895
25.8704	18.6799
25.8608	18.6799
25.8512	18.6799
25.8417	18.6703
25.8321	18.6703
25.8225	18.6608
25.8129	18.6608
25.8034	18.6608
25.7938	18.6512
25.7938	18.6416
25.7746	18.6225
25.7651	18.6225
25.7555	18.6129
25.7459	18.6033
25.7363	18.5937
25.7268	18.5746
25.7172	18.5650
25.7076	18.5459
25.6980	18.5459
25.6980	18.5363
25.6789	18.5267
25.6789	18.5171
25.6693	18.5171
25.6597	18.5076
25.6406	18.4980
25.6406	18.4884
25.6214	18.4788
25.6119	18.4693
25.6023	18.4597
25.5831	18.4501
25.5831	18.4405
25.5640	18.4310
25.5544	18.4310
25.5544	18.4214
25.5448	18.4118
25.5353	18.4118
25.5257	18.4118
25.5161	18.4118
25.5065	18.4118
25.4874	18.4118
25.4683	18.4118
25.4587	18.4022
25.4491	18.3927
25.4300	18.3927
25.4204	18.3927
25.4108	18.3927
25.4012	18.3831
25.3821	18.3831
25.3725	18.3735
25.3629	18.3735
25.3534	18.3735
25.3438	18.3735
25.3342	18.3735
25.3246	18.3735
25.3151	18.3735
25.2863	18.3735
25.2576	18.3735
25.2289	18.3735
25.2002	18.3831
25.1810	18.3831
25.1619	18.3831
25.1619	18.3927
25.1523	18.3927
25.1427	18.3927
25.1331	18.3927
25.1236	18.4022
25.1140	18.4022
25.1044	18.4118
25.0948	18.4118
25.0853	18.4118
25.0853	18.4214
25.0757	18.4214
25.0661	18.4214
25.0661	18.4310
25.0374	18.4310
25.0278	18.4405
25.0087	18.4501
24.9895	18.4501
24.9608	18.4597
24.9512	18.4693
24.9417	18.4693
24.9321	18.4693
24.9225	18.4693
24.9034	18.4693
24.8938	18.4693
24.8746	18.4693
24.8651	18.4693
24.8555	18.4693
24.8459	18.4693
24.8363	18.4693
24.8268	18.4693
24.8172	18.4693
24.8076	18.4693
24.7980	18.4693
24.7789	18.4501
24.7693	18.4310
24.7502	18.4118
24.7406	18.3831
24.7214	18.3639
24.7214	18.3448
24.7214	18.3352
24.7023	18.3161
24.7023	18.3065
24.6927	18.2969
24.6831	18.2969
24.6831	18.2874
24.6831	18.2778
24.6736	18.2682
24.6640	18.2586
24.6640	18.2491
24.6544	18.2395
24.6448	18.2395
24.6448	18.2299
24.6448	18.2203
24.6353	18.2203
24.6353	18.2108
24.6257	18.2012
24.6161	18.2012
24.6161	18.1916
24.6065	18.1820
24.5970	18.1725
24.5874	18.1629
24.5682	18.1533
24.5682	18.1437
24.5587	18.1342
24.5491	18.1342
24.5491	18.1246
24.5395	18.1246
24.5395	18.1150
24.5299	18.1054
24.5204	18.1054
24.5108	18.0959
24.5012	18.0863
24.4916	18.0671
24.4821	18.0576
24.4725	18.0480
24.4629	18.0480
24.4534	18.0384
24.4438	18.0288
24.4342	18.0288
24.4342	18.0193
24.4246	18.0193
24.4246	18.0097
24.4151	18.0097
24.4151	18.0001
24.4055	17.9905
24.3959	17.9905
24.3863	17.9810
24.3863	17.9714
24.3768	17.9714
24.3768	17.9618
24.3672	17.9522
24.3576	17.9427
24.3576	17.9331
24.3576	17.9235
24.3480	17.9139
24.3385	17.9139
24.3385	17.9044
24.3193	17.8948
24.3193	17.8756
24.3002	17.8565
24.3002	17.8374
24.2810	17.8374
24.2714	17.8182
24.2619	17.8182
24.2619	17.8086
24.2523	17.7991
24.2427	17.7991
24.2427	17.7895
24.2427	17.7799
24.2236	17.7703
24.2236	17.7608
24.2044	17.7416
24.1948	17.7320
24.1853	17.7225
24.1661	17.7033
24.1565	17.7033
24.1565	17.6937
24.1470	17.6842
24.1278	17.6842
24.1182	17.6746
24.1087	17.6650
24.0895	17.6554
24.0704	17.6363
24.0512	17.6267
24.0321	17.6076
24.0129	17.5884
24.0033	17.5788
23.9938	17.5597
23.9746	17.5501
23.9650	17.5501
23.9650	17.5405
23.9555	17.5405
23.9555	17.5310
23.9459	17.5214
23.9363	17.5214
23.9363	17.5118
23.9268	17.5022
23.9172	17.4927
23.8980	17.4831
23.8789	17.4735
23.8789	17.4544
23.8597	17.4544
23.8502	17.4352
23.8406	17.4352
23.8406	17.4256
23.8310	17.4256
23.8310	17.4161
23.8214	17.4161
23.8214	17.4065
23.8119	17.3969
23.8023	17.3969
23.7927	17.3873
23.7831	17.3778
23.7736	17.3682
23.7640	17.3586
23.7544	17.3586
23.7448	17.3586
23.7353	17.3586
23.7257	17.3586
23.7161	17.3490
23.7065	17.3395
23.6874	17.3299
23.6874	17.3203
23.6682	17.3203
23.6682	17.3108
23.6682	17.3012
23.6587	17.3012
23.6491	17.3012
23.6395	17.3012
23.6395	17.2916
23.6299	17.2820
23.6108	17.2820
23.6108	17.2725
23.5916	17.2629
23.5821	17.2533
23.5725	17.2437
23.5629	17.2437
23.5533	17.2437
23.5533	17.2342
23.5533	17.2246
23.5342	17.2246
23.5342	17.2150
23.5246	17.2150
23.5246	17.2054
23.5150	17.2054
23.5055	17.2054
23.5055	17.1959
23.4959	17.1863
23.4863	17.1863
23.4863	17.1767
23.4767	17.1767
23.4767	17.1671
23.4672	17.1671
23.4576	17.1576
23.4576	17.1480
23.4480	17.1480
23.4385	17.1288
23.4289	17.1288
23.4289	17.1193
23.4193	17.1193
23.4193	17.1097
23.4097	17.1097
23.4097	17.1001
23.4002	17.1001
23.4002	17.0905
23.3906	17.0905
23.3906	17.0810
23.3810	17.0810
23.3810	17.0714
23.3714	17.0714
23.3619	17.0714
23.3523	17.0714
23.3427	17.0714
23.3331	17.0714
23.3236	17.0618
23.3236	17.0522
23.3140	17.0522
23.3044	17.0522
