22.5116	13.4032
22.5186	13.4032
22.5256	13.4032
22.5326	13.4032
22.5396	13.4032
22.5466	13.4032
22.5466	13.3962
22.5466	13.3892
22.5536	13.3892
22.5606	13.3822
22.5676	13.3822
22.5676	13.3752
22.5746	13.3752
22.5746	13.3682
22.5816	13.3682
22.5816	13.3612
22.5886	13.3612
22.5886	13.3542
22.5956	13.3542
22.5956	13.3472
22.6027	13.3472
22.6097	13.3402
22.6097	13.3332
22.6167	13.3332
22.6167	13.3262
22.6237	13.3262
22.6237	13.3192
22.6307	13.3122
22.6377	13.3052
22.6377	13.2981
22.6447	13.2981
22.6447	13.2911
22.6447	13.2841
22.6517	13.2841
22.6517	13.2771
22.6517	13.2701
22.6517	13.2631
22.6587	13.2631
22.6587	13.2561
22.6657	13.2561
22.6657	13.2491
22.6657	13.2421
22.6657	13.2351
22.6727	13.2351
22.6727	13.2281
22.6727	13.2211
22.6797	13.2211
22.6797	13.2141
22.6797	13.2071
22.6867	13.2071
22.6867	13.2001
22.6937	13.2001
22.6937	13.1931
22.6937	13.1860
22.7007	13.1860
22.7007	13.1790
22.7007	13.1720
22.7007	13.1650
22.7077	13.1650
22.7077	13.1580
22.7148	13.1580
22.7148	13.1510
22.7218	13.1510
22.7218	13.1440
22.7288	13.1440
22.7288	13.1370
22.7358	13.1300
22.7428	13.1300
22.7428	13.1230
22.7498	13.1230
22.7568	13.1230
22.7568	13.1160
22.7638	13.1160
22.7638	13.1090
22.7708	13.1090
22.7778	13.1090
22.7778	13.1020
22.7848	13.1020
22.7918	13.1020
22.7918	13.0950
22.7988	13.0950
22.8058	13.0950
22.8128	13.0950
22.8128	13.0880
22.8198	13.0880
22.8198	13.0810
22.8269	13.0810
22.8269	13.0739
22.8269	13.0669
22.8339	13.0669
22.8339	13.0599
22.8409	13.0599
22.8409	13.0529
22.8479	13.0529
22.8479	13.0459
22.8479	13.0389
22.8549	13.0389
22.8549	13.0319
22.8549	13.0249
22.8549	13.0179
22.8619	13.0179
22.8619	13.0109
22.8689	13.0109
22.8689	13.0039
22.8689	12.9969
22.8689	12.9899
22.8689	12.9829
22.8689	12.9759
22.8689	12.9688
22.8689	12.9618
22.8689	12.9548
22.8689	12.9478
22.8689	12.9408
22.8689	12.9338
22.8689	12.9268
22.8759	12.9268
22.8759	12.9198
22.8829	12.9198
22.8829	12.9128
22.8899	12.9128
22.8899	12.9058
22.8969	12.9058
22.8969	12.8988
22.9039	12.8988
22.9039	12.8918
22.9039	12.8848
22.9109	12.8848
22.9179	12.8848
22.9179	12.8778
22.9249	12.8778
22.9249	12.8708
22.9249	12.8638
22.9320	12.8638
22.9320	12.8567
22.9390	12.8567
22.9390	12.8497
22.9390	12.8427
22.9460	12.8427
22.9460	12.8357
22.9530	12.8357
22.9530	12.8287
22.9600	12.8287
22.9600	12.8217
22.9600	12.8147
22.9670	12.8147
22.9670	12.8077
22.9670	12.8007
22.9740	12.8007
22.9810	12.8007
22.9810	12.7937
22.9880	12.7937
22.9880	12.7867
22.9880	12.7797
22.9880	12.7727
22.9950	12.7727
22.9950	12.7657
23.0020	12.7657
23.0020	12.7587
23.0020	12.7517
23.0090	12.7517
23.0090	12.7446
23.0090	12.7376
23.0160	12.7376
23.0160	12.7306
23.0160	12.7236
23.0160	12.7166
23.0230	12.7166
23.0230	12.7096
23.0230	12.7026
23.0300	12.7026
23.0300	12.6956
23.0300	12.6886
23.0370	12.6886
23.0370	12.6816
23.0441	12.6816
23.0441	12.6746
23.0441	12.6676
23.0511	12.6606
23.0511	12.6536
23.0581	12.6536
23.0581	12.6466
23.0651	12.6395
23.0651	12.6325
23.0721	12.6325
23.0721	12.6255
23.0791	12.6255
23.0791	12.6185
23.0861	12.6185
23.0861	12.6115
23.0861	12.6045
23.0931	12.6045
23.1001	12.6045
23.1001	12.5975
23.1001	12.5905
23.1071	12.5905
23.1071	12.5835
23.1141	12.5765
23.1141	12.5695
23.1211	12.5695
23.1211	12.5625
23.1281	12.5625
23.1281	12.5555
23.1281	12.5485
23.1351	12.5485
23.1351	12.5415
23.1351	12.5345
23.1421	12.5345
23.1421	12.5274
23.1491	12.5274
23.1491	12.5204
23.1562	12.5204
23.1562	12.5134
23.1632	12.5134
23.1632	12.5064
23.1702	12.5064
23.1702	12.4994
23.1772	12.4924
23.1842	12.4924
23.1842	12.4854
23.1912	12.4854
23.1982	12.4784
23.1982	12.4714
23.2052	12.4714
23.2122	12.4644
23.2192	12.4644
23.2192	12.4574
23.2262	12.4574
23.2262	12.4504
23.2332	12.4504
23.2402	12.4504
23.2402	12.4434
23.2402	12.4364
23.2472	12.4364
23.2542	12.4364
23.2542	12.4294
23.2613	12.4294
23.2613	12.4223
23.2683	12.4223
23.2753	12.4223
23.2753	12.4153
23.2823	12.4153
23.2823	12.4083
23.2893	12.4083
23.2893	12.4013
23.2963	12.4013
23.2963	12.3943
23.3033	12.3943
23.3103	12.3873
23.3173	12.3873
23.3173	12.3803
23.3243	12.3803
23.3243	12.3733
23.3313	12.3733
23.3383	12.3733
23.3383	12.3663
23.3453	12.3663
23.3453	12.3593
23.3523	12.3593
23.3593	12.3593
23.3593	12.3523
23.3593	12.3453
23.3663	12.3453
23.3734	12.3453
23.3734	12.3383
23.3804	12.3383
23.3804	12.3313
23.3874	12.3313
23.3944	12.3243
23.3944	12.3173
23.4014	12.3173
23.4084	12.3173
23.4154	12.3173
23.4224	12.3173
23.4294	12.3173
23.4364	12.3173
23.4434	12.3173
23.4504	12.3173
23.4504	12.3102
23.4574	12.3102
23.4644	12.3102
23.4714	12.3102
23.4785	12.3102
23.4785	12.3032
23.4855	12.3032
23.4925	12.3032
23.4995	12.3032
23.5065	12.3032
23.5135	12.3032
23.5135	12.2962
23.5205	12.2962
23.5275	12.2962
23.5345	12.2962
23.5415	12.2892
23.5485	12.2892
23.5555	12.2892
23.5625	12.2892
23.5625	12.2822
23.5695	12.2822
23.5765	12.2822
23.5835	12.2822
23.5906	12.2822
23.5976	12.2822
23.6046	12.2822
23.6046	12.2752
23.6116	12.2752
23.6186	12.2752
23.6256	12.2752
23.6326	12.2752
23.6396	12.2752
23.6466	12.2752
23.6536	12.2752
23.6606	12.2752
23.6676	12.2752
23.6676	12.2822
23.6746	12.2822
23.6746	12.2892
23.6816	12.2892
23.6816	12.2962
23.6816	12.3032
23.6886	12.3032
23.6886	12.3102
23.6886	12.3173
23.6886	12.3243
23.6956	12.3243
23.6956	12.3313
23.6956	12.3383
23.6956	12.3453
23.6956	12.3523
23.6956	12.3593
23.6956	12.3663
23.6956	12.3733
23.6956	12.3803
23.6956	12.3873
23.6886	12.3873
23.6886	12.3943
23.6886	12.4013
23.6886	12.4083
23.6816	12.4083
23.6816	12.4153
23.6816	12.4223
23.6746	12.4223
23.6746	12.4294
23.6676	12.4294
23.6676	12.4364
23.6676	12.4434
23.6676	12.4504
23.6606	12.4504
23.6606	12.4574
23.6606	12.4644
23.6606	12.4714
23.6536	12.4784
23.6536	12.4854
23.6466	12.4854
23.6466	12.4924
23.6466	12.4994
23.6396	12.4994
23.6396	12.5064
23.6396	12.5134
23.6326	12.5134
23.6326	12.5204
23.6326	12.5274
23.6326	12.5345
23.6326	12.5415
23.6326	12.5485
23.6326	12.5555
23.6256	12.5555
23.6256	12.5625
23.6256	12.5695
23.6256	12.5765
23.6256	12.5835
23.6256	12.5905
23.6256	12.5975
23.6256	12.6045
23.6256	12.6115
23.6256	12.6185
23.6256	12.6255
23.6256	12.6325
23.6256	12.6395
23.6256	12.6466
23.6326	12.6466
23.6326	12.6536
23.6326	12.6606
23.6396	12.6606
23.6396	12.6676
23.6466	12.6676
23.6466	12.6746
23.6466	12.6816
23.6536	12.6816
23.6536	12.6886
23.6536	12.6956
23.6606	12.6956
23.6606	12.7026
23.6606	12.7096
23.6676	12.7096
23.6676	12.7166
23.6746	12.7166
23.6746	12.7236
23.6746	12.7306
23.6746	12.7376
23.6816	12.7446
23.6816	12.7517
23.6816	12.7587
23.6886	12.7587
23.6886	12.7657
23.6886	12.7727
23.6886	12.7797
23.6886	12.7867
23.6886	12.7937
23.6956	12.7937
23.6956	12.8007
23.6956	12.8077
23.6956	12.8147
23.6956	12.8217
23.6956	12.8287
23.6956	12.8357
23.6956	12.8427
23.6956	12.8497
23.6956	12.8567
23.6886	12.8567
23.6886	12.8638
23.6886	12.8708
23.6816	12.8708
23.6816	12.8778
23.6816	12.8848
23.6746	12.8848
23.6746	12.8918
23.6676	12.8918
23.6676	12.8988
23.6676	12.9058
23.6676	12.9128
23.6676	12.9198
23.6606	12.9198
23.6606	12.9268
23.6606	12.9338
23.6606	12.9408
23.6536	12.9408
23.6536	12.9478
23.6536	12.9548
23.6536	12.9618
23.6466	12.9618
23.6466	12.9688
23.6466	12.9759
23.6466	12.9829
23.6396	12.9829
23.6396	12.9899
23.6396	12.9969
23.6396	13.0039
23.6396	13.0109
23.6396	13.0179
23.6466	13.0179
23.6466	13.0249
23.6466	13.0319
23.6536	13.0319
23.6536	13.0389
23.6606	13.0389
23.6606	13.0459
23.6676	13.0459
23.6746	13.0459
23.6816	13.0459
23.6816	13.0529
23.6886	13.0529
23.6886	13.0599
23.6956	13.0599
23.6956	13.0669
23.6956	13.0739
23.7027	13.0739
23.7027	13.0810
23.7097	13.0810
23.7097	13.0880
23.7097	13.0950
23.7167	13.0950
23.7167	13.1020
23.7167	13.1090
23.7237	13.1090
23.7237	13.1160
23.7307	13.1160
23.7377	13.1160
23.7377	13.1230
23.7447	13.1230
23.7517	13.1230
23.7587	13.1230
23.7657	13.1230
23.7727	13.1230
23.7727	13.1300
23.7797	13.1300
23.7867	13.1300
23.7867	13.1370
23.7937	13.1370
23.8007	13.1370
23.8078	13.1370
23.8078	13.1440
23.8148	13.1440
23.8218	13.1440
23.8218	13.1510
23.8288	13.1510
23.8288	13.1580
23.8358	13.1580
23.8428	13.1580
23.8428	13.1650
23.8498	13.1650
23.8568	13.1650
23.8568	13.1720
23.8638	13.1720
23.8708	13.1720
23.8778	13.1790
23.8848	13.1860
23.8848	13.1931
23.8918	13.1931
23.8988	13.1931
23.9058	13.1931
23.9058	13.2001
23.9128	13.2001
23.9128	13.2071
23.9199	13.2071
23.9199	13.2141
23.9269	13.2141
23.9269	13.2211
23.9269	13.2281
23.9339	13.2281
23.9409	13.2281
23.9409	13.2351
23.9479	13.2351
23.9479	13.2421
23.9479	13.2491
23.9479	13.2561
23.9549	13.2561
23.9549	13.2631
23.9549	13.2701
23.9549	13.2771
23.9619	13.2771
23.9619	13.2841
23.9689	13.2841
23.9689	13.2911
23.9689	13.2981
23.9689	13.3052
23.9689	13.3122
23.9689	13.3192
23.9619	13.3192
23.9619	13.3262
23.9619	13.3332
23.9549	13.3332
23.9549	13.3402
23.9479	13.3402
23.9479	13.3472
23.9409	13.3472
23.9409	13.3542
23.9339	13.3542
23.9339	13.3612
23.9339	13.3682
23.9269	13.3682
23.9269	13.3752
23.9269	13.3822
23.9199	13.3822
23.9199	13.3892
23.9199	13.3962
23.9128	13.3962
23.9128	13.4032
23.9128	13.4103
23.9058	13.4103
23.9058	13.4173
23.8988	13.4173
23.8988	13.4243
23.8918	13.4243
23.8918	13.4313
23.8848	13.4313
23.8778	13.4313
23.8778	13.4383
23.8708	13.4383
23.8708	13.4453
23.8638	13.4453
23.8638	13.4523
23.8568	13.4523
23.8498	13.4523
23.8498	13.4593
23.8428	13.4593
23.8358	13.4593
23.8358	13.4663
23.8288	13.4663
23.8218	13.4663
23.8148	13.4663
23.8148	13.4733
23.8148	13.4803
23.8078	13.4803
23.8007	13.4873
23.7937	13.4873
23.7937	13.4943
23.7867	13.4943
23.7797	13.4943
23.7797	13.5013
23.7797	13.5083
23.7727	13.5083
23.7657	13.5083
23.7657	13.5153
23.7587	13.5153
23.7587	13.5224
23.7517	13.5224
23.7447	13.5224
23.7447	13.5294
23.7447	13.5364
23.7377	13.5364
23.7307	13.5364
23.7307	13.5434
23.7307	13.5504
23.7237	13.5504
23.7167	13.5574
23.7097	13.5644
23.7097	13.5714
23.7027	13.5714
23.7027	13.5784
23.7027	13.5854
23.6956	13.5854
23.6956	13.5924
23.6956	13.5994
23.6886	13.5994
23.6886	13.6064
23.6816	13.6064
23.6816	13.6134
23.6816	13.6204
23.6746	13.6204
23.6676	13.6275
23.6676	13.6345
23.6606	13.6345
23.6606	13.6415
23.6606	13.6485
23.6536	13.6485
23.6536	13.6555
23.6536	13.6625
23.6466	13.6625
23.6466	13.6695
23.6396	13.6695
23.6396	13.6765
23.6326	13.6765
23.6326	13.6835
23.6256	13.6835
23.6186	13.6835
23.6116	13.6835
23.6046	13.6835
23.5976	13.6835
23.5976	13.6905
23.5906	13.6905
23.5835	13.6905
23.5765	13.6905
23.5695	13.6905
23.5695	13.6975
23.5625	13.6975
23.5555	13.6975
23.5485	13.6975
23.5485	13.7045
23.5485	13.7115
23.5415	13.7115
23.5345	13.7115
23.5345	13.7185
23.5275	13.7185
23.5205	13.7185
23.5205	13.7255
23.5135	13.7255
23.5135	13.7325
23.5065	13.7325
23.5065	13.7396
23.4995	13.7396
23.4995	13.7466
23.4925	13.7466
23.4925	13.7536
23.4855	13.7536
23.4785	13.7606
23.4714	13.7606
23.4714	13.7676
23.4644	13.7676
23.4574	13.7746
23.4504	13.7746
23.4504	13.7816
23.4434	13.7816
23.4364	13.7816
23.4364	13.7886
23.4294	13.7886
23.4294	13.7956
23.4294	13.8026
23.4224	13.8026
23.4224	13.8096
23.4154	13.8096
23.4154	13.8166
23.4084	13.8166
23.4084	13.8236
23.4014	13.8236
23.4014	13.8306
23.3944	13.8376
23.3944	13.8446
23.3874	13.8446
23.3874	13.8517
23.3804	13.8517
23.3804	13.8587
23.3804	13.8657
23.3804	13.8727
23.3804	13.8797
23.3804	13.8867
23.3804	13.8937
23.3804	13.9007
23.3804	13.9077
23.3804	13.9147
23.3804	13.9217
23.3804	13.9287
23.3804	13.9357
23.3804	13.9427
23.3804	13.9497
23.3874	13.9497
23.3874	13.9568
23.3874	13.9638
23.3874	13.9708
23.3944	13.9708
23.3944	13.9778
23.4014	13.9778
23.4014	13.9848
23.4014	13.9918
23.4084	13.9918
23.4084	13.9988
23.4084	14.0058
23.4154	14.0058
23.4154	14.0128
23.4224	14.0128
23.4224	14.0198
23.4294	14.0198
23.4364	14.0198
23.4434	14.0198
23.4504	14.0198
23.4504	14.0268
23.4574	14.0268
23.4644	14.0268
23.4714	14.0268
23.4714	14.0338
23.4785	14.0338
23.4855	14.0338
23.4925	14.0338
23.4925	14.0408
23.4995	14.0408
23.5065	14.0408
23.5065	14.0478
23.5135	14.0478
23.5135	14.0548
23.5205	14.0548
23.5205	14.0618
23.5275	14.0618
23.5275	14.0689
23.5345	14.0689
23.5345	14.0759
23.5345	14.0829
23.5345	14.0899
23.5415	14.0899
23.5415	14.0969
23.5485	14.0969
23.5485	14.1039
23.5555	14.1039
23.5555	14.1109
23.5625	14.1179
23.5625	14.1249
23.5625	14.1319
23.5695	14.1319
23.5695	14.1389
23.5695	14.1459
23.5765	14.1459
23.5765	14.1529
23.5765	14.1599
23.5835	14.1599
23.5835	14.1669
23.5835	14.1739
23.5906	14.1739
23.5906	14.1810
23.5906	14.1880
23.5906	14.1950
23.5906	14.2020
23.5976	14.2020
23.5976	14.2090
23.5976	14.2160
23.6046	14.2160
23.6046	14.2230
23.6116	14.2230
23.6116	14.2300
23.6186	14.2300
23.6186	14.2370
23.6256	14.2370
23.6256	14.2440
23.6326	14.2440
23.6326	14.2510
23.6396	14.2510
23.6396	14.2580
23.6466	14.2580
23.6466	14.2650
23.6536	14.2650
23.6536	14.2720
23.6606	14.2720
23.6606	14.2790
23.6676	14.2790
23.6676	14.2861
23.6746	14.2861
23.6746	14.2931
23.6816	14.2931
23.6886	14.3001
23.6956	14.3001
23.6956	14.3071
23.7027	14.3071
23.7097	14.3071
23.7097	14.3141
23.7167	14.3141
23.7167	14.3211
23.7237	14.3211
23.7237	14.3281
23.7307	14.3281
23.7377	14.3281
23.7377	14.3351
23.7447	14.3351
23.7517	14.3351
23.7517	14.3421
23.7587	14.3421
23.7587	14.3491
23.7657	14.3491
23.7727	14.3491
23.7797	14.3491
23.7797	14.3561
23.7867	14.3561
23.7937	14.3561
23.8007	14.3561
23.8007	14.3631
23.8078	14.3631
23.8148	14.3631
23.8218	14.3631
23.8218	14.3701
23.8288	14.3701
23.8288	14.3771
23.8358	14.3771
23.8428	14.3771
23.8428	14.3841
23.8498	14.3841
23.8568	14.3841
23.8568	14.3911
23.8638	14.3911
23.8708	14.3911
23.8778	14.3982
23.8778	14.4052
23.8848	14.4052
23.8848	14.4122
23.8918	14.4122
23.8918	14.4192
23.8988	14.4192
23.8988	14.4262
23.9058	14.4332
23.9058	14.4402
23.9128	14.4402
23.9128	14.4472
23.9199	14.4542
23.9199	14.4612
23.9269	14.4612
23.9269	14.4682
23.9269	14.4752
23.9339	14.4752
23.9409	14.4752
23.9409	14.4822
23.9479	14.4892
23.9479	14.4962
23.9549	14.4962
23.9549	14.5033
23.9619	14.5033
23.9619	14.5103
23.9689	14.5103
23.9689	14.5173
23.9689	14.5243
23.9759	14.5243
23.9759	14.5313
23.9829	14.5313
23.9899	14.5383
23.9969	14.5383
23.9969	14.5453
23.9969	14.5523
24.0039	14.5523
24.0039	14.5593
24.0109	14.5593
24.0109	14.5663
24.0179	14.5663
24.0250	14.5663
24.0250	14.5733
24.0250	14.5803
24.0320	14.5803
24.0390	14.5873
24.0460	14.5873
24.0460	14.5943
24.0530	14.5943
24.0530	14.6013
24.0600	14.6013
24.0600	14.6083
24.0670	14.6083
24.0670	14.6154
24.0740	14.6154
24.0810	14.6154
24.0810	14.6224
24.0880	14.6224
24.0880	14.6294
24.0950	14.6294
24.0950	14.6364
24.1020	14.6364
24.1090	14.6364
24.1090	14.6434
24.1160	14.6434
24.1160	14.6504
24.1230	14.6504
24.1300	14.6504
24.1300	14.6574
24.1371	14.6574
24.1441	14.6574
24.1441	14.6644
24.1511	14.6714
24.1511	14.6784
24.1581	14.6784
24.1651	14.6784
24.1721	14.6854
24.1791	14.6854
24.1791	14.6924
24.1791	14.6994
24.1861	14.6994
24.1931	14.6994
24.2001	14.7064
24.2071	14.7064
24.2071	14.7134
24.2141	14.7134
24.2141	14.7204
24.2211	14.7204
24.2211	14.7275
24.2281	14.7275
24.2351	14.7275
24.2351	14.7345
24.2421	14.7345
24.2421	14.7415
24.2421	14.7485
24.2492	14.7485
24.2562	14.7555
24.2562	14.7625
24.2632	14.7625
24.2632	14.7695
24.2702	14.7695
24.2702	14.7765
24.2702	14.7835
24.2772	14.7835
24.2842	14.7835
24.2842	14.7905
24.2842	14.7975
24.2912	14.7975
24.2912	14.8045
24.2912	14.8115
24.2982	14.8115
24.2982	14.8185
24.2982	14.8255
24.2982	14.8326
24.2982	14.8396
24.2982	14.8466
24.2982	14.8536
24.2982	14.8606
24.2982	14.8676
24.2982	14.8746
24.2982	14.8816
24.2912	14.8816
24.2912	14.8886
24.2842	14.8886
24.2842	14.8956
24.2842	14.9026
24.2772	14.9026
24.2772	14.9096
24.2702	14.9096
24.2702	14.9166
24.2632	14.9166
24.2632	14.9236
24.2632	14.9306
24.2562	14.9306
24.2492	14.9306
24.2492	14.9376
24.2421	14.9376
24.2421	14.9447
24.2351	14.9447
24.2351	14.9517
24.2351	14.9587
24.2281	14.9587
24.2211	14.9587
24.2211	14.9657
24.2141	14.9657
24.2141	14.9727
24.2071	14.9727
24.2071	14.9797
24.2071	14.9867
24.2001	14.9867
24.1931	14.9937
24.1861	14.9937
24.1861	15.0007
24.1791	15.0007
24.1791	15.0077
24.1721	15.0077
24.1721	15.0147
24.1651	15.0147
24.1581	15.0147
24.1581	15.0217
24.1511	15.0217
24.1511	15.0287
24.1441	15.0287
24.1371	15.0287
24.1371	15.0357
24.1300	15.0427
24.1230	15.0427
24.1230	15.0498
24.1160	15.0498
24.1160	15.0568
24.1090	15.0568
24.1020	15.0568
24.1020	15.0638
24.0950	15.0638
24.0950	15.0708
24.0880	15.0708
24.0810	15.0708
24.0740	15.0708
24.0670	15.0708
24.0600	15.0708
24.0530	15.0708
24.0460	15.0708
24.0390	15.0708
24.0320	15.0708
24.0250	15.0708
24.0179	15.0708
24.0109	15.0708
24.0039	15.0708
23.9969	15.0708
23.9899	15.0708
23.9829	15.0708
23.9829	15.0638
23.9759	15.0638
23.9689	15.0638
23.9619	15.0638
23.9619	15.0568
23.9549	15.0568
23.9479	15.0568
23.9479	15.0498
23.9409	15.0498
23.9339	15.0498
23.9269	15.0427
23.9199	15.0427
23.9199	15.0357
23.9128	15.0357
23.9058	15.0357
23.8988	15.0287
23.8918	15.0287
23.8918	15.0217
23.8848	15.0217
23.8848	15.0147
23.8778	15.0077
23.8708	15.0077
23.8708	15.0007
23.8638	15.0007
23.8568	15.0007
23.8568	14.9937
23.8498	14.9937
23.8428	14.9937
23.8428	14.9867
23.8358	14.9867
23.8288	14.9867
23.8218	14.9867
23.8148	14.9867
23.8148	14.9797
23.8078	14.9797
23.8007	14.9797
23.7937	14.9797
23.7867	14.9797
23.7797	14.9797
23.7727	14.9797
23.7657	14.9797
23.7587	14.9797
23.7517	14.9797
23.7447	14.9797
23.7377	14.9867
23.7307	14.9867
23.7237	14.9867
23.7167	14.9867
23.7097	14.9867
23.7027	14.9867
23.7027	14.9937
23.6956	14.9937
23.6956	15.0007
23.6886	15.0007
23.6816	15.0007
23.6816	15.0077
23.6746	15.0147
23.6676	15.0147
23.6606	15.0147
23.6536	15.0147
23.6536	15.0217
23.6466	15.0217
23.6396	15.0217
23.6326	15.0217
23.6256	15.0217
23.6186	15.0217
23.6116	15.0217
23.6046	15.0217
23.5976	15.0217
23.5906	15.0217
23.5835	15.0217
23.5765	15.0217
23.5765	15.0147
23.5695	15.0147
23.5695	15.0077
23.5625	15.0077
23.5555	15.0077
23.5555	15.0007
23.5485	15.0007
23.5485	14.9937
23.5415	14.9937
23.5415	14.9867
23.5345	14.9867
23.5275	14.9797
23.5205	14.9797
23.5205	14.9727
23.5135	14.9727
23.5135	14.9657
23.5065	14.9657
23.5065	14.9587
23.5065	14.9517
23.4995	14.9517
23.4925	14.9517
23.4925	14.9447
23.4855	14.9376
23.4785	14.9306
23.4714	14.9236
23.4644	14.9166
23.4574	14.9166
23.4574	14.9096
23.4504	14.9096
23.4434	14.9026
23.4364	14.9026
23.4364	14.8956
23.4294	14.8956
23.4294	14.8886
23.4224	14.8886
23.4154	14.8816
23.4084	14.8816
23.4014	14.8746
23.3944	14.8746
23.3944	14.8676
23.3874	14.8606
23.3804	14.8606
23.3734	14.8536
23.3663	14.8466
23.3593	14.8466
23.3593	14.8396
23.3523	14.8396
23.3453	14.8396
23.3453	14.8326
23.3383	14.8326
23.3383	14.8255
23.3313	14.8255
23.3243	14.8255
23.3243	14.8185
23.3173	14.8185
23.3103	14.8185
23.3103	14.8115
23.3033	14.8115
23.3033	14.8045
23.2963	14.8045
23.2893	14.8045
23.2893	14.7975
23.2823	14.7975
23.2823	14.7905
23.2753	14.7905
23.2683	14.7905
23.2683	14.7835
23.2683	14.7765
23.2613	14.7765
23.2613	14.7695
23.2542	14.7695
23.2542	14.7625
23.2472	14.7625
23.2402	14.7625
23.2402	14.7555
23.2332	14.7555
23.2332	14.7485
23.2262	14.7485
23.2192	14.7415
23.2122	14.7415
23.2052	14.7345
23.1982	14.7345
23.1982	14.7275
23.1912	14.7275
23.1842	14.7275
23.1772	14.7275
23.1702	14.7275
23.1632	14.7275
23.1632	14.7204
23.1562	14.7204
23.1491	14.7204
23.1421	14.7204
23.1351	14.7204
23.1281	14.7204
23.1211	14.7204
23.1211	14.7134
23.1141	14.7134
23.1071	14.7134
23.1001	14.7134
23.0931	14.7134
23.0861	14.7134
23.0861	14.7064
23.0791	14.7064
23.0721	14.7064
23.0651	14.7064
23.0581	14.7064
23.0511	14.7064
23.0511	14.6994
23.0441	14.6994
23.0370	14.6924
23.0300	14.6924
23.0230	14.6924
23.0160	14.6924
23.0160	14.6854
23.0090	14.6854
23.0090	14.6784
23.0020	14.6784
22.9950	14.6714
22.9950	14.6644
22.9880	14.6644
22.9880	14.6574
22.9810	14.6574
22.9740	14.6574
22.9740	14.6504
22.9670	14.6504
22.9670	14.6434
22.9600	14.6434
22.9530	14.6364
22.9460	14.6294
22.9390	14.6294
22.9390	14.6224
22.9320	14.6224
22.9249	14.6154
22.9179	14.6154
22.9109	14.6154
22.9109	14.6083
22.9039	14.6083
22.8969	14.6083
22.8969	14.6013
22.8899	14.6013
22.8829	14.6013
22.8759	14.6013
22.8689	14.6013
22.8619	14.6013
22.8549	14.6013
22.8479	14.5943
22.8409	14.5943
22.8339	14.5943
22.8339	14.5873
22.8269	14.5873
22.8198	14.5873
22.8128	14.5873
22.8058	14.5873
22.8058	14.5803
22.7988	14.5803
22.7918	14.5803
22.7848	14.5803
22.7848	14.5873
22.7778	14.5873
22.7778	14.5943
22.7708	14.5943
22.7708	14.6013
22.7638	14.6013
22.7638	14.6083
22.7568	14.6083
22.7498	14.6083
22.7428	14.6083
22.7358	14.6083
22.7288	14.6083
22.7218	14.6083
22.7148	14.6083
22.7077	14.6083
22.7007	14.6083
22.6937	14.6083
22.6867	14.6083
22.6867	14.6013
22.6797	14.6013
22.6727	14.6013
22.6727	14.5943
22.6657	14.5943
22.6587	14.5943
22.6517	14.5943
22.6517	14.5873
22.6447	14.5873
22.6377	14.5803
22.6307	14.5803
22.6237	14.5803
22.6237	14.5733
22.6167	14.5733
22.6167	14.5663
22.6097	14.5663
22.6027	14.5663
22.6027	14.5593
22.5956	14.5593
22.5886	14.5593
22.5816	14.5593
22.5746	14.5593
22.5676	14.5593
22.5676	14.5663
22.5606	14.5663
22.5606	14.5733
22.5536	14.5733
22.5536	14.5803
22.5466	14.5803
22.5466	14.5873
22.5466	14.5943
22.5396	14.5943
22.5396	14.6013
22.5326	14.6013
22.5326	14.6083
22.5256	14.6083
22.5186	14.6083
22.5186	14.6154
22.5116	14.6154
22.5046	14.6154
22.4976	14.6154
22.4976	14.6224
22.4905	14.6224
22.4835	14.6224
22.4765	14.6224
22.4695	14.6224
22.4695	14.6294
22.4625	14.6294
22.4625	14.6364
22.4555	14.6364
22.4555	14.6434
22.4485	14.6434
22.4485	14.6504
22.4485	14.6574
22.4415	14.6574
22.4415	14.6644
22.4415	14.6714
22.4345	14.6714
22.4345	14.6784
22.4275	14.6784
22.4275	14.6854
22.4205	14.6854
22.4205	14.6924
22.4205	14.6994
22.4205	14.7064
22.4205	14.7134
22.4205	14.7204
22.4205	14.7275
22.4205	14.7345
22.4205	14.7415
22.4205	14.7485
22.4205	14.7555
22.4205	14.7625
22.4205	14.7695
22.4205	14.7765
22.4205	14.7835
22.4205	14.7905
22.4205	14.7975
22.4205	14.8045
22.4205	14.8115
22.4205	14.8185
22.4205	14.8255
22.4205	14.8326
22.4205	14.8396
22.4205	14.8466
22.4205	14.8536
22.4205	14.8606
22.4205	14.8676
22.4205	14.8746
22.4205	14.8816
22.4135	14.8816
22.4135	14.8886
22.4135	14.8956
22.4135	14.9026
22.4135	14.9096
22.4135	14.9166
22.4135	14.9236
22.4135	14.9306
22.4135	14.9376
22.4135	14.9447
22.4135	14.9517
22.4135	14.9587
22.4135	14.9657
22.4135	14.9727
22.4135	14.9797
22.4135	14.9867
22.4135	14.9937
22.4135	15.0007
22.4065	15.0007
22.4065	15.0077
22.4065	15.0147
22.4065	15.0217
22.3995	15.0217
22.3995	15.0287
22.3995	15.0357
22.3995	15.0427
22.3925	15.0427
22.3925	15.0498
22.3925	15.0568
22.3855	15.0568
22.3855	15.0638
22.3855	15.0708
22.3784	15.0708
22.3784	15.0778
22.3714	15.0778
22.3714	15.0848
22.3644	15.0848
22.3644	15.0918
22.3644	15.0988
22.3644	15.1058
22.3574	15.1058
22.3574	15.1128
22.3574	15.1198
22.3504	15.1198
22.3504	15.1268
22.3504	15.1338
22.3434	15.1338
22.3434	15.1408
22.3364	15.1408
22.3364	15.1478
22.3294	15.1478
22.3294	15.1548
22.3224	15.1548
22.3224	15.1619
22.3154	15.1619
22.3084	15.1619
22.3084	15.1689
22.3014	15.1689
22.2944	15.1689
22.2944	15.1759
22.2874	15.1759
22.2804	15.1759
22.2733	15.1829
22.2663	15.1829
22.2593	15.1829
22.2523	15.1899
22.2453	15.1899
22.2453	15.1969
22.2383	15.1969
22.2313	15.1969
22.2243	15.1969
22.2173	15.1969
22.2173	15.2039
22.2103	15.2039
22.2033	15.2039
22.1963	15.2039
22.1893	15.2039
22.1823	15.2039
22.1823	15.2109
22.1753	15.2109
22.1683	15.2109
22.1612	15.2109
22.1612	15.2179
22.1542	15.2179
22.1472	15.2179
22.1402	15.2179
22.1332	15.2179
22.1332	15.2249
22.1262	15.2249
22.1192	15.2249
22.1192	15.2319
22.1122	15.2319
22.1052	15.2319
22.1052	15.2389
22.0982	15.2459
22.0912	15.2459
22.0912	15.2529
22.0842	15.2529
22.0772	15.2529
22.0702	15.2529
22.0702	15.2599
22.0632	15.2599
22.0562	15.2599
22.0491	15.2599
22.0491	15.2669
22.0421	15.2669
22.0351	15.2669
22.0351	15.2740
22.0281	15.2740
22.0211	15.2740
22.0141	15.2740
22.0141	15.2810
22.0071	15.2810
22.0001	15.2810
21.9931	15.2810
21.9931	15.2880
21.9861	15.2880
21.9791	15.2880
21.9791	15.2950
21.9721	15.2950
21.9721	15.3020
21.9651	15.3020
21.9581	15.3020
21.9581	15.3090
21.9511	15.3090
21.9440	15.3090
21.9440	15.3160
21.9370	15.3160
21.9300	15.3160
21.9230	15.3160
21.9160	15.3160
21.9090	15.3160
21.9020	15.3160
21.8950	15.3160
21.8950	15.3230
21.8880	15.3230
21.8810	15.3230
21.8740	15.3230
21.8670	15.3230
21.8670	15.3300
21.8600	15.3300
21.8530	15.3300
21.8460	15.3300
21.8460	15.3370
21.8390	15.3370
21.8319	15.3370
21.8249	15.3370
21.8179	15.3370
21.8179	15.3440
21.8109	15.3440
21.8039	15.3440
21.7969	15.3440
21.7899	15.3440
21.7899	15.3510
21.7899	15.3580
21.7899	15.3650
21.7899	15.3720
21.7899	15.3791
21.7899	15.3861
21.7899	15.3931
21.7899	15.4001
21.7899	15.4071
21.7899	15.4141
21.7829	15.4141
21.7829	15.4211
21.7829	15.4281
21.7759	15.4281
21.7759	15.4351
21.7689	15.4351
21.7689	15.4421
21.7619	15.4421
21.7619	15.4491
21.7549	15.4491
21.7549	15.4561
21.7479	15.4561
21.7409	15.4561
21.7409	15.4631
21.7339	15.4631
21.7339	15.4701
21.7269	15.4701
21.7269	15.4771
21.7269	15.4841
21.7198	15.4841
21.7198	15.4912
21.7128	15.4912
21.7058	15.4912
21.7058	15.4982
21.6988	15.5052
21.6918	15.5052
21.6918	15.5122
21.6848	15.5122
21.6778	15.5122
21.6778	15.5192
21.6708	15.5192
21.6708	15.5262
21.6708	15.5332
21.6638	15.5332
21.6638	15.5402
21.6568	15.5402
21.6568	15.5472
21.6498	15.5542
21.6428	15.5542
21.6358	15.5542
21.6358	15.5612
21.6288	15.5612
21.6288	15.5682
21.6218	15.5682
21.6147	15.5682
21.6077	15.5682
21.6007	15.5682
21.5937	15.5682
21.5867	15.5682
21.5797	15.5682
21.5727	15.5682
21.5657	15.5682
21.5587	15.5682
21.5517	15.5682
21.5447	15.5682
21.5377	15.5682
21.5307	15.5682
21.5237	15.5682
21.5167	15.5682
21.5097	15.5682
21.5026	15.5682
21.4956	15.5682
21.4886	15.5682
21.4816	15.5682
21.4746	15.5682
21.4676	15.5682
21.4606	15.5682
21.4536	15.5682
21.4466	15.5682
21.4396	15.5682
21.4326	15.5682
21.4256	15.5682
21.4186	15.5682
21.4116	15.5682
21.4046	15.5682
21.4046	15.5752
21.3975	15.5752
21.3905	15.5752
21.3905	15.5822
21.3835	15.5822
21.3835	15.5892
21.3765	15.5892
21.3765	15.5962
21.3695	15.5962
21.3695	15.6033
21.3695	15.6103
21.3625	15.6103
21.3555	15.6103
21.3555	15.6173
21.3555	15.6243
21.3485	15.6243
21.3485	15.6313
21.3485	15.6383
21.3485	15.6453
21.3485	15.6523
21.3415	15.6523
21.3415	15.6593
21.3415	15.6663
21.3345	15.6663
21.3345	15.6733
21.3275	15.6733
21.3275	15.6803
21.3275	15.6873
21.3275	15.6943
21.3205	15.6943
21.3205	15.7013
21.3205	15.7084
21.3205	15.7154
21.3135	15.7154
21.3135	15.7224
21.3135	15.7294
21.3135	15.7364
21.3065	15.7364
21.2995	15.7364
21.2995	15.7434
21.2925	15.7434
21.2925	15.7504
21.2854	15.7504
21.2784	15.7504
21.2784	15.7574
21.2714	15.7574
21.2714	15.7644
21.2644	15.7644
21.2644	15.7714
21.2574	15.7714
21.2504	15.7714
21.2504	15.7784
21.2434	15.7784
21.2434	15.7854
21.2434	15.7924
21.2434	15.7994
21.2364	15.7994
21.2364	15.8064
21.2364	15.8134
21.2364	15.8205
21.2294	15.8205
21.2294	15.8275
21.2294	15.8345
21.2294	15.8415
21.2294	15.8485
21.2224	15.8485
21.2224	15.8555
21.2224	15.8625
21.2224	15.8695
21.2154	15.8695
21.2154	15.8765
21.2084	15.8765
21.2084	15.8835
21.2084	15.8905
21.2014	15.8905
21.2014	15.8975
21.1944	15.8975
21.1944	15.9045
21.1944	15.9115
21.1874	15.9115
21.1874	15.9185
21.1804	15.9185
21.1804	15.9256
21.1733	15.9256
21.1733	15.9326
21.1733	15.9396
21.1663	15.9396
21.1663	15.9466
21.1593	15.9466
21.1593	15.9536
21.1523	15.9536
21.1523	15.9606
21.1523	15.9676
21.1453	15.9676
21.1453	15.9746
21.1453	15.9816
21.1383	15.9816
21.1383	15.9886
21.1383	15.9956
21.1313	15.9956
21.1243	15.9956
21.1243	16.0026
21.1243	16.0096
21.1173	16.0096
21.1173	16.0166
21.1103	16.0166
21.1103	16.0236
21.1103	16.0306
21.1033	16.0306
21.0963	16.0306
21.0963	16.0377
21.0893	16.0377
21.0893	16.0447
21.0823	16.0447
21.0823	16.0517
21.0753	16.0517
21.0753	16.0587
21.0682	16.0587
21.0612	16.0587
21.0612	16.0657
21.0542	16.0657
21.0472	16.0657
21.0402	16.0657
21.0332	16.0657
21.0262	16.0657
21.0192	16.0657
21.0122	16.0657
21.0052	16.0657
20.9982	16.0657
20.9982	16.0727
20.9912	16.0727
20.9842	16.0727
20.9772	16.0727
20.9702	16.0727
20.9632	16.0727
20.9561	16.0727
20.9491	16.0727
20.9421	16.0727
20.9351	16.0727
20.9281	16.0727
20.9211	16.0727
20.9141	16.0727
20.9071	16.0727
20.9001	16.0727
20.8931	16.0727
20.8861	16.0727
20.8791	16.0727
20.8721	16.0727
20.8651	16.0727
20.8581	16.0727
20.8511	16.0727
20.8440	16.0727
20.8370	16.0727
20.8300	16.0727
20.8230	16.0727
20.8160	16.0727
20.8090	16.0727
20.8090	16.0657
20.8020	16.0657
20.7950	16.0657
20.7880	16.0657
20.7880	16.0587
20.7810	16.0587
20.7740	16.0587
20.7670	16.0517
20.7600	16.0517
20.7530	16.0517
20.7530	16.0447
20.7460	16.0447
20.7460	16.0377
20.7389	16.0377
20.7319	16.0306
20.7319	16.0236
20.7249	16.0236
20.7249	16.0166
20.7179	16.0166
20.7109	16.0166
20.7109	16.0096
20.7039	16.0096
20.7039	16.0026
20.6969	16.0026
20.6969	15.9956
20.6899	15.9886
20.6829	15.9886
20.6829	15.9816
20.6759	15.9816
20.6759	15.9746
20.6689	15.9746
20.6619	15.9746
20.6549	15.9746
20.6549	15.9676
20.6549	15.9606
20.6479	15.9606
20.6409	15.9606
20.6339	15.9606
20.6339	15.9536
20.6268	15.9536
20.6268	15.9466
20.6198	15.9466
20.6128	15.9466
20.6128	15.9396
20.6058	15.9326
20.5988	15.9326
20.5918	15.9326
20.5918	15.9256
20.5848	15.9256
20.5778	15.9256
20.5708	15.9256
20.5638	15.9256
20.5568	15.9256
20.5498	15.9256
20.5428	15.9256
20.5358	15.9256
20.5288	15.9256
20.5217	15.9256
20.5147	15.9256
20.5077	15.9256
20.5007	15.9256
20.4937	15.9256
20.4867	15.9256
20.4797	15.9256
20.4727	15.9256
20.4657	15.9185
20.4587	15.9185
20.4517	15.9185
20.4447	15.9185
20.4377	15.9185
20.4307	15.9185
20.4237	15.9185
20.4167	15.9185
20.4096	15.9185
20.4026	15.9185
20.3956	15.9185
20.3886	15.9185
20.3816	15.9185
20.3746	15.9185
20.3676	15.9185
20.3606	15.9185
20.3606	15.9115
20.3536	15.9115
20.3466	15.9115
20.3396	15.9115
20.3326	15.9115
20.3256	15.9115
20.3186	15.9115
20.3116	15.9115
20.3046	15.9115
20.2975	15.9115
20.2905	15.9115
20.2835	15.9115
20.2765	15.9115
20.2695	15.9115
20.2625	15.9115
20.2555	15.9115
20.2555	15.9185
20.2485	15.9185
20.2415	15.9185
20.2345	15.9185
20.2275	15.9185
20.2275	15.9256
20.2205	15.9256
20.2135	15.9256
20.2065	15.9256
20.1995	15.9256
20.1995	15.9326
20.1924	15.9326
20.1924	15.9396
20.1854	15.9396
20.1784	15.9396
20.1784	15.9466
20.1714	15.9466
20.1644	15.9466
20.1574	15.9466
20.1574	15.9536
20.1504	15.9536
20.1434	15.9536
20.1364	15.9536
20.1294	15.9536
20.1294	15.9606
20.1224	15.9606
20.1224	15.9676
20.1154	15.9676
20.1084	15.9676
20.1014	15.9676
20.0944	15.9676
20.0874	15.9676
20.0803	15.9676
20.0803	15.9746
20.0733	15.9746
20.0663	15.9746
20.0593	15.9746
20.0523	15.9746
20.0453	15.9746
20.0383	15.9746
20.0313	15.9746
20.0243	15.9746
20.0173	15.9746
20.0173	15.9816
20.0103	15.9816
20.0033	15.9816
19.9963	15.9816
19.9893	15.9816
19.9823	15.9816
19.9753	15.9816
19.9682	15.9816
19.9612	15.9816
19.9542	15.9816
19.9472	15.9816
19.9402	15.9816
19.9332	15.9816
19.9262	15.9816
19.9192	15.9816
19.9122	15.9816
19.9052	15.9816
19.8982	15.9816
19.8912	15.9816
19.8842	15.9816
19.8772	15.9816
19.8702	15.9816
19.8631	15.9816
19.8561	15.9816
19.8491	15.9816
19.8421	15.9816
19.8351	15.9816
19.8281	15.9816
19.8211	15.9816
19.8141	15.9816
19.8071	15.9816
19.8001	15.9816
19.7931	15.9816
19.7861	15.9816
19.7791	15.9816
19.7721	15.9816
19.7651	15.9816
19.7581	15.9816
19.7510	15.9816
19.7440	15.9816
19.7370	15.9816
19.7300	15.9816
19.7230	15.9816
19.7160	15.9816
19.7090	15.9816
19.7020	15.9816
19.6950	15.9816
19.6880	15.9816
19.6810	15.9816
19.6740	15.9816
19.6670	15.9816
19.6600	15.9816
19.6530	15.9816
19.6459	15.9816
19.6389	15.9816
19.6319	15.9816
19.6249	15.9816
19.6249	15.9746
19.6179	15.9746
19.6109	15.9746
19.6039	15.9746
19.6039	15.9676
19.5969	15.9676
19.5969	15.9606
19.5899	15.9606
19.5829	15.9606
19.5759	15.9536
19.5689	15.9536
19.5619	15.9466
19.5549	15.9466
19.5479	15.9396
19.5479	15.9326
19.5409	15.9326
19.5338	15.9326
19.5268	15.9256
19.5198	15.9256
19.5198	15.9185
19.5128	15.9185
19.5058	15.9185
19.4988	15.9115
19.4918	15.9115
19.4918	15.9045
19.4848	15.9045
19.4778	15.9045
19.4778	15.8975
19.4708	15.8975
19.4638	15.8975
19.4638	15.8905
19.4568	15.8905
19.4498	15.8905
19.4428	15.8905
19.4428	15.8835
19.4358	15.8835
19.4288	15.8835
19.4288	15.8765
19.4217	15.8765
19.4147	15.8765
19.4077	15.8765
19.4007	15.8765
19.4007	15.8695
19.3867	15.8695
19.3797	15.8625
19.3727	15.8625
19.3657	15.8625
19.3587	15.8625
19.3517	15.8555
19.3447	15.8555
19.3377	15.8485
19.3237	15.8485
19.3237	15.8415
19.3166	15.8415
19.3096	15.8415
19.3026	15.8415
19.2956	15.8345
19.2886	15.8345
19.2816	15.8345
19.2746	15.8345
19.2676	15.8275
19.2606	15.8275
19.2606	15.8205
19.2536	15.8205
19.2466	15.8205
19.2396	15.8205
19.2326	15.8205
19.2326	15.8134
19.2256	15.8134
19.2186	15.8134
19.2116	15.8134
19.2045	15.8134
19.2045	15.8064
19.1975	15.8064
19.1905	15.8064
19.1835	15.8064
19.1765	15.8064
19.1695	15.8064
19.1625	15.8064
19.1555	15.8064
19.1485	15.8064
19.1485	15.7994
19.1415	15.7994
19.1345	15.7994
19.1275	15.7994
19.1275	15.7924
19.1205	15.7924
19.1135	15.7924
19.1065	15.7924
19.0995	15.7924
19.0924	15.7924
19.0924	15.7854
19.0854	15.7854
19.0784	15.7854
19.0714	15.7854
19.0644	15.7854
19.0644	15.7784
19.0574	15.7784
19.0504	15.7784
19.0434	15.7784
19.0434	15.7714
19.0364	15.7714
19.0364	15.7644
19.0294	15.7644
19.0224	15.7644
19.0224	15.7574
19.0154	15.7574
19.0084	15.7574
19.0014	15.7504
18.9944	15.7504
18.9873	15.7434
18.9803	15.7434
18.9803	15.7364
18.9733	15.7364
18.9733	15.7294
18.9663	15.7294
18.9593	15.7224
18.9523	15.7224
18.9523	15.7154
18.9453	15.7154
18.9383	15.7154
18.9383	15.7084
18.9243	15.7013
18.9243	15.6943
18.9173	15.6943
18.9103	15.6873
18.9033	15.6803
18.8963	15.6733
18.8893	15.6733
18.8893	15.6663
18.8823	15.6663
18.8823	15.6593
18.8752	15.6593
18.8682	15.6593
18.8682	15.6523
18.8612	15.6523
18.8612	15.6453
18.8542	15.6453
18.8472	15.6383
18.8402	15.6383
18.8332	15.6383
18.8332	15.6313
18.8262	15.6313
18.8192	15.6313
18.8122	15.6243
18.8052	15.6173
18.7982	15.6173
18.7912	15.6173
18.7842	15.6103
18.7772	15.6103
18.7701	15.6103
18.7701	15.6033
18.7631	15.6033
18.7561	15.6033
18.7491	15.5962
18.7421	15.5962
18.7421	15.5892
18.7351	15.5892
18.7281	15.5892
18.7211	15.5892
18.7211	15.5822
18.7141	15.5822
18.7071	15.5822
18.7001	15.5822
18.6931	15.5752
18.6861	15.5752
18.6791	15.5752
18.6721	15.5682
18.6651	15.5682
18.6580	15.5612
18.6510	15.5612
18.6440	15.5542
18.6370	15.5542
18.6300	15.5542
18.6230	15.5472
18.6090	15.5472
18.6090	15.5402
18.6020	15.5402
18.5950	15.5402
18.5880	15.5332
18.5810	15.5262
18.5740	15.5262
18.5670	15.5192
18.5600	15.5192
18.5530	15.5192
18.5459	15.5122
18.5389	15.5122
18.5389	15.5052
18.5319	15.5052
18.5319	15.4982
18.5249	15.4982
18.5179	15.4982
18.5179	15.4912
18.4899	15.4701
18.4829	15.4701
18.4829	15.4631
18.4759	15.4631
18.4689	15.4561
18.4619	15.4561
18.4619	15.4491
18.4549	15.4491
18.4549	15.4421
18.4479	15.4421
18.4479	15.4351
18.4479	15.4281
18.4408	15.4281
18.4338	15.4281
18.4338	15.4211
18.4338	15.4141
18.4268	15.4141
18.4268	15.4071
18.4198	15.4071
18.4198	15.4001
18.4128	15.3931
18.4128	15.3861
18.4058	15.3861
18.4058	15.3791
18.3988	15.3791
18.3988	15.3720
18.3988	15.3650
18.3988	15.3580
18.3988	15.3510
18.3918	15.3510
18.3918	15.3440
18.3848	15.3440
18.3778	15.3370
18.3778	15.3300
18.3708	15.3300
18.3708	15.3230
18.3708	15.3160
18.3638	15.3160
18.3638	15.3090
18.3568	15.3090
18.3568	15.3020
18.3568	15.2950
18.3498	15.2950
18.3498	15.2880
18.3498	15.2810
18.3428	15.2810
18.3428	15.2740
18.3428	15.2669
18.3358	15.2669
18.3358	15.2599
18.3287	15.2599
18.3287	15.2529
18.3217	15.2459
18.3217	15.2389
18.3147	15.2389
18.3077	15.2319
18.3077	15.2249
18.3077	15.2179
18.3007	15.2109
18.3007	15.2039
18.2937	15.2039
18.2937	15.1969
18.2867	15.1969
18.2797	15.1829
18.2797	15.1759
18.2727	15.1759
18.2727	15.1689
18.2727	15.1619
18.2657	15.1619
18.2657	15.1548
18.2587	15.1548
18.2517	15.1478
18.2517	15.1408
18.2447	15.1408
18.2447	15.1338
18.2447	15.1268
18.2377	15.1268
18.2307	15.1268
18.2307	15.1198
18.2236	15.1198
18.2236	15.1128
18.2166	15.1128
18.2166	15.1058
18.2096	15.1058
18.2026	15.0988
18.2026	15.0918
18.1956	15.0918
18.1956	15.0848
18.1886	15.0848
18.1886	15.0778
18.1816	15.0708
18.1746	15.0638
18.1676	15.0568
18.1606	15.0568
18.1606	15.0498
18.1606	15.0427
18.1536	15.0427
18.1536	15.0357
18.1466	15.0357
18.1466	15.0287
18.1396	15.0287
18.1396	15.0217
18.1326	15.0147
18.1326	15.0077
18.1326	15.0007
18.1256	15.0007
18.1186	14.9937
18.1186	14.9797
18.1115	14.9727
18.1115	14.9657
18.1115	14.9587
18.1045	14.9517
18.1045	14.9447
18.0975	14.9447
18.0975	14.9376
18.0905	14.9306
18.0835	14.9236
18.0835	14.9166
18.0765	14.9096
18.0765	14.9026
18.0765	14.8956
18.0695	14.8956
18.0695	14.8886
18.0625	14.8886
18.0625	14.8816
18.0625	14.8746
18.0555	14.8746
18.0555	14.8676
18.0485	14.8606
18.0485	14.8536
18.0415	14.8536
18.0415	14.8466
18.0415	14.8396
18.0345	14.8396
18.0345	14.8326
18.0345	14.8255
18.0345	14.8185
18.0345	14.8115
18.0345	14.8045
18.0345	14.7975
18.0345	14.7905
18.0345	14.7835
18.0415	14.7835
18.0415	14.7765
18.0415	14.7695
18.0415	14.7625
18.0485	14.7625
18.0485	14.7555
18.0485	14.7485
18.0485	14.7415
18.0485	14.7345
18.0485	14.7275
18.0485	14.7204
18.0555	14.7204
18.0555	14.7134
18.0555	14.7064
18.0555	14.6994
18.0555	14.6924
18.0555	14.6854
18.0555	14.6784
18.0555	14.6714
18.0555	14.6644
18.0555	14.6574
18.0555	14.6504
18.0555	14.6434
18.0555	14.6364
18.0555	14.6294
18.0555	14.6224
18.0555	14.6154
18.0555	14.6083
18.0485	14.6083
18.0485	14.6013
18.0485	14.5943
18.0485	14.5873
18.0485	14.5803
18.0485	14.5733
18.0415	14.5663
18.0345	14.5593
18.0345	14.5523
18.0345	14.5453
18.0345	14.5383
18.0345	14.5313
18.0275	14.5313
18.0275	14.5243
18.0275	14.5173
18.0275	14.5103
18.0205	14.5103
18.0205	14.4962
18.0205	14.4892
18.0135	14.4892
18.0135	14.4822
18.0135	14.4752
18.0135	14.4682
18.0135	14.4612
18.0135	14.4542
18.0135	14.4472
18.0135	14.4402
18.0135	14.4332
18.0135	14.4262
18.0135	14.4192
18.0135	14.4122
18.0135	14.4052
18.0135	14.3982
18.0135	14.3911
18.0135	14.3841
18.0135	14.3771
18.0135	14.3701
18.0135	14.3631
18.0135	14.3561
18.0205	14.3561
18.0205	14.3491
18.0275	14.3491
18.0275	14.3421
18.0275	14.3351
18.0345	14.3351
18.0345	14.3281
18.0415	14.3281
18.0415	14.3211
18.0415	14.3141
18.0415	14.3071
18.0485	14.3071
18.0485	14.3001
18.0485	14.2931
18.0485	14.2861
18.0555	14.2861
18.0555	14.2790
18.0555	14.2720
18.0555	14.2650
18.0625	14.2650
18.0625	14.2580
18.0625	14.2510
18.0625	14.2440
18.0695	14.2440
18.0695	14.2370
18.0695	14.2300
18.0695	14.2230
18.0695	14.2160
18.0695	14.2090
18.0695	14.2020
18.0695	14.1950
18.0695	14.1880
18.0695	14.1810
18.0695	14.1739
18.0695	14.1669
18.0695	14.1599
18.0695	14.1529
18.0695	14.1459
18.0695	14.1389
18.0695	14.1319
18.0695	14.1249
18.0695	14.1179
18.0695	14.1109
18.0695	14.1039
18.0695	14.0969
18.0695	14.0829
18.0695	14.0759
18.0695	14.0689
18.0695	14.0618
18.0695	14.0548
18.0695	14.0478
18.0765	14.0478
18.0765	14.0408
18.0765	14.0338
18.0765	14.0268
18.0765	14.0198
18.0835	14.0128
18.0835	14.0058
18.0835	13.9988
18.0905	13.9988
18.0905	13.9918
18.0905	13.9848
18.0975	13.9848
18.0975	13.9778
18.0975	13.9708
18.0975	13.9638
18.0975	13.9568
18.0975	13.9427
18.0975	13.9357
18.0975	13.9287
18.0975	13.9217
18.0975	13.9147
18.0975	13.9077
18.0975	13.9007
18.0975	13.8937
18.0975	13.8867
18.0975	13.8797
18.0975	13.8727
18.0975	13.8657
18.0975	13.8587
18.0975	13.8446
18.0975	13.8376
18.0975	13.8306
18.0975	13.8236
18.0975	13.8166
18.0905	13.8166
18.0905	13.8096
18.0835	13.8026
18.0765	13.7886
18.0695	13.7886
18.0695	13.7816
18.0625	13.7816
18.0625	13.7746
18.0625	13.7676
18.0555	13.7676
18.0555	13.7606
18.0555	13.7536
18.0485	13.7536
18.0485	13.7466
18.0485	13.7396
18.0485	13.7325
18.0415	13.7255
18.0415	13.7185
18.0345	13.7185
18.0345	13.7115
18.0345	13.7045
18.0345	13.6975
18.0345	13.6905
18.0345	13.6835
18.0345	13.6765
18.0345	13.6695
18.0345	13.6625
18.0345	13.6555
18.0345	13.6485
18.0345	13.6415
18.0345	13.6345
18.0345	13.6275
18.0345	13.6204
18.0345	13.6134
18.0345	13.6064
18.0345	13.5994
18.0345	13.5924
18.0345	13.5854
18.0345	13.5784
18.0345	13.5714
18.0345	13.5644
18.0345	13.5574
18.0345	13.5504
18.0345	13.5434
18.0345	13.5364
18.0345	13.5294
18.0345	13.5224
18.0345	13.5153
18.0345	13.5083
18.0345	13.5013
18.0345	13.4943
18.0345	13.4873
18.0345	13.4803
18.0345	13.4733
18.0345	13.4663
18.0345	13.4593
18.0345	13.4523
18.0345	13.4453
18.0345	13.4383
18.0345	13.4313
18.0345	13.4243
18.0415	13.4173
18.0415	13.4103
18.0415	13.4032
18.0415	13.3962
18.0415	13.3892
18.0415	13.3822
18.0485	13.3822
18.0485	13.3752
18.0485	13.3682
18.0485	13.3612
18.0485	13.3542
18.0555	13.3542
18.0555	13.3472
18.0555	13.3402
18.0555	13.3332
18.0625	13.3332
18.0625	13.3262
18.0625	13.3192
18.0695	13.3192
18.0695	13.3122
18.0695	13.3052
18.0695	13.2981
18.0695	13.2911
18.0765	13.2911
18.0765	13.2841
18.0765	13.2771
18.0765	13.2701
18.0835	13.2701
18.0835	13.2631
18.0835	13.2561
18.0835	13.2491
18.0835	13.2421
18.0835	13.2351
18.0835	13.2281
18.0835	13.2211
18.0835	13.2141
18.0835	13.2071
18.0835	13.2001
18.0835	13.1931
18.0835	13.1860
18.0835	13.1790
18.0835	13.1720
18.0835	13.1650
18.0835	13.1580
18.0765	13.1580
18.0765	13.1510
18.0765	13.1440
18.0765	13.1370
18.0695	13.1370
18.0695	13.1300
18.0625	13.1230
18.0625	13.1160
18.0625	13.1090
18.0555	13.1090
18.0555	13.1020
18.0555	13.0950
18.0555	13.0880
18.0555	13.0810
18.0555	13.0739
18.0555	13.0669
18.0555	13.0599
18.0625	13.0599
18.0625	13.0529
18.0695	13.0529
18.0695	13.0459
18.0695	13.0389
18.0765	13.0389
18.0765	13.0319
18.0835	13.0249
18.0835	13.0179
18.0835	13.0109
18.0905	13.0109
18.0905	13.0039
18.0975	13.0039
18.0975	12.9969
18.0975	12.9899
18.1045	12.9899
18.1045	12.9829
18.1115	12.9829
18.1115	12.9759
18.1115	12.9688
18.1186	12.9688
18.1186	12.9618
18.1256	12.9618
18.1256	12.9548
18.1256	12.9478
18.1326	12.9478
18.1326	12.9408
18.1326	12.9338
18.1326	12.9268
18.1396	12.9268
18.1396	12.9198
18.1466	12.9128
18.1536	12.9128
18.1536	12.9058
18.1536	12.8988
18.1536	12.8918
18.1606	12.8918
18.1606	12.8848
18.1606	12.8778
18.1676	12.8778
18.1676	12.8708
18.1676	12.8638
18.1746	12.8638
18.1746	12.8567
18.1816	12.8497
18.1816	12.8427
18.1816	12.8357
18.1886	12.8357
18.1886	12.8287
18.1886	12.8217
18.1886	12.8147
18.1956	12.8147
18.1956	12.8077
18.1956	12.8007
18.1956	12.7937
18.1956	12.7867
18.1956	12.7797
18.1956	12.7727
18.2026	12.7727
18.2026	12.7657
18.2026	12.7587
18.2026	12.7517
18.2026	12.7446
18.2026	12.7376
18.2026	12.7306
18.2026	12.7236
18.2026	12.7166
18.2026	12.7096
18.2026	12.7026
18.2026	12.6956
18.2026	12.6886
18.2096	12.6886
18.2096	12.6816
18.2096	12.6746
18.2096	12.6676
18.2096	12.6606
18.2166	12.6606
18.2166	12.6536
18.2166	12.6466
18.2166	12.6395
18.2236	12.6395
18.2236	12.6325
18.2307	12.6325
18.2307	12.6255
18.2377	12.6255
18.2377	12.6185
18.2447	12.6115
18.2517	12.6115
18.2517	12.6045
18.2587	12.6045
18.2587	12.5975
18.2657	12.5975
18.2657	12.5905
18.2727	12.5905
18.2727	12.5835
18.2797	12.5835
18.2797	12.5765
18.2797	12.5695
18.2867	12.5695
18.2867	12.5555
18.2867	12.5485
18.2867	12.5415
18.2937	12.5415
18.2937	12.5345
18.2937	12.5274
18.2937	12.5204
18.2937	12.5134
18.3007	12.5134
18.3007	12.5064
18.3007	12.4994
18.3007	12.4924
18.3007	12.4854
18.3007	12.4784
18.3007	12.4714
18.3007	12.4644
18.3007	12.4574
18.3007	12.4504
18.3007	12.4434
18.3077	12.4364
18.3077	12.4294
18.3077	12.4223
18.3077	12.4153
18.3077	12.4083
18.3147	12.4083
18.3147	12.4013
18.3147	12.3943
18.3217	12.3943
18.3217	12.3873
18.3217	12.3803
18.3287	12.3803
18.3287	12.3733
18.3358	12.3733
18.3358	12.3663
18.3428	12.3663
18.3428	12.3523
18.3498	12.3523
18.3568	12.3453
18.3568	12.3383
18.3638	12.3383
18.3638	12.3313
18.3708	12.3243
18.3778	12.3243
18.3848	12.3173
18.3848	12.3102
18.3918	12.3102
18.3988	12.3102
18.3988	12.3032
18.4058	12.3032
18.4058	12.2962
18.4128	12.2962
18.4128	12.2892
18.4198	12.2892
18.4268	12.2892
18.4268	12.2822
18.4338	12.2822
18.4408	12.2822
18.4408	12.2752
18.4479	12.2682
18.4549	12.2682
18.4549	12.2612
18.4619	12.2612
18.4619	12.2542
18.4689	12.2542
18.4759	12.2472
18.4759	12.2402
18.4829	12.2332
18.4899	12.2332
18.4899	12.2262
18.4969	12.2262
18.4969	12.2192
18.5039	12.2192
18.5039	12.2122
18.5039	12.2052
18.5109	12.2052
18.5109	12.1981
18.5179	12.1981
18.5179	12.1911
18.5179	12.1841
18.5249	12.1841
18.5249	12.1771
18.5319	12.1771
18.5319	12.1701
18.5389	12.1701
18.5389	12.1631
18.5459	12.1631
18.5459	12.1561
18.5459	12.1491
18.5530	12.1491
18.5530	12.1421
18.5600	12.1421
18.5600	12.1351
18.5670	12.1351
18.5740	12.1281
18.5740	12.1211
18.5810	12.1211
18.5880	12.1211
18.5950	12.1211
18.6020	12.1141
18.6090	12.1141
18.6090	12.1071
18.6160	12.1071
18.6230	12.1071
18.6230	12.1001
18.6230	12.0930
18.6300	12.0930
18.6300	12.0860
18.6370	12.0860
18.6440	12.0790
18.6440	12.0720
18.6510	12.0650
18.6510	12.0580
18.6580	12.0580
18.6580	12.0510
18.6580	12.0440
18.6580	12.0370
18.6651	12.0370
18.6651	12.0300
18.6721	12.0300
18.6721	12.0230
18.6721	12.0160
18.6791	12.0160
18.6791	12.0090
18.6791	12.0020
18.6791	11.9950
18.6861	11.9880
18.6861	11.9809
18.6861	11.9739
18.6931	11.9739
18.6931	11.9669
18.6931	11.9599
18.7001	11.9599
18.7071	11.9599
18.7071	11.9529
18.7071	11.9459
18.7141	11.9459
18.7141	11.9389
18.7211	11.9389
18.7281	11.9389
18.7281	11.9319
18.7351	11.9319
18.7351	11.9249
18.7421	11.9249
18.7421	11.9179
18.7421	11.9109
18.7421	11.9039
18.7421	11.8969
18.7421	11.8899
18.7421	11.8829
18.7421	11.8759
18.7491	11.8759
18.7491	11.8688
18.7491	11.8618
18.7491	11.8548
18.7491	11.8478
18.7491	11.8338
18.7491	11.8268
18.7491	11.8198
18.7491	11.8128
18.7491	11.8058
18.7491	11.7988
18.7491	11.7918
18.7491	11.7848
18.7491	11.7778
18.7491	11.7708
18.7491	11.7637
18.7491	11.7567
18.7491	11.7497
18.7491	11.7427
18.7491	11.7357
18.7491	11.7287
18.7491	11.7217
18.7491	11.7147
18.7491	11.7077
18.7491	11.7007
18.7491	11.6937
18.7491	11.6867
18.7491	11.6797
18.7491	11.6727
18.7421	11.6727
18.7421	11.6657
18.7421	11.6587
18.7421	11.6516
18.7421	11.6446
18.7421	11.6376
18.7421	11.6306
18.7421	11.6236
18.7421	11.6166
18.7421	11.6096
18.7421	11.6026
18.7421	11.5956
18.7421	11.5886
18.7351	11.5886
18.7351	11.5816
18.7281	11.5816
18.7281	11.5746
18.7211	11.5676
18.7211	11.5606
18.7141	11.5606
18.7071	11.5606
18.7071	11.5536
18.7001	11.5536
18.7001	11.5465
18.6931	11.5395
18.6931	11.5325
18.6861	11.5325
18.6861	11.5255
18.6861	11.5185
18.6861	11.5115
18.6791	11.5115
18.6791	11.5045
18.6791	11.4975
18.6791	11.4905
18.6791	11.4835
18.6721	11.4835
18.6721	11.4765
18.6721	11.4695
18.6721	11.4625
18.6721	11.4555
18.6651	11.4555
18.6651	11.4485
18.6651	11.4415
18.6651	11.4344
18.6651	11.4274
18.6651	11.4204
18.6651	11.4134
18.6651	11.4064
18.6651	11.3994
18.6651	11.3924
18.6580	11.3924
18.6580	11.3854
18.6580	11.3784
18.6580	11.3714
18.6580	11.3644
18.6580	11.3574
18.6580	11.3504
18.6510	11.3504
18.6510	11.3434
18.6510	11.3364
18.6510	11.3294
18.6510	11.3223
18.6440	11.3223
18.6440	11.3153
18.6370	11.3083
18.6370	11.3013
18.6370	11.2943
18.6300	11.2943
18.6300	11.2873
18.6300	11.2803
18.6300	11.2733
18.6230	11.2733
18.6230	11.2663
18.6160	11.2663
18.6160	11.2593
18.6090	11.2593
18.6090	11.2523
18.6020	11.2523
18.6020	11.2453
18.6020	11.2383
18.5950	11.2383
18.5950	11.2313
18.5950	11.2243
18.5880	11.2243
18.5810	11.2172
18.5740	11.2172
18.5740	11.2102
18.5670	11.2102
18.5670	11.2032
18.5600	11.2032
18.5530	11.1962
18.5459	11.1962
18.5389	11.1962
18.5319	11.1962
18.5249	11.1962
18.5179	11.1962
18.5109	11.1962
18.5039	11.1962
18.4969	11.1962
18.4899	11.1962
18.4829	11.1962
18.4759	11.1962
18.4689	11.1962
18.4619	11.1962
18.4549	11.1962
18.4479	11.1962
18.4408	11.1962
18.4338	11.1962
18.4268	11.1962
18.4198	11.1962
18.4128	11.1962
18.4058	11.1962
18.4058	11.1892
18.3988	11.1892
18.3918	11.1892
18.3848	11.1892
18.3778	11.1892
18.3778	11.1822
18.3708	11.1822
18.3638	11.1822
18.3568	11.1822
18.3568	11.1752
18.3498	11.1752
18.3428	11.1752
18.3428	11.1682
18.3358	11.1682
18.3287	11.1682
18.3217	11.1682
18.3217	11.1612
18.3147	11.1612
18.3147	11.1542
18.3077	11.1542
18.3007	11.1472
18.2937	11.1472
18.2937	11.1402
18.2867	11.1402
18.2867	11.1332
18.2797	11.1332
18.2727	11.1332
18.2727	11.1262
18.2657	11.1262
18.2587	11.1262
18.2587	11.1192
18.2517	11.1192
18.2517	11.1122
18.2447	11.1051
18.2447	11.0981
18.2377	11.0981
18.2307	11.0981
18.2307	11.0911
18.2236	11.0911
18.2236	11.0841
18.2166	11.0771
18.2096	11.0771
18.2096	11.0701
18.2026	11.0701
18.2026	11.0631
18.1956	11.0631
18.1956	11.0561
18.1956	11.0491
18.1886	11.0491
18.1816	11.0421
18.1746	11.0421
18.1746	11.0351
18.1676	11.0351
18.1676	11.0281
18.1676	11.0211
18.1606	11.0211
18.1606	11.0141
18.1536	11.0141
18.1536	11.0071
18.1466	11.0071
18.1466	11.0001
18.1396	10.9930
18.1326	10.9930
18.1326	10.9860
18.1256	10.9860
18.1186	10.9860
18.1186	10.9790
18.1115	10.9790
18.1045	10.9790
18.0975	10.9720
18.0905	10.9650
18.0835	10.9650
18.0765	10.9580
18.0695	10.9580
18.0625	10.9510
18.0555	10.9510
18.0485	10.9510
18.0485	10.9440
18.0415	10.9370
18.0345	10.9370
18.0275	10.9370
18.0275	10.9300
18.0205	10.9300
18.0135	10.9300
18.0065	10.9230
17.9994	10.9230
17.9924	10.9230
17.9854	10.9230
17.9854	10.9160
17.9714	10.9160
17.9644	10.9160
17.9574	10.9160
17.9504	10.9160
17.9434	10.9090
17.9294	10.9090
17.9224	10.9020
17.9084	10.9020
17.9014	10.9020
17.8873	10.9020
17.8803	10.9020
17.8733	10.8950
17.8663	10.8950
17.8593	10.8950
17.8523	10.8950
17.8523	10.8879
17.8523	10.8809
17.8453	10.8739
17.8453	10.8669
17.8383	10.8599
17.8313	10.8529
17.8313	10.8459
17.8243	10.8389
17.8243	10.8319
17.8173	10.8319
17.8173	10.8249
17.8173	10.8179
17.8103	10.8179
17.8033	10.8179
17.8033	10.8109
17.7963	10.8109
17.7893	10.8039
17.7822	10.7899
17.7752	10.7899
17.7752	10.7829
17.7682	10.7829
17.7612	10.7758
17.7612	10.7688
17.7542	10.7688
17.7542	10.7618
17.7472	10.7618
17.7402	10.7548
17.7332	10.7478
17.7332	10.7408
17.7262	10.7338
17.7192	10.7338
17.7122	10.7268
17.7052	10.7198
17.6982	10.7128
17.6982	10.7058
17.6912	10.7058
17.6842	10.6988
17.6772	10.6988
17.6772	10.6918
17.6701	10.6848
17.6631	10.6778
17.6631	10.6707
17.6561	10.6707
17.6561	10.6637
17.6491	10.6637
17.6491	10.6567
17.6421	10.6567
17.6421	10.6497
17.6421	10.6427
17.6351	10.6427
17.6351	10.6357
17.6281	10.6357
17.6281	10.6287
17.6211	10.6217
17.6211	10.6147
17.6141	10.6147
17.6141	10.6077
17.6071	10.6077
17.6071	10.6007
17.6001	10.6007
17.6001	10.5937
17.5931	10.5867
17.5861	10.5797
17.5861	10.5727
17.5791	10.5727
17.5721	10.5727
17.5721	10.5657
17.5650	10.5586
17.5580	10.5586
17.5580	10.5516
17.5510	10.5516
17.5510	10.5446
17.5440	10.5446
17.5440	10.5376
17.5370	10.5376
17.5370	10.5306
17.5300	10.5306
17.5300	10.5236
17.5230	10.5236
17.5230	10.5166
17.5160	10.5166
17.5090	10.5166
17.5020	10.5166
17.5020	10.5096
17.4950	10.5096
17.4950	10.5026
17.4880	10.5026
17.4880	10.4956
17.4810	10.4956
17.4740	10.4956
17.4740	10.4886
17.4670	10.4886
17.4670	10.4816
17.4600	10.4816
17.4600	10.4746
17.4529	10.4746
17.4529	10.4676
17.4459	10.4676
17.4459	10.4606
17.4389	10.4606
17.4389	10.4536
17.4319	10.4536
17.4249	10.4465
17.4249	10.4395
17.4179	10.4395
17.4179	10.4325
17.4179	10.4255
17.4109	10.4255
17.4109	10.4185
17.4039	10.4115
17.3969	10.4115
17.3969	10.4045
17.3969	10.3975
17.3899	10.3975
17.3899	10.3905
17.3829	10.3835
17.3829	10.3765
17.3759	10.3765
17.3759	10.3695
17.3689	10.3625
17.3689	10.3555
17.3689	10.3485
17.3619	10.3485
17.3619	10.3414
17.3619	10.3344
17.3619	10.3274
17.3549	10.3274
17.3549	10.3204
17.3549	10.3134
17.3549	10.3064
17.3549	10.2994
17.3478	10.2924
17.3478	10.2854
17.3478	10.2784
17.3478	10.2714
17.3478	10.2644
17.3478	10.2574
17.3478	10.2504
17.3478	10.2434
17.3478	10.2364
17.3408	10.2364
17.3408	10.2293
17.3408	10.2223
17.3408	10.2153
17.3408	10.2083
17.3408	10.2013
17.3408	10.1943
17.3408	10.1873
17.3408	10.1803
17.3408	10.1733
17.3408	10.1663
17.3478	10.1663
17.3549	10.1593
17.3549	10.1523
17.3619	10.1523
17.3689	10.1523
17.3689	10.1453
17.3759	10.1453
17.3829	10.1453
17.3829	10.1383
17.3899	10.1383
17.3969	10.1383
17.4039	10.1383
17.4109	10.1383
17.4179	10.1383
17.4249	10.1383
17.4319	10.1383
17.4389	10.1383
17.4459	10.1383
17.4529	10.1383
17.4600	10.1383
17.4670	10.1383
17.4740	10.1383
17.4810	10.1383
17.4880	10.1383
17.4950	10.1383
17.5020	10.1383
17.5090	10.1383
17.5160	10.1383
17.5230	10.1383
17.5300	10.1383
17.5370	10.1383
17.5440	10.1383
17.5510	10.1383
17.5580	10.1383
17.5650	10.1383
17.5721	10.1383
17.5791	10.1383
17.5861	10.1383
17.5931	10.1383
17.6001	10.1383
17.6071	10.1383
17.6141	10.1383
17.6211	10.1383
17.6281	10.1383
17.6351	10.1383
17.6421	10.1383
17.6491	10.1383
17.6561	10.1383
17.6631	10.1383
17.6631	10.1313
17.6701	10.1313
17.6772	10.1313
17.6842	10.1313
17.6842	10.1242
17.6912	10.1242
17.6982	10.1242
17.7052	10.1242
17.7052	10.1172
17.7122	10.1172
17.7192	10.1172
17.7192	10.1102
17.7262	10.1102
17.7332	10.1032
17.7332	10.0962
17.7402	10.0962
17.7402	10.0892
17.7472	10.0892
17.7472	10.0822
17.7542	10.0822
17.7542	10.0752
17.7612	10.0752
17.7612	10.0682
17.7682	10.0682
17.7682	10.0612
17.7752	10.0612
17.7752	10.0542
17.7822	10.0542
17.7893	10.0542
17.7963	10.0542
17.8033	10.0542
17.8103	10.0542
17.8173	10.0542
17.8313	10.0472
17.8383	10.0402
17.8453	10.0402
17.8523	10.0402
17.8593	10.0402
17.8663	10.0402
17.8663	10.0332
17.8663	10.0262
17.8733	10.0262
17.8733	10.0192
17.8733	10.0121
17.8733	10.0051
17.8803	9.9981
17.8803	9.9911
17.8803	9.9841
17.8803	9.9771
17.8873	9.9771
17.8873	9.9701
17.8873	9.9631
17.8943	9.9631
17.8943	9.9561
17.8943	9.9491
17.8943	9.9421
17.9014	9.9421
17.9014	9.9351
17.9014	9.9281
17.9014	9.9211
17.9014	9.9141
17.9014	9.9071
17.9014	9.9000
17.9014	9.8930
17.9014	9.8860
17.9014	9.8790
17.9014	9.8720
17.9014	9.8650
17.9014	9.8580
17.9014	9.8510
17.9014	9.8440
17.9014	9.8370
17.9014	9.8300
17.9014	9.8230
17.9014	9.8160
17.9014	9.8090
17.9014	9.8020
17.9014	9.7949
17.9014	9.7879
17.9014	9.7809
17.9014	9.7739
17.9014	9.7669
17.9014	9.7599
17.9014	9.7529
17.9014	9.7459
17.9014	9.7389
17.9014	9.7319
17.9014	9.7249
17.9014	9.7179
17.9014	9.7109
17.9084	9.7109
17.9154	9.7109
17.9154	9.7039
17.9224	9.7039
17.9224	9.6969
17.9294	9.6969
17.9294	9.6899
17.9364	9.6899
17.9364	9.6828
17.9434	9.6828
17.9504	9.6828
17.9574	9.6828
17.9574	9.6758
17.9644	9.6758
17.9714	9.6758
17.9784	9.6758
17.9854	9.6758
17.9924	9.6758
17.9924	9.6688
17.9994	9.6688
18.0065	9.6688
18.0135	9.6688
18.0205	9.6688
18.0205	9.6618
18.0275	9.6618
18.0345	9.6618
18.0415	9.6618
18.0485	9.6618
18.0555	9.6618
18.0625	9.6618
18.0695	9.6618
18.0765	9.6618
18.0835	9.6618
18.0835	9.6688
18.0905	9.6688
18.0905	9.6758
18.0975	9.6758
18.0975	9.6828
18.1045	9.6828
18.1045	9.6899
18.1115	9.6969
18.1115	9.7039
18.1186	9.7039
18.1186	9.7109
18.1256	9.7109
18.1256	9.7179
18.1256	9.7249
18.1256	9.7319
18.1256	9.7389
18.1326	9.7389
18.1326	9.7459
18.1326	9.7529
18.1326	9.7599
18.1396	9.7599
18.1396	9.7669
18.1396	9.7739
18.1396	9.7809
18.1466	9.7809
18.1466	9.7879
18.1466	9.7949
18.1536	9.7949
18.1536	9.8020
18.1536	9.8090
18.1536	9.8160
18.1606	9.8160
18.1606	9.8230
18.1606	9.8300
18.1676	9.8300
18.1676	9.8370
18.1676	9.8440
18.1746	9.8440
18.1746	9.8510
18.1816	9.8510
18.1816	9.8580
18.1816	9.8650
18.1886	9.8650
18.1886	9.8720
18.1886	9.8790
18.1956	9.8790
18.1956	9.8860
18.1956	9.8930
18.2026	9.8930
18.2026	9.9000
18.2096	9.9000
18.2096	9.9071
18.2166	9.9071
18.2236	9.9071
18.2236	9.9141
18.2307	9.9141
18.2377	9.9141
18.2377	9.9211
18.2447	9.9281
18.2517	9.9281
18.2517	9.9351
18.2587	9.9351
18.2657	9.9351
18.2727	9.9421
18.2797	9.9421
18.2867	9.9421
18.2937	9.9421
18.3007	9.9421
18.3077	9.9421
18.3147	9.9421
18.3217	9.9421
18.3287	9.9421
18.3358	9.9421
18.3428	9.9421
18.3498	9.9421
18.3568	9.9351
18.3568	9.9281
18.3638	9.9281
18.3638	9.9211
18.3708	9.9211
18.3708	9.9141
18.3778	9.9141
18.3848	9.9141
18.3848	9.9071
18.3918	9.9071
18.3918	9.9000
18.3988	9.9000
18.3988	9.8930
18.4058	9.8930
18.4128	9.8860
18.4198	9.8860
18.4268	9.8860
18.4268	9.8790
18.4338	9.8790
18.4408	9.8790
18.4408	9.8720
18.4479	9.8720
18.4549	9.8650
18.4619	9.8650
18.4689	9.8650
18.4759	9.8580
18.4829	9.8580
18.4899	9.8580
18.4899	9.8510
18.4969	9.8510
18.5039	9.8510
18.5109	9.8510
18.5109	9.8440
18.5179	9.8440
18.5179	9.8370
18.5249	9.8370
18.5319	9.8370
18.5389	9.8370
18.5389	9.8300
18.5459	9.8300
18.5600	9.8230
18.5670	9.8230
18.5740	9.8230
18.5810	9.8230
18.5810	9.8160
18.5880	9.8090
18.5880	9.8020
18.5950	9.8020
18.6020	9.7949
18.6020	9.7879
18.6090	9.7879
18.6160	9.7879
18.6160	9.7809
18.6230	9.7739
18.6230	9.7669
18.6300	9.7669
18.6300	9.7599
18.6370	9.7599
18.6440	9.7599
18.6440	9.7529
18.6440	9.7459
18.6510	9.7459
18.6510	9.7389
18.6580	9.7389
18.6580	9.7319
18.6580	9.7249
18.6651	9.7249
18.6651	9.7179
18.6721	9.7179
18.6721	9.7109
18.6721	9.7039
18.6791	9.7039
18.6791	9.6969
18.6791	9.6899
18.6861	9.6899
18.6861	9.6828
18.6861	9.6758
18.6931	9.6758
18.6931	9.6688
18.7001	9.6688
18.7001	9.6618
18.7071	9.6618
18.7141	9.6548
18.7141	9.6478
18.7211	9.6478
18.7281	9.6338
18.7351	9.6338
18.7421	9.6338
18.7421	9.6268
18.7491	9.6268
18.7561	9.6268
18.7631	9.6268
18.7701	9.6268
18.7772	9.6268
18.7772	9.6198
18.7842	9.6198
18.7912	9.6198
18.7982	9.6198
18.8052	9.6198
18.8122	9.6198
18.8192	9.6198
18.8262	9.6198
18.8332	9.6198
18.8402	9.6198
18.8472	9.6198
18.8472	9.6268
18.8542	9.6268
18.8612	9.6268
18.8682	9.6268
18.8682	9.6338
18.8752	9.6338
18.8752	9.6408
18.8823	9.6408
18.8893	9.6408
18.8893	9.6478
18.8963	9.6478
18.9033	9.6478
18.9033	9.6548
18.9103	9.6618
18.9103	9.6688
18.9173	9.6688
18.9173	9.6758
18.9173	9.6828
18.9243	9.6828
18.9243	9.6899
18.9313	9.6899
18.9313	9.6969
18.9383	9.6969
18.9383	9.7039
18.9383	9.7109
18.9383	9.7179
18.9383	9.7249
18.9383	9.7319
18.9383	9.7389
18.9383	9.7459
18.9383	9.7529
18.9453	9.7529
18.9453	9.7599
18.9453	9.7669
18.9523	9.7669
18.9523	9.7739
18.9593	9.7809
18.9663	9.7879
18.9663	9.7949
18.9733	9.7949
18.9803	9.8020
18.9803	9.8090
18.9873	9.8090
18.9944	9.8090
18.9944	9.8160
19.0014	9.8160
19.0014	9.8230
19.0084	9.8230
19.0084	9.8300
19.0154	9.8300
19.0224	9.8300
19.0294	9.8300
19.0364	9.8300
19.0364	9.8370
19.0434	9.8370
19.0504	9.8370
19.0574	9.8440
19.0644	9.8440
19.0714	9.8440
19.0714	9.8510
19.0784	9.8510
19.0854	9.8510
19.0854	9.8580
19.0924	9.8580
19.0924	9.8650
19.0924	9.8720
19.0995	9.8790
19.1065	9.8860
19.1065	9.8930
19.1065	9.9000
19.1135	9.9000
19.1135	9.9071
19.1205	9.9071
19.1205	9.9141
19.1205	9.9211
19.1275	9.9211
19.1345	9.9281
19.1345	9.9351
19.1415	9.9351
19.1415	9.9421
19.1415	9.9491
19.1485	9.9491
19.1485	9.9561
19.1485	9.9631
19.1555	9.9631
19.1555	9.9701
19.1555	9.9771
19.1555	9.9841
19.1625	9.9841
19.1625	9.9911
19.1695	9.9911
19.1695	9.9981
19.1695	10.0051
19.1765	10.0051
19.1765	10.0121
19.1835	10.0121
19.1835	10.0192
19.1905	10.0192
19.1905	10.0262
19.1975	10.0262
19.1975	10.0332
19.2045	10.0332
19.2116	10.0332
19.2186	10.0332
19.2256	10.0332
19.2256	10.0402
19.2326	10.0402
19.2396	10.0402
19.2466	10.0402
19.2536	10.0402
19.2536	10.0332
19.2606	10.0332
19.2676	10.0332
19.2746	10.0332
19.2816	10.0332
19.2816	10.0262
19.2886	10.0262
19.2956	10.0262
19.3026	10.0262
19.3096	10.0262
19.3166	10.0262
19.3166	10.0192
19.3237	10.0192
19.3237	10.0121
19.3237	10.0051
19.3307	9.9981
19.3377	9.9911
19.3377	9.9771
19.3377	9.9701
19.3447	9.9701
19.3447	9.9631
19.3447	9.9561
19.3447	9.9491
19.3517	9.9421
19.3517	9.9351
19.3517	9.9281
19.3587	9.9281
19.3587	9.9211
19.3587	9.9141
19.3657	9.9141
19.3657	9.9071
19.3727	9.9071
19.3727	9.9000
19.3797	9.8930
19.3797	9.8860
19.3867	9.8860
19.3867	9.8790
19.3937	9.8790
19.4007	9.8720
19.4007	9.8650
19.4077	9.8650
19.4077	9.8580
19.4147	9.8580
19.4147	9.8510
19.4217	9.8510
19.4288	9.8510
19.4288	9.8440
19.4358	9.8370
19.4428	9.8370
19.4428	9.8300
19.4498	9.8300
19.4568	9.8300
19.4568	9.8230
19.4638	9.8230
19.4638	9.8160
19.4708	9.8160
19.4708	9.8090
19.4778	9.8090
19.4848	9.8090
19.4848	9.8020
19.4918	9.8020
19.4988	9.8020
19.4988	9.7949
19.5058	9.7949
19.5128	9.7949
19.5128	9.7879
19.5198	9.7879
19.5268	9.7879
19.5338	9.7879
19.5409	9.7879
19.5479	9.7879
19.5479	9.7809
19.5549	9.7809
19.5619	9.7809
19.5689	9.7809
19.5759	9.7809
19.5829	9.7809
19.5899	9.7809
19.5969	9.7809
19.6039	9.7809
19.6109	9.7809
19.6179	9.7809
19.6249	9.7809
19.6319	9.7809
19.6389	9.7809
19.6459	9.7809
19.6530	9.7809
19.6600	9.7809
19.6670	9.7809
19.6740	9.7809
19.6810	9.7809
19.6880	9.7809
19.6950	9.7809
19.7020	9.7809
19.7090	9.7809
19.7160	9.7809
19.7230	9.7809
19.7300	9.7809
19.7370	9.7809
19.7440	9.7809
19.7510	9.7809
19.7581	9.7809
19.7651	9.7809
19.7721	9.7809
19.7791	9.7809
19.7861	9.7809
19.7931	9.7809
19.8001	9.7809
19.8071	9.7809
19.8141	9.7809
19.8211	9.7809
19.8281	9.7809
19.8281	9.7739
19.8351	9.7739
19.8421	9.7739
19.8491	9.7739
19.8491	9.7669
19.8561	9.7669
19.8631	9.7669
19.8631	9.7599
19.8702	9.7599
19.8772	9.7529
19.8772	9.7459
19.8842	9.7459
19.8842	9.7389
19.8912	9.7389
19.8912	9.7319
19.8982	9.7319
19.9052	9.7319
19.9122	9.7319
19.9192	9.7319
19.9262	9.7389
19.9332	9.7389
19.9332	9.7459
19.9472	9.7529
19.9472	9.7599
19.9542	9.7599
19.9612	9.7599
19.9612	9.7669
19.9682	9.7739
19.9753	9.7809
19.9823	9.7879
19.9893	9.7879
20.0033	9.7949
20.0033	9.8020
20.0103	9.8020
20.0173	9.8020
20.0173	9.8090
20.0173	9.8160
20.0243	9.8160
20.0243	9.8230
20.0313	9.8230
20.0383	9.8230
20.0383	9.8300
20.0453	9.8300
20.0523	9.8300
20.0523	9.8370
20.0593	9.8370
20.0663	9.8440
20.0733	9.8440
20.0733	9.8510
20.0803	9.8510
20.0874	9.8510
20.0944	9.8580
20.1014	9.8580
20.1084	9.8650
20.1154	9.8650
20.1224	9.8720
20.1294	9.8720
20.1364	9.8720
20.1364	9.8790
20.1504	9.8790
20.1644	9.8860
20.1714	9.8860
20.1784	9.8860
20.1854	9.8930
20.1924	9.8930
20.1995	9.8930
20.2065	9.9000
20.2135	9.9000
20.2205	9.9000
20.2275	9.9000
20.2345	9.9000
20.2415	9.9000
20.2485	9.9000
20.2555	9.9000
20.2625	9.9000
20.2695	9.9000
20.2765	9.9000
20.2835	9.9000
20.2905	9.9000
20.2975	9.9071
20.3046	9.9071
20.3116	9.9071
20.3186	9.9071
20.3256	9.9071
20.3326	9.9071
20.3326	9.9141
20.3396	9.9141
20.3466	9.9141
20.3536	9.9141
20.3606	9.9211
20.3606	9.9281
20.3676	9.9281
20.3816	9.9351
20.3886	9.9351
20.3956	9.9421
20.4026	9.9421
20.4096	9.9491
20.4096	9.9561
20.4167	9.9561
20.4237	9.9561
20.4307	9.9631
20.4377	9.9631
20.4447	9.9631
20.4447	9.9701
20.4517	9.9701
20.4587	9.9771
20.4657	9.9771
20.4727	9.9841
20.4797	9.9841
20.4797	9.9911
20.4867	9.9911
20.4937	9.9911
20.5007	9.9911
20.5007	9.9981
20.5077	9.9981
20.5147	9.9981
20.5217	9.9981
20.5288	9.9981
20.5288	10.0051
20.5358	10.0051
20.5428	10.0051
20.5428	10.0121
20.5498	10.0121
20.5638	10.0051
20.5708	9.9981
20.5848	9.9981
20.5848	9.9911
20.5918	9.9911
20.5988	9.9911
20.6058	9.9911
20.6128	9.9911
20.6198	9.9911
20.6268	9.9911
20.6339	9.9911
20.6409	9.9911
20.6479	9.9911
20.6549	9.9911
20.6619	9.9911
20.6689	9.9911
20.6759	9.9911
20.6829	9.9911
20.6899	9.9911
20.6969	9.9981
20.7039	9.9981
20.7109	9.9981
20.7179	9.9981
20.7249	9.9981
20.7319	9.9981
20.7389	9.9981
20.7460	9.9981
20.7600	9.9981
20.7880	9.9981
20.8090	9.9981
20.8230	9.9981
20.8300	9.9981
20.8440	9.9981
20.8511	9.9981
20.8581	9.9981
20.8651	9.9981
20.8721	9.9981
20.8791	9.9981
20.8861	9.9981
20.8931	9.9981
20.9001	9.9981
20.9071	9.9981
20.9141	9.9981
20.9211	9.9981
20.9281	9.9981
20.9351	9.9981
20.9421	9.9981
20.9561	9.9981
20.9632	9.9981
20.9702	9.9981
20.9772	9.9981
20.9842	9.9981
20.9912	9.9981
20.9982	9.9981
21.0052	9.9981
21.0122	9.9981
21.0192	9.9981
21.0262	9.9981
21.0262	10.0051
21.0332	10.0051
21.0332	10.0121
21.0402	10.0121
21.0472	10.0121
21.0472	10.0192
21.0542	10.0192
21.0612	10.0192
21.0612	10.0262
21.0682	10.0262
21.0682	10.0332
21.0753	10.0332
21.0823	10.0332
21.0823	10.0402
21.0823	10.0472
21.0893	10.0472
21.0893	10.0542
21.0893	10.0612
21.0893	10.0682
21.0893	10.0752
21.0893	10.0822
21.0893	10.0892
21.0893	10.0962
21.0893	10.1032
21.0893	10.1102
21.0893	10.1172
21.0893	10.1242
21.0893	10.1313
21.0893	10.1383
21.0823	10.1383
21.0823	10.1453
21.0823	10.1523
21.0823	10.1593
21.0823	10.1663
21.0823	10.1733
21.0823	10.1803
21.0823	10.1873
21.0823	10.1943
21.0753	10.1943
21.0682	10.1943
21.0682	10.2013
21.0612	10.2013
21.0612	10.2083
21.0612	10.2153
21.0542	10.2153
21.0542	10.2223
21.0472	10.2223
21.0402	10.2223
21.0402	10.2293
21.0332	10.2293
21.0332	10.2364
21.0262	10.2364
21.0192	10.2364
21.0192	10.2434
21.0192	10.2504
21.0122	10.2504
21.0122	10.2574
21.0052	10.2574
21.0052	10.2644
21.0052	10.2714
21.0052	10.2784
20.9982	10.2784
20.9912	10.2784
20.9912	10.2854
20.9842	10.2854
20.9772	10.2854
20.9702	10.2854
20.9702	10.2924
20.9632	10.2924
20.9632	10.2994
20.9561	10.3064
20.9491	10.3064
20.9421	10.3064
20.9351	10.3134
20.9281	10.3134
20.9211	10.3134
20.9211	10.3204
20.9141	10.3204
20.9071	10.3204
20.9001	10.3204
20.8931	10.3204
20.8931	10.3274
20.8861	10.3274
20.8861	10.3344
20.8791	10.3344
20.8721	10.3344
20.8651	10.3344
20.8581	10.3344
20.8581	10.3414
20.8511	10.3414
20.8370	10.3414
20.8300	10.3485
20.8230	10.3485
20.8230	10.3555
20.8160	10.3555
20.8090	10.3625
20.8020	10.3625
20.8020	10.3695
20.7950	10.3695
20.7950	10.3765
20.7880	10.3835
20.7880	10.3905
20.7880	10.3975
20.7810	10.3975
20.7740	10.3975
20.7740	10.4045
20.7740	10.4115
20.7740	10.4185
20.7670	10.4185
20.7670	10.4255
20.7670	10.4325
20.7600	10.4325
20.7600	10.4395
20.7530	10.4395
20.7530	10.4465
20.7460	10.4465
20.7460	10.4536
20.7389	10.4536
20.7389	10.4606
20.7319	10.4606
20.7249	10.4606
20.7179	10.4676
20.7109	10.4676
20.7109	10.4746
20.7039	10.4746
20.7039	10.4816
20.6969	10.4816
20.6899	10.4816
20.6829	10.4816
20.6829	10.4886
20.6759	10.4886
20.6759	10.4956
20.6689	10.4956
20.6619	10.4956
20.6619	10.5026
20.6549	10.5096
20.6479	10.5096
20.6479	10.5166
20.6409	10.5236
20.6339	10.5236
20.6339	10.5306
20.6339	10.5376
20.6268	10.5376
20.6268	10.5446
20.6268	10.5516
20.6198	10.5516
20.6198	10.5586
20.6198	10.5657
20.6128	10.5657
20.6128	10.5727
20.6058	10.5727
20.6058	10.5797
20.5988	10.5797
20.5918	10.5867
20.5918	10.5937
20.5848	10.5937
20.5848	10.6007
20.5778	10.6007
20.5778	10.6077
20.5708	10.6077
20.5708	10.6147
20.5708	10.6217
20.5638	10.6217
20.5638	10.6287
20.5568	10.6287
20.5568	10.6357
20.5498	10.6357
20.5498	10.6427
20.5428	10.6427
20.5428	10.6497
20.5358	10.6497
20.5358	10.6567
20.5288	10.6567
20.5217	10.6567
20.5217	10.6637
20.5147	10.6637
20.5147	10.6707
20.5147	10.6778
20.5077	10.6778
20.5077	10.6848
20.5077	10.6918
20.5077	10.6988
20.5007	10.6988
20.5007	10.7058
20.5007	10.7128
20.5007	10.7198
20.5007	10.7268
20.5007	10.7338
20.5007	10.7408
20.4937	10.7408
20.4867	10.7478
20.4797	10.7548
20.4727	10.7548
20.4727	10.7618
20.4727	10.7688
20.4657	10.7688
20.4587	10.7688
20.4517	10.7758
20.4447	10.7758
20.4377	10.7829
20.4307	10.7829
20.4307	10.7899
20.4237	10.7969
20.4167	10.7969
20.4167	10.8039
20.4167	10.8109
20.4096	10.8179
20.4096	10.8249
20.4026	10.8249
20.4026	10.8319
20.4026	10.8389
20.4096	10.8389
20.4096	10.8459
20.4096	10.8529
20.4167	10.8529
20.4167	10.8599
20.4237	10.8599
20.4307	10.8599
20.4307	10.8669
20.4377	10.8669
20.4377	10.8739
20.4447	10.8739
20.4447	10.8809
20.4517	10.8879
20.4587	10.8879
20.4587	10.8950
20.4657	10.8950
20.4657	10.9020
20.4657	10.9090
20.4727	10.9090
20.4727	10.9160
20.4727	10.9230
20.4797	10.9230
20.4797	10.9300
20.4867	10.9300
20.4937	10.9300
20.4937	10.9370
20.4937	10.9440
20.5007	10.9440
20.5007	10.9510
20.5077	10.9510
20.5147	10.9510
20.5217	10.9510
20.5217	10.9580
20.5288	10.9580
20.5288	10.9650
20.5358	10.9650
20.5358	10.9720
20.5428	10.9720
20.5498	10.9790
20.5568	10.9790
20.5568	10.9860
20.5638	10.9860
20.5638	10.9930
20.5778	11.0001
20.5848	11.0001
20.5918	11.0071
20.5988	11.0071
20.6058	11.0071
20.6128	11.0141
20.6198	11.0141
20.6198	11.0211
20.6268	11.0211
20.6268	11.0281
20.6339	11.0281
20.6409	11.0281
20.6479	11.0351
20.6549	11.0351
20.6549	11.0421
20.6689	11.0421
20.6759	11.0421
20.6759	11.0491
20.6829	11.0561
20.6899	11.0561
20.6969	11.0561
20.6969	11.0631
20.7039	11.0631
20.7109	11.0631
20.7179	11.0701
20.7249	11.0771
20.7319	11.0841
20.7389	11.0841
20.7389	11.0911
20.7460	11.0911
20.7530	11.0911
20.7530	11.0981
20.7600	11.0981
20.7600	11.1051
20.7670	11.1051
20.7670	11.1122
20.7810	11.1192
20.7880	11.1192
20.7950	11.1262
20.7950	11.1332
20.8020	11.1332
20.8090	11.1332
20.8090	11.1402
20.8090	11.1472
20.8160	11.1472
20.8160	11.1542
20.8230	11.1612
20.8230	11.1682
20.8300	11.1682
20.8300	11.1752
20.8370	11.1822
20.8440	11.1822
20.8440	11.1892
20.8511	11.1892
20.8511	11.1962
20.8581	11.1962
20.8581	11.2032
20.8651	11.2032
20.8721	11.2102
20.8721	11.2172
20.8791	11.2172
20.8861	11.2172
20.8861	11.2243
20.8861	11.2313
20.8931	11.2313
20.9001	11.2313
20.9071	11.2313
20.9071	11.2383
20.9141	11.2383
20.9211	11.2453
20.9281	11.2453
20.9351	11.2453
20.9351	11.2523
20.9421	11.2523
20.9421	11.2593
20.9491	11.2593
20.9561	11.2593
20.9561	11.2663
20.9632	11.2663
20.9702	11.2663
20.9702	11.2733
20.9772	11.2733
20.9842	11.2803
20.9842	11.2873
20.9912	11.2873
20.9982	11.2943
21.0052	11.2943
21.0052	11.3013
21.0122	11.3013
21.0122	11.3083
21.0192	11.3153
21.0192	11.3223
21.0262	11.3223
21.0262	11.3294
21.0332	11.3294
21.0332	11.3364
21.0332	11.3434
21.0402	11.3504
21.0472	11.3504
21.0472	11.3574
21.0472	11.3644
21.0542	11.3644
21.0542	11.3714
21.0682	11.3854
21.0753	11.3924
21.0823	11.3924
21.0823	11.4064
21.0893	11.4064
21.0893	11.4134
21.0963	11.4134
21.0963	11.4204
21.1033	11.4204
21.1033	11.4274
21.1033	11.4344
21.1103	11.4415
21.1103	11.4485
21.1173	11.4625
21.1173	11.4695
21.1243	11.4765
21.1313	11.4905
21.1313	11.4975
21.1383	11.5045
21.1383	11.5115
21.1453	11.5115
21.1453	11.5185
21.1453	11.5255
21.1523	11.5255
21.1523	11.5325
21.1523	11.5395
21.1523	11.5465
21.1593	11.5465
21.1593	11.5536
21.1663	11.5606
21.1663	11.5676
21.1733	11.5746
21.1733	11.5816
21.1804	11.5816
21.1874	11.5816
21.1874	11.5886
21.1944	11.5886
21.2014	11.5956
21.2084	11.5956
21.2154	11.6026
21.2154	11.6096
21.2224	11.6096
21.2294	11.6096
21.2294	11.6166
21.2364	11.6166
21.2364	11.6236
21.2434	11.6236
21.2504	11.6236
21.2504	11.6376
21.2574	11.6376
21.2574	11.6446
21.2644	11.6446
21.2644	11.6516
21.2714	11.6516
21.2784	11.6516
21.2854	11.6516
21.2854	11.6587
21.2925	11.6587
21.2925	11.6657
21.2995	11.6727
21.3065	11.6727
21.3135	11.6797
21.3205	11.6797
21.3205	11.6867
21.3275	11.6867
21.3275	11.6937
21.3345	11.6937
21.3415	11.7007
21.3485	11.7007
21.3485	11.7077
21.3555	11.7077
21.3555	11.7147
21.3625	11.7147
21.3625	11.7217
21.3695	11.7217
21.3765	11.7287
21.3835	11.7287
21.3905	11.7357
21.3905	11.7427
21.3975	11.7427
21.4046	11.7497
21.4116	11.7497
21.4116	11.7567
21.4186	11.7567
21.4256	11.7567
21.4256	11.7637
21.4326	11.7637
21.4396	11.7637
21.4466	11.7637
21.4466	11.7708
21.4536	11.7708
21.4536	11.7778
21.4606	11.7778
21.4606	11.7848
21.4676	11.7848
21.4746	11.7848
21.4746	11.7918
21.4816	11.7918
21.4886	11.7918
21.4886	11.7988
21.4956	11.8058
21.5026	11.8058
21.5097	11.8058
21.5097	11.8128
21.5167	11.8128
21.5237	11.8128
21.5237	11.8198
21.5307	11.8198
21.5377	11.8198
21.5377	11.8268
21.5447	11.8268
21.5517	11.8338
21.5587	11.8408
21.5657	11.8408
21.5657	11.8478
21.5727	11.8478
21.5797	11.8548
21.5867	11.8548
21.5937	11.8548
21.5937	11.8618
21.6007	11.8618
21.6007	11.8688
21.6077	11.8688
21.6147	11.8688
21.6218	11.8759
21.6288	11.8759
21.6288	11.8829
21.6358	11.8829
21.6358	11.8899
21.6428	11.8899
21.6428	11.8969
21.6498	11.8969
21.6498	11.9039
21.6568	11.9039
21.6638	11.9109
21.6708	11.9109
21.6778	11.9249
21.6848	11.9249
21.6918	11.9319
21.6988	11.9319
21.6988	11.9389
21.7058	11.9389
21.7128	11.9459
21.7128	11.9529
21.7198	11.9529
21.7269	11.9599
21.7339	11.9599
21.7409	11.9669
21.7479	11.9739
21.7479	11.9809
21.7549	11.9880
21.7689	11.9950
21.7759	12.0020
21.7829	12.0090
21.7829	12.0160
21.7969	12.0160
21.8039	12.0230
21.8109	12.0230
21.8179	12.0300
21.8249	12.0370
21.8319	12.0440
21.8390	12.0440
21.8390	12.0510
21.8460	12.0510
21.8530	12.0510
21.8530	12.0580
21.8600	12.0580
21.8600	12.0650
21.8600	12.0720
21.8670	12.0720
21.8670	12.0790
21.8740	12.0790
21.8810	12.0790
21.8810	12.0860
21.8880	12.0860
21.8880	12.0930
21.8880	12.1001
21.8950	12.1001
21.8950	12.1071
21.9020	12.1071
21.9090	12.1141
21.9090	12.1211
21.9160	12.1211
21.9160	12.1281
21.9230	12.1351
21.9230	12.1421
21.9300	12.1421
21.9300	12.1491
21.9300	12.1561
21.9370	12.1561
21.9370	12.1631
21.9440	12.1631
21.9440	12.1701
21.9511	12.1701
21.9511	12.1771
21.9511	12.1841
21.9581	12.1841
21.9581	12.1911
21.9651	12.1911
21.9651	12.1981
21.9721	12.1981
21.9721	12.2052
21.9791	12.2052
21.9791	12.2122
21.9791	12.2192
21.9861	12.2192
21.9861	12.2262
21.9931	12.2262
22.0001	12.2332
22.0001	12.2402
22.0071	12.2402
22.0071	12.2472
22.0141	12.2542
22.0141	12.2612
22.0211	12.2612
22.0211	12.2682
22.0281	12.2682
22.0281	12.2752
22.0281	12.2822
22.0351	12.2822
22.0351	12.2892
22.0421	12.2892
22.0421	12.2962
22.0421	12.3032
22.0491	12.3032
22.0491	12.3102
22.0562	12.3102
22.0562	12.3173
22.0562	12.3243
22.0632	12.3243
22.0632	12.3313
22.0632	12.3383
22.0702	12.3383
22.0702	12.3453
22.0702	12.3523
22.0702	12.3593
22.0702	12.3663
22.0772	12.3663
22.0772	12.3733
22.0842	12.3733
22.0842	12.3803
22.0842	12.3873
22.0842	12.3943
22.0912	12.4013
22.0912	12.4083
22.0912	12.4153
22.0912	12.4223
22.0982	12.4223
22.0982	12.4294
22.0982	12.4364
22.0982	12.4434
22.0982	12.4504
22.0982	12.4574
22.1052	12.4574
22.1052	12.4644
22.1122	12.4644
22.1122	12.4714
22.1122	12.4784
22.1122	12.4854
22.1122	12.4924
22.1192	12.4924
22.1192	12.4994
22.1192	12.5064
22.1192	12.5134
22.1262	12.5134
22.1262	12.5204
22.1262	12.5274
22.1262	12.5345
22.1262	12.5415
22.1332	12.5415
22.1332	12.5485
22.1332	12.5555
22.1332	12.5625
22.1402	12.5625
22.1402	12.5695
22.1402	12.5765
22.1402	12.5835
22.1402	12.5905
22.1402	12.5975
22.1472	12.6045
22.1472	12.6115
22.1472	12.6185
22.1472	12.6255
22.1472	12.6325
22.1472	12.6395
22.1472	12.6466
22.1472	12.6536
22.1472	12.6606
22.1472	12.6676
22.1472	12.6746
22.1472	12.6816
22.1472	12.6886
22.1542	12.6886
22.1542	12.6956
22.1542	12.7026
22.1542	12.7096
22.1542	12.7166
22.1542	12.7236
22.1542	12.7306
22.1542	12.7376
22.1542	12.7446
22.1542	12.7517
22.1612	12.7517
22.1612	12.7657
22.1612	12.7727
22.1612	12.7797
22.1612	12.7867
22.1612	12.7937
22.1683	12.7937
22.1683	12.8007
22.1683	12.8077
22.1753	12.8077
22.1753	12.8147
22.1753	12.8217
22.1753	12.8287
22.1753	12.8357
22.1753	12.8427
22.1753	12.8497
22.1753	12.8567
22.1823	12.8567
22.1823	12.8638
22.1823	12.8708
22.1823	12.8778
22.1823	12.8848
22.1823	12.8918
22.1893	12.8918
22.1893	12.8988
22.1893	12.9058
22.1893	12.9128
22.1893	12.9198
22.1893	12.9268
22.1893	12.9338
22.1893	12.9408
22.1893	12.9478
22.1893	12.9548
22.1893	12.9618
22.1893	12.9688
22.1893	12.9759
22.1893	12.9829
22.1893	12.9899
22.1893	12.9969
22.1893	13.0039
22.1893	13.0109
22.1893	13.0179
22.1893	13.0249
22.1893	13.0319
22.1963	13.0319
22.1963	13.0389
22.1963	13.0459
22.1963	13.0529
22.1963	13.0599
22.1963	13.0669
22.1963	13.0739
22.1963	13.0810
22.1963	13.0880
22.1963	13.0950
22.1963	13.1020
22.1963	13.1090
22.1893	13.1090
22.1893	13.1160
22.1893	13.1230
22.1823	13.1230
22.1823	13.1300
22.1753	13.1300
22.1683	13.1300
22.1683	13.1370
22.1612	13.1370
22.1612	13.1440
22.1542	13.1440
22.1472	13.1440
22.1472	13.1510
22.1402	13.1510
22.1332	13.1580
22.1332	13.1650
22.1262	13.1650
22.1262	13.1720
22.1192	13.1790
22.1122	13.1790
22.1122	13.1860
22.1052	13.1860
22.0982	13.1860
22.0982	13.1931
22.0982	13.2001
22.0912	13.2001
22.0842	13.2071
22.0772	13.2071
22.0772	13.2141
22.0702	13.2141
22.0702	13.2211
22.0632	13.2211
22.0632	13.2281
22.0562	13.2281
22.0562	13.2351
22.0491	13.2351
22.0491	13.2421
22.0421	13.2421
22.0421	13.2491
22.0421	13.2561
22.0351	13.2561
22.0351	13.2631
22.0351	13.2701
22.0421	13.2701
22.0421	13.2771
22.0491	13.2771
22.0562	13.2771
22.0632	13.2771
22.0702	13.2771
22.0772	13.2771
22.0842	13.2771
22.0912	13.2771
22.0982	13.2771
22.1052	13.2771
22.1122	13.2771
22.1122	13.2841
22.1192	13.2841
22.1262	13.2841
22.1332	13.2841
22.1402	13.2841
22.1472	13.2841
22.1542	13.2841
22.1612	13.2841
22.1683	13.2841
22.1753	13.2911
22.1823	13.2911
22.1823	13.2981
22.1893	13.2981
22.1963	13.2981
22.2033	13.2981
22.2033	13.3052
22.2103	13.3052
22.2173	13.3052
22.2173	13.3122
22.2243	13.3122
22.2313	13.3122
22.2313	13.3192
22.2383	13.3192
22.2453	13.3192
22.2453	13.3262
22.2523	13.3262
22.2593	13.3262
22.2593	13.3332
22.2663	13.3332
22.2663	13.3402
22.2663	13.3472
22.2733	13.3472
22.2733	13.3542
22.2804	13.3542
22.2874	13.3542
22.2944	13.3542
22.2944	13.3612
22.3014	13.3612
22.3084	13.3612
22.3154	13.3612
22.3154	13.3682
22.3224	13.3682
22.3294	13.3682
22.3294	13.3752
22.3364	13.3752
22.3364	13.3822
22.3434	13.3822
22.3434	13.3892
22.3504	13.3892
22.3574	13.3962
22.3574	13.4032
22.3644	13.4032
22.3714	13.4103
22.3784	13.4103
22.3784	13.4173
22.3855	13.4173
22.3855	13.4243
22.3925	13.4243
22.3995	13.4243
22.4065	13.4243
22.4135	13.4243
22.4205	13.4243
22.4275	13.4243
22.4345	13.4243
22.4415	13.4243
22.4485	13.4243
22.4555	13.4243
22.4625	13.4243
