23.8494	17.6987
23.8410	17.6987
23.8326	17.6987
23.8243	17.6987
23.8159	17.6987
23.8075	17.6987
23.7992	17.6987
23.7992	17.7071
23.7908	17.7071
23.7908	17.7155
23.7824	17.7155
23.7824	17.7238
23.7741	17.7238
23.7741	17.7322
23.7741	17.7406
23.7741	17.7490
23.7741	17.7573
23.7741	17.7657
23.7741	17.7741
23.7741	17.7824
23.7741	17.7908
23.7741	17.7992
23.7741	17.8075
23.7741	17.8159
23.7741	17.8243
23.7741	17.8326
23.7741	17.8410
23.7741	17.8494
23.7741	17.8577
23.7741	17.8661
23.7741	17.8745
23.7741	17.8828
23.7741	17.8912
23.7741	17.8996
23.7741	17.9079
23.7741	17.9163
23.7741	17.9247
23.7741	17.9331
23.7741	17.9414
23.7741	17.9498
23.7741	17.9582
23.7741	17.9665
23.7741	17.9749
23.7741	17.9833
23.7741	17.9916
23.7741	18.0000
23.7741	18.0084
23.7741	18.0167
23.7741	18.0251
23.7741	18.0335
23.7657	18.0335
23.7657	18.0418
23.7657	18.0502
23.7573	18.0502
23.7573	18.0586
23.7490	18.0586
23.7490	18.0669
23.7406	18.0669
23.7322	18.0669
23.7322	18.0753
23.7322	18.0837
23.7238	18.0837
23.7238	18.0921
23.7155	18.0921
23.7155	18.1004
23.7071	18.1004
23.7071	18.1088
23.6987	18.1088
23.6987	18.1172
23.6904	18.1172
23.6820	18.1172
23.6820	18.1255
23.6820	18.1339
23.6736	18.1339
23.6653	18.1339
23.6569	18.1339
23.6569	18.1423
23.6485	18.1423
23.6485	18.1506
23.6402	18.1506
23.6318	18.1506
23.6318	18.1590
23.6318	18.1674
23.6234	18.1674
23.6151	18.1674
23.6151	18.1757
23.6151	18.1841
23.6067	18.1841
23.5983	18.1841
23.5983	18.1925
23.5983	18.2008
23.5983	18.2092
23.5900	18.2092
23.5900	18.2176
23.5816	18.2176
23.5816	18.2259
23.5732	18.2259
23.5732	18.2343
23.5649	18.2343
23.5649	18.2427
23.5649	18.2510
23.5565	18.2510
23.5481	18.2510
23.5397	18.2594
23.5314	18.2594
23.5314	18.2678
23.5230	18.2678
23.5146	18.2678
23.5146	18.2762
23.5063	18.2762
23.4979	18.2762
23.4979	18.2845
23.4895	18.2845
23.4812	18.2845
23.4812	18.2929
23.4728	18.2929
23.4644	18.2929
23.4561	18.3013
23.4477	18.3013
23.4393	18.3013
23.4310	18.3013
23.4226	18.3013
23.4142	18.3013
23.4059	18.3013
23.3975	18.3013
23.3891	18.3013
23.3808	18.3013
23.3724	18.3013
23.3640	18.3013
23.3556	18.3013
23.3556	18.3096
23.3473	18.3096
23.3389	18.3096
23.3389	18.3180
23.3305	18.3180
23.3222	18.3180
23.3138	18.3180
23.3054	18.3180
23.2971	18.3180
23.2887	18.3180
23.2803	18.3180
23.2720	18.3180
23.2720	18.3264
23.2636	18.3264
23.2552	18.3347
23.2469	18.3347
23.2385	18.3347
23.2385	18.3431
23.2301	18.3431
23.2218	18.3431
23.2218	18.3515
23.2134	18.3515
23.2050	18.3515
23.1967	18.3515
23.1967	18.3598
23.1883	18.3598
23.1799	18.3598
23.1799	18.3682
23.1715	18.3682
23.1632	18.3682
23.1548	18.3682
23.1464	18.3682
23.1464	18.3766
23.1381	18.3766
23.1381	18.3849
23.1297	18.3849
23.1213	18.3849
23.1130	18.3849
23.1046	18.3849
23.0962	18.3849
23.0879	18.3849
23.0795	18.3849
23.0711	18.3933
23.0628	18.3933
23.0544	18.3933
23.0460	18.3933
23.0460	18.4017
23.0377	18.4017
23.0293	18.4017
23.0209	18.4017
23.0126	18.4017
23.0042	18.4017
22.9958	18.4017
22.9874	18.4017
22.9791	18.4017
22.9707	18.4017
22.9623	18.4017
22.9540	18.4017
22.9456	18.4017
22.9372	18.4017
22.9289	18.4017
22.9205	18.4017
22.9121	18.4017
22.9038	18.4017
22.8954	18.4017
22.8870	18.4017
22.8787	18.4017
22.8703	18.4017
22.8619	18.4017
22.8536	18.4017
22.8452	18.4017
22.8368	18.4017
22.8285	18.4017
22.8201	18.4017
22.8117	18.4017
22.8033	18.4017
22.7950	18.4017
22.7866	18.4017
22.7782	18.4017
22.7699	18.4017
22.7615	18.4017
22.7531	18.4017
22.7448	18.4017
22.7364	18.4017
22.7280	18.4017
22.7197	18.4017
22.7197	18.3933
22.7113	18.3933
22.7029	18.3933
22.6946	18.3933
22.6946	18.3849
22.6862	18.3849
22.6778	18.3849
22.6695	18.3849
22.6611	18.3849
22.6527	18.3849
22.6444	18.3849
22.6360	18.3849
22.6276	18.3849
22.6192	18.3849
22.6109	18.3849
22.6025	18.3849
22.5941	18.3849
22.5858	18.3849
22.5774	18.3849
22.5690	18.3849
22.5607	18.3849
22.5607	18.3766
22.5523	18.3766
22.5439	18.3766
22.5356	18.3766
22.5272	18.3766
22.5188	18.3766
22.5105	18.3766
22.5021	18.3766
22.4937	18.3766
22.4854	18.3849
22.4770	18.3849
22.4686	18.3849
22.4603	18.3849
22.4519	18.3849
22.4435	18.3849
22.4351	18.3849
22.4268	18.3849
22.4184	18.3849
22.4100	18.3849
22.4017	18.3849
22.3933	18.3849
22.3933	18.3766
22.3849	18.3766
22.3766	18.3766
22.3682	18.3766
22.3598	18.3766
22.3598	18.3682
22.3515	18.3682
22.3431	18.3682
22.3347	18.3682
22.3264	18.3682
22.3264	18.3598
22.3180	18.3598
22.3180	18.3515
22.3096	18.3515
22.3013	18.3515
22.3013	18.3431
22.2929	18.3431
22.2929	18.3347
22.2845	18.3347
22.2762	18.3347
22.2762	18.3264
22.2678	18.3264
22.2594	18.3264
22.2594	18.3180
22.2510	18.3180
22.2427	18.3180
22.2427	18.3096
22.2343	18.3096
22.2259	18.3096
22.2259	18.3013
22.2176	18.3013
22.2092	18.3013
22.2008	18.3013
22.2008	18.2929
22.1925	18.2929
22.1925	18.2845
22.1841	18.2845
22.1757	18.2845
22.1674	18.2845
22.1590	18.2845
22.1506	18.2845
22.1423	18.2845
22.1423	18.2762
22.1339	18.2762
22.1255	18.2762
22.1172	18.2762
22.1088	18.2762
22.1088	18.2678
22.1004	18.2678
22.0921	18.2678
22.0837	18.2678
22.0753	18.2678
22.0669	18.2678
22.0586	18.2678
22.0586	18.2594
22.0502	18.2594
22.0418	18.2594
22.0335	18.2594
22.0251	18.2594
22.0251	18.2510
22.0167	18.2510
22.0084	18.2510
22.0000	18.2510
21.9916	18.2510
21.9833	18.2510
21.9749	18.2510
21.9665	18.2510
21.9582	18.2510
21.9582	18.2427
21.9582	18.2343
21.9498	18.2343
21.9414	18.2343
21.9414	18.2259
21.9414	18.2176
21.9331	18.2176
21.9331	18.2092
21.9331	18.2008
21.9331	18.1925
21.9331	18.1841
21.9331	18.1757
21.9331	18.1674
21.9331	18.1590
21.9247	18.1590
21.9247	18.1506
21.9247	18.1423
21.9247	18.1339
21.9247	18.1255
21.9163	18.1255
21.9163	18.1172
21.9079	18.1172
21.9079	18.1088
21.9079	18.1004
21.8996	18.1004
21.8996	18.0921
21.8912	18.0921
21.8912	18.0837
21.8912	18.0753
21.8828	18.0753
21.8828	18.0669
21.8745	18.0669
21.8745	18.0586
21.8745	18.0502
21.8661	18.0502
21.8577	18.0502
21.8577	18.0418
21.8577	18.0335
21.8494	18.0335
21.8410	18.0335
21.8410	18.0251
21.8410	18.0167
21.8326	18.0167
21.8243	18.0167
21.8243	18.0084
21.8243	18.0000
21.8159	18.0000
21.8159	17.9916
21.8159	17.9833
21.8075	17.9833
21.8075	17.9749
21.8075	17.9665
21.7992	17.9665
21.7992	17.9582
21.7992	17.9498
21.7992	17.9414
21.7992	17.9331
21.7908	17.9331
21.7908	17.9247
21.7908	17.9163
21.7908	17.9079
21.7908	17.8996
21.7908	17.8912
21.7908	17.8828
21.7908	17.8745
21.7908	17.8661
21.7908	17.8577
21.7992	17.8577
21.7992	17.8494
21.7992	17.8410
21.8075	17.8410
21.8075	17.8326
21.8075	17.8243
21.8075	17.8159
21.8075	17.8075
21.8159	17.8075
21.8159	17.7992
21.8159	17.7908
21.8243	17.7908
21.8243	17.7824
21.8243	17.7741
21.8243	17.7657
21.8243	17.7573
21.8243	17.7490
21.8243	17.7406
21.8326	17.7406
21.8326	17.7322
21.8326	17.7238
21.8326	17.7155
21.8410	17.7155
21.8410	17.7071
21.8410	17.6987
21.8410	17.6904
21.8494	17.6904
21.8494	17.6820
21.8577	17.6736
21.8577	17.6653
21.8577	17.6569
21.8661	17.6569
21.8661	17.6485
21.8745	17.6402
21.8745	17.6318
21.8828	17.6318
21.8912	17.6234
21.8912	17.6151
21.8996	17.6067
21.9079	17.6067
21.9079	17.5983
21.9079	17.5900
21.9163	17.5900
21.9163	17.5816
21.9247	17.5816
21.9247	17.5732
21.9331	17.5732
21.9331	17.5649
21.9414	17.5649
21.9414	17.5565
21.9414	17.5481
21.9498	17.5481
21.9498	17.5397
21.9582	17.5397
21.9582	17.5314
21.9582	17.5230
21.9582	17.5146
21.9665	17.5146
21.9749	17.5146
21.9749	17.5063
21.9749	17.4979
21.9833	17.4979
21.9833	17.4895
21.9833	17.4812
21.9916	17.4812
21.9916	17.4728
21.9916	17.4644
21.9916	17.4561
21.9916	17.4477
22.0000	17.4477
22.0000	17.4393
22.0000	17.4310
22.0084	17.4310
22.0084	17.4226
22.0084	17.4142
22.0084	17.4059
22.0167	17.4059
22.0167	17.3975
22.0167	17.3891
22.0251	17.3891
22.0251	17.3808
22.0251	17.3724
22.0251	17.3640
22.0335	17.3640
22.0335	17.3556
22.0335	17.3473
22.0418	17.3473
22.0418	17.3389
22.0418	17.3305
22.0418	17.3222
22.0418	17.3138
22.0418	17.3054
22.0418	17.2971
22.0418	17.2887
22.0418	17.2803
22.0335	17.2720
22.0335	17.2636
22.0251	17.2636
22.0251	17.2552
22.0251	17.2469
22.0167	17.2469
22.0084	17.2469
22.0084	17.2385
22.0084	17.2301
22.0000	17.2301
22.0000	17.2218
21.9916	17.2218
21.9916	17.2134
21.9833	17.2134
21.9833	17.2050
21.9833	17.1967
21.9749	17.1967
21.9665	17.1967
21.9582	17.1883
21.9582	17.1799
21.9498	17.1799
21.9414	17.1799
21.9414	17.1715
21.9331	17.1715
21.9331	17.1632
21.9247	17.1632
21.9163	17.1632
21.9163	17.1548
21.9079	17.1548
21.9079	17.1464
21.8996	17.1464
21.8912	17.1464
21.8912	17.1381
21.8828	17.1381
21.8828	17.1297
21.8745	17.1297
21.8661	17.1297
21.8661	17.1213
21.8577	17.1213
21.8577	17.1130
21.8494	17.1130
21.8410	17.1130
21.8410	17.1046
21.8326	17.1046
21.8243	17.1046
21.8243	17.0962
21.8159	17.0962
21.8075	17.0962
21.7992	17.0962
21.7992	17.0879
21.7908	17.0879
21.7824	17.0879
21.7741	17.0879
21.7741	17.0795
21.7657	17.0795
21.7573	17.0795
21.7490	17.0795
21.7490	17.0711
21.7490	17.0628
21.7406	17.0628
21.7322	17.0628
21.7322	17.0544
21.7238	17.0544
21.7238	17.0460
21.7155	17.0460
21.7155	17.0377
21.7071	17.0377
21.7071	17.0293
21.6987	17.0293
21.6904	17.0293
21.6904	17.0209
21.6904	17.0126
21.6820	17.0126
21.6736	17.0126
21.6736	17.0042
21.6653	17.0042
21.6653	16.9958
21.6569	16.9958
21.6569	16.9874
21.6485	16.9874
21.6402	16.9874
21.6402	16.9791
21.6318	16.9791
21.6318	16.9707
21.6234	16.9707
21.6151	16.9707
21.6151	16.9623
21.6067	16.9623
21.5983	16.9623
21.5900	16.9623
21.5900	16.9540
21.5816	16.9540
21.5732	16.9456
21.5649	16.9456
21.5565	16.9456
21.5565	16.9372
21.5481	16.9372
21.5397	16.9372
21.5397	16.9289
21.5314	16.9289
21.5230	16.9289
21.5146	16.9205
21.5063	16.9205
21.4979	16.9121
21.4895	16.9121
21.4812	16.9121
21.4812	16.9038
21.4728	16.9038
21.4728	16.8954
21.4644	16.8954
21.4561	16.8954
21.4477	16.8870
21.4477	16.8787
21.4393	16.8787
21.4310	16.8787
21.4226	16.8787
21.4226	16.8703
21.4142	16.8703
21.4059	16.8703
21.4059	16.8619
21.3975	16.8619
21.3891	16.8619
21.3891	16.8536
21.3891	16.8452
21.3808	16.8452
21.3724	16.8452
21.3724	16.8368
21.3724	16.8285
21.3640	16.8285
21.3556	16.8285
21.3556	16.8201
21.3473	16.8201
21.3389	16.8201
21.3389	16.8117
21.3305	16.8117
21.3222	16.8117
21.3222	16.8033
21.3138	16.8033
21.3138	16.7950
21.3054	16.7950
21.3054	16.7866
21.2971	16.7866
21.2887	16.7782
21.2803	16.7782
21.2720	16.7782
21.2720	16.7699
21.2720	16.7615
21.2636	16.7615
21.2552	16.7615
21.2552	16.7531
21.2469	16.7531
21.2385	16.7531
21.2385	16.7448
21.2301	16.7448
21.2218	16.7448
21.2218	16.7364
21.2134	16.7364
21.2050	16.7280
21.1967	16.7280
21.1883	16.7280
21.1883	16.7197
21.1799	16.7197
21.1715	16.7197
21.1715	16.7113
21.1632	16.7113
21.1548	16.7113
21.1464	16.7113
21.1381	16.7113
21.1297	16.7113
21.1213	16.7113
21.1130	16.7113
21.1046	16.7113
21.0962	16.7113
21.0879	16.7113
21.0795	16.7113
21.0711	16.7113
21.0711	16.7029
21.0711	16.6946
21.0628	16.6946
21.0544	16.6946
21.0460	16.6946
21.0377	16.6946
21.0377	16.6862
21.0293	16.6862
21.0209	16.6862
21.0209	16.6778
21.0126	16.6778
21.0042	16.6778
21.0042	16.6695
20.9958	16.6695
20.9958	16.6611
20.9874	16.6611
20.9791	16.6611
20.9791	16.6527
20.9707	16.6527
20.9707	16.6444
20.9623	16.6444
20.9540	16.6444
20.9540	16.6360
20.9456	16.6360
20.9372	16.6360
20.9372	16.6276
20.9289	16.6276
20.9289	16.6192
20.9205	16.6192
20.9205	16.6109
20.9121	16.6109
20.9038	16.6109
20.9038	16.6025
20.9038	16.5941
20.8954	16.5941
20.8870	16.5941
20.8787	16.5941
20.8787	16.5858
20.8703	16.5858
20.8703	16.5774
20.8619	16.5774
20.8536	16.5774
20.8536	16.5690
20.8452	16.5690
20.8368	16.5690
20.8368	16.5607
20.8285	16.5523
20.8201	16.5523
20.8201	16.5439
20.8117	16.5439
20.8033	16.5439
20.7950	16.5439
20.7950	16.5356
20.7866	16.5356
20.7782	16.5356
20.7699	16.5356
20.7615	16.5356
20.7531	16.5356
20.7448	16.5356
20.7364	16.5356
20.7364	16.5439
20.7364	16.5523
20.7364	16.5607
20.7280	16.5607
20.7280	16.5690
20.7280	16.5774
20.7197	16.5774
20.7197	16.5858
20.7113	16.5858
20.7029	16.5858
20.6946	16.5858
20.6862	16.5858
20.6778	16.5858
20.6695	16.5858
20.6695	16.5774
20.6611	16.5774
20.6527	16.5774
20.6444	16.5774
20.6360	16.5774
20.6276	16.5774
20.6192	16.5774
20.6109	16.5774
20.6025	16.5774
20.5941	16.5774
20.5858	16.5774
20.5774	16.5774
20.5690	16.5774
20.5690	16.5858
20.5607	16.5858
20.5523	16.5858
20.5439	16.5858
20.5356	16.5858
20.5272	16.5858
20.5188	16.5858
20.5105	16.5858
20.5021	16.5858
20.5021	16.5774
20.4937	16.5774
20.4854	16.5774
20.4854	16.5690
20.4770	16.5690
20.4686	16.5690
20.4686	16.5607
20.4603	16.5607
20.4603	16.5523
20.4519	16.5523
20.4519	16.5439
20.4435	16.5439
20.4351	16.5439
20.4351	16.5356
20.4268	16.5272
20.4184	16.5272
20.4100	16.5188
20.4100	16.5105
20.4017	16.5105
20.3933	16.5105
20.3849	16.5105
20.3849	16.5021
20.3766	16.5021
20.3682	16.4937
20.3598	16.4937
20.3515	16.4937
20.3515	16.4854
20.3431	16.4854
20.3347	16.4854
20.3264	16.4854
20.3264	16.4770
20.3180	16.4770
20.3096	16.4770
20.3013	16.4770
20.3013	16.4686
20.2929	16.4686
20.2845	16.4686
20.2845	16.4603
20.2762	16.4603
20.2678	16.4603
20.2678	16.4519
20.2594	16.4519
20.2594	16.4435
20.2510	16.4435
20.2510	16.4351
20.2510	16.4268
20.2510	16.4184
20.2510	16.4100
20.2427	16.4100
20.2427	16.4017
20.2427	16.3933
20.2343	16.3933
20.2343	16.3849
20.2343	16.3766
20.2343	16.3682
20.2343	16.3598
20.2259	16.3598
20.2259	16.3515
20.2259	16.3431
20.2176	16.3431
20.2176	16.3347
20.2176	16.3264
20.2092	16.3264
20.2008	16.3264
20.2008	16.3180
20.2008	16.3096
20.2008	16.3013
20.1925	16.3013
20.1925	16.2929
20.1841	16.2929
20.1841	16.2845
20.1841	16.2762
20.1757	16.2762
20.1757	16.2678
20.1674	16.2678
20.1674	16.2594
20.1674	16.2510
20.1590	16.2510
20.1590	16.2427
20.1506	16.2427
20.1506	16.2343
20.1506	16.2259
20.1423	16.2259
20.1423	16.2176
20.1339	16.2176
20.1339	16.2092
20.1339	16.2008
20.1339	16.1925
20.1255	16.1925
20.1255	16.1841
20.1255	16.1757
20.1172	16.1757
20.1172	16.1674
20.1172	16.1590
20.1172	16.1506
20.1172	16.1423
20.1088	16.1339
20.1088	16.1255
20.1004	16.1255
20.1004	16.1172
20.1004	16.1088
20.1004	16.1004
20.1004	16.0921
20.1004	16.0837
20.0921	16.0753
20.0921	16.0669
20.0921	16.0586
20.0837	16.0586
20.0837	16.0502
20.0837	16.0418
20.0837	16.0335
20.0837	16.0251
20.0753	16.0251
20.0753	16.0167
20.0753	16.0084
20.0753	16.0000
20.0669	16.0000
20.0669	15.9916
20.0669	15.9833
20.0669	15.9749
20.0669	15.9665
20.0669	15.9582
20.0586	15.9582
20.0586	15.9498
20.0586	15.9414
20.0502	15.9414
20.0502	15.9331
20.0502	15.9247
20.0502	15.9163
20.0502	15.9079
20.0502	15.8996
20.0502	15.8912
20.0502	15.8828
20.0502	15.8745
20.0502	15.8661
20.0502	15.8577
20.0502	15.8494
20.0502	15.8410
20.0502	15.8326
20.0502	15.8243
20.0502	15.8159
20.0502	15.8075
20.0502	15.7992
20.0502	15.7908
20.0586	15.7908
20.0586	15.7824
20.0586	15.7741
20.0586	15.7657
20.0586	15.7573
20.0586	15.7490
20.0586	15.7406
20.0586	15.7322
20.0586	15.7238
20.0586	15.7155
20.0586	15.7071
20.0586	15.6987
20.0586	15.6904
20.0586	15.6820
20.0586	15.6736
20.0586	15.6653
20.0586	15.6569
20.0502	15.6485
20.0502	15.6402
20.0502	15.6318
20.0502	15.6234
20.0502	15.6151
20.0502	15.6067
20.0502	15.5983
20.0502	15.5900
20.0418	15.5900
20.0418	15.5816
20.0418	15.5732
20.0418	15.5649
20.0418	15.5565
20.0335	15.5565
20.0335	15.5481
20.0335	15.5397
20.0251	15.5397
20.0251	15.5314
20.0167	15.5314
20.0167	15.5230
20.0084	15.5230
20.0000	15.5230
20.0000	15.5146
19.9916	15.5146
19.9833	15.5146
19.9833	15.5063
19.9749	15.5063
19.9749	15.4979
19.9665	15.4979
19.9582	15.4979
19.9582	15.4895
19.9498	15.4895
19.9414	15.4895
19.9331	15.4895
19.9331	15.4812
19.9247	15.4812
19.9163	15.4812
19.9163	15.4728
19.9079	15.4728
19.8996	15.4728
19.8996	15.4644
19.8996	15.4561
19.8912	15.4561
19.8912	15.4477
19.8912	15.4393
19.8828	15.4393
19.8828	15.4310
19.8828	15.4226
19.8828	15.4142
19.8828	15.4059
19.8745	15.4059
19.8745	15.3975
19.8661	15.3975
19.8661	15.3891
19.8661	15.3808
19.8661	15.3724
19.8661	15.3640
19.8661	15.3556
19.8661	15.3473
19.8661	15.3389
19.8661	15.3305
19.8661	15.3222
19.8661	15.3138
19.8577	15.3054
19.8577	15.2971
19.8577	15.2887
19.8494	15.2887
19.8494	15.2803
19.8494	15.2720
19.8494	15.2636
19.8494	15.2552
19.8410	15.2552
19.8410	15.2469
19.8410	15.2385
19.8326	15.2385
19.8326	15.2301
19.8326	15.2218
19.8326	15.2134
19.8326	15.2050
19.8243	15.2050
19.8243	15.1967
19.8243	15.1883
19.8159	15.1883
19.8159	15.1799
19.8159	15.1715
19.8159	15.1632
19.8075	15.1548
19.8075	15.1464
19.7992	15.1464
19.7992	15.1381
19.7992	15.1297
19.7992	15.1213
19.7908	15.1213
19.7908	15.1130
19.7908	15.1046
19.7908	15.0962
19.7824	15.0962
19.7824	15.0879
19.7824	15.0795
19.7824	15.0711
19.7824	15.0628
19.7824	15.0544
19.7741	15.0544
19.7741	15.0460
19.7741	15.0377
19.7657	15.0377
19.7657	15.0293
19.7573	15.0293
19.7573	15.0209
19.7490	15.0209
19.7490	15.0126
19.7490	15.0042
19.7406	15.0042
19.7322	15.0042
19.7322	14.9958
19.7322	14.9874
19.7238	14.9874
19.7155	14.9791
19.7155	14.9707
19.7071	14.9707
19.7071	14.9623
19.7071	14.9540
19.6987	14.9540
19.6987	14.9456
19.6987	14.9372
19.6904	14.9372
19.6904	14.9289
19.6904	14.9205
19.6820	14.9205
19.6820	14.9121
19.6820	14.9038
19.6820	14.8954
19.6820	14.8870
19.6736	14.8870
19.6736	14.8787
19.6736	14.8703
19.6736	14.8619
19.6653	14.8619
19.6653	14.8536
19.6653	14.8452
19.6653	14.8368
19.6653	14.8285
19.6653	14.8201
19.6569	14.8201
19.6569	14.8117
19.6569	14.8033
19.6485	14.8033
19.6485	14.7950
19.6485	14.7866
19.6485	14.7782
19.6485	14.7699
19.6485	14.7615
19.6485	14.7531
19.6485	14.7448
19.6485	14.7364
19.6485	14.7280
19.6485	14.7197
19.6569	14.7197
19.6569	14.7113
19.6653	14.7113
19.6653	14.7029
19.6736	14.7029
19.6820	14.7029
19.6904	14.7029
19.6987	14.6946
19.6987	14.6862
19.7071	14.6862
19.7155	14.6862
19.7238	14.6862
19.7322	14.6862
19.7322	14.6778
19.7406	14.6778
19.7490	14.6778
19.7573	14.6778
19.7657	14.6778
19.7657	14.6695
19.7657	14.6611
19.7741	14.6611
19.7741	14.6527
19.7741	14.6444
19.7824	14.6444
19.7824	14.6360
19.7824	14.6276
19.7824	14.6192
19.7908	14.6192
19.7908	14.6109
19.7908	14.6025
19.7908	14.5941
19.7992	14.5941
19.7992	14.5858
19.7992	14.5774
19.7992	14.5690
19.7992	14.5607
19.7992	14.5523
19.8075	14.5523
19.8075	14.5439
19.8075	14.5356
19.8159	14.5356
19.8159	14.5272
19.8159	14.5188
19.8159	14.5105
19.8159	14.5021
19.8159	14.4937
19.8159	14.4854
19.8243	14.4854
19.8243	14.4770
19.8243	14.4686
19.8326	14.4686
19.8326	14.4603
19.8326	14.4519
19.8326	14.4435
19.8326	14.4351
19.8326	14.4268
19.8326	14.4184
19.8410	14.4184
19.8410	14.4100
19.8494	14.4100
19.8577	14.4017
19.8661	14.4017
19.8745	14.4017
19.8828	14.4017
19.8912	14.4017
19.8996	14.4017
19.8996	14.3933
19.9079	14.3933
19.9163	14.3933
19.9163	14.3849
19.9247	14.3849
19.9247	14.3766
19.9247	14.3682
19.9331	14.3682
19.9331	14.3598
19.9331	14.3515
19.9414	14.3515
19.9498	14.3431
19.9498	14.3347
19.9582	14.3347
19.9582	14.3180
19.9665	14.3180
19.9665	14.3096
19.9749	14.3096
19.9749	14.3013
19.9833	14.3013
19.9833	14.2929
19.9916	14.2845
19.9916	14.2762
20.0000	14.2762
20.0000	14.2678
20.0000	14.2594
20.0084	14.2510
20.0167	14.2343
20.0167	14.2259
20.0251	14.2176
20.0251	14.2092
20.0335	14.2092
20.0335	14.2008
20.0418	14.1925
20.0418	14.1841
20.0502	14.1841
20.0502	14.1757
20.0502	14.1674
20.0418	14.1674
20.0335	14.1674
20.0335	14.1590
20.0251	14.1590
20.0167	14.1506
20.0167	14.1423
20.0084	14.1423
20.0084	14.1339
20.0000	14.1255
20.0000	14.1172
20.0000	14.1088
19.9916	14.1088
19.9916	14.1004
19.9833	14.1004
19.9833	14.0921
19.9833	14.0837
19.9833	14.0753
19.9833	14.0669
19.9749	14.0669
19.9749	14.0586
19.9749	14.0502
19.9665	14.0418
19.9665	14.0335
19.9665	14.0251
19.9665	14.0167
19.9665	14.0084
19.9665	14.0000
19.9665	13.9916
19.9665	13.9833
19.9665	13.9749
19.9665	13.9665
19.9665	13.9582
19.9665	13.9498
19.9665	13.9414
19.9665	13.9331
19.9665	13.9247
19.9665	13.9163
19.9665	13.9079
19.9665	13.8996
19.9665	13.8912
19.9665	13.8828
19.9665	13.8745
19.9665	13.8661
19.9665	13.8577
19.9665	13.8494
19.9665	13.8410
19.9665	13.8326
19.9749	13.8326
19.9749	13.8243
19.9749	13.8159
19.9749	13.8075
19.9749	13.7992
19.9749	13.7908
19.9749	13.7824
19.9749	13.7741
19.9833	13.7741
19.9833	13.7657
19.9833	13.7573
19.9833	13.7490
19.9833	13.7406
19.9833	13.7322
19.9833	13.7238
19.9833	13.7155
19.9833	13.7071
19.9833	13.6987
19.9916	13.6987
20.0000	13.6987
20.0000	13.6904
20.0000	13.6820
20.0084	13.6820
20.0167	13.6736
20.0251	13.6736
20.0251	13.6653
20.0335	13.6653
20.0418	13.6653
20.0502	13.6653
20.0502	13.6569
20.0586	13.6569
20.0669	13.6569
20.0669	13.6485
20.0753	13.6485
20.0753	13.6402
20.0837	13.6402
20.0837	13.6318
20.0837	13.6234
20.0837	13.6151
20.0921	13.6151
20.0921	13.6067
20.0921	13.5983
20.1004	13.5983
20.1004	13.5900
20.1004	13.5816
20.1088	13.5816
20.1088	13.5732
20.1088	13.5649
20.1172	13.5649
20.1172	13.5565
20.1172	13.5481
20.1255	13.5397
20.1255	13.5314
20.1339	13.5230
20.1339	13.5146
20.1339	13.5063
20.1339	13.4979
20.1423	13.4895
20.1423	13.4812
20.1506	13.4812
20.1506	13.4728
20.1506	13.4644
20.1506	13.4561
20.1590	13.4561
20.1590	13.4477
20.1674	13.4477
20.1757	13.4477
20.1757	13.4393
20.1757	13.4310
20.1841	13.4310
20.1925	13.4310
20.1925	13.4226
20.1925	13.4142
20.2008	13.4142
20.2008	13.4059
20.2008	13.3975
20.2008	13.3891
20.2092	13.3891
20.2092	13.3808
20.2176	13.3808
20.2176	13.3724
20.2176	13.3640
20.2176	13.3556
20.2176	13.3473
20.2176	13.3389
20.2176	13.3305
20.2259	13.3305
20.2259	13.3222
20.2259	13.3138
20.2259	13.3054
20.2259	13.2971
20.2343	13.2971
20.2343	13.2887
20.2343	13.2803
20.2343	13.2720
20.2343	13.2636
20.2427	13.2636
20.2427	13.2469
20.2427	13.2385
20.2427	13.2301
20.2510	13.2301
20.2510	13.2218
20.2510	13.2134
20.2510	13.2050
20.2510	13.1967
20.2510	13.1883
20.2594	13.1883
20.2594	13.1799
20.2678	13.1799
20.2678	13.1715
20.2678	13.1632
20.2678	13.1548
20.2678	13.1464
20.2762	13.1464
20.2762	13.1381
20.2762	13.1297
20.2845	13.1297
20.2845	13.1130
20.2929	13.1130
20.2929	13.1046
20.2929	13.0962
20.3013	13.0879
20.3013	13.0795
20.3013	13.0711
20.3096	13.0711
20.3096	13.0628
20.3180	13.0628
20.3180	13.0544
20.3180	13.0460
20.3264	13.0460
20.3347	13.0460
20.3431	13.0460
20.3515	13.0460
20.3598	13.0460
20.3682	13.0460
20.3766	13.0460
20.3849	13.0460
20.3849	13.0544
20.3933	13.0544
20.4017	13.0544
20.4100	13.0544
20.4184	13.0544
20.4184	13.0628
20.4268	13.0628
20.4351	13.0628
20.4435	13.0628
20.4519	13.0628
20.4603	13.0628
20.4686	13.0628
20.4686	13.0544
20.4770	13.0544
20.4770	13.0460
20.4854	13.0460
20.4937	13.0460
20.4937	13.0377
20.4937	13.0293
20.5021	13.0293
20.5021	13.0209
20.5105	13.0209
20.5188	13.0209
20.5188	13.0126
20.5188	13.0042
20.5272	13.0042
20.5272	12.9958
20.5356	12.9958
20.5439	12.9874
20.5439	12.9791
20.5523	12.9791
20.5523	12.9707
20.5607	12.9707
20.5607	12.9623
20.5690	12.9623
20.5690	12.9540
20.5774	12.9456
20.5858	12.9456
20.5858	12.9372
20.5858	12.9289
20.5941	12.9289
20.6025	12.9289
20.6025	12.9205
20.6025	12.9121
20.6109	12.9121
20.6109	12.9038
20.6192	12.9038
20.6192	12.8954
20.6276	12.8954
20.6276	12.8870
20.6360	12.8870
20.6360	12.8787
20.6444	12.8787
20.6444	12.8703
20.6527	12.8703
20.6527	12.8619
20.6611	12.8619
20.6611	12.8536
20.6695	12.8536
20.6695	12.8452
20.6778	12.8452
20.6778	12.8368
20.6862	12.8285
20.6862	12.8201
20.6946	12.8201
20.7029	12.8201
20.7029	12.8117
20.7113	12.8117
20.7113	12.8033
20.7113	12.7950
20.7197	12.7950
20.7280	12.7950
20.7280	12.7866
20.7364	12.7782
20.7364	12.7699
20.7448	12.7699
20.7448	12.7615
20.7531	12.7615
20.7531	12.7531
20.7531	12.7448
20.7615	12.7448
20.7699	12.7364
20.7699	12.7280
20.7782	12.7280
20.7782	12.7197
20.7866	12.7197
20.7866	12.7113
20.7950	12.7113
20.7950	12.7029
20.8033	12.7029
20.8033	12.6946
20.8117	12.6946
20.8117	12.6862
20.8201	12.6862
20.8201	12.6778
20.8285	12.6695
20.8285	12.6611
20.8368	12.6611
20.8452	12.6527
20.8452	12.6444
20.8536	12.6444
20.8536	12.6360
20.8619	12.6360
20.8619	12.6276
20.8703	12.6276
20.8703	12.6192
20.8703	12.6109
20.8787	12.6025
20.8870	12.6025
20.8870	12.5941
20.8870	12.5858
20.8870	12.5774
20.8954	12.5774
20.8954	12.5690
20.9038	12.5690
20.9038	12.5607
20.9121	12.5607
20.9121	12.5523
20.9205	12.5523
20.9289	12.5523
20.9372	12.5523
20.9456	12.5523
20.9456	12.5439
20.9540	12.5439
20.9623	12.5439
20.9707	12.5439
20.9791	12.5439
20.9874	12.5439
20.9874	12.5356
20.9958	12.5356
21.0042	12.5356
21.0126	12.5356
21.0209	12.5356
21.0293	12.5356
21.0293	12.5272
21.0377	12.5272
21.0460	12.5272
21.0544	12.5272
21.0628	12.5272
21.0711	12.5272
21.0795	12.5272
21.0795	12.5188
21.0879	12.5188
21.0962	12.5188
21.0962	12.5105
21.1046	12.5105
21.1130	12.5105
21.1213	12.5105
21.1213	12.5021
21.1297	12.5021
21.1297	12.4937
21.1381	12.4937
21.1464	12.4937
21.1548	12.4937
21.1632	12.4937
21.1715	12.4937
21.1799	12.4937
21.1883	12.4937
21.1967	12.4937
21.2050	12.4937
21.2134	12.4937
21.2218	12.4937
21.2301	12.4937
21.2385	12.4937
21.2469	12.4937
21.2552	12.4937
21.2636	12.4937
21.2720	12.4937
21.2803	12.4937
21.2887	12.4937
21.2971	12.4937
21.3054	12.4937
21.3138	12.4937
21.3222	12.4937
21.3305	12.4937
21.3389	12.4937
21.3389	12.4854
21.3473	12.4854
21.3556	12.4854
21.3556	12.4770
21.3640	12.4770
21.3724	12.4770
21.3808	12.4770
21.3891	12.4686
21.3975	12.4686
21.4059	12.4603
21.4142	12.4603
21.4226	12.4603
21.4226	12.4519
21.4226	12.4435
21.4393	12.4435
21.4477	12.4351
21.4477	12.4268
21.4561	12.4268
21.4644	12.4268
21.4728	12.4268
21.4728	12.4184
21.4812	12.4184
21.4895	12.4184
21.4979	12.4184
21.5063	12.4184
21.5146	12.4184
21.5230	12.4184
21.5314	12.4184
21.5314	12.4268
21.5397	12.4268
21.5481	12.4268
21.5565	12.4268
21.5565	12.4351
21.5649	12.4435
21.5732	12.4435
21.5816	12.4435
21.5900	12.4435
21.5983	12.4435
21.5983	12.4519
21.6067	12.4519
21.6067	12.4603
21.6151	12.4603
21.6234	12.4603
21.6318	12.4603
21.6402	12.4603
21.6485	12.4603
21.6569	12.4686
21.6653	12.4686
21.6736	12.4686
21.6736	12.4770
21.6820	12.4770
21.6904	12.4770
21.6987	12.4770
21.7071	12.4770
21.7155	12.4770
21.7238	12.4770
21.7322	12.4770
21.7406	12.4770
21.7490	12.4770
21.7573	12.4770
21.7657	12.4770
21.7741	12.4770
21.7824	12.4770
21.7908	12.4770
21.7992	12.4770
21.8075	12.4770
21.8159	12.4770
21.8243	12.4770
21.8326	12.4770
21.8410	12.4770
21.8494	12.4770
21.8577	12.4770
21.8661	12.4770
21.8745	12.4770
21.8828	12.4770
21.8912	12.4770
21.8996	12.4770
21.8996	12.4854
21.9079	12.4854
21.9079	12.4937
21.9163	12.4937
21.9163	12.5021
21.9247	12.5021
21.9247	12.5105
21.9331	12.5105
21.9414	12.5105
21.9414	12.5188
21.9414	12.5272
21.9498	12.5272
21.9582	12.5272
21.9665	12.5272
21.9665	12.5356
21.9749	12.5356
21.9833	12.5356
21.9833	12.5439
21.9916	12.5439
22.0000	12.5439
22.0084	12.5439
22.0167	12.5439
22.0251	12.5439
22.0335	12.5439
22.0418	12.5439
22.0418	12.5523
22.0418	12.5607
22.0418	12.5690
22.0418	12.5774
22.0335	12.5774
22.0335	12.5858
22.0335	12.5941
22.0251	12.5941
22.0251	12.6025
22.0251	12.6109
22.0251	12.6192
22.0251	12.6276
22.0251	12.6360
22.0251	12.6444
22.0251	12.6527
22.0251	12.6611
22.0251	12.6695
22.0251	12.6778
22.0251	12.6862
22.0251	12.6946
22.0335	12.6946
22.0335	12.7029
22.0418	12.7113
22.0418	12.7197
22.0418	12.7280
22.0418	12.7364
22.0418	12.7448
22.0418	12.7531
22.0418	12.7615
22.0418	12.7699
22.0418	12.7782
22.0418	12.7866
22.0418	12.7950
22.0418	12.8033
22.0418	12.8117
22.0418	12.8201
22.0418	12.8285
22.0418	12.8368
22.0418	12.8452
22.0418	12.8536
22.0418	12.8619
22.0418	12.8703
22.0418	12.8787
22.0418	12.8870
22.0418	12.8954
22.0418	12.9038
22.0418	12.9121
22.0418	12.9205
22.0418	12.9289
22.0418	12.9372
22.0418	12.9456
22.0418	12.9540
22.0418	12.9623
22.0418	12.9707
22.0418	12.9791
22.0418	12.9874
22.0418	12.9958
22.0418	13.0042
22.0418	13.0126
22.0418	13.0209
22.0418	13.0293
22.0502	13.0293
22.0502	13.0377
22.0502	13.0460
22.0586	13.0460
22.0586	13.0544
22.0586	13.0628
22.0669	13.0628
22.0753	13.0628
22.0753	13.0711
22.0837	13.0711
22.0837	13.0795
22.0921	13.0795
22.0921	13.0879
22.1004	13.0879
22.1088	13.0879
22.1172	13.0879
22.1172	13.0962
22.1255	13.0962
22.1339	13.0962
22.1423	13.0962
22.1506	13.0962
22.1590	13.0962
22.1674	13.0962
22.1757	13.0962
22.1757	13.0879
22.1757	13.0795
22.1841	13.0711
22.1841	13.0628
22.1925	13.0628
22.1925	13.0544
22.1925	13.0460
22.1925	13.0377
22.1925	13.0293
22.2008	13.0293
22.2008	13.0209
22.2008	13.0126
22.2092	13.0126
22.2092	13.0042
22.2092	12.9958
22.2092	12.9874
22.2092	12.9791
22.2092	12.9707
22.2092	12.9623
22.2092	12.9540
22.2092	12.9456
22.2092	12.9372
22.2092	12.9289
22.2092	12.9205
22.2092	12.9121
22.2092	12.9038
22.2092	12.8954
22.2092	12.8870
22.2092	12.8787
22.2092	12.8703
22.2008	12.8703
22.2008	12.8619
22.2008	12.8536
22.2008	12.8452
22.1925	12.8452
22.1925	12.8368
22.1925	12.8285
22.1925	12.8201
22.1925	12.8117
22.1925	12.8033
22.1925	12.7950
22.1925	12.7866
22.1925	12.7782
22.1925	12.7699
22.1925	12.7615
22.1925	12.7531
22.1925	12.7448
22.1925	12.7364
22.1925	12.7280
22.1925	12.7197
22.1925	12.7113
22.1925	12.7029
22.1925	12.6946
22.1925	12.6862
22.1925	12.6778
22.2008	12.6778
22.2008	12.6695
22.2008	12.6611
22.2092	12.6611
22.2092	12.6527
22.2092	12.6444
22.2176	12.6444
22.2259	12.6444
22.2259	12.6360
22.2259	12.6276
22.2343	12.6276
22.2427	12.6276
22.2427	12.6192
22.2427	12.6109
22.2510	12.6109
22.2594	12.6109
22.2594	12.6025
22.2594	12.5941
22.2678	12.5941
22.2762	12.5941
22.2762	12.5858
22.2762	12.5774
22.2845	12.5774
22.2929	12.5774
22.2929	12.5690
22.3013	12.5690
22.3013	12.5607
22.3096	12.5607
22.3180	12.5607
22.3180	12.5523
22.3264	12.5523
22.3264	12.5439
22.3347	12.5439
22.3431	12.5439
22.3431	12.5356
22.3515	12.5356
22.3515	12.5272
22.3598	12.5272
22.3682	12.5272
22.3682	12.5188
22.3766	12.5188
22.3766	12.5105
22.3849	12.5105
22.3933	12.5105
22.3933	12.5021
22.3933	12.4937
22.4017	12.4937
22.4100	12.4937
22.4184	12.4937
22.4184	12.4854
22.4268	12.4854
22.4268	12.4770
22.4351	12.4770
22.4351	12.4686
22.4435	12.4686
22.4435	12.4603
22.4519	12.4603
22.4519	12.4519
22.4603	12.4519
22.4603	12.4435
22.4603	12.4351
22.4686	12.4351
22.4686	12.4268
22.4770	12.4268
22.4770	12.4184
22.4770	12.4100
22.4854	12.4100
22.4854	12.4017
22.4937	12.4017
22.4937	12.3933
22.5021	12.3933
22.5105	12.3933
22.5188	12.3933
22.5272	12.3849
22.5272	12.3766
22.5356	12.3766
22.5439	12.3766
22.5523	12.3766
22.5607	12.3766
22.5607	12.3682
22.5690	12.3682
22.5774	12.3682
22.5774	12.3598
22.5858	12.3598
22.5941	12.3598
22.6025	12.3598
22.6109	12.3598
22.6192	12.3598
22.6276	12.3598
22.6360	12.3598
22.6444	12.3598
22.6527	12.3598
22.6611	12.3598
22.6695	12.3598
22.6778	12.3598
22.6862	12.3598
22.6946	12.3598
22.7029	12.3598
22.7113	12.3598
22.7197	12.3598
22.7280	12.3598
22.7280	12.3682
22.7364	12.3682
22.7448	12.3682
22.7531	12.3682
22.7615	12.3682
22.7699	12.3682
22.7782	12.3682
22.7866	12.3682
22.7950	12.3682
22.8033	12.3682
22.8117	12.3682
22.8201	12.3682
22.8285	12.3682
22.8368	12.3682
22.8452	12.3682
22.8536	12.3682
22.8619	12.3682
22.8703	12.3682
22.8787	12.3682
22.8870	12.3682
22.8954	12.3682
22.9038	12.3682
22.9121	12.3682
22.9205	12.3682
22.9205	12.3598
22.9289	12.3598
22.9372	12.3598
22.9456	12.3598
22.9540	12.3598
22.9623	12.3598
22.9707	12.3598
22.9791	12.3598
22.9874	12.3598
22.9874	12.3515
22.9958	12.3515
23.0042	12.3515
23.0126	12.3515
23.0209	12.3515
23.0293	12.3515
23.0377	12.3515
23.0460	12.3515
23.0544	12.3515
23.0628	12.3515
23.0711	12.3515
23.0795	12.3431
23.0879	12.3431
23.0962	12.3431
23.1046	12.3431
23.1130	12.3431
23.1213	12.3431
23.1297	12.3431
23.1381	12.3431
23.1464	12.3431
23.1548	12.3431
23.1632	12.3431
23.1715	12.3431
23.1799	12.3431
23.1883	12.3431
23.1967	12.3431
23.2050	12.3431
23.2134	12.3431
23.2218	12.3431
23.2301	12.3431
23.2385	12.3431
23.2385	12.3347
23.2469	12.3347
23.2552	12.3347
23.2636	12.3347
23.2720	12.3347
23.2803	12.3347
23.2887	12.3347
23.2971	12.3347
23.3054	12.3347
23.3138	12.3347
23.3222	12.3347
23.3305	12.3347
23.3389	12.3347
23.3473	12.3347
23.3556	12.3347
23.3640	12.3347
23.3724	12.3347
23.3808	12.3347
23.3891	12.3347
23.3975	12.3347
23.4059	12.3347
23.4142	12.3347
23.4226	12.3347
23.4310	12.3347
23.4393	12.3347
23.4477	12.3347
23.4561	12.3347
23.4561	12.3431
23.4644	12.3431
23.4728	12.3431
23.4728	12.3515
23.4812	12.3515
23.4895	12.3515
23.4895	12.3598
23.4979	12.3598
23.5063	12.3598
23.5146	12.3598
23.5146	12.3682
23.5230	12.3682
23.5314	12.3682
23.5397	12.3682
23.5397	12.3766
23.5481	12.3766
23.5565	12.3766
23.5649	12.3766
23.5732	12.3849
23.5816	12.3849
23.5900	12.3849
23.5983	12.3849
23.6067	12.3849
23.6151	12.3849
23.6151	12.3933
23.6234	12.3933
23.6318	12.3933
23.6402	12.3933
23.6485	12.3933
23.6569	12.3933
23.6653	12.3933
23.6736	12.3933
23.6820	12.3933
23.6904	12.3933
23.6987	12.3933
23.7071	12.3933
23.7155	12.3933
23.7155	12.4017
23.7238	12.4017
23.7322	12.4017
23.7406	12.4017
23.7406	12.4100
23.7490	12.4100
23.7573	12.4100
23.7657	12.4100
23.7741	12.4100
23.7741	12.4184
23.7824	12.4184
23.7908	12.4184
23.7992	12.4184
23.7992	12.4268
23.8075	12.4268
23.8159	12.4268
23.8243	12.4268
23.8326	12.4268
23.8410	12.4268
23.8494	12.4268
23.8494	12.4351
23.8577	12.4351
23.8661	12.4351
23.8745	12.4351
23.8828	12.4351
23.8828	12.4435
23.8912	12.4435
23.8996	12.4435
23.9079	12.4435
23.9163	12.4435
23.9247	12.4435
23.9331	12.4519
23.9331	12.4603
23.9414	12.4603
23.9498	12.4603
23.9582	12.4603
23.9665	12.4603
23.9749	12.4603
23.9833	12.4603
23.9833	12.4686
23.9916	12.4686
23.9916	12.4770
24.0000	12.4770
24.0084	12.4770
24.0167	12.4770
24.0251	12.4770
24.0251	12.4854
24.0335	12.4854
24.0418	12.4854
24.0502	12.4854
24.0502	12.4937
24.0586	12.4937
24.0669	12.4937
24.0669	12.5021
24.0753	12.5021
24.0753	12.5105
24.0837	12.5105
24.0837	12.5188
24.0921	12.5188
24.0921	12.5272
24.1004	12.5272
24.1088	12.5272
24.1088	12.5356
24.1172	12.5356
24.1172	12.5439
24.1172	12.5523
24.1172	12.5607
24.1255	12.5607
24.1255	12.5690
24.1255	12.5774
24.1255	12.5858
24.1255	12.5941
24.1255	12.6025
24.1172	12.6025
24.1172	12.6109
24.1172	12.6192
24.1088	12.6192
24.1004	12.6192
24.1004	12.6276
24.0921	12.6276
24.0921	12.6360
24.0837	12.6360
24.0837	12.6444
24.0753	12.6444
24.0669	12.6444
24.0669	12.6527
24.0586	12.6527
24.0586	12.6611
24.0502	12.6611
24.0502	12.6695
24.0502	12.6778
24.0418	12.6778
24.0335	12.6778
24.0335	12.6862
24.0335	12.6946
24.0251	12.6946
24.0251	12.7029
24.0251	12.7113
24.0167	12.7113
24.0167	12.7197
24.0084	12.7197
24.0084	12.7280
24.0084	12.7364
24.0084	12.7448
24.0000	12.7448
24.0000	12.7531
24.0000	12.7615
24.0000	12.7699
24.0000	12.7782
24.0000	12.7866
24.0000	12.7950
24.0000	12.8033
24.0000	12.8117
24.0084	12.8117
24.0084	12.8201
24.0084	12.8285
24.0084	12.8368
24.0084	12.8452
24.0084	12.8536
24.0167	12.8536
24.0167	12.8619
24.0167	12.8703
24.0167	12.8787
24.0167	12.8870
24.0251	12.8870
24.0251	12.8954
24.0335	12.8954
24.0335	12.9038
24.0335	12.9121
24.0335	12.9205
24.0418	12.9205
24.0418	12.9289
24.0502	12.9289
24.0586	12.9289
24.0669	12.9372
24.0669	12.9456
24.0753	12.9456
24.0837	12.9456
24.0921	12.9456
24.1004	12.9456
24.1088	12.9456
24.1172	12.9456
24.1172	12.9372
24.1255	12.9372
24.1339	12.9289
24.1423	12.9289
24.1423	12.9205
24.1506	12.9205
24.1506	12.9121
24.1590	12.9121
24.1674	12.9121
24.1674	12.9038
24.1674	12.8954
24.1757	12.8954
24.1757	12.8870
24.1841	12.8870
24.1841	12.8787
24.1841	12.8703
24.1925	12.8703
24.1925	12.8619
24.2008	12.8619
24.2008	12.8536
24.2008	12.8452
24.2008	12.8368
24.2092	12.8368
24.2092	12.8285
24.2092	12.8201
24.2176	12.8201
24.2176	12.8117
24.2176	12.8033
24.2176	12.7950
24.2176	12.7866
24.2176	12.7782
24.2176	12.7699
24.2176	12.7615
24.2259	12.7615
24.2259	12.7531
24.2259	12.7448
24.2259	12.7364
24.2259	12.7280
24.2259	12.7197
24.2343	12.7197
24.2343	12.7113
24.2343	12.7029
24.2343	12.6946
24.2343	12.6862
24.2343	12.6778
24.2343	12.6695
24.2343	12.6611
24.2427	12.6611
24.2427	12.6527
24.2427	12.6444
24.2510	12.6444
24.2510	12.6360
24.2510	12.6276
24.2594	12.6276
24.2594	12.6192
24.2594	12.6109
24.2678	12.6109
24.2678	12.6025
24.2762	12.6025
24.2762	12.5941
24.2845	12.5941
24.2845	12.5858
24.2929	12.5858
24.2929	12.5774
24.3013	12.5774
24.3013	12.5690
24.3013	12.5607
24.3096	12.5607
24.3180	12.5607
24.3264	12.5607
24.3347	12.5607
24.3347	12.5523
24.3431	12.5523
24.3515	12.5523
24.3598	12.5523
24.3682	12.5523
24.3766	12.5523
24.3849	12.5523
24.3933	12.5523
24.4017	12.5523
24.4100	12.5523
24.4184	12.5523
24.4268	12.5523
24.4351	12.5523
24.4435	12.5607
24.4519	12.5607
24.4603	12.5607
24.4686	12.5607
24.4770	12.5690
24.4854	12.5690
24.4854	12.5774
24.4937	12.5774
24.5021	12.5774
24.5105	12.5774
24.5188	12.5774
24.5188	12.5858
24.5272	12.5858
24.5356	12.5858
24.5439	12.5941
24.5523	12.5941
24.5607	12.5941
24.5690	12.5941
24.5774	12.5941
24.5774	12.6025
24.5858	12.6025
24.5941	12.6025
24.5941	12.6109
24.6025	12.6109
24.6109	12.6109
24.6192	12.6109
24.6192	12.6192
24.6276	12.6192
24.6276	12.6276
24.6360	12.6276
24.6444	12.6276
24.6527	12.6276
24.6527	12.6360
24.6611	12.6360
24.6611	12.6444
24.6695	12.6444
24.6778	12.6444
24.6862	12.6527
24.6946	12.6527
24.6946	12.6611
24.7029	12.6611
24.7113	12.6611
24.7113	12.6695
24.7197	12.6695
24.7197	12.6778
24.7280	12.6778
24.7364	12.6778
24.7364	12.6862
24.7364	12.6946
24.7448	12.6946
24.7531	12.6946
24.7615	12.6946
24.7699	12.6946
24.7699	12.7029
24.7782	12.7029
24.7866	12.7029
24.7950	12.7029
24.8033	12.7029
24.8117	12.7029
24.8201	12.7029
24.8285	12.7029
24.8368	12.6946
24.8452	12.6946
24.8536	12.6946
24.8619	12.6946
24.8619	12.6862
24.8703	12.6862
24.8703	12.6778
24.8787	12.6778
24.8870	12.6778
24.8954	12.6778
24.8954	12.6695
24.9038	12.6695
24.9038	12.6611
24.9121	12.6611
24.9205	12.6611
24.9205	12.6527
24.9289	12.6527
24.9372	12.6527
24.9372	12.6444
24.9456	12.6444
24.9540	12.6444
24.9623	12.6444
24.9707	12.6444
24.9791	12.6444
24.9791	12.6527
24.9874	12.6527
24.9874	12.6611
24.9874	12.6695
24.9958	12.6778
25.0042	12.6778
25.0042	12.6862
25.0042	12.6946
25.0126	12.6946
25.0126	12.7029
25.0126	12.7113
25.0209	12.7113
25.0209	12.7197
25.0209	12.7280
25.0209	12.7364
25.0209	12.7448
25.0293	12.7448
25.0377	12.7448
25.0377	12.7531
25.0377	12.7615
25.0377	12.7699
25.0377	12.7782
25.0377	12.7866
25.0377	12.7950
25.0460	12.7950
25.0460	12.8033
25.0460	12.8117
25.0544	12.8117
25.0544	12.8201
25.0544	12.8285
25.0544	12.8368
25.0628	12.8368
25.0628	12.8452
25.0628	12.8536
25.0711	12.8536
25.0711	12.8619
25.0711	12.8703
25.0795	12.8703
25.0795	12.8787
25.0879	12.8787
25.0879	12.8870
25.0879	12.8954
25.0879	12.9038
25.0962	12.9038
25.0962	12.9121
25.1046	12.9121
25.1046	12.9205
25.1130	12.9289
25.1213	12.9289
25.1213	12.9372
25.1213	12.9456
25.1297	12.9456
25.1297	12.9540
25.1381	12.9540
25.1381	12.9623
25.1464	12.9707
25.1464	12.9791
25.1548	12.9791
25.1548	12.9874
25.1548	12.9958
25.1632	12.9958
25.1715	12.9958
25.1715	13.0042
25.1715	13.0126
25.1799	13.0126
25.1883	13.0126
25.1883	13.0209
25.1967	13.0209
25.1967	13.0293
25.2050	13.0293
25.2050	13.0377
25.2050	13.0460
25.2050	13.0544
25.2134	13.0544
25.2218	13.0628
25.2218	13.0711
25.2218	13.0795
25.2301	13.0795
25.2301	13.0879
25.2385	13.0879
25.2385	13.0962
25.2469	13.0962
25.2469	13.1046
25.2552	13.1046
25.2552	13.1130
25.2552	13.1213
25.2636	13.1297
25.2636	13.1381
25.2720	13.1381
25.2720	13.1464
25.2720	13.1548
25.2720	13.1632
25.2803	13.1632
25.2887	13.1715
25.2887	13.1799
25.2887	13.1883
25.2887	13.1967
25.2971	13.2050
25.2971	13.2134
25.2971	13.2218
25.2971	13.2301
25.2971	13.2385
25.2971	13.2469
25.2971	13.2552
25.3054	13.2636
25.3054	13.2720
25.3054	13.2803
25.3054	13.2887
25.3054	13.2971
25.3054	13.3054
25.3138	13.3138
25.3138	13.3222
25.3138	13.3305
25.3138	13.3389
25.3138	13.3473
25.3222	13.3473
25.3222	13.3556
25.3222	13.3640
25.3222	13.3724
25.3222	13.3808
25.3305	13.3808
25.3305	13.3891
25.3305	13.3975
25.3305	13.4059
25.3305	13.4142
25.3389	13.4142
25.3389	13.4226
25.3389	13.4310
25.3389	13.4393
25.3389	13.4477
25.3473	13.4477
25.3473	13.4561
25.3556	13.4561
25.3556	13.4644
25.3556	13.4728
25.3556	13.4812
25.3640	13.4812
25.3640	13.4895
25.3640	13.4979
25.3724	13.4979
25.3724	13.5063
25.3724	13.5146
25.3724	13.5230
25.3808	13.5230
25.3808	13.5314
25.3808	13.5397
25.3808	13.5481
25.3891	13.5481
25.3891	13.5565
25.3891	13.5649
25.3891	13.5732
25.3891	13.5816
25.3891	13.5900
25.3891	13.5983
25.3891	13.6067
25.3975	13.6067
25.3975	13.6151
25.4059	13.6151
25.4059	13.6234
25.4059	13.6318
25.4059	13.6402
25.4059	13.6485
25.4059	13.6569
25.4059	13.6653
25.4059	13.6736
25.4059	13.6820
25.4059	13.6904
25.4059	13.6987
25.4059	13.7071
25.4059	13.7155
25.4059	13.7238
25.4059	13.7322
25.4059	13.7406
25.4059	13.7490
25.4059	13.7573
25.4059	13.7657
25.4059	13.7741
25.4059	13.7824
25.4059	13.7908
25.4059	13.7992
25.4142	13.7992
25.4142	13.8075
25.4142	13.8159
25.4142	13.8243
25.4142	13.8326
25.4142	13.8410
25.4142	13.8494
25.4226	13.8494
25.4226	13.8577
25.4226	13.8661
25.4310	13.8661
25.4310	13.8745
25.4393	13.8745
25.4393	13.8828
25.4393	13.8912
25.4477	13.8912
25.4477	13.8996
25.4561	13.8996
25.4561	13.9079
25.4561	13.9163
25.4644	13.9163
25.4728	13.9163
25.4728	13.9247
25.4728	13.9331
25.4728	13.9414
25.4728	13.9498
25.4728	13.9582
25.4728	13.9665
25.4728	13.9749
25.4728	13.9833
25.4728	13.9916
25.4728	14.0000
25.4728	14.0084
25.4728	14.0167
25.4728	14.0251
25.4728	14.0335
25.4728	14.0418
25.4728	14.0502
25.4812	14.0502
25.4812	14.0669
25.4812	14.0753
25.4812	14.0837
25.4812	14.0921
25.4812	14.1004
25.4812	14.1088
25.4812	14.1172
25.4812	14.1255
25.4812	14.1339
25.4812	14.1423
25.4812	14.1506
25.4812	14.1590
25.4812	14.1674
25.4812	14.1757
25.4812	14.1841
25.4812	14.1925
25.4812	14.2008
25.4812	14.2092
25.4812	14.2176
25.4812	14.2259
25.4812	14.2343
25.4812	14.2427
25.4812	14.2510
25.4812	14.2594
25.4812	14.2678
25.4895	14.2678
25.4895	14.2762
25.4895	14.2845
25.4895	14.2929
25.4895	14.3013
25.4895	14.3096
25.4895	14.3180
25.4895	14.3264
25.4895	14.3347
25.4895	14.3431
25.4895	14.3515
25.4895	14.3598
25.4895	14.3682
25.4895	14.3766
25.4895	14.3849
25.4895	14.3933
25.4979	14.3933
25.4979	14.4017
25.4979	14.4100
25.4979	14.4184
25.5063	14.4268
25.5063	14.4351
25.5063	14.4435
25.5063	14.4519
25.5063	14.4603
25.5063	14.4686
25.5063	14.4770
25.5063	14.4854
25.5063	14.4937
25.5063	14.5021
25.5063	14.5105
25.5063	14.5188
25.5063	14.5272
25.5063	14.5356
25.5063	14.5439
25.5063	14.5523
25.4979	14.5523
25.4979	14.5607
25.4979	14.5690
25.4979	14.5774
25.4979	14.5858
25.4979	14.5941
25.4979	14.6025
25.4895	14.6025
25.4895	14.6109
25.4895	14.6192
25.4895	14.6276
25.4895	14.6360
25.4895	14.6444
25.4812	14.6527
25.4812	14.6611
25.4812	14.6695
25.4728	14.6695
25.4728	14.6778
25.4728	14.6862
25.4644	14.6862
25.4644	14.6946
25.4644	14.7029
25.4561	14.7029
25.4561	14.7113
25.4561	14.7197
25.4477	14.7197
25.4393	14.7197
25.4393	14.7280
25.4393	14.7364
25.4393	14.7448
25.4310	14.7448
25.4310	14.7531
25.4226	14.7531
25.4226	14.7615
25.4226	14.7699
25.4226	14.7782
25.4142	14.7782
25.4142	14.7866
25.4059	14.7866
25.4059	14.7950
25.4059	14.8033
25.3975	14.8033
25.3975	14.8117
25.3891	14.8117
25.3891	14.8201
25.3891	14.8285
25.3808	14.8285
25.3724	14.8285
25.3724	14.8368
25.3640	14.8368
25.3556	14.8368
25.3556	14.8452
25.3473	14.8452
25.3473	14.8536
25.3389	14.8536
25.3305	14.8536
25.3222	14.8536
25.3222	14.8619
25.3138	14.8619
25.3138	14.8703
25.3054	14.8703
25.3054	14.8787
25.2971	14.8787
25.2971	14.8870
25.2887	14.8870
25.2887	14.8954
25.2887	14.9038
25.2803	14.9038
25.2803	14.9121
25.2720	14.9121
25.2720	14.9205
25.2720	14.9289
25.2720	14.9372
25.2720	14.9456
25.2720	14.9540
25.2803	14.9623
25.2887	14.9623
25.2887	14.9707
25.2887	14.9791
25.2887	14.9874
25.2971	14.9874
25.3054	14.9874
25.3138	14.9874
25.3222	14.9874
25.3222	14.9958
25.3305	14.9958
25.3389	14.9958
25.3473	14.9958
25.3556	14.9958
25.3556	15.0042
25.3640	15.0042
25.3724	15.0042
25.3724	15.0126
25.3808	15.0126
25.3891	15.0126
25.3891	15.0209
25.3975	15.0209
25.4059	15.0209
25.4059	15.0293
25.4059	15.0377
25.4142	15.0377
25.4226	15.0377
25.4226	15.0460
25.4226	15.0544
25.4226	15.0628
25.4226	15.0711
25.4310	15.0711
25.4310	15.0795
25.4310	15.0879
25.4310	15.0962
25.4393	15.0962
25.4393	15.1046
25.4393	15.1130
25.4477	15.1130
25.4477	15.1213
25.4561	15.1213
25.4561	15.1297
25.4561	15.1381
25.4561	15.1464
25.4561	15.1548
25.4561	15.1632
25.4561	15.1715
25.4561	15.1799
25.4561	15.1883
25.4561	15.1967
25.4561	15.2050
25.4644	15.2050
25.4644	15.2134
25.4644	15.2218
25.4728	15.2218
25.4728	15.2301
25.4728	15.2385
25.4728	15.2469
25.4728	15.2552
25.4728	15.2636
25.4728	15.2720
25.4728	15.2803
25.4728	15.2887
25.4812	15.2887
25.4812	15.2971
25.4812	15.3054
25.4812	15.3138
25.4895	15.3138
25.4895	15.3222
25.4895	15.3305
25.4895	15.3389
25.4979	15.3389
25.4979	15.3473
25.4979	15.3556
25.4979	15.3640
25.4979	15.3724
25.4979	15.3808
25.4979	15.3891
25.4979	15.3975
25.4979	15.4059
25.4895	15.4059
25.4895	15.4142
25.4895	15.4226
25.4895	15.4310
25.4895	15.4393
25.4812	15.4393
25.4812	15.4477
25.4812	15.4561
25.4728	15.4561
25.4728	15.4644
25.4728	15.4728
25.4728	15.4812
25.4728	15.4895
25.4644	15.4895
25.4644	15.4979
25.4644	15.5063
25.4561	15.5063
25.4561	15.5146
25.4561	15.5230
25.4561	15.5314
25.4477	15.5397
25.4393	15.5397
25.4393	15.5481
25.4393	15.5565
25.4393	15.5649
25.4393	15.5732
25.4310	15.5816
25.4310	15.5900
25.4310	15.5983
25.4226	15.6067
25.4226	15.6151
25.4226	15.6234
25.4226	15.6318
25.4142	15.6402
25.4059	15.6402
25.4059	15.6485
25.4059	15.6569
25.3975	15.6569
25.3975	15.6653
25.3891	15.6653
25.3891	15.6736
25.3891	15.6820
25.3808	15.6820
25.3808	15.6904
25.3724	15.6904
25.3724	15.6987
25.3724	15.7071
25.3640	15.7071
25.3556	15.7071
25.3556	15.7155
25.3556	15.7238
25.3473	15.7238
25.3473	15.7322
25.3389	15.7322
25.3389	15.7406
25.3389	15.7490
25.3305	15.7490
25.3305	15.7573
25.3222	15.7573
25.3222	15.7657
25.3222	15.7741
25.3138	15.7741
25.3138	15.7824
25.3054	15.7824
25.3054	15.7908
25.2971	15.7992
25.2971	15.8075
25.2887	15.8075
25.2887	15.8159
25.2887	15.8243
25.2887	15.8326
25.2887	15.8410
25.2971	15.8410
25.2971	15.8494
25.3054	15.8494
25.3138	15.8494
25.3222	15.8494
25.3222	15.8577
25.3305	15.8577
25.3389	15.8577
25.3389	15.8661
25.3389	15.8745
25.3473	15.8745
25.3556	15.8745
25.3556	15.8828
25.3556	15.8912
25.3640	15.8912
25.3724	15.8912
25.3724	15.8996
25.3724	15.9079
25.3808	15.9079
25.3808	15.9163
25.3808	15.9247
25.3891	15.9247
25.3891	15.9331
25.3891	15.9414
25.3975	15.9414
25.4059	15.9414
25.4059	15.9498
25.4059	15.9582
25.4059	15.9665
25.4142	15.9665
25.4142	15.9749
25.4226	15.9749
25.4226	15.9833
25.4226	15.9916
25.4310	15.9916
25.4310	16.0000
25.4310	16.0084
25.4393	16.0084
25.4393	16.0167
25.4393	16.0251
25.4477	16.0251
25.4477	16.0335
25.4561	16.0335
25.4561	16.0418
25.4561	16.0502
25.4644	16.0502
25.4728	16.0502
25.4728	16.0586
25.4812	16.0586
25.4812	16.0669
25.4895	16.0669
25.4895	16.0753
25.4979	16.0753
25.4979	16.0837
25.5063	16.0837
25.5063	16.0921
25.5146	16.0921
25.5230	16.0921
25.5230	16.1004
25.5230	16.1088
25.5314	16.1088
25.5314	16.1172
25.5397	16.1172
25.5397	16.1255
25.5397	16.1339
25.5397	16.1423
25.5481	16.1423
25.5481	16.1506
25.5481	16.1590
25.5565	16.1590
25.5565	16.1674
25.5565	16.1757
25.5649	16.1757
25.5649	16.1841
25.5732	16.1841
25.5732	16.1925
25.5732	16.2008
25.5732	16.2092
25.5732	16.2176
25.5816	16.2176
25.5816	16.2259
25.5900	16.2259
25.5900	16.2343
25.5900	16.2427
25.5983	16.2427
25.5983	16.2510
25.5983	16.2594
25.6067	16.2594
25.6067	16.2678
25.6067	16.2762
25.6151	16.2762
25.6151	16.2845
25.6151	16.2929
25.6151	16.3013
25.6151	16.3096
25.6151	16.3180
25.6067	16.3180
25.6067	16.3264
25.5983	16.3264
25.5983	16.3347
25.5983	16.3431
25.5900	16.3431
25.5900	16.3515
25.5816	16.3598
25.5816	16.3682
25.5732	16.3766
25.5732	16.3849
25.5732	16.3933
25.5649	16.3933
25.5649	16.4017
25.5649	16.4100
25.5565	16.4100
25.5565	16.4184
25.5565	16.4268
25.5565	16.4351
25.5481	16.4435
25.5481	16.4519
25.5481	16.4603
25.5481	16.4686
25.5397	16.4686
25.5397	16.4770
25.5397	16.4854
25.5397	16.4937
25.5397	16.5021
25.5314	16.5021
25.5314	16.5105
25.5314	16.5188
25.5230	16.5188
25.5230	16.5272
25.5230	16.5356
25.5230	16.5439
25.5146	16.5439
25.5146	16.5523
25.5063	16.5607
25.5063	16.5690
25.5063	16.5774
25.5063	16.5858
25.4979	16.5941
25.4979	16.6025
25.4895	16.6025
25.4895	16.6109
25.4895	16.6192
25.4895	16.6276
25.4812	16.6276
25.4812	16.6360
25.4728	16.6360
25.4728	16.6444
25.4728	16.6527
25.4728	16.6611
25.4644	16.6611
25.4644	16.6695
25.4644	16.6778
25.4561	16.6778
25.4561	16.6862
25.4561	16.6946
25.4561	16.7029
25.4477	16.7029
25.4477	16.7113
25.4393	16.7113
25.4393	16.7197
25.4393	16.7280
25.4310	16.7280
25.4310	16.7364
25.4310	16.7448
25.4226	16.7448
25.4226	16.7531
25.4226	16.7615
25.4142	16.7615
25.4142	16.7699
25.4059	16.7699
25.4059	16.7782
25.4059	16.7866
25.4059	16.7950
25.3975	16.7950
25.3975	16.8033
25.3975	16.8117
25.3891	16.8117
25.3891	16.8201
25.3891	16.8285
25.3891	16.8368
25.3891	16.8452
25.3891	16.8536
25.3891	16.8619
25.3808	16.8619
25.3808	16.8703
25.3724	16.8703
25.3724	16.8787
25.3724	16.8870
25.3724	16.8954
25.3724	16.9038
25.3724	16.9121
25.3724	16.9205
25.3724	16.9289
25.3724	16.9372
25.3724	16.9456
25.3724	16.9540
25.3808	16.9540
25.3808	16.9623
25.3891	16.9623
25.3891	16.9707
25.3891	16.9791
25.3891	16.9874
25.3891	16.9958
25.3891	17.0042
25.3891	17.0126
25.3975	17.0126
25.3975	17.0209
25.3975	17.0293
25.4059	17.0293
25.4059	17.0377
25.4059	17.0460
25.4059	17.0544
25.4059	17.0628
25.4059	17.0711
25.4059	17.0795
25.4059	17.0879
25.3975	17.0879
25.3975	17.0962
25.3975	17.1046
25.3975	17.1130
25.3975	17.1213
25.3891	17.1213
25.3891	17.1297
25.3891	17.1381
25.3891	17.1464
25.3891	17.1548
25.3891	17.1632
25.3891	17.1715
25.3891	17.1799
25.3808	17.1799
25.3808	17.1883
25.3808	17.1967
25.3724	17.1967
25.3724	17.2050
25.3724	17.2134
25.3724	17.2218
25.3724	17.2301
25.3640	17.2301
25.3640	17.2385
25.3640	17.2469
25.3556	17.2469
25.3556	17.2552
25.3556	17.2636
25.3473	17.2636
25.3473	17.2720
25.3473	17.2803
25.3389	17.2803
25.3389	17.2887
25.3389	17.2971
25.3389	17.3054
25.3389	17.3138
25.3305	17.3222
25.3222	17.3222
25.3222	17.3305
25.3222	17.3389
25.3222	17.3473
25.3222	17.3556
25.3222	17.3640
25.3138	17.3640
25.3138	17.3724
25.3138	17.3808
25.3054	17.3808
25.3054	17.3891
25.3054	17.3975
25.2971	17.3975
25.2971	17.4059
25.2887	17.4059
25.2887	17.4142
25.2887	17.4226
25.2803	17.4226
25.2803	17.4310
25.2720	17.4310
25.2720	17.4393
25.2720	17.4477
25.2720	17.4561
25.2636	17.4561
25.2636	17.4644
25.2552	17.4644
25.2552	17.4728
25.2552	17.4812
25.2469	17.4812
25.2469	17.4895
25.2469	17.4979
25.2385	17.4979
25.2385	17.5063
25.2385	17.5146
25.2301	17.5146
25.2301	17.5230
25.2301	17.5314
25.2218	17.5314
25.2218	17.5397
25.2218	17.5481
25.2218	17.5565
25.2218	17.5649
25.2134	17.5649
25.2134	17.5732
25.2134	17.5816
25.2134	17.5900
25.2050	17.5983
25.2050	17.6067
25.2050	17.6151
25.2050	17.6234
25.1967	17.6234
25.1967	17.6318
25.1967	17.6402
25.1883	17.6402
25.1883	17.6485
25.1799	17.6569
25.1799	17.6653
25.1715	17.6653
25.1715	17.6736
25.1715	17.6820
25.1632	17.6820
25.1632	17.6904
25.1632	17.6987
25.1548	17.6987
25.1548	17.7071
25.1548	17.7155
25.1464	17.7155
25.1381	17.7155
25.1381	17.7238
25.1297	17.7238
25.1213	17.7238
25.1130	17.7322
25.1046	17.7322
25.0962	17.7322
25.0879	17.7322
25.0795	17.7322
25.0795	17.7406
25.0711	17.7406
25.0711	17.7490
25.0628	17.7490
25.0544	17.7490
25.0460	17.7490
25.0460	17.7573
25.0377	17.7573
25.0293	17.7573
25.0293	17.7657
25.0209	17.7657
25.0126	17.7657
25.0042	17.7657
25.0042	17.7741
24.9958	17.7741
24.9958	17.7824
24.9874	17.7824
24.9791	17.7824
24.9791	17.7908
24.9707	17.7908
24.9707	17.7992
24.9707	17.8075
24.9623	17.8075
24.9540	17.8159
24.9540	17.8243
24.9456	17.8243
24.9456	17.8326
24.9372	17.8326
24.9372	17.8410
24.9372	17.8494
24.9372	17.8577
24.9372	17.8661
24.9289	17.8661
24.9289	17.8745
24.9289	17.8828
24.9205	17.8912
24.9205	17.8996
24.9121	17.8996
24.9121	17.9079
24.9038	17.9079
24.9038	17.9163
24.8954	17.9163
24.8870	17.9163
24.8787	17.9163
24.8703	17.9163
24.8703	17.9247
24.8619	17.9247
24.8536	17.9247
24.8452	17.9247
24.8368	17.9247
24.8368	17.9331
24.8285	17.9331
24.8201	17.9331
24.8117	17.9331
24.8033	17.9331
24.7950	17.9331
24.7866	17.9331
24.7782	17.9331
24.7699	17.9331
24.7615	17.9331
24.7531	17.9331
24.7448	17.9331
24.7364	17.9331
24.7280	17.9331
24.7197	17.9331
24.7113	17.9331
24.7029	17.9331
24.6946	17.9331
24.6862	17.9331
24.6778	17.9331
24.6695	17.9331
24.6611	17.9331
24.6527	17.9331
24.6444	17.9331
24.6360	17.9331
24.6276	17.9331
24.6192	17.9331
24.6192	17.9414
24.6109	17.9414
24.6025	17.9414
24.6025	17.9498
24.5941	17.9498
24.5858	17.9498
24.5858	17.9582
24.5858	17.9665
24.5774	17.9665
24.5690	17.9665
24.5690	17.9749
24.5607	17.9749
24.5607	17.9833
24.5523	17.9833
24.5523	17.9916
24.5439	17.9916
24.5439	18.0000
24.5356	18.0000
24.5356	18.0084
24.5356	18.0167
24.5272	18.0167
24.5188	18.0167
24.5188	18.0251
24.5188	18.0335
24.5105	18.0335
24.5021	18.0335
24.5021	18.0418
24.4937	18.0418
24.4937	18.0502
24.4854	18.0502
24.4854	18.0586
24.4770	18.0586
24.4686	18.0586
24.4686	18.0669
24.4603	18.0669
24.4519	18.0669
24.4435	18.0669
24.4435	18.0753
24.4351	18.0753
24.4268	18.0753
24.4268	18.0837
24.4184	18.0837
24.4100	18.0837
24.4017	18.0837
24.3933	18.0837
24.3849	18.0837
24.3766	18.0837
24.3682	18.0837
24.3598	18.0837
24.3515	18.0837
24.3431	18.0837
24.3347	18.0837
24.3264	18.0837
24.3180	18.0837
24.3096	18.0837
24.3096	18.0753
24.3013	18.0753
24.3013	18.0669
24.2929	18.0669
24.2845	18.0669
24.2762	18.0669
24.2678	18.0669
24.2594	18.0669
24.2510	18.0669
24.2510	18.0586
24.2427	18.0586
24.2343	18.0586
24.2343	18.0502
24.2259	18.0502
24.2176	18.0502
24.2176	18.0418
24.2176	18.0335
24.2092	18.0335
24.2092	18.0251
24.2092	18.0167
24.2008	18.0167
24.2008	18.0084
24.1925	18.0084
24.1925	18.0000
24.1841	18.0000
24.1841	17.9916
24.1757	17.9916
24.1674	17.9916
24.1674	17.9833
24.1590	17.9833
24.1506	17.9833
24.1506	17.9749
24.1423	17.9749
24.1423	17.9665
24.1423	17.9582
24.1423	17.9498
24.1423	17.9414
24.1423	17.9331
24.1423	17.9247
24.1339	17.9247
24.1339	17.9163
24.1339	17.9079
24.1339	17.8996
24.1255	17.8996
24.1255	17.8912
24.1255	17.8828
24.1172	17.8828
24.1172	17.8745
24.1172	17.8661
24.1088	17.8661
24.1004	17.8661
24.1004	17.8577
24.0921	17.8577
24.0837	17.8577
24.0837	17.8494
24.0753	17.8494
24.0669	17.8494
24.0586	17.8494
24.0502	17.8494
24.0502	17.8410
24.0418	17.8410
24.0418	17.8326
24.0335	17.8326
24.0251	17.8326
24.0167	17.8326
24.0084	17.8326
24.0000	17.8326
24.0000	17.8243
24.0000	17.8159
23.9916	17.8159
23.9833	17.8159
23.9749	17.8159
23.9665	17.8159
23.9665	17.8075
23.9582	17.7992
23.9498	17.7992
23.9498	17.7908
23.9414	17.7908
23.9414	17.7824
23.9331	17.7824
23.9331	17.7741
23.9247	17.7741
23.9247	17.7657
23.9163	17.7657
23.9163	17.7573
23.9079	17.7573
23.9079	17.7490
23.8996	17.7490
23.8912	17.7490
23.8912	17.7406
23.8828	17.7406
23.8745	17.7406
23.8745	17.7322
23.8661	17.7322
23.8661	17.7238
23.8577	17.7238
23.8494	17.7238
23.8410	17.7238
23.8326	17.7238
23.8326	17.7155
