18.0324	11.2192
18.0405	11.2192
18.0487	11.2192
18.0568	11.2192
18.0650	11.2192
18.0732	11.2111
18.0813	11.2111
18.0813	11.2029
18.0895	11.2029
18.0895	11.1948
18.0976	11.1948
18.0976	11.1866
18.1058	11.1866
18.1058	11.1784
18.1140	11.1784
18.1221	11.1784
18.1221	11.1703
18.1303	11.1621
18.1384	11.1621
18.1384	11.1540
18.1466	11.1540
18.1466	11.1458
18.1548	11.1458
18.1629	11.1458
18.1629	11.1376
18.1629	11.1295
18.1711	11.1295
18.1792	11.1295
18.1792	11.1213
18.1874	11.1213
18.1874	11.1132
18.1956	11.1132
18.2037	11.1132
18.2037	11.1050
18.2037	11.0968
18.2119	11.0968
18.2119	11.0887
18.2200	11.0887
18.2282	11.0887
18.2282	11.0805
18.2364	11.0805
18.2364	11.0724
18.2364	11.0642
18.2445	11.0642
18.2445	11.0560
18.2527	11.0560
18.2608	11.0479
18.2690	11.0479
18.2690	11.0397
18.2690	11.0316
18.2772	11.0316
18.2772	11.0234
18.2853	11.0234
18.2853	11.0152
18.2935	11.0152
18.3016	11.0152
18.3016	11.0071
18.3098	11.0071
18.3098	10.9989
18.3098	10.9908
18.3179	10.9908
18.3179	10.9826
18.3261	10.9826
18.3343	10.9826
18.3343	10.9745
18.3424	10.9745
18.3424	10.9663
18.3506	10.9663
18.3506	10.9581
18.3587	10.9581
18.3669	10.9581
18.3669	10.9500
18.3751	10.9500
18.3751	10.9418
18.3832	10.9418
18.3832	10.9337
18.3914	10.9337
18.3995	10.9337
18.3995	10.9255
18.4077	10.9255
18.4077	10.9173
18.4159	10.9173
18.4240	10.9173
18.4322	10.9173
18.4322	10.9092
18.4403	10.9092
18.4485	10.9092
18.4567	10.9010
18.4648	10.9010
18.4648	10.8929
18.4730	10.8929
18.4811	10.8929
18.4893	10.8929
18.4893	10.8847
18.4975	10.8847
18.5056	10.8847
18.5138	10.8765
18.5219	10.8765
18.5301	10.8765
18.5383	10.8684
18.5464	10.8602
18.5546	10.8602
18.5627	10.8602
18.5709	10.8602
18.5709	10.8521
18.5791	10.8521
18.5872	10.8521
18.5954	10.8521
18.6035	10.8521
18.6117	10.8521
18.6198	10.8521
18.6198	10.8439
18.6280	10.8439
18.6362	10.8439
18.6443	10.8439
18.6525	10.8439
18.6606	10.8439
18.6688	10.8439
18.6688	10.8357
18.6770	10.8357
18.6851	10.8357
18.6933	10.8276
18.7014	10.8276
18.7096	10.8276
18.7178	10.8276
18.7259	10.8276
18.7341	10.8194
18.7422	10.8194
18.7504	10.8194
18.7586	10.8194
18.7667	10.8194
18.7667	10.8113
18.7749	10.8113
18.7749	10.8031
18.7830	10.8031
18.7912	10.8031
18.7994	10.8031
18.7994	10.7949
18.8075	10.7949
18.8157	10.7868
18.8238	10.7868
18.8320	10.7868
18.8402	10.7786
18.8483	10.7786
18.8565	10.7705
18.8646	10.7705
18.8728	10.7705
18.8728	10.7623
18.8810	10.7623
18.8891	10.7623
18.8973	10.7541
18.9054	10.7541
18.9136	10.7541
18.9217	10.7541
18.9299	10.7541
18.9299	10.7460
18.9381	10.7460
18.9462	10.7460
18.9544	10.7460
18.9625	10.7460
18.9707	10.7460
18.9789	10.7460
18.9870	10.7460
18.9952	10.7460
19.0033	10.7460
19.0115	10.7460
19.0115	10.7378
19.0197	10.7378
19.0278	10.7378
19.0360	10.7378
19.0441	10.7378
19.0523	10.7378
19.0605	10.7378
19.0686	10.7378
19.0768	10.7378
19.0849	10.7378
19.0931	10.7378
19.1013	10.7378
19.1094	10.7378
19.1176	10.7378
19.1257	10.7378
19.1339	10.7378
19.1421	10.7378
19.1502	10.7378
19.1584	10.7378
19.1665	10.7378
19.1747	10.7378
19.1747	10.7297
19.1829	10.7297
19.1910	10.7297
19.1992	10.7297
19.2073	10.7297
19.2073	10.7215
19.2155	10.7215
19.2236	10.7215
19.2318	10.7215
19.2400	10.7215
19.2400	10.7133
19.2481	10.7133
19.2563	10.7133
19.2644	10.7133
19.2726	10.7133
19.2808	10.7133
19.2808	10.7052
19.2889	10.7052
19.2971	10.7052
19.3052	10.7052
19.3134	10.7052
19.3216	10.7052
19.3297	10.6970
19.3379	10.6970
19.3460	10.6970
19.3460	10.6889
19.3542	10.6889
19.3624	10.6889
19.3705	10.6807
19.3787	10.6807
19.3868	10.6807
19.3950	10.6807
19.3950	10.6726
19.4032	10.6726
19.4113	10.6726
19.4195	10.6726
19.4195	10.6644
19.4276	10.6644
19.4276	10.6562
19.4358	10.6562
19.4440	10.6562
19.4521	10.6562
19.4603	10.6562
19.4603	10.6481
19.4684	10.6481
19.4766	10.6481
19.4848	10.6481
19.4929	10.6399
19.5011	10.6399
19.5092	10.6399
19.5174	10.6399
19.5174	10.6318
19.5255	10.6318
19.5337	10.6318
19.5419	10.6318
19.5419	10.6236
19.5500	10.6236
19.5582	10.6236
19.5663	10.6236
19.5663	10.6154
19.5745	10.6154
19.5827	10.6154
19.5908	10.6154
19.5990	10.6154
19.6071	10.6154
19.6153	10.6154
19.6235	10.6154
19.6316	10.6154
19.6398	10.6154
19.6479	10.6154
19.6479	10.6073
19.6561	10.6073
19.6643	10.6073
19.6724	10.6073
19.6806	10.6073
19.6887	10.6073
19.6887	10.5991
19.6969	10.5991
19.7051	10.5991
19.7132	10.5991
19.7214	10.5991
19.7214	10.5910
19.7295	10.5910
19.7377	10.5910
19.7459	10.5910
19.7540	10.5910
19.7622	10.5910
19.7703	10.5910
19.7785	10.5910
19.7866	10.5910
19.7948	10.5910
19.8030	10.5910
19.8111	10.5828
19.8193	10.5828
19.8274	10.5828
19.8356	10.5828
19.8438	10.5828
19.8519	10.5746
19.8601	10.5746
19.8682	10.5746
19.8764	10.5746
19.8846	10.5746
19.8927	10.5665
19.9009	10.5665
19.9090	10.5583
19.9172	10.5583
19.9254	10.5583
19.9335	10.5583
19.9417	10.5583
19.9498	10.5583
19.9580	10.5502
19.9662	10.5502
19.9743	10.5502
19.9825	10.5502
19.9906	10.5502
19.9988	10.5420
20.0070	10.5420
20.0151	10.5420
20.0233	10.5420
20.0314	10.5420
20.0396	10.5420
20.0478	10.5420
20.0478	10.5338
20.0559	10.5338
20.0641	10.5338
20.0722	10.5257
20.0804	10.5257
20.0885	10.5257
20.0967	10.5257
20.1049	10.5257
20.1049	10.5175
20.1130	10.5175
20.1212	10.5175
20.1293	10.5175
20.1375	10.5175
20.1457	10.5094
20.1538	10.5094
20.1620	10.5094
20.1701	10.5094
20.1783	10.5094
20.1865	10.5012
20.1946	10.5012
20.2028	10.5012
20.2109	10.5012
20.2191	10.5012
20.2273	10.4930
20.2354	10.4930
20.2436	10.4849
20.2517	10.4849
20.2599	10.4849
20.2681	10.4849
20.2844	10.4767
20.2925	10.4767
20.3007	10.4767
20.3089	10.4767
20.3170	10.4767
20.3252	10.4686
20.3333	10.4686
20.3415	10.4686
20.3497	10.4686
20.3578	10.4686
20.3660	10.4604
20.3741	10.4604
20.3741	10.4522
20.3823	10.4522
20.3904	10.4522
20.3986	10.4522
20.4068	10.4522
20.4149	10.4522
20.4231	10.4522
20.4231	10.4441
20.4312	10.4441
20.4394	10.4441
20.4476	10.4359
20.4557	10.4359
20.4639	10.4359
20.4720	10.4359
20.4720	10.4278
20.4802	10.4278
20.4884	10.4278
20.4965	10.4196
20.5047	10.4196
20.5128	10.4196
20.5210	10.4196
20.5292	10.4114
20.5373	10.4114
20.5455	10.4114
20.5536	10.4114
20.5618	10.4114
20.5700	10.4033
20.5781	10.4033
20.5863	10.4033
20.5944	10.4033
20.6026	10.4033
20.6026	10.3951
20.6108	10.3951
20.6189	10.3951
20.6271	10.3951
20.6271	10.3870
20.6352	10.3870
20.6434	10.3870
20.6434	10.3788
20.6516	10.3788
20.6597	10.3788
20.6679	10.3788
20.6760	10.3788
20.6760	10.3707
20.6842	10.3707
20.6923	10.3707
20.7005	10.3707
20.7087	10.3707
20.7168	10.3707
20.7250	10.3707
20.7250	10.3625
20.7331	10.3625
20.7413	10.3625
20.7495	10.3625
20.7495	10.3543
20.7576	10.3543
20.7658	10.3543
20.7739	10.3543
20.7821	10.3543
20.7903	10.3543
20.7984	10.3543
20.8066	10.3462
20.8147	10.3462
20.8229	10.3462
20.8311	10.3462
20.8392	10.3380
20.8474	10.3380
20.8555	10.3380
20.8637	10.3380
20.8719	10.3380
20.8719	10.3299
20.8800	10.3299
20.8882	10.3299
20.8963	10.3299
20.8963	10.3217
20.9045	10.3217
20.9127	10.3217
20.9208	10.3135
20.9290	10.3135
20.9371	10.3135
20.9453	10.3135
20.9534	10.3135
20.9616	10.3135
20.9616	10.3054
20.9698	10.3054
20.9779	10.3054
20.9861	10.2972
20.9942	10.2972
21.0024	10.2891
21.0106	10.2891
21.0187	10.2891
21.0269	10.2891
21.0350	10.2891
21.0350	10.2809
21.0432	10.2809
21.0514	10.2809
21.0595	10.2809
21.0677	10.2809
21.0677	10.2727
21.0758	10.2727
21.0840	10.2727
21.0922	10.2727
21.1003	10.2646
21.1085	10.2646
21.1085	10.2564
21.1166	10.2564
21.1248	10.2564
21.1330	10.2564
21.1411	10.2483
21.1493	10.2483
21.1493	10.2401
21.1574	10.2401
21.1656	10.2401
21.1738	10.2401
21.1738	10.2319
21.1819	10.2319
21.1819	10.2238
21.1901	10.2238
21.1982	10.2238
21.1982	10.2156
21.2064	10.2156
21.2146	10.2075
21.2227	10.2075
21.2309	10.2075
21.2309	10.1993
21.2390	10.1993
21.2472	10.1993
21.2472	10.1911
21.2553	10.1911
21.2635	10.1911
21.2635	10.1830
21.2717	10.1830
21.2798	10.1748
21.2880	10.1748
21.2961	10.1748
21.2961	10.1667
21.3043	10.1667
21.3125	10.1667
21.3125	10.1585
21.3206	10.1503
21.3288	10.1503
21.3369	10.1503
21.3451	10.1422
21.3533	10.1422
21.3533	10.1340
21.3614	10.1340
21.3696	10.1340
21.3777	10.1340
21.3777	10.1259
21.3859	10.1177
21.3941	10.1177
21.3941	10.1095
21.4022	10.1095
21.4104	10.1014
21.4185	10.1014
21.4185	10.0932
21.4267	10.0932
21.4267	10.0851
21.4349	10.0851
21.4430	10.0769
21.4512	10.0769
21.4512	10.0688
21.4593	10.0688
21.4675	10.0688
21.4675	10.0606
21.4757	10.0606
21.4757	10.0524
21.4838	10.0524
21.4920	10.0524
21.5001	10.0443
21.5083	10.0443
21.5083	10.0361
21.5165	10.0361
21.5246	10.0361
21.5328	10.0361
21.5328	10.0280
21.5409	10.0280
21.5409	10.0198
21.5491	10.0198
21.5572	10.0198
21.5654	10.0198
21.5654	10.0116
21.5736	10.0116
21.5817	10.0116
21.5817	10.0035
21.5899	10.0035
21.5980	10.0035
21.6062	10.0035
21.6144	10.0035
21.6144	9.9953
21.6225	9.9953
21.6307	9.9872
21.6388	9.9872
21.6470	9.9872
21.6470	9.9790
21.6552	9.9790
21.6633	9.9790
21.6715	9.9790
21.6796	9.9790
21.6796	9.9708
21.6878	9.9708
21.6960	9.9708
21.7041	9.9708
21.7123	9.9708
21.7204	9.9708
21.7286	9.9708
21.7368	9.9708
21.7449	9.9708
21.7531	9.9708
21.7612	9.9708
21.7694	9.9708
21.7776	9.9708
21.7776	9.9790
21.7857	9.9790
21.7939	9.9790
21.8020	9.9790
21.8102	9.9790
21.8184	9.9790
21.8265	9.9790
21.8347	9.9790
21.8347	9.9872
21.8428	9.9872
21.8510	9.9872
21.8591	9.9872
21.8673	9.9872
21.8673	9.9953
21.8755	9.9953
21.8836	9.9953
21.8918	9.9953
21.8999	9.9953
21.9081	9.9953
21.9163	9.9953
21.9244	9.9953
21.9326	9.9953
21.9407	9.9953
21.9489	9.9953
21.9571	9.9953
21.9652	9.9953
21.9734	9.9953
21.9815	9.9953
21.9815	9.9872
21.9897	9.9872
21.9979	9.9872
22.0060	9.9872
22.0142	9.9790
22.0223	9.9790
22.0305	9.9790
22.0387	9.9790
22.0387	9.9708
22.0468	9.9708
22.0550	9.9708
22.0550	9.9627
22.0631	9.9627
22.0713	9.9627
22.0795	9.9627
22.0795	9.9545
22.0876	9.9545
22.0876	9.9464
22.0958	9.9464
22.1039	9.9464
22.1121	9.9464
22.1121	9.9382
22.1203	9.9382
22.1284	9.9382
22.1366	9.9382
22.1447	9.9382
22.1529	9.9382
22.1610	9.9382
22.1692	9.9382
22.1774	9.9382
22.1855	9.9382
22.1937	9.9382
22.2018	9.9382
22.2100	9.9382
22.2182	9.9382
22.2263	9.9382
22.2345	9.9382
22.2426	9.9382
22.2508	9.9382
22.2590	9.9382
22.2671	9.9382
22.2753	9.9382
22.2834	9.9382
22.2834	9.9464
22.2916	9.9464
22.2998	9.9464
22.3079	9.9464
22.3161	9.9464
22.3161	9.9545
22.3242	9.9545
22.3324	9.9545
22.3406	9.9545
22.3487	9.9545
22.3487	9.9627
22.3569	9.9627
22.3650	9.9627
22.3732	9.9627
22.3732	9.9708
22.3814	9.9708
22.3895	9.9708
22.3895	9.9790
22.3977	9.9790
22.4058	9.9790
22.4140	9.9790
22.4140	9.9872
22.4221	9.9872
22.4221	9.9953
22.4303	9.9953
22.4385	9.9953
22.4466	9.9953
22.4466	10.0035
22.4548	10.0035
22.4629	10.0035
22.4629	10.0116
22.4711	10.0116
22.4793	10.0116
22.4793	10.0198
22.4874	10.0198
22.4874	10.0280
22.4956	10.0280
22.4956	10.0361
22.5037	10.0361
22.5119	10.0361
22.5119	10.0443
22.5201	10.0443
22.5201	10.0524
22.5201	10.0606
22.5282	10.0606
22.5282	10.0688
22.5364	10.0688
22.5364	10.0769
22.5445	10.0769
22.5527	10.0769
22.5527	10.0851
22.5527	10.0932
22.5609	10.0932
22.5609	10.1014
22.5690	10.1014
22.5772	10.1014
22.5772	10.1095
22.5853	10.1177
22.5853	10.1259
22.5935	10.1259
22.5935	10.1340
22.6017	10.1340
22.6017	10.1422
22.6098	10.1422
22.6098	10.1503
22.6098	10.1585
22.6180	10.1585
22.6180	10.1667
22.6261	10.1667
22.6261	10.1748
22.6343	10.1830
22.6343	10.1911
22.6425	10.1911
22.6425	10.1993
22.6506	10.1993
22.6506	10.2075
22.6588	10.2075
22.6588	10.2156
22.6588	10.2238
22.6669	10.2238
22.6751	10.2319
22.6751	10.2401
22.6833	10.2401
22.6833	10.2483
22.6914	10.2483
22.6914	10.2564
22.6996	10.2564
22.6996	10.2646
22.7077	10.2646
22.7159	10.2646
22.7159	10.2727
22.7240	10.2727
22.7240	10.2809
22.7322	10.2809
22.7322	10.2891
22.7322	10.2972
22.7404	10.2972
22.7485	10.2972
22.7485	10.3054
22.7567	10.3054
22.7567	10.3135
22.7648	10.3135
22.7730	10.3135
22.7730	10.3217
22.7812	10.3217
22.7812	10.3299
22.7893	10.3299
22.7893	10.3380
22.7975	10.3380
22.8056	10.3462
22.8138	10.3462
22.8220	10.3462
22.8220	10.3543
22.8301	10.3543
22.8301	10.3625
22.8383	10.3625
22.8464	10.3625
22.8546	10.3707
22.8628	10.3707
22.8709	10.3707
22.8709	10.3788
22.8791	10.3788
22.8791	10.3870
22.8872	10.3870
22.8954	10.3870
22.8954	10.3951
22.9036	10.3951
22.9117	10.4033
22.9199	10.4114
22.9280	10.4114
22.9362	10.4196
22.9444	10.4278
22.9525	10.4278
22.9607	10.4359
22.9688	10.4359
22.9688	10.4441
22.9770	10.4441
22.9852	10.4441
22.9933	10.4441
23.0015	10.4522
23.0015	10.4604
23.0096	10.4604
23.0178	10.4604
23.0259	10.4686
23.0341	10.4686
23.0423	10.4767
23.0504	10.4767
23.0586	10.4849
23.0586	10.4930
23.0667	10.4930
23.0667	10.5012
23.0749	10.5012
23.0831	10.5012
23.0831	10.5094
23.0912	10.5094
23.0912	10.5175
23.0994	10.5175
23.0994	10.5257
23.1075	10.5257
23.1075	10.5338
23.1157	10.5338
23.1157	10.5420
23.1239	10.5420
23.1239	10.5502
23.1320	10.5502
23.1320	10.5583
23.1402	10.5665
23.1483	10.5665
23.1483	10.5746
23.1565	10.5746
23.1565	10.5828
23.1647	10.5828
23.1647	10.5910
23.1728	10.5910
23.1728	10.5991
23.1810	10.5991
23.1810	10.6073
23.1891	10.6073
23.1891	10.6154
23.1891	10.6236
23.1973	10.6318
23.2055	10.6318
23.2055	10.6399
23.2136	10.6399
23.2136	10.6481
23.2218	10.6481
23.2218	10.6562
23.2299	10.6644
23.2299	10.6726
23.2381	10.6726
23.2381	10.6807
23.2463	10.6807
23.2544	10.6889
23.2544	10.6970
23.2626	10.6970
23.2626	10.7052
23.2626	10.7133
23.2707	10.7133
23.2707	10.7215
23.2789	10.7297
23.2871	10.7297
23.2871	10.7378
23.2871	10.7460
23.2952	10.7460
23.3034	10.7541
23.3034	10.7623
23.3115	10.7705
23.3197	10.7705
23.3197	10.7786
23.3278	10.7786
23.3278	10.7868
23.3360	10.7868
23.3360	10.7949
23.3360	10.8031
23.3442	10.8113
23.3523	10.8113
23.3523	10.8194
23.3605	10.8276
23.3605	10.8357
23.3686	10.8357
23.3686	10.8439
23.3768	10.8439
23.3850	10.8521
23.3850	10.8602
23.3931	10.8602
23.4013	10.8684
23.4013	10.8765
23.4094	10.8765
23.4176	10.8765
23.4176	10.8847
23.4258	10.8847
23.4258	10.8929
23.4339	10.8929
23.4339	10.9010
23.4421	10.9010
23.4502	10.9092
23.4502	10.9173
23.4584	10.9173
23.4666	10.9255
23.4666	10.9337
23.4747	10.9337
23.4747	10.9418
23.4829	10.9418
23.4910	10.9500
23.4910	10.9581
23.4992	10.9663
23.5074	10.9663
23.5074	10.9745
23.5155	10.9826
23.5237	10.9908
23.5318	10.9989
23.5400	10.9989
23.5400	11.0071
23.5482	11.0071
23.5563	11.0152
23.5645	11.0152
23.5645	11.0234
23.5726	11.0234
23.5726	11.0316
23.5808	11.0316
23.5808	11.0397
23.5889	11.0397
23.5971	11.0397
23.5971	11.0479
23.6053	11.0479
23.6053	11.0560
23.6134	11.0560
23.6134	11.0642
23.6216	11.0724
23.6297	11.0724
23.6297	11.0805
23.6379	11.0805
23.6379	11.0887
23.6461	11.0887
23.6461	11.0968
23.6461	11.1050
23.6542	11.1050
23.6542	11.1132
23.6624	11.1132
23.6624	11.1213
23.6705	11.1213
23.6705	11.1295
23.6705	11.1376
23.6787	11.1376
23.6869	11.1376
23.6869	11.1458
23.6869	11.1540
23.6950	11.1540
23.6950	11.1621
23.6950	11.1703
23.7032	11.1703
23.7032	11.1784
23.7032	11.1866
23.7113	11.1866
23.7195	11.1866
23.7195	11.1948
23.7195	11.2029
23.7195	11.2111
23.7277	11.2111
23.7277	11.2192
23.7277	11.2274
23.7358	11.2274
23.7358	11.2356
23.7358	11.2437
23.7440	11.2437
23.7440	11.2519
23.7440	11.2600
23.7521	11.2600
23.7521	11.2682
23.7603	11.2682
23.7603	11.2764
23.7603	11.2845
23.7603	11.2927
23.7685	11.2927
23.7685	11.3008
23.7685	11.3090
23.7685	11.3171
23.7766	11.3171
23.7766	11.3253
23.7766	11.3335
23.7766	11.3416
23.7766	11.3498
23.7848	11.3498
23.7848	11.3579
23.7929	11.3661
23.7929	11.3743
23.7929	11.3824
23.7929	11.3906
23.7929	11.3987
23.8011	11.4069
23.8011	11.4151
23.8011	11.4232
23.8011	11.4314
23.8011	11.4395
23.8011	11.4477
23.8011	11.4559
23.8011	11.4640
23.8011	11.4722
23.8011	11.4803
23.8011	11.4885
23.8011	11.4967
23.8011	11.5048
23.8011	11.5130
23.8011	11.5211
23.8011	11.5293
23.8011	11.5375
23.8011	11.5456
23.8011	11.5538
23.8011	11.5619
23.8011	11.5701
23.8011	11.5782
23.8011	11.5864
23.8011	11.5946
23.8011	11.6027
23.8011	11.6109
23.8011	11.6190
23.8011	11.6272
23.8011	11.6354
23.8011	11.6435
23.7929	11.6517
23.7848	11.6598
23.7848	11.6680
23.7848	11.6762
23.7848	11.6843
23.7766	11.6843
23.7766	11.6925
23.7766	11.7006
23.7766	11.7088
23.7685	11.7088
23.7685	11.7170
23.7685	11.7251
23.7685	11.7333
23.7685	11.7414
23.7603	11.7496
23.7603	11.7578
23.7521	11.7578
23.7521	11.7659
23.7521	11.7741
23.7521	11.7822
23.7440	11.7822
23.7440	11.7904
23.7440	11.7986
23.7440	11.8067
23.7358	11.8149
23.7358	11.8230
23.7277	11.8230
23.7277	11.8312
23.7195	11.8394
23.7195	11.8475
23.7113	11.8475
23.7032	11.8475
23.7032	11.8557
23.7032	11.8638
23.6950	11.8638
23.6869	11.8638
23.6869	11.8720
23.6787	11.8720
23.6787	11.8801
23.6705	11.8883
23.6624	11.8965
23.6624	11.9046
23.6542	11.9046
23.6461	11.9046
23.6461	11.9128
23.6379	11.9128
23.6379	11.9209
23.6297	11.9209
23.6297	11.9291
23.6216	11.9291
23.6134	11.9373
23.6053	11.9454
23.5971	11.9454
23.5971	11.9536
23.5889	11.9536
23.5808	11.9536
23.5808	11.9617
23.5726	11.9617
23.5645	11.9617
23.5563	11.9617
23.5482	11.9617
23.5482	11.9699
23.5400	11.9699
23.5400	11.9781
23.5318	11.9781
23.5318	11.9862
23.5237	11.9862
23.5155	11.9862
23.5155	11.9944
23.5074	11.9944
23.4992	12.0025
23.4992	12.0107
23.4910	12.0107
23.4829	12.0189
23.4747	12.0189
23.4747	12.0270
23.4666	12.0270
23.4666	12.0352
23.4584	12.0352
23.4584	12.0433
23.4502	12.0433
23.4421	12.0515
23.4339	12.0515
23.4339	12.0597
23.4258	12.0597
23.4258	12.0678
23.4176	12.0678
23.4094	12.0678
23.4094	12.0760
23.4094	12.0841
23.4013	12.0841
23.4013	12.0923
23.4013	12.1005
23.3931	12.1005
23.3931	12.1086
23.3931	12.1168
23.3850	12.1168
23.3768	12.1168
23.3768	12.1249
23.3686	12.1331
23.3686	12.1413
23.3605	12.1413
23.3605	12.1494
23.3605	12.1576
23.3523	12.1576
23.3442	12.1576
23.3442	12.1657
23.3360	12.1657
23.3360	12.1820
23.3278	12.1820
23.3278	12.1902
23.3197	12.1902
23.3115	12.1984
23.3034	12.1984
23.3034	12.2065
23.3034	12.2147
23.2952	12.2147
23.2952	12.2228
23.2871	12.2228
23.2789	12.2228
23.2789	12.2310
23.2789	12.2392
23.2707	12.2392
23.2707	12.2473
23.2707	12.2555
23.2626	12.2555
23.2626	12.2636
23.2544	12.2718
23.2463	12.2718
23.2463	12.2800
23.2463	12.2881
23.2381	12.2881
23.2381	12.2963
23.2381	12.3044
23.2381	12.3126
23.2299	12.3126
23.2299	12.3208
23.2299	12.3289
23.2218	12.3289
23.2218	12.3371
23.2218	12.3452
23.2218	12.3534
23.2218	12.3616
23.2218	12.3697
23.2218	12.3779
23.2218	12.3860
23.2218	12.3942
23.2218	12.4024
23.2218	12.4105
23.2218	12.4187
23.2218	12.4268
23.2218	12.4350
23.2299	12.4350
23.2299	12.4432
23.2299	12.4513
23.2299	12.4595
23.2381	12.4595
23.2381	12.4676
23.2463	12.4676
23.2463	12.4758
23.2463	12.4839
23.2544	12.4839
23.2544	12.4921
23.2626	12.4921
23.2626	12.5003
23.2707	12.5003
23.2789	12.5003
23.2789	12.5084
23.2871	12.5166
23.2871	12.5247
23.2952	12.5247
23.2952	12.5329
23.3034	12.5329
23.3034	12.5411
23.3034	12.5492
23.3034	12.5574
23.3115	12.5574
23.3115	12.5655
23.3197	12.5655
23.3197	12.5737
23.3197	12.5900
23.3278	12.5982
23.3278	12.6063
23.3278	12.6145
23.3360	12.6227
23.3360	12.6308
23.3360	12.6390
23.3360	12.6471
23.3360	12.6553
23.3442	12.6635
23.3442	12.6716
23.3523	12.6716
23.3523	12.6798
23.3523	12.6879
23.3523	12.6961
23.3523	12.7043
23.3605	12.7043
23.3605	12.7124
23.3605	12.7206
23.3605	12.7287
23.3605	12.7369
23.3605	12.7451
23.3605	12.7532
23.3605	12.7614
23.3605	12.7695
23.3605	12.7777
23.3605	12.7858
23.3686	12.7940
23.3686	12.8022
23.3686	12.8103
23.3686	12.8185
23.3686	12.8266
23.3686	12.8348
23.3686	12.8430
23.3768	12.8430
23.3768	12.8511
23.3768	12.8593
23.3768	12.8674
23.3768	12.8756
23.3768	12.8838
23.3768	12.8919
23.3768	12.9001
23.3850	12.9001
23.3850	12.9082
23.3850	12.9164
23.3850	12.9246
23.3931	12.9246
23.3931	12.9327
23.4013	12.9327
23.4013	12.9409
23.4013	12.9490
23.4013	12.9572
23.4094	12.9572
23.4094	12.9654
23.4176	12.9654
23.4176	12.9735
23.4258	12.9735
23.4258	12.9817
23.4258	12.9898
23.4258	12.9980
23.4339	12.9980
23.4339	13.0062
23.4421	13.0062
23.4502	13.0143
23.4502	13.0225
23.4584	13.0225
23.4584	13.0306
23.4666	13.0306
23.4666	13.0388
23.4747	13.0469
23.4747	13.0551
23.4747	13.0633
23.4829	13.0714
23.4910	13.0714
23.4910	13.0877
23.4992	13.0959
23.5074	13.1041
23.5074	13.1122
23.5155	13.1204
23.5237	13.1285
23.5237	13.1367
23.5318	13.1367
23.5318	13.1530
23.5400	13.1530
23.5400	13.1612
23.5482	13.1693
23.5563	13.1693
23.5563	13.1775
23.5563	13.1857
23.5645	13.1857
23.5645	13.1938
23.5726	13.2020
23.5808	13.2020
23.5808	13.2101
23.5808	13.2183
23.5889	13.2183
23.5889	13.2265
23.5971	13.2265
23.5971	13.2346
23.6053	13.2346
23.6053	13.2428
23.6053	13.2509
23.6053	13.2591
23.6134	13.2591
23.6216	13.2673
23.6216	13.2754
23.6297	13.2754
23.6297	13.2836
23.6297	13.2917
23.6379	13.2917
23.6379	13.2999
23.6461	13.2999
23.6542	13.2999
23.6542	13.3081
23.6624	13.3081
23.6624	13.3162
23.6705	13.3162
23.6705	13.3244
23.6787	13.3244
23.6869	13.3244
23.6869	13.3325
23.6950	13.3325
23.6950	13.3407
23.7032	13.3407
23.7113	13.3407
23.7113	13.3488
23.7195	13.3488
23.7195	13.3570
23.7277	13.3570
23.7277	13.3652
23.7358	13.3652
23.7358	13.3733
23.7440	13.3733
23.7440	13.3815
23.7521	13.3815
23.7521	13.3896
23.7603	13.3896
23.7603	13.3978
23.7685	13.3978
23.7766	13.3978
23.7766	13.4060
23.7848	13.4060
23.7929	13.4060
23.7929	13.4141
23.8011	13.4223
23.8093	13.4223
23.8093	13.4304
23.8174	13.4304
23.8256	13.4304
23.8256	13.4386
23.8337	13.4386
23.8419	13.4386
23.8419	13.4468
23.8501	13.4468
23.8501	13.4549
23.8582	13.4549
23.8664	13.4631
23.8745	13.4631
23.8745	13.4712
23.8908	13.4712
23.8990	13.4794
23.9072	13.4876
23.9153	13.4876
23.9235	13.4957
23.9316	13.4957
23.9398	13.4957
23.9398	13.5039
23.9480	13.5039
23.9561	13.5039
23.9561	13.5120
23.9643	13.5120
23.9724	13.5120
23.9806	13.5202
23.9888	13.5202
23.9888	13.5284
23.9969	13.5284
24.0051	13.5284
24.0132	13.5284
24.0214	13.5284
24.0296	13.5284
24.0296	13.5365
24.0377	13.5365
24.0459	13.5365
24.0540	13.5365
24.0622	13.5365
24.0704	13.5365
24.0785	13.5447
24.0867	13.5447
24.0948	13.5447
24.1030	13.5447
24.1112	13.5528
24.1275	13.5610
24.1356	13.5610
24.1438	13.5610
24.1601	13.5692
24.1683	13.5692
24.1846	13.5692
24.1927	13.5773
24.2091	13.5773
24.2172	13.5855
24.2335	13.5936
24.2499	13.5936
24.2580	13.5936
24.2662	13.6018
24.2743	13.6018
24.2825	13.6018
24.2907	13.6100
24.2988	13.6100
24.3070	13.6100
24.3233	13.6100
24.3233	13.6181
24.3315	13.6181
24.3396	13.6181
24.3478	13.6263
24.3559	13.6263
24.3641	13.6263
24.3723	13.6263
24.3723	13.6344
24.3804	13.6344
24.3886	13.6344
24.3967	13.6344
24.4049	13.6344
24.4049	13.6426
24.4131	13.6426
24.4212	13.6426
24.4212	13.6507
24.4294	13.6507
24.4294	13.6589
24.4375	13.6589
24.4375	13.6671
24.4457	13.6671
24.4457	13.6752
24.4539	13.6752
24.4539	13.6834
24.4539	13.6915
24.4620	13.6915
24.4620	13.6997
24.4702	13.6997
24.4702	13.7079
24.4702	13.7160
24.4865	13.7242
24.4865	13.7323
24.4946	13.7323
24.4946	13.7405
24.5028	13.7405
24.5028	13.7487
24.5028	13.7568
24.5110	13.7568
24.5191	13.7568
24.5191	13.7650
24.5273	13.7731
24.5273	13.7813
24.5354	13.7895
24.5436	13.7895
24.5436	13.7976
24.5518	13.8058
24.5599	13.8058
24.5599	13.8139
24.5599	13.8221
24.5681	13.8303
24.5681	13.8384
24.5762	13.8384
24.5844	13.8466
24.5926	13.8547
24.5926	13.8629
24.6007	13.8629
24.6007	13.8711
24.6089	13.8711
24.6089	13.8792
24.6170	13.8874
24.6170	13.8955
24.6252	13.8955
24.6252	13.9037
24.6334	13.9119
24.6334	13.9200
24.6334	13.9282
24.6415	13.9282
24.6415	13.9363
24.6497	13.9363
24.6497	13.9445
24.6578	13.9445
24.6578	13.9526
24.6660	13.9526
24.6660	13.9608
24.6742	13.9608
24.6742	13.9690
24.6742	13.9771
24.6823	13.9771
24.6905	13.9771
24.6905	13.9853
24.6905	13.9934
24.6986	13.9934
24.6986	14.0016
24.7068	14.0016
24.7068	14.0098
24.7068	14.0179
24.7068	14.0261
24.7150	14.0261
24.7231	14.0342
24.7231	14.0424
24.7231	14.0506
24.7313	14.0506
24.7313	14.0587
24.7313	14.0669
24.7313	14.0750
24.7313	14.0832
24.7313	14.0914
24.7394	14.0914
24.7394	14.0995
24.7394	14.1077
24.7394	14.1158
24.7394	14.1240
24.7394	14.1322
24.7394	14.1403
24.7394	14.1485
24.7476	14.1485
24.7476	14.1566
24.7476	14.1648
24.7476	14.1730
24.7558	14.1730
24.7558	14.1811
24.7639	14.1811
24.7639	14.1893
24.7639	14.1974
24.7639	14.2056
24.7721	14.2056
24.7721	14.2137
24.7721	14.2219
24.7721	14.2301
24.7721	14.2382
24.7721	14.2464
24.7802	14.2464
24.7802	14.2545
24.7884	14.2545
24.7884	14.2627
24.7965	14.2627
24.7965	14.2709
24.7965	14.2790
24.8047	14.2790
24.8047	14.2872
24.8129	14.2953
24.8129	14.3035
24.8210	14.3035
24.8210	14.3117
24.8292	14.3198
24.8292	14.3280
24.8373	14.3280
24.8373	14.3361
24.8455	14.3443
24.8537	14.3525
24.8537	14.3606
24.8618	14.3688
24.8700	14.3688
24.8700	14.3769
24.8700	14.3851
24.8781	14.3933
24.8781	14.4014
24.8863	14.4014
24.8863	14.4096
24.8945	14.4096
24.8945	14.4177
24.8945	14.4259
24.8945	14.4341
24.9026	14.4341
24.9026	14.4422
24.9108	14.4422
24.9108	14.4504
24.9108	14.4585
24.9189	14.4585
24.9189	14.4667
24.9271	14.4667
24.9271	14.4749
24.9353	14.4749
24.9353	14.4830
24.9353	14.4912
24.9353	14.4993
24.9434	14.4993
24.9434	14.5075
24.9516	14.5075
24.9516	14.5156
24.9597	14.5156
24.9597	14.5238
24.9597	14.5320
24.9679	14.5320
24.9679	14.5401
24.9761	14.5401
24.9761	14.5483
24.9761	14.5564
24.9842	14.5564
24.9924	14.5564
24.9924	14.5646
24.9924	14.5728
25.0005	14.5809
25.0005	14.5891
25.0005	14.5972
25.0087	14.5972
25.0087	14.6054
25.0169	14.6136
25.0250	14.6299
25.0250	14.6380
25.0332	14.6462
25.0413	14.6544
25.0495	14.6625
25.0576	14.6707
25.0576	14.6788
25.0576	14.6870
25.0658	14.6952
25.0740	14.7033
25.0821	14.7115
25.0903	14.7196
25.0984	14.7196
25.0984	14.7278
25.0984	14.7360
25.1066	14.7360
25.1066	14.7441
25.1066	14.7523
25.1066	14.7604
25.1066	14.7686
25.1066	14.7768
25.1148	14.7768
25.1148	14.7849
25.1148	14.7931
25.1148	14.8012
25.1229	14.8094
25.1229	14.8175
25.1311	14.8257
25.1311	14.8339
25.1311	14.8420
25.1311	14.8502
25.1392	14.8583
25.1392	14.8665
25.1392	14.8747
25.1392	14.8828
25.1474	14.8910
25.1474	14.8991
25.1474	14.9073
25.1474	14.9155
25.1474	14.9236
25.1474	14.9318
25.1556	14.9399
25.1556	14.9481
25.1637	14.9481
25.1637	14.9563
25.1637	14.9644
25.1637	14.9726
25.1637	14.9807
25.1719	14.9807
25.1719	14.9889
25.1719	14.9971
25.1719	15.0052
25.1719	15.0134
25.1800	15.0134
25.1800	15.0215
25.1800	15.0297
25.1800	15.0379
25.1800	15.0460
25.1800	15.0542
25.1882	15.0623
25.1882	15.0705
25.1964	15.0705
25.1964	15.0787
25.1964	15.0868
25.1964	15.0950
25.1964	15.1031
25.1964	15.1113
25.1964	15.1194
25.1964	15.1276
25.1964	15.1358
25.1964	15.1439
25.1964	15.1521
25.1964	15.1602
25.1964	15.1684
25.1964	15.1766
25.1964	15.1847
25.1964	15.1929
25.1964	15.2010
25.1964	15.2092
25.1964	15.2174
25.1964	15.2255
25.1964	15.2337
25.1964	15.2418
25.1964	15.2500
25.1964	15.2582
25.1964	15.2663
25.1964	15.2745
25.1964	15.2826
25.1964	15.2908
25.1964	15.2990
25.1964	15.3071
25.1964	15.3153
25.1964	15.3234
25.1964	15.3316
25.1964	15.3398
25.1964	15.3479
25.1964	15.3561
25.1964	15.3642
25.1964	15.3724
25.1882	15.3724
25.1882	15.3806
25.1882	15.3887
25.1882	15.3969
25.1882	15.4050
25.1800	15.4050
25.1800	15.4132
25.1800	15.4213
25.1800	15.4295
25.1800	15.4377
25.1800	15.4458
25.1719	15.4458
25.1719	15.4540
25.1719	15.4621
25.1719	15.4703
25.1719	15.4785
25.1637	15.4785
25.1637	15.4866
25.1637	15.4948
25.1637	15.5029
25.1637	15.5111
25.1637	15.5193
25.1556	15.5193
25.1556	15.5274
25.1474	15.5274
25.1474	15.5356
25.1474	15.5437
25.1474	15.5519
25.1392	15.5519
25.1392	15.5601
25.1392	15.5682
25.1311	15.5764
25.1229	15.5845
25.1229	15.5927
25.1229	15.6009
25.1148	15.6090
25.1148	15.6172
25.1148	15.6253
25.1148	15.6335
25.1066	15.6417
25.1066	15.6498
25.1066	15.6580
25.1066	15.6661
25.1066	15.6743
25.1066	15.6824
25.0984	15.6824
25.0984	15.6906
25.0984	15.6988
25.0984	15.7069
25.0984	15.7151
25.0984	15.7232
25.0903	15.7314
25.0903	15.7396
25.0903	15.7477
25.0821	15.7559
25.0821	15.7640
25.0821	15.7722
25.0821	15.7804
25.0740	15.7885
25.0740	15.7967
25.0740	15.8048
25.0740	15.8130
25.0740	15.8212
25.0658	15.8212
25.0658	15.8293
25.0658	15.8375
25.0658	15.8456
25.0658	15.8538
25.0658	15.8620
25.0658	15.8701
25.0658	15.8783
25.0658	15.8864
25.0658	15.8946
25.0658	15.9028
25.0576	15.9109
25.0576	15.9191
25.0576	15.9272
25.0495	15.9272
25.0495	15.9354
25.0495	15.9436
25.0495	15.9517
25.0413	15.9599
25.0413	15.9680
25.0413	15.9762
25.0413	15.9843
25.0413	15.9925
25.0413	16.0007
25.0413	16.0088
25.0413	16.0170
25.0413	16.0251
25.0413	16.0333
25.0413	16.0415
25.0332	16.0496
25.0332	16.0578
25.0332	16.0659
25.0332	16.0741
25.0332	16.0823
25.0250	16.0904
25.0169	16.0986
25.0169	16.1067
25.0169	16.1149
25.0087	16.1231
25.0087	16.1312
25.0087	16.1394
25.0087	16.1475
25.0005	16.1557
25.0005	16.1639
25.0005	16.1720
24.9924	16.1802
24.9924	16.1883
24.9842	16.1965
24.9842	16.2047
24.9842	16.2128
24.9842	16.2210
24.9761	16.2210
24.9761	16.2291
24.9761	16.2373
24.9761	16.2455
24.9679	16.2455
24.9679	16.2536
24.9679	16.2618
24.9679	16.2699
24.9679	16.2781
24.9597	16.2862
24.9597	16.2944
24.9597	16.3026
24.9516	16.3026
24.9516	16.3189
24.9516	16.3270
24.9516	16.3352
24.9516	16.3434
24.9434	16.3515
24.9434	16.3597
24.9434	16.3678
24.9434	16.3760
24.9434	16.3842
24.9434	16.3923
24.9434	16.4005
24.9353	16.4168
24.9271	16.4250
24.9271	16.4331
24.9189	16.4413
24.9189	16.4494
24.9108	16.4658
24.9108	16.4739
24.9108	16.4821
24.9026	16.4902
24.9026	16.5066
24.8945	16.5066
24.8863	16.5147
24.8863	16.5229
24.8781	16.5310
24.8781	16.5392
24.8781	16.5474
24.8700	16.5474
24.8700	16.5637
24.8618	16.5718
24.8537	16.5800
24.8537	16.5881
24.8455	16.6045
24.8455	16.6126
24.8373	16.6126
24.8373	16.6289
24.8292	16.6371
24.8210	16.6453
24.8129	16.6534
24.8129	16.6616
24.8129	16.6779
24.8047	16.6861
24.7965	16.6942
24.7884	16.7024
24.7884	16.7187
24.7884	16.7269
24.7802	16.7269
24.7802	16.7432
24.7802	16.7513
24.7721	16.7677
24.7721	16.7758
24.7639	16.7840
24.7558	16.7921
24.7558	16.8085
24.7558	16.8166
24.7476	16.8166
24.7476	16.8248
24.7476	16.8329
24.7476	16.8411
24.7476	16.8492
24.7394	16.8492
24.7394	16.8574
24.7394	16.8656
24.7394	16.8737
24.7313	16.8737
24.7313	16.8819
24.7313	16.8900
24.7231	16.8900
24.7231	16.8982
24.7231	16.9064
24.7150	16.9064
24.7150	16.9145
24.7068	16.9145
24.6986	16.9145
24.6905	16.9145
24.6823	16.9145
24.6823	16.9227
24.6742	16.9227
24.6742	16.9308
24.6742	16.9390
24.6660	16.9390
24.6578	16.9390
24.6497	16.9390
24.6497	16.9472
24.6415	16.9472
24.6415	16.9553
24.6334	16.9553
24.6334	16.9635
24.6334	16.9716
24.6252	16.9716
24.6170	16.9798
24.6089	16.9798
24.6089	16.9880
24.6007	16.9961
24.6007	17.0043
24.5926	17.0043
24.5926	17.0124
24.5844	17.0124
24.5844	17.0206
24.5762	17.0206
24.5762	17.0288
24.5681	17.0288
24.5681	17.0369
24.5599	17.0369
24.5599	17.0451
24.5518	17.0451
24.5518	17.0532
24.5436	17.0532
24.5436	17.0614
24.5354	17.0614
24.5354	17.0696
24.5354	17.0777
24.5273	17.0777
24.5191	17.0859
24.5191	17.0940
24.5110	17.0940
24.5028	17.0940
24.5028	17.1022
24.5028	17.1104
24.4946	17.1104
24.4946	17.1185
24.4865	17.1185
24.4783	17.1185
24.4783	17.1267
24.4702	17.1267
24.4702	17.1348
24.4702	17.1430
24.4702	17.1511
24.4702	17.1593
24.4620	17.1675
24.4620	17.1756
24.4620	17.1838
24.4539	17.1919
24.4539	17.2001
24.4457	17.2083
24.4375	17.2164
24.4375	17.2246
24.4294	17.2246
24.4212	17.2327
24.4212	17.2409
24.4131	17.2409
24.4131	17.2491
24.4049	17.2491
24.3967	17.2491
24.3967	17.2572
24.3886	17.2572
24.3804	17.2654
24.3804	17.2735
24.3723	17.2735
24.3641	17.2735
24.3559	17.2817
24.3478	17.2817
24.3396	17.2817
24.3315	17.2899
24.3233	17.2980
24.3151	17.3062
24.3070	17.3062
24.3070	17.3143
24.2988	17.3225
24.2907	17.3225
24.2907	17.3307
24.2825	17.3307
24.2825	17.3388
24.2743	17.3388
24.2743	17.3470
24.2662	17.3470
24.2662	17.3551
24.2580	17.3551
24.2499	17.3551
24.2499	17.3633
24.2417	17.3633
24.2417	17.3715
24.2335	17.3715
24.2335	17.3796
24.2254	17.3796
24.2254	17.3878
24.2172	17.3878
24.2091	17.3878
24.2091	17.3959
24.2091	17.4041
24.2009	17.4041
24.2009	17.4123
24.1927	17.4123
24.1927	17.4204
24.1846	17.4204
24.1846	17.4286
24.1764	17.4367
24.1764	17.4449
24.1683	17.4449
24.1683	17.4530
24.1601	17.4530
24.1601	17.4612
24.1520	17.4612
24.1520	17.4694
24.1438	17.4694
24.1438	17.4775
24.1438	17.4857
24.1356	17.4857
24.1275	17.4857
24.1275	17.4938
24.1193	17.4938
24.1112	17.5020
24.1030	17.5102
24.0948	17.5102
24.0867	17.5183
24.0785	17.5183
24.0704	17.5265
24.0622	17.5265
24.0622	17.5346
24.0622	17.5428
24.0459	17.5428
24.0459	17.5510
24.0377	17.5510
24.0377	17.5591
24.0296	17.5591
24.0214	17.5591
24.0132	17.5591
24.0132	17.5673
24.0132	17.5754
24.0051	17.5754
24.0051	17.5836
23.9969	17.5836
23.9969	17.5918
23.9888	17.5918
23.9806	17.6081
23.9724	17.6081
23.9724	17.6162
23.9643	17.6162
23.9643	17.6244
23.9561	17.6244
23.9480	17.6326
23.9398	17.6407
23.9316	17.6407
23.9316	17.6489
23.9235	17.6489
23.9235	17.6570
23.9153	17.6570
23.9072	17.6570
23.9072	17.6652
23.8990	17.6734
23.8990	17.6815
23.8908	17.6815
23.8827	17.6897
23.8745	17.6897
23.8745	17.6978
23.8664	17.6978
23.8664	17.7060
23.8582	17.7060
23.8582	17.7142
23.8501	17.7223
23.8419	17.7223
23.8419	17.7305
23.8337	17.7305
23.8337	17.7386
23.8337	17.7468
23.8256	17.7468
23.8174	17.7549
23.8093	17.7549
23.8093	17.7631
23.8011	17.7631
23.7929	17.7713
23.7848	17.7794
23.7766	17.7794
23.7766	17.7876
23.7685	17.7876
23.7685	17.7957
23.7603	17.7957
23.7603	17.8039
23.7603	17.8121
23.7521	17.8121
23.7521	17.8202
23.7440	17.8202
23.7440	17.8284
23.7358	17.8284
23.7358	17.8365
23.7277	17.8365
23.7277	17.8447
23.7195	17.8447
23.7195	17.8529
23.7113	17.8529
23.7032	17.8529
23.7032	17.8610
23.6950	17.8610
23.6869	17.8610
23.6869	17.8692
23.6787	17.8692
23.6787	17.8773
23.6705	17.8773
23.6705	17.8855
23.6624	17.8855
23.6542	17.8855
23.6542	17.8937
23.6542	17.9018
23.6461	17.9018
23.6379	17.9018
23.6379	17.9100
23.6297	17.9100
23.6297	17.9181
23.6216	17.9181
23.6216	17.9263
23.6134	17.9263
23.6053	17.9263
23.6053	17.9345
23.5971	17.9426
23.5971	17.9508
23.5889	17.9508
23.5889	17.9589
23.5808	17.9589
23.5726	17.9589
23.5726	17.9671
23.5645	17.9671
23.5645	17.9753
23.5645	17.9834
23.5563	17.9834
23.5563	17.9916
23.5482	17.9916
23.5400	17.9916
23.5400	17.9997
23.5318	17.9997
23.5318	18.0079
23.5237	18.0079
23.5237	18.0161
23.5155	18.0161
23.5155	18.0242
23.5074	18.0242
23.4992	18.0242
23.4992	18.0324
23.4910	18.0324
23.4910	18.0405
23.4829	18.0405
23.4747	18.0487
23.4666	18.0487
23.4666	18.0568
23.4584	18.0568
23.4502	18.0568
23.4502	18.0650
23.4421	18.0650
23.4339	18.0650
23.4339	18.0732
23.4258	18.0732
23.4258	18.0813
23.4176	18.0813
23.4176	18.0895
23.4094	18.0895
23.4013	18.0895
23.4013	18.0976
23.3931	18.0976
23.3850	18.1058
23.3768	18.1058
23.3686	18.1140
23.3605	18.1140
23.3523	18.1140
23.3523	18.1221
23.3442	18.1221
23.3360	18.1221
23.3360	18.1303
23.3278	18.1303
23.3197	18.1303
23.3197	18.1384
23.3115	18.1384
23.3115	18.1466
23.3034	18.1466
23.2952	18.1466
23.2871	18.1466
23.2871	18.1548
23.2789	18.1548
23.2707	18.1548
23.2626	18.1548
23.2544	18.1548
23.2463	18.1548
23.2381	18.1548
23.2299	18.1548
23.2299	18.1629
23.2218	18.1629
23.2136	18.1629
23.2055	18.1629
23.1973	18.1629
23.1891	18.1629
23.1810	18.1711
23.1728	18.1711
23.1647	18.1711
23.1565	18.1711
23.1483	18.1711
23.1483	18.1792
23.1402	18.1792
23.1320	18.1792
23.1239	18.1792
23.1157	18.1792
23.1157	18.1874
23.1075	18.1874
23.0994	18.1874
23.0912	18.1874
23.0831	18.1874
23.0749	18.1956
23.0667	18.1956
23.0586	18.1956
23.0504	18.1956
23.0423	18.1956
23.0423	18.2037
23.0341	18.2037
23.0259	18.2037
23.0259	18.2119
23.0178	18.2119
23.0178	18.2200
23.0096	18.2200
23.0015	18.2200
22.9933	18.2200
22.9933	18.2282
22.9852	18.2282
22.9770	18.2282
22.9688	18.2282
22.9607	18.2364
22.9525	18.2364
22.9444	18.2364
22.9362	18.2445
22.9280	18.2445
22.9280	18.2527
22.9199	18.2527
22.9117	18.2527
22.8954	18.2608
22.8872	18.2608
22.8872	18.2690
22.8791	18.2690
22.8709	18.2690
22.8628	18.2690
22.8546	18.2690
22.8546	18.2772
22.8464	18.2772
22.8383	18.2772
22.8383	18.2853
22.8301	18.2853
22.8220	18.2853
22.8138	18.2853
22.8138	18.2935
22.7975	18.2935
22.7893	18.2935
22.7812	18.2935
22.7812	18.3016
22.7730	18.3016
22.7648	18.3016
22.7567	18.3098
22.7485	18.3098
22.7485	18.3179
22.7404	18.3179
22.7322	18.3179
22.7240	18.3179
22.7240	18.3261
22.7159	18.3261
22.7077	18.3261
22.6996	18.3261
22.6996	18.3343
22.6914	18.3343
22.6833	18.3343
22.6833	18.3424
22.6751	18.3424
22.6669	18.3424
22.6588	18.3506
22.6506	18.3506
22.6425	18.3587
22.6343	18.3587
22.6261	18.3587
22.6180	18.3669
22.6098	18.3669
22.6098	18.3751
22.5935	18.3751
22.5853	18.3751
22.5853	18.3832
22.5772	18.3832
22.5690	18.3832
22.5609	18.3914
22.5527	18.3914
22.5445	18.3914
22.5364	18.3995
22.5282	18.3995
22.5201	18.3995
22.5119	18.3995
22.5119	18.4077
22.4956	18.4077
22.4874	18.4159
22.4793	18.4159
22.4711	18.4159
22.4629	18.4240
22.4548	18.4240
22.4466	18.4240
22.4466	18.4322
22.4385	18.4322
22.4303	18.4322
22.4303	18.4403
22.4221	18.4403
22.4140	18.4403
22.4140	18.4485
22.4058	18.4485
22.3977	18.4485
22.3895	18.4567
22.3814	18.4567
22.3732	18.4567
22.3732	18.4648
22.3569	18.4648
22.3487	18.4648
22.3406	18.4648
22.3324	18.4648
22.3242	18.4648
22.3161	18.4730
22.3079	18.4730
22.2998	18.4730
22.2916	18.4730
22.2834	18.4730
22.2834	18.4811
22.2753	18.4811
22.2671	18.4893
22.2590	18.4893
22.2508	18.4893
22.2426	18.4893
22.2345	18.4975
22.2263	18.4975
22.2182	18.4975
22.2100	18.4975
22.2018	18.4975
22.1937	18.4975
22.1937	18.5056
22.1855	18.5056
22.1774	18.5056
22.1692	18.5056
22.1610	18.5056
22.1529	18.5056
22.1447	18.5056
22.1366	18.5056
22.1284	18.5056
22.1203	18.5056
22.1203	18.5138
22.1121	18.5138
22.1039	18.5138
22.0958	18.5138
22.0876	18.5138
22.0795	18.5138
22.0713	18.5138
22.0713	18.5219
22.0631	18.5219
22.0550	18.5219
22.0468	18.5219
22.0387	18.5219
22.0305	18.5219
22.0223	18.5219
22.0142	18.5219
22.0060	18.5219
21.9979	18.5219
21.9897	18.5219
21.9815	18.5219
21.9734	18.5219
21.9652	18.5219
21.9571	18.5219
21.9489	18.5219
21.9407	18.5219
21.9326	18.5219
21.9244	18.5219
21.9163	18.5219
21.9081	18.5138
21.8999	18.5138
21.8918	18.5138
21.8836	18.5138
21.8755	18.5138
21.8673	18.5138
21.8591	18.5138
21.8510	18.5138
21.8428	18.5138
21.8347	18.5138
21.8265	18.5056
21.8184	18.5056
21.8102	18.5056
21.8020	18.5056
21.7939	18.5056
21.7939	18.4975
21.7857	18.4975
21.7776	18.4975
21.7694	18.4975
21.7612	18.4975
21.7531	18.4975
21.7531	18.4893
21.7449	18.4893
21.7368	18.4893
21.7286	18.4893
21.7204	18.4811
21.7123	18.4811
21.7041	18.4811
21.6960	18.4811
21.6878	18.4811
21.6796	18.4811
21.6633	18.4811
21.6552	18.4730
21.6470	18.4730
21.6307	18.4730
21.6144	18.4730
21.6062	18.4730
21.5899	18.4648
21.5817	18.4648
21.5736	18.4648
21.5572	18.4648
21.5491	18.4648
21.5409	18.4567
21.5328	18.4567
21.5246	18.4567
21.5165	18.4485
21.5083	18.4485
21.5083	18.4403
21.5001	18.4403
21.4920	18.4403
21.4838	18.4403
21.4757	18.4403
21.4675	18.4403
21.4593	18.4403
21.4512	18.4403
21.4430	18.4403
21.4430	18.4322
21.4349	18.4322
21.4267	18.4322
21.4185	18.4322
21.4104	18.4322
21.4022	18.4322
21.3941	18.4240
21.3859	18.4240
21.3777	18.4240
21.3696	18.4240
21.3614	18.4240
21.3533	18.4240
21.3533	18.4159
21.3451	18.4159
21.3369	18.4159
21.3288	18.4159
21.3206	18.4077
21.3125	18.4077
21.3043	18.4077
21.2961	18.4077
21.2880	18.3995
21.2798	18.3995
21.2717	18.3995
21.2635	18.3995
21.2553	18.3914
21.2472	18.3914
21.2390	18.3832
21.2309	18.3832
21.2227	18.3751
21.2146	18.3751
21.2064	18.3751
21.1982	18.3669
21.1901	18.3669
21.1819	18.3669
21.1738	18.3669
21.1656	18.3587
21.1574	18.3587
21.1493	18.3587
21.1411	18.3587
21.1411	18.3506
21.1330	18.3506
21.1248	18.3506
21.1166	18.3506
21.1166	18.3424
21.1085	18.3424
21.1003	18.3424
21.0922	18.3424
21.0840	18.3424
21.0758	18.3424
21.0758	18.3343
21.0677	18.3343
21.0595	18.3343
21.0514	18.3343
21.0432	18.3343
21.0350	18.3343
21.0269	18.3343
21.0187	18.3261
21.0106	18.3261
21.0024	18.3261
20.9942	18.3261
20.9861	18.3261
20.9779	18.3261
20.9698	18.3261
20.9616	18.3261
20.9534	18.3261
20.9534	18.3179
20.9453	18.3179
20.9371	18.3179
20.9290	18.3179
20.9290	18.3098
20.9208	18.3098
20.9127	18.3098
20.9045	18.3098
20.8963	18.3098
20.8882	18.3098
20.8800	18.3098
20.8719	18.3098
20.8719	18.3016
20.8637	18.3016
20.8555	18.3016
20.8474	18.3016
20.8392	18.3016
20.8311	18.3016
20.8229	18.3016
20.8147	18.3016
20.8066	18.3016
20.8066	18.2935
20.7984	18.2935
20.7903	18.2935
20.7821	18.2935
20.7739	18.2935
20.7658	18.2935
20.7495	18.2935
20.7413	18.2853
20.7331	18.2853
20.7250	18.2853
20.7168	18.2853
20.7087	18.2772
20.7005	18.2772
20.6923	18.2772
20.6842	18.2772
20.6760	18.2772
20.6679	18.2772
20.6597	18.2772
20.6516	18.2772
20.6434	18.2772
20.6434	18.2690
20.6352	18.2690
20.6271	18.2690
20.6189	18.2690
20.6108	18.2690
20.6026	18.2690
20.5944	18.2690
20.5863	18.2690
20.5781	18.2690
20.5700	18.2690
20.5700	18.2608
20.5618	18.2608
20.5536	18.2608
20.5455	18.2608
20.5373	18.2608
20.5292	18.2608
20.5210	18.2608
20.5128	18.2608
20.5047	18.2608
20.4965	18.2608
20.4884	18.2608
20.4802	18.2527
20.4720	18.2527
20.4720	18.2445
20.4639	18.2445
20.4557	18.2445
20.4476	18.2445
20.4394	18.2445
20.4312	18.2445
20.4231	18.2445
20.4149	18.2445
20.4068	18.2445
20.3986	18.2364
20.3904	18.2364
20.3823	18.2364
20.3741	18.2364
20.3578	18.2364
20.3497	18.2364
20.3415	18.2364
20.3333	18.2282
20.3252	18.2282
20.3089	18.2282
20.3007	18.2282
20.2925	18.2282
20.2844	18.2282
20.2762	18.2282
20.2681	18.2282
20.2681	18.2200
20.2599	18.2200
20.2517	18.2200
20.2436	18.2200
20.2354	18.2200
20.2354	18.2119
20.2273	18.2119
20.2191	18.2119
20.2109	18.2119
20.2109	18.2037
20.2028	18.2037
20.1946	18.2037
20.1865	18.2037
20.1783	18.2037
20.1701	18.2037
20.1701	18.1956
20.1620	18.1956
20.1538	18.1956
20.1457	18.1956
20.1375	18.1956
20.1293	18.1956
20.1293	18.1874
20.1212	18.1874
20.1130	18.1874
20.1049	18.1874
20.1049	18.1792
20.0967	18.1792
20.0967	18.1711
20.0885	18.1711
20.0804	18.1711
20.0722	18.1711
20.0722	18.1629
20.0641	18.1629
20.0559	18.1629
20.0559	18.1548
20.0478	18.1548
20.0396	18.1548
20.0314	18.1548
20.0314	18.1466
20.0233	18.1384
20.0151	18.1384
20.0070	18.1303
19.9988	18.1303
19.9906	18.1221
19.9825	18.1221
19.9743	18.1140
19.9743	18.1058
19.9662	18.1058
19.9580	18.1058
19.9580	18.0976
19.9417	18.0976
19.9417	18.0895
19.9335	18.0895
19.9254	18.0813
19.9254	18.0732
19.9172	18.0732
19.9090	18.0732
19.9009	18.0650
19.8927	18.0568
19.8846	18.0568
19.8764	18.0568
19.8764	18.0487
19.8682	18.0405
19.8601	18.0405
19.8601	18.0324
19.8519	18.0324
19.8438	18.0324
19.8438	18.0242
19.8356	18.0242
19.8274	18.0242
19.8274	18.0161
19.8193	18.0079
19.8111	18.0079
19.8030	17.9997
19.7948	17.9997
19.7948	17.9916
19.7866	17.9916
19.7785	17.9916
19.7703	17.9834
19.7703	17.9753
19.7622	17.9753
19.7622	17.9671
19.7540	17.9671
19.7459	17.9671
19.7377	17.9589
19.7295	17.9589
19.7214	17.9589
19.7214	17.9508
19.7132	17.9508
19.7051	17.9508
19.7051	17.9426
19.6887	17.9426
19.6887	17.9345
19.6724	17.9345
19.6643	17.9263
19.6561	17.9263
19.6479	17.9263
19.6398	17.9181
19.6316	17.9181
19.6235	17.9100
19.6153	17.9100
19.6071	17.9100
19.5990	17.9018
19.5908	17.9018
19.5827	17.9018
19.5745	17.8937
19.5663	17.8937
19.5582	17.8937
19.5582	17.8855
19.5500	17.8855
19.5419	17.8855
19.5337	17.8773
19.5255	17.8773
19.5174	17.8692
19.5092	17.8692
19.4929	17.8610
19.4848	17.8610
19.4684	17.8529
19.4603	17.8529
19.4440	17.8447
19.4276	17.8365
19.4195	17.8365
19.4032	17.8284
19.3950	17.8284
19.3868	17.8284
19.3787	17.8202
19.3624	17.8202
19.3542	17.8202
19.3460	17.8121
19.3379	17.8039
19.3297	17.8039
19.3216	17.8039
19.3134	17.8039
19.3052	17.7957
19.2971	17.7957
19.2889	17.7957
19.2889	17.7876
19.2808	17.7876
19.2726	17.7876
19.2644	17.7876
19.2644	17.7794
19.2563	17.7794
19.2481	17.7713
19.2400	17.7713
19.2318	17.7631
19.2236	17.7631
19.2155	17.7631
19.2155	17.7549
19.1992	17.7468
19.1910	17.7468
19.1829	17.7386
19.1747	17.7386
19.1665	17.7305
19.1584	17.7305
19.1502	17.7305
19.1502	17.7223
19.1421	17.7223
19.1257	17.7223
19.1176	17.7142
19.1094	17.7060
19.1013	17.7060
19.0931	17.7060
19.0360	17.6815
19.0278	17.6734
19.0197	17.6734
19.0033	17.6652
18.9952	17.6570
18.9789	17.6570
18.9707	17.6489
18.9625	17.6489
18.9544	17.6407
18.9381	17.6326
18.9299	17.6326
18.9299	17.6244
18.9217	17.6244
18.9136	17.6244
18.9054	17.6162
18.8973	17.6162
18.8973	17.6081
18.8891	17.6081
18.8891	17.5999
18.8810	17.5999
18.8728	17.5918
18.8646	17.5918
18.8565	17.5918
18.8483	17.5836
18.8483	17.5754
18.8320	17.5673
18.8238	17.5591
18.8157	17.5591
18.8075	17.5428
18.7994	17.5346
18.7912	17.5346
18.7830	17.5265
18.7830	17.5183
18.7749	17.5183
18.7667	17.5102
18.7667	17.5020
18.7586	17.5020
18.7504	17.5020
18.7504	17.4938
18.7422	17.4857
18.7341	17.4857
18.7341	17.4775
18.7341	17.4694
18.7259	17.4694
18.7178	17.4612
18.7178	17.4530
18.7014	17.4530
18.7014	17.4449
18.7014	17.4367
18.6933	17.4286
18.6851	17.4286
18.6851	17.4204
18.6688	17.4123
18.6688	17.4041
18.6606	17.3959
18.6606	17.3878
18.6525	17.3796
18.6443	17.3796
18.6443	17.3633
18.6280	17.3551
18.6198	17.3551
18.6198	17.3470
18.6117	17.3388
18.6035	17.3307
18.6035	17.3225
18.5954	17.3225
18.5954	17.3143
18.5872	17.3143
18.5872	17.3062
18.5791	17.2980
18.5709	17.2980
18.5709	17.2899
18.5627	17.2899
18.5627	17.2817
18.5546	17.2817
18.5546	17.2735
18.5464	17.2654
18.5464	17.2572
18.5383	17.2572
18.5301	17.2491
18.5219	17.2491
18.5219	17.2409
18.5138	17.2327
18.5056	17.2246
18.4893	17.2164
18.4893	17.2083
18.4811	17.2001
18.4648	17.1919
18.4648	17.1838
18.4567	17.1838
18.4485	17.1838
18.4485	17.1756
18.4403	17.1675
18.4322	17.1675
18.4240	17.1593
18.4240	17.1511
18.4159	17.1511
18.4077	17.1430
18.3995	17.1348
18.3914	17.1267
18.3832	17.1185
18.3751	17.1104
18.3587	17.1022
18.3506	17.0940
18.3424	17.0859
18.3261	17.0777
18.3261	17.0696
18.3179	17.0614
18.3098	17.0532
18.3016	17.0451
18.2935	17.0451
18.2935	17.0369
18.2853	17.0288
18.2772	17.0288
18.2772	17.0206
18.2690	17.0206
18.2608	17.0124
18.2608	17.0043
18.2527	17.0043
18.2445	16.9961
18.2364	16.9880
18.2282	16.9880
18.2282	16.9798
18.2200	16.9798
18.2200	16.9716
18.2119	16.9635
18.2037	16.9553
18.1956	16.9553
18.1874	16.9472
18.1874	16.9390
18.1711	16.9308
18.1629	16.9227
18.1548	16.9227
18.1466	16.9145
18.1466	16.9064
18.1303	16.9064
18.1303	16.8982
18.1221	16.8900
18.1140	16.8819
18.1058	16.8737
18.0976	16.8737
18.0976	16.8656
18.0895	16.8574
18.0813	16.8574
18.0813	16.8492
18.0732	16.8492
18.0732	16.8411
18.0650	16.8411
18.0650	16.8329
18.0568	16.8248
18.0487	16.8166
18.0405	16.8085
18.0324	16.8085
18.0324	16.8003
18.0242	16.7921
18.0161	16.7840
18.0079	16.7758
17.9997	16.7758
17.9997	16.7677
17.9916	16.7595
17.9834	16.7513
17.9753	16.7432
17.9753	16.7350
17.9589	16.7269
17.9589	16.7187
17.9508	16.7187
17.9508	16.7105
17.9426	16.7105
17.9426	16.6942
17.9263	16.6861
17.9263	16.6779
17.9181	16.6779
17.9181	16.6697
17.9100	16.6697
17.9100	16.6616
17.9018	16.6534
17.8937	16.6534
17.8937	16.6453
17.8855	16.6453
17.8855	16.6371
17.8773	16.6371
17.8773	16.6289
17.8692	16.6289
17.8610	16.6208
17.8610	16.6126
17.8610	16.6045
17.8529	16.6045
17.8529	16.5963
17.8529	16.5881
17.8447	16.5800
17.8447	16.5718
17.8447	16.5637
17.8447	16.5555
17.8365	16.5555
17.8365	16.5474
17.8284	16.5392
17.8284	16.5310
17.8284	16.5229
17.8202	16.5229
17.8202	16.5147
17.8202	16.5066
17.8202	16.4984
17.8202	16.4902
17.8202	16.4821
17.8202	16.4739
17.8202	16.4658
17.8202	16.4576
17.8121	16.4576
17.8121	16.4494
17.8121	16.4413
17.8121	16.4331
17.8121	16.4250
17.8121	16.4168
17.8121	16.4086
17.8039	16.4005
17.8039	16.3923
17.8039	16.3842
17.8039	16.3760
17.8039	16.3678
17.8039	16.3597
17.7957	16.3515
17.7957	16.3434
17.7957	16.3352
17.7957	16.3270
17.7957	16.3189
17.7876	16.3189
17.7876	16.3107
17.7876	16.3026
17.7876	16.2944
17.7876	16.2862
17.7876	16.2781
17.7876	16.2699
17.7876	16.2618
17.7876	16.2536
17.7794	16.2536
17.7794	16.2455
17.7794	16.2373
17.7794	16.2291
17.7794	16.2210
17.7794	16.2128
17.7713	16.2047
17.7631	16.1965
17.7631	16.1883
17.7631	16.1802
17.7631	16.1720
17.7549	16.1720
17.7549	16.1557
17.7549	16.1475
17.7549	16.1394
17.7549	16.1312
17.7468	16.1312
17.7468	16.1231
17.7468	16.1149
17.7468	16.1067
17.7468	16.0986
17.7386	16.0986
17.7386	16.0904
17.7386	16.0823
17.7386	16.0741
17.7386	16.0659
17.7305	16.0578
17.7223	16.0496
17.7223	16.0415
17.7223	16.0333
17.7223	16.0170
17.7142	16.0088
17.7142	16.0007
17.7060	15.9925
17.7060	15.9843
17.7060	15.9762
17.7060	15.9680
17.6978	15.9680
17.6978	15.9517
17.6897	15.9436
17.6897	15.9354
17.6815	15.9191
17.6815	15.9109
17.6734	15.9028
17.6734	15.8946
17.6734	15.8864
17.6652	15.8783
17.6570	15.8701
17.6570	15.8620
17.6570	15.8538
17.6570	15.8456
17.6489	15.8293
17.6489	15.8212
17.6489	15.8130
17.6489	15.8048
17.6407	15.8048
17.6407	15.7967
17.6407	15.7885
17.6407	15.7804
17.6407	15.7722
17.6326	15.7722
17.6326	15.7640
17.6244	15.7640
17.6244	15.7559
17.6244	15.7477
17.6244	15.7396
17.6162	15.7314
17.6162	15.7232
17.6162	15.7151
17.6162	15.7069
17.6162	15.6988
17.6081	15.6988
17.6081	15.6906
17.6081	15.6824
17.6081	15.6743
17.6081	15.6661
17.6081	15.6580
17.6081	15.6498
17.5999	15.6498
17.5999	15.6417
17.5999	15.6335
17.5918	15.6335
17.5918	15.6253
17.5918	15.6172
17.5918	15.6090
17.5836	15.6009
17.5836	15.5927
17.5754	15.5927
17.5754	15.5764
17.5754	15.5682
17.5673	15.5601
17.5673	15.5437
17.5591	15.5356
17.5591	15.5274
17.5510	15.5111
17.5510	15.5029
17.5428	15.4866
17.5428	15.4703
17.5346	15.4621
17.5265	15.4458
17.5265	15.4295
17.5183	15.4132
17.5183	15.3969
17.5183	15.3887
17.5102	15.3724
17.5102	15.3642
17.5102	15.3479
17.5020	15.3398
17.4938	15.3316
17.4938	15.3153
17.4938	15.3071
17.4857	15.3071
17.4857	15.2990
17.4775	15.2908
17.4775	15.2826
17.4775	15.2745
17.4694	15.2663
17.4694	15.2582
17.4694	15.2500
17.4612	15.2418
17.4530	15.2337
17.4530	15.2255
17.4530	15.2174
17.4530	15.2092
17.4449	15.2092
17.4449	15.2010
17.4449	15.1929
17.4449	15.1847
17.4367	15.1766
17.4367	15.1684
17.4367	15.1602
17.4367	15.1521
17.4367	15.1439
17.4367	15.1358
17.4286	15.1276
17.4286	15.1194
17.4286	15.1113
17.4286	15.1031
17.4286	15.0950
17.4286	15.0868
17.4286	15.0787
17.4286	15.0705
17.4286	15.0623
17.4286	15.0542
17.4286	15.0460
17.4286	15.0379
17.4286	15.0297
17.4286	15.0215
17.4286	15.0134
17.4286	15.0052
17.4286	14.9971
17.4286	14.9889
17.4286	14.9807
17.4286	14.9726
17.4286	14.9644
17.4286	14.9563
17.4286	14.9481
17.4286	14.9399
17.4286	14.9236
17.4286	14.9155
17.4286	14.8991
17.4286	14.8910
17.4286	14.8747
17.4286	14.8583
17.4286	14.8502
17.4286	14.8339
17.4286	14.8257
17.4286	14.8175
17.4286	14.8094
17.4286	14.8012
17.4286	14.7931
17.4204	14.7768
17.4204	14.7686
17.4123	14.7604
17.4123	14.7360
17.4123	14.7278
17.4041	14.7115
17.3959	14.6952
17.3878	14.6870
17.3878	14.6707
17.3878	14.6625
17.3878	14.6544
17.3796	14.6544
17.3796	14.6462
17.3796	14.6380
17.3796	14.6299
17.3715	14.6299
17.3715	14.6217
17.3715	14.6136
17.3715	14.6054
17.3633	14.5972
17.3551	14.5891
17.3470	14.5809
17.3470	14.5646
17.3388	14.5646
17.3388	14.5564
17.3388	14.5483
17.3307	14.5401
17.3225	14.5320
17.3225	14.5238
17.3225	14.5156
17.3143	14.5156
17.3143	14.5075
17.3143	14.4993
17.3143	14.4912
17.3062	14.4912
17.3062	14.4830
17.3062	14.4749
17.3062	14.4667
17.2980	14.4667
17.2980	14.4585
17.2899	14.4504
17.2899	14.4422
17.2899	14.4341
17.2817	14.4259
17.2817	14.4177
17.2817	14.4096
17.2817	14.4014
17.2735	14.3933
17.2735	14.3851
17.2735	14.3769
17.2654	14.3688
17.2572	14.3606
17.2572	14.3525
17.2572	14.3361
17.2572	14.3280
17.2491	14.3198
17.2491	14.3117
17.2491	14.3035
17.2491	14.2953
17.2491	14.2872
17.2409	14.2872
17.2409	14.2709
17.2409	14.2627
17.2409	14.2545
17.2327	14.2464
17.2327	14.2382
17.2246	14.2301
17.2246	14.2219
17.2246	14.2056
17.2164	14.1974
17.2164	14.1893
17.2164	14.1730
17.2164	14.1648
17.2083	14.1566
17.2083	14.1485
17.2083	14.1322
17.2001	14.1322
17.2001	14.1240
17.2001	14.1158
17.2001	14.1077
17.1919	14.0995
17.1919	14.0914
17.1919	14.0832
17.1838	14.0750
17.1838	14.0669
17.1838	14.0587
17.1838	14.0506
17.1838	14.0424
17.1838	14.0342
17.1838	14.0261
17.1756	14.0261
17.1756	14.0179
17.1756	14.0098
17.1756	14.0016
17.1756	13.9934
17.1756	13.9853
17.1756	13.9771
17.1756	13.9690
17.1756	13.9608
17.1756	13.9526
17.1756	13.9445
17.1756	13.9363
17.1756	13.9282
17.1756	13.9200
17.1756	13.9119
17.1756	13.9037
17.1756	13.8955
17.1756	13.8792
17.1756	13.8711
17.1756	13.8629
17.1756	13.8466
17.1838	13.8303
17.1838	13.8221
17.1919	13.8221
17.1919	13.8139
17.1919	13.7976
17.1919	13.7895
17.1919	13.7813
17.1919	13.7731
17.1919	13.7650
17.1919	13.7568
17.1919	13.7487
17.2001	13.7487
17.2001	13.7405
17.2001	13.7323
17.2001	13.7242
17.2001	13.7160
17.2001	13.7079
17.2001	13.6997
17.2001	13.6915
17.2083	13.6834
17.2083	13.6752
17.2083	13.6671
17.2083	13.6589
17.2083	13.6507
17.2083	13.6426
17.2083	13.6344
17.2083	13.6263
17.2083	13.6181
17.2083	13.6100
17.2083	13.6018
17.2083	13.5936
17.2083	13.5855
17.2083	13.5773
17.2083	13.5692
17.2001	13.5610
17.2001	13.5528
17.2001	13.5447
17.2001	13.5365
17.2001	13.5284
17.2001	13.5202
17.2001	13.5120
17.2001	13.5039
17.2001	13.4957
17.1919	13.4876
17.1919	13.4794
17.1919	13.4712
17.1919	13.4631
17.1919	13.4549
17.1919	13.4468
17.1919	13.4386
17.1919	13.4304
17.1919	13.4223
17.1919	13.4141
17.1919	13.4060
17.1919	13.3978
17.1919	13.3896
17.1919	13.3815
17.1919	13.3733
17.1919	13.3652
17.1919	13.3570
17.2001	13.3570
17.2001	13.3488
17.2001	13.3407
17.2083	13.3325
17.2083	13.3244
17.2164	13.3244
17.2164	13.3162
17.2164	13.3081
17.2327	13.3081
17.2327	13.2999
17.2327	13.2917
17.2409	13.2836
17.2491	13.2836
17.2491	13.2754
17.2654	13.2673
17.2654	13.2591
17.2735	13.2591
17.2817	13.2509
17.2817	13.2428
17.2980	13.2428
17.2980	13.2346
17.3062	13.2265
17.3143	13.2265
17.3143	13.2183
17.3307	13.2101
17.3307	13.2020
17.3388	13.1938
17.3470	13.1857
17.3633	13.1775
17.3715	13.1693
17.3715	13.1612
17.3796	13.1530
17.3959	13.1367
17.3959	13.1285
17.4041	13.1204
17.4123	13.1122
17.4123	13.1041
17.4204	13.1041
17.4286	13.0877
17.4286	13.0796
17.4367	13.0796
17.4367	13.0714
17.4367	13.0633
17.4367	13.0551
17.4449	13.0551
17.4449	13.0469
17.4449	13.0388
17.4449	13.0306
17.4449	13.0225
17.4449	13.0143
17.4530	13.0062
17.4530	12.9980
17.4530	12.9898
17.4612	12.9817
17.4612	12.9735
17.4612	12.9654
17.4612	12.9572
17.4612	12.9490
17.4612	12.9409
17.4612	12.9327
17.4612	12.9246
17.4530	12.9246
17.4530	12.9164
17.4530	12.9082
17.4530	12.9001
17.4449	12.8919
17.4449	12.8838
17.4449	12.8756
17.4449	12.8674
17.4449	12.8593
17.4449	12.8511
17.4367	12.8430
17.4367	12.8348
17.4367	12.8266
17.4367	12.8185
17.4367	12.8103
17.4367	12.8022
17.4286	12.7940
17.4286	12.7858
17.4286	12.7777
17.4204	12.7695
17.4204	12.7614
17.4204	12.7532
17.4204	12.7451
17.4204	12.7369
17.4204	12.7287
17.4204	12.7206
17.4204	12.7124
17.4204	12.7043
17.4204	12.6961
17.4286	12.6879
17.4286	12.6798
17.4286	12.6716
17.4286	12.6635
17.4367	12.6553
17.4367	12.6471
17.4449	12.6471
17.4449	12.6390
17.4449	12.6308
17.4530	12.6227
17.4530	12.6145
17.4612	12.6063
17.4612	12.5982
17.4612	12.5900
17.4694	12.5819
17.4694	12.5737
17.4775	12.5737
17.4775	12.5655
17.4775	12.5574
17.4857	12.5492
17.4938	12.5411
17.5020	12.5411
17.5020	12.5329
17.5020	12.5247
17.5102	12.5166
17.5183	12.5084
17.5183	12.5003
17.5265	12.5003
17.5346	12.4921
17.5346	12.4839
17.5428	12.4758
17.5428	12.4676
17.5510	12.4676
17.5591	12.4595
17.5673	12.4513
17.5673	12.4432
17.5754	12.4432
17.5754	12.4350
17.5836	12.4268
17.5836	12.4187
17.5918	12.4187
17.5999	12.4187
17.5999	12.4105
17.5999	12.4024
17.6081	12.4024
17.6081	12.3942
17.6081	12.3860
17.6162	12.3860
17.6162	12.3779
17.6244	12.3779
17.6244	12.3697
17.6326	12.3697
17.6326	12.3616
17.6407	12.3616
17.6407	12.3534
17.6407	12.3452
17.6489	12.3452
17.6489	12.3371
17.6570	12.3371
17.6652	12.3289
17.6734	12.3208
17.6734	12.3126
17.6815	12.3044
17.6815	12.2963
17.6897	12.2963
17.6978	12.2881
17.6978	12.2800
17.7060	12.2800
17.7060	12.2718
17.7060	12.2636
17.7142	12.2636
17.7223	12.2473
17.7305	12.2392
17.7305	12.2310
17.7386	12.2310
17.7386	12.2147
17.7468	12.2147
17.7468	12.2065
17.7468	12.1984
17.7549	12.1984
17.7549	12.1902
17.7549	12.1820
17.7631	12.1820
17.7713	12.1739
17.7713	12.1657
17.7794	12.1657
17.7794	12.1576
17.7794	12.1494
17.7876	12.1413
17.7876	12.1331
17.7957	12.1331
17.8039	12.1168
17.8039	12.1086
17.8121	12.1005
17.8121	12.0923
17.8202	12.0841
17.8284	12.0760
17.8365	12.0678
17.8365	12.0597
17.8365	12.0515
17.8365	12.0433
17.8447	12.0433
17.8447	12.0352
17.8447	12.0270
17.8529	12.0270
17.8529	12.0189
17.8529	12.0107
17.8692	12.0025
17.8692	11.9944
17.8773	11.9862
17.8773	11.9781
17.8773	11.9699
17.8855	11.9699
17.8855	11.9617
17.8937	11.9617
17.8937	11.9536
17.8937	11.9454
17.9018	11.9454
17.9018	11.9373
17.9018	11.9291
17.9100	11.9291
17.9100	11.9128
17.9181	11.9046
17.9181	11.8965
17.9263	11.8801
17.9345	11.8801
17.9345	11.8720
17.9426	11.8638
17.9426	11.8557
17.9508	11.8557
17.9508	11.8475
17.9508	11.8394
17.9589	11.8394
17.9589	11.8312
17.9589	11.8230
17.9589	11.8149
17.9589	11.8067
17.9589	11.7986
17.9589	11.7904
17.9589	11.7822
17.9589	11.7741
17.9589	11.7659
17.9589	11.7578
17.9508	11.7578
17.9508	11.7496
17.9508	11.7414
17.9508	11.7333
17.9426	11.7333
17.9426	11.7251
17.9426	11.7170
17.9426	11.7088
17.9345	11.7088
17.9345	11.7006
17.9345	11.6925
17.9263	11.6925
17.9263	11.6843
17.9263	11.6762
17.9263	11.6680
17.9263	11.6598
17.9181	11.6517
17.9181	11.6435
17.9181	11.6354
17.9181	11.6272
17.9181	11.6190
17.9181	11.6109
17.9181	11.6027
17.9181	11.5946
17.9181	11.5864
17.9181	11.5782
17.9181	11.5701
17.9181	11.5619
17.9181	11.5538
17.9181	11.5456
17.9181	11.5375
17.9181	11.5293
17.9181	11.5211
17.9181	11.5130
17.9181	11.5048
17.9181	11.4967
17.9181	11.4885
17.9181	11.4803
17.9181	11.4722
17.9181	11.4640
17.9181	11.4559
17.9181	11.4477
17.9181	11.4395
17.9181	11.4314
17.9181	11.4232
17.9181	11.4151
17.9181	11.4069
17.9181	11.3987
17.9181	11.3906
17.9263	11.3906
17.9263	11.3824
17.9345	11.3743
17.9345	11.3661
17.9345	11.3579
17.9426	11.3579
17.9426	11.3498
17.9426	11.3416
17.9508	11.3416
17.9508	11.3335
17.9508	11.3253
17.9508	11.3171
17.9589	11.3171
17.9589	11.3090
17.9589	11.3008
17.9671	11.3008
17.9671	11.2927
17.9671	11.2845
17.9753	11.2845
17.9753	11.2764
17.9753	11.2682
17.9753	11.2600
17.9834	11.2600
17.9834	11.2519
