22.1824	10.7383
22.1914	10.7383
22.2003	10.7383
22.2092	10.7383
22.2182	10.7383
22.2182	10.7473
22.2271	10.7473
22.2360	10.7473
22.2360	10.7562
22.2450	10.7562
22.2450	10.7651
22.2539	10.7651
22.2539	10.7741
22.2628	10.7741
22.2718	10.7741
22.2807	10.7741
22.2896	10.7830
22.2896	10.7919
22.2986	10.7919
22.3075	10.7919
22.3164	10.7919
22.3164	10.8009
22.3254	10.8009
22.3254	10.8098
22.3343	10.8098
22.3343	10.8187
22.3432	10.8187
22.3522	10.8187
22.3611	10.8187
22.3611	10.8277
22.3700	10.8277
22.3790	10.8277
22.3879	10.8277
22.3879	10.8187
22.3968	10.8187
22.3968	10.8098
22.4058	10.8098
22.4147	10.8098
22.4147	10.8009
22.4237	10.8009
22.4326	10.8009
22.4326	10.7919
22.4415	10.7919
22.4415	10.7830
22.4505	10.7830
22.4505	10.7741
22.4594	10.7741
22.4594	10.7651
22.4683	10.7651
22.4683	10.7562
22.4773	10.7562
22.4773	10.7473
22.4862	10.7473
22.4862	10.7383
22.4862	10.7294
22.4951	10.7294
22.4951	10.7205
22.5041	10.7205
22.5041	10.7115
22.5041	10.7026
22.5130	10.7026
22.5130	10.6937
22.5130	10.6847
22.5130	10.6758
22.5219	10.6758
22.5219	10.6669
22.5309	10.6669
22.5309	10.6579
22.5398	10.6579
22.5487	10.6579
22.5487	10.6490
22.5577	10.6490
22.5666	10.6490
22.5755	10.6490
22.5845	10.6490
22.5934	10.6401
22.6023	10.6401
22.6113	10.6401
22.6113	10.6311
22.6202	10.6311
22.6291	10.6311
22.6381	10.6311
22.6470	10.6311
22.6559	10.6311
22.6649	10.6311
22.6738	10.6311
22.6827	10.6311
22.6917	10.6311
22.7006	10.6311
22.7095	10.6311
22.7185	10.6311
22.7274	10.6311
22.7363	10.6311
22.7453	10.6311
22.7542	10.6311
22.7631	10.6311
22.7721	10.6311
22.7810	10.6311
22.7899	10.6311
22.7989	10.6311
22.8078	10.6311
22.8167	10.6311
22.8257	10.6311
22.8346	10.6311
22.8435	10.6311
22.8525	10.6311
22.8614	10.6311
22.8703	10.6311
22.8793	10.6311
22.8793	10.6401
22.8882	10.6401
22.8971	10.6401
22.9061	10.6401
22.9150	10.6401
22.9239	10.6401
22.9329	10.6401
22.9329	10.6490
22.9418	10.6490
22.9507	10.6490
22.9597	10.6490
22.9686	10.6490
22.9686	10.6579
22.9775	10.6579
22.9775	10.6669
22.9865	10.6669
22.9954	10.6669
22.9954	10.6758
22.9954	10.6847
23.0043	10.6847
23.0043	10.6937
23.0133	10.6937
23.0222	10.6937
23.0222	10.7026
23.0222	10.7115
23.0222	10.7205
23.0311	10.7205
23.0401	10.7205
23.0401	10.7294
23.0401	10.7383
23.0401	10.7473
23.0401	10.7562
23.0401	10.7651
23.0401	10.7741
23.0401	10.7830
23.0401	10.7919
23.0401	10.8009
23.0401	10.8098
23.0401	10.8187
23.0401	10.8277
23.0401	10.8366
23.0401	10.8455
23.0311	10.8455
23.0311	10.8545
23.0311	10.8634
23.0311	10.8723
23.0222	10.8723
23.0222	10.8813
23.0222	10.8902
23.0222	10.8991
23.0133	10.8991
23.0133	10.9081
23.0133	10.9170
23.0133	10.9259
23.0133	10.9349
23.0133	10.9438
23.0043	10.9438
23.0043	10.9527
23.0043	10.9617
23.0043	10.9706
23.0043	10.9795
22.9954	10.9885
22.9954	10.9974
22.9865	10.9974
22.9865	11.0063
22.9865	11.0153
22.9775	11.0153
22.9775	11.0242
22.9775	11.0332
22.9686	11.0332
22.9686	11.0421
22.9686	11.0510
22.9686	11.0600
22.9597	11.0600
22.9597	11.0689
22.9597	11.0778
22.9507	11.0778
22.9507	11.0868
22.9507	11.0957
22.9507	11.1046
22.9507	11.1136
22.9418	11.1136
22.9418	11.1225
22.9329	11.1225
22.9329	11.1314
22.9329	11.1404
22.9329	11.1493
22.9329	11.1582
22.9329	11.1672
22.9239	11.1672
22.9239	11.1761
22.9239	11.1850
22.9239	11.1940
22.9150	11.1940
22.9150	11.2029
22.9150	11.2118
22.9150	11.2208
22.9150	11.2297
22.9150	11.2386
22.9061	11.2386
22.9061	11.2476
22.9061	11.2565
22.8971	11.2565
22.8971	11.2654
22.8971	11.2744
22.8971	11.2833
22.8882	11.2833
22.8882	11.2922
22.8882	11.3012
22.8793	11.3101
22.8793	11.3190
22.8793	11.3280
22.8793	11.3369
22.8793	11.3458
22.8703	11.3458
22.8703	11.3548
22.8703	11.3637
22.8614	11.3637
22.8614	11.3726
22.8614	11.3816
22.8614	11.3905
22.8614	11.3994
22.8525	11.3994
22.8525	11.4084
22.8525	11.4173
22.8525	11.4262
22.8525	11.4352
22.8525	11.4441
22.8525	11.4530
22.8525	11.4620
22.8525	11.4709
22.8525	11.4798
22.8614	11.4888
22.8614	11.4977
22.8614	11.5066
22.8703	11.5066
22.8703	11.5156
22.8703	11.5245
22.8793	11.5245
22.8793	11.5334
22.8882	11.5334
22.8971	11.5424
22.8971	11.5513
22.8971	11.5602
22.8971	11.5692
22.8971	11.5781
22.9061	11.5781
22.9150	11.5781
22.9239	11.5781
22.9239	11.5692
22.9329	11.5692
22.9329	11.5602
22.9418	11.5602
22.9418	11.5513
22.9418	11.5424
22.9507	11.5424
22.9507	11.5334
22.9507	11.5245
22.9597	11.5245
22.9686	11.5245
22.9686	11.5156
22.9686	11.5066
22.9686	11.4977
22.9686	11.4888
22.9775	11.4888
22.9865	11.4888
22.9865	11.4798
22.9865	11.4709
22.9865	11.4620
22.9954	11.4620
22.9954	11.4530
23.0043	11.4530
23.0043	11.4441
23.0043	11.4352
23.0133	11.4352
23.0222	11.4352
23.0222	11.4262
23.0222	11.4173
23.0311	11.4173
23.0401	11.4173
23.0490	11.4173
23.0579	11.4173
23.0579	11.4084
23.0669	11.4084
23.0758	11.4084
23.0758	11.3994
23.0847	11.3994
23.0937	11.3994
23.1026	11.3994
23.1026	11.3905
23.1115	11.3905
23.1115	11.3816
23.1205	11.3816
23.1294	11.3816
23.1294	11.3726
23.1383	11.3726
23.1383	11.3637
23.1473	11.3637
23.1473	11.3548
23.1562	11.3548
23.1651	11.3458
23.1741	11.3458
23.1741	11.3369
23.1830	11.3369
23.1830	11.3280
23.1830	11.3190
23.1920	11.3190
23.1920	11.3101
23.1920	11.3012
23.1920	11.2922
23.2009	11.2922
23.2009	11.2833
23.2009	11.2744
23.2098	11.2654
23.2188	11.2654
23.2188	11.2565
23.2188	11.2476
23.2277	11.2476
23.2277	11.2386
23.2366	11.2386
23.2366	11.2297
23.2366	11.2208
23.2456	11.2208
23.2456	11.2118
23.2545	11.2118
23.2545	11.2029
23.2545	11.1940
23.2634	11.1940
23.2634	11.1850
23.2724	11.1850
23.2724	11.1761
23.2724	11.1672
23.2724	11.1582
23.2813	11.1493
23.2902	11.1493
23.2902	11.1404
23.2902	11.1314
23.2992	11.1314
23.2992	11.1225
23.2992	11.1136
23.3081	11.1136
23.3081	11.1046
23.3081	11.0957
23.3170	11.0957
23.3170	11.0868
23.3170	11.0778
23.3260	11.0778
23.3260	11.0689
23.3349	11.0689
23.3349	11.0600
23.3438	11.0600
23.3438	11.0510
23.3438	11.0421
23.3528	11.0421
23.3617	11.0421
23.3617	11.0332
23.3617	11.0242
23.3706	11.0242
23.3796	11.0242
23.3796	11.0153
23.3885	11.0153
23.3885	11.0063
23.3974	11.0063
23.4064	11.0063
23.4064	10.9974
23.4153	10.9974
23.4242	10.9974
23.4242	10.9885
23.4332	10.9885
23.4421	10.9885
23.4510	10.9885
23.4600	10.9885
23.4600	10.9795
23.4689	10.9795
23.4778	10.9795
23.4868	10.9795
23.4957	10.9795
23.5046	10.9795
23.5046	10.9706
23.5136	10.9706
23.5225	10.9706
23.5314	10.9706
23.5404	10.9706
23.5493	10.9706
23.5582	10.9706
23.5672	10.9706
23.5672	10.9795
23.5761	10.9885
23.5850	10.9885
23.5940	10.9974
23.5940	11.0063
23.6029	11.0063
23.6118	11.0063
23.6118	11.0153
23.6208	11.0153
23.6208	11.0242
23.6297	11.0242
23.6297	11.0332
23.6297	11.0421
23.6386	11.0421
23.6476	11.0421
23.6476	11.0510
23.6476	11.0600
23.6476	11.0689
23.6565	11.0689
23.6565	11.0778
23.6654	11.0778
23.6654	11.0868
23.6654	11.0957
23.6654	11.1046
23.6744	11.1046
23.6744	11.1136
23.6833	11.1136
23.6833	11.1225
23.6833	11.1314
23.6833	11.1404
23.6833	11.1493
23.6922	11.1493
23.6922	11.1582
23.6922	11.1672
23.7012	11.1672
23.7012	11.1761
23.7012	11.1850
23.7101	11.1850
23.7101	11.1940
23.7101	11.2029
23.7101	11.2118
23.7101	11.2208
23.7101	11.2297
23.7101	11.2386
23.7190	11.2386
23.7190	11.2476
23.7190	11.2565
23.7190	11.2654
23.7190	11.2744
23.7280	11.2744
23.7280	11.2833
23.7280	11.2922
23.7280	11.3012
23.7369	11.3101
23.7369	11.3190
23.7369	11.3280
23.7369	11.3369
23.7369	11.3458
23.7369	11.3548
23.7369	11.3637
23.7369	11.3726
23.7369	11.3816
23.7369	11.3905
23.7369	11.3994
23.7369	11.4084
23.7280	11.4084
23.7280	11.4173
23.7190	11.4173
23.7190	11.4262
23.7190	11.4352
23.7190	11.4441
23.7190	11.4530
23.7190	11.4620
23.7190	11.4709
23.7101	11.4709
23.7101	11.4798
23.7101	11.4888
23.7012	11.4888
23.7012	11.4977
23.7012	11.5066
23.7012	11.5156
23.7012	11.5245
23.6922	11.5245
23.6922	11.5334
23.6833	11.5334
23.6833	11.5424
23.6833	11.5513
23.6833	11.5602
23.6744	11.5602
23.6744	11.5692
23.6744	11.5781
23.6744	11.5870
23.6744	11.5960
23.6654	11.5960
23.6654	11.6049
23.6654	11.6138
23.6654	11.6228
23.6654	11.6317
23.6654	11.6406
23.6654	11.6496
23.6654	11.6585
23.6654	11.6674
23.6654	11.6764
23.6744	11.6764
23.6744	11.6853
23.6833	11.6853
23.6833	11.6942
23.6833	11.7032
23.6833	11.7121
23.6833	11.7210
23.6833	11.7300
23.6833	11.7389
23.6833	11.7478
23.6833	11.7568
23.6922	11.7568
23.6922	11.7657
23.7012	11.7657
23.7012	11.7746
23.7012	11.7836
23.7012	11.7925
23.7101	11.7925
23.7101	11.8015
23.7101	11.8104
23.7190	11.8104
23.7190	11.8193
23.7280	11.8193
23.7280	11.8283
23.7369	11.8283
23.7369	11.8372
23.7369	11.8461
23.7458	11.8461
23.7458	11.8551
23.7548	11.8551
23.7548	11.8640
23.7548	11.8729
23.7548	11.8819
23.7548	11.8908
23.7548	11.8997
23.7548	11.9087
23.7548	11.9176
23.7548	11.9265
23.7548	11.9355
23.7458	11.9355
23.7458	11.9444
23.7458	11.9533
23.7458	11.9623
23.7369	11.9712
23.7369	11.9801
23.7369	11.9891
23.7369	11.9980
23.7369	12.0069
23.7369	12.0159
23.7369	12.0248
23.7369	12.0337
23.7369	12.0427
23.7458	12.0427
23.7548	12.0427
23.7548	12.0516
23.7548	12.0605
23.7548	12.0695
23.7637	12.0695
23.7637	12.0784
23.7726	12.0784
23.7726	12.0873
23.7726	12.0963
23.7816	12.0963
23.7905	12.0963
23.7905	12.1052
23.7905	12.1141
23.7994	12.1141
23.8084	12.1141
23.8173	12.1141
23.8173	12.1231
23.8262	12.1231
23.8352	12.1231
23.8441	12.1231
23.8441	12.1320
23.8530	12.1320
23.8530	12.1409
23.8620	12.1409
23.8620	12.1499
23.8709	12.1499
23.8798	12.1499
23.8888	12.1499
23.8977	12.1499
23.9066	12.1499
23.9156	12.1499
23.9245	12.1499
23.9334	12.1499
23.9424	12.1499
23.9513	12.1499
23.9603	12.1499
23.9692	12.1499
23.9781	12.1499
23.9871	12.1499
23.9871	12.1588
23.9960	12.1588
24.0049	12.1588
24.0139	12.1588
24.0228	12.1588
24.0317	12.1588
24.0407	12.1677
24.0496	12.1677
24.0585	12.1677
24.0675	12.1677
24.0764	12.1677
24.0853	12.1677
24.0943	12.1677
24.1032	12.1677
24.1121	12.1677
24.1211	12.1677
24.1300	12.1677
24.1300	12.1588
24.1389	12.1588
24.1389	12.1499
24.1479	12.1499
24.1568	12.1499
24.1568	12.1409
24.1657	12.1409
24.1657	12.1320
24.1747	12.1320
24.1836	12.1320
24.1925	12.1320
24.2015	12.1320
24.2104	12.1320
24.2193	12.1320
24.2283	12.1320
24.2372	12.1320
24.2372	12.1409
24.2461	12.1409
24.2551	12.1409
24.2551	12.1499
24.2640	12.1499
24.2729	12.1499
24.2729	12.1588
24.2819	12.1588
24.2819	12.1677
24.2908	12.1677
24.2997	12.1677
24.2997	12.1767
24.3087	12.1767
24.3087	12.1856
24.3176	12.1856
24.3265	12.1856
24.3265	12.1945
24.3355	12.1945
24.3355	12.2035
24.3444	12.2035
24.3533	12.2035
24.3533	12.2124
24.3623	12.2124
24.3623	12.2213
24.3712	12.2213
24.3801	12.2213
24.3891	12.2213
24.3891	12.2303
24.3980	12.2303
24.3980	12.2392
24.4069	12.2392
24.4159	12.2392
24.4159	12.2481
24.4248	12.2481
24.4248	12.2571
24.4337	12.2571
24.4337	12.2660
24.4427	12.2660
24.4427	12.2749
24.4516	12.2749
24.4516	12.2839
24.4516	12.2928
24.4516	12.3017
24.4516	12.3107
24.4605	12.3107
24.4605	12.3196
24.4695	12.3196
24.4695	12.3285
24.4695	12.3375
24.4695	12.3464
24.4784	12.3464
24.4784	12.3553
24.4784	12.3643
24.4784	12.3732
24.4784	12.3821
24.4873	12.3821
24.4873	12.3911
24.4873	12.4000
24.4873	12.4089
24.4873	12.4179
24.4963	12.4179
24.4963	12.4268
24.4963	12.4357
24.4963	12.4447
24.4963	12.4536
24.5052	12.4536
24.5052	12.4447
24.5141	12.4357
24.5231	12.4357
24.5231	12.4268
24.5231	12.4179
24.5320	12.4179
24.5320	12.4089
24.5320	12.4000
24.5409	12.4000
24.5409	12.3911
24.5499	12.3821
24.5588	12.3821
24.5588	12.3732
24.5588	12.3643
24.5677	12.3553
24.5677	12.3464
24.5767	12.3464
24.5767	12.3375
24.5767	12.3285
24.5767	12.3196
24.5767	12.3107
24.5767	12.3017
24.5856	12.3017
24.5856	12.2928
24.5945	12.2928
24.5945	12.2839
24.5945	12.2749
24.5945	12.2660
24.5945	12.2571
24.5945	12.2481
24.5945	12.2392
24.5945	12.2303
24.5945	12.2213
24.5945	12.2124
24.5945	12.2035
24.6035	12.2035
24.6035	12.1945
24.6035	12.1856
24.6035	12.1767
24.6035	12.1677
24.6035	12.1588
24.6035	12.1499
24.6035	12.1409
24.6035	12.1320
24.6035	12.1231
24.6035	12.1141
24.6035	12.1052
24.6035	12.0963
24.6035	12.0873
24.6035	12.0784
24.6035	12.0695
24.6124	12.0695
24.6124	12.0605
24.6124	12.0516
24.6124	12.0427
24.6124	12.0337
24.6124	12.0248
24.6124	12.0159
24.6124	12.0069
24.6213	12.0069
24.6213	11.9980
24.6213	11.9891
24.6303	11.9891
24.6303	11.9801
24.6303	11.9712
24.6303	11.9623
24.6392	11.9623
24.6392	11.9533
24.6481	11.9533
24.6481	11.9444
24.6481	11.9355
24.6481	11.9265
24.6481	11.9176
24.6571	11.9176
24.6660	11.9176
24.6660	11.9087
24.6660	11.8997
24.6749	11.8997
24.6749	11.8908
24.6839	11.8908
24.6839	11.8819
24.6928	11.8819
24.6928	11.8729
24.6928	11.8640
24.7018	11.8640
24.7018	11.8551
24.7018	11.8461
24.7107	11.8461
24.7107	11.8372
24.7196	11.8372
24.7196	11.8283
24.7196	11.8193
24.7286	11.8104
24.7375	11.8104
24.7375	11.8015
24.7375	11.7925
24.7464	11.7925
24.7464	11.7836
24.7554	11.7836
24.7554	11.7746
24.7554	11.7657
24.7643	11.7657
24.7643	11.7568
24.7643	11.7478
24.7643	11.7389
24.7643	11.7300
24.7643	11.7210
24.7732	11.7210
24.7732	11.7121
24.7732	11.7032
24.7732	11.6942
24.7732	11.6853
24.7822	11.6853
24.7911	11.6853
24.7911	11.6764
24.7911	11.6674
24.7911	11.6585
24.8000	11.6496
24.8000	11.6406
24.8090	11.6406
24.8090	11.6317
24.8179	11.6317
24.8179	11.6228
24.8179	11.6138
24.8268	11.6138
24.8268	11.6049
24.8268	11.5960
24.8358	11.5960
24.8358	11.5870
24.8447	11.5870
24.8447	11.5781
24.8447	11.5692
24.8536	11.5692
24.8626	11.5692
24.8626	11.5602
24.8715	11.5602
24.8715	11.5513
24.8715	11.5424
24.8804	11.5424
24.8894	11.5424
24.8894	11.5334
24.8983	11.5334
24.8983	11.5245
24.9072	11.5245
24.9072	11.5156
24.9162	11.5156
24.9162	11.5066
24.9251	11.5066
24.9340	11.5066
24.9340	11.4977
24.9430	11.4888
24.9519	11.4888
24.9608	11.4888
24.9608	11.4798
24.9608	11.4709
24.9698	11.4709
24.9787	11.4709
24.9876	11.4709
24.9876	11.4620
24.9966	11.4620
24.9966	11.4530
25.0055	11.4530
25.0144	11.4530
25.0144	11.4441
25.0234	11.4441
25.0323	11.4441
25.0323	11.4352
25.0412	11.4352
25.0502	11.4352
25.0591	11.4352
25.0591	11.4262
25.0591	11.4173
25.0680	11.4173
25.0770	11.4173
25.0770	11.4084
25.0859	11.4084
25.0859	11.3994
25.0948	11.3994
25.0948	11.3905
25.1038	11.3905
25.1038	11.3816
25.1127	11.3816
25.1127	11.3726
25.1127	11.3637
25.1127	11.3548
25.1127	11.3458
25.1216	11.3458
25.1216	11.3369
25.1216	11.3280
25.1216	11.3190
25.1306	11.3190
25.1306	11.3101
25.1306	11.3012
25.1306	11.2922
25.1306	11.2833
25.1306	11.2744
25.1395	11.2744
25.1395	11.2654
25.1395	11.2565
25.1395	11.2476
25.1395	11.2386
25.1395	11.2297
25.1484	11.2297
25.1484	11.2208
25.1484	11.2118
25.1484	11.2029
25.1484	11.1940
25.1574	11.1940
25.1574	11.1850
25.1574	11.1761
25.1663	11.1761
25.1663	11.1672
25.1663	11.1582
25.1663	11.1493
25.1752	11.1493
25.1752	11.1404
25.1842	11.1404
25.1842	11.1314
25.1842	11.1225
25.1931	11.1225
25.1931	11.1136
25.2020	11.1136
25.2020	11.1046
25.2020	11.0957
25.2110	11.0957
25.2110	11.0868
25.2110	11.0778
25.2199	11.0778
25.2199	11.0689
25.2199	11.0600
25.2288	11.0600
25.2288	11.0510
25.2288	11.0421
25.2288	11.0332
25.2288	11.0242
25.2288	11.0153
25.2288	11.0063
25.2288	10.9974
25.2288	10.9885
25.2288	10.9795
25.2199	10.9795
25.2199	10.9706
25.2199	10.9617
25.2199	10.9527
25.2199	10.9438
25.2199	10.9349
25.2110	10.9259
25.2110	10.9170
25.2110	10.9081
25.2110	10.8991
25.2110	10.8902
25.2110	10.8813
25.2110	10.8723
25.2110	10.8634
25.2110	10.8545
25.2110	10.8455
25.2110	10.8366
25.2110	10.8277
25.2110	10.8187
25.2110	10.8098
25.2110	10.8009
25.2199	10.8009
25.2199	10.7919
25.2199	10.7830
25.2199	10.7741
25.2288	10.7741
25.2288	10.7651
25.2288	10.7562
25.2288	10.7473
25.2378	10.7473
25.2378	10.7383
25.2378	10.7294
25.2378	10.7205
25.2467	10.7205
25.2467	10.7115
25.2467	10.7026
25.2556	10.7026
25.2556	10.6937
25.2556	10.6847
25.2646	10.6847
25.2646	10.6758
25.2735	10.6758
25.2735	10.6669
25.2824	10.6669
25.2824	10.6579
25.2914	10.6579
25.2914	10.6490
25.3003	10.6490
25.3003	10.6401
25.3092	10.6401
25.3092	10.6311
25.3092	10.6222
25.3182	10.6222
25.3182	10.6133
25.3271	10.6133
25.3360	10.6133
25.3360	10.6043
25.3450	10.6043
25.3450	10.5954
25.3539	10.5954
25.3539	10.5865
25.3628	10.5865
25.3628	10.5775
25.3718	10.5775
25.3807	10.5775
25.3807	10.5686
25.3807	10.5597
25.3807	10.5507
25.3896	10.5507
25.3896	10.5418
25.3896	10.5329
25.3986	10.5329
25.3986	10.5239
25.3986	10.5150
25.4075	10.5061
25.4075	10.4971
25.4164	10.4971
25.4164	10.4882
25.4164	10.4793
25.4164	10.4703
25.4164	10.4614
25.4164	10.4525
25.4254	10.4525
25.4254	10.4435
25.4254	10.4346
25.4254	10.4257
25.4254	10.4167
25.4254	10.4078
25.4254	10.3989
25.4254	10.3899
25.4254	10.3810
25.4164	10.3810
25.4164	10.3721
25.4164	10.3631
25.4164	10.3542
25.4164	10.3453
25.4164	10.3363
25.4164	10.3274
25.4164	10.3185
25.4164	10.3095
25.4164	10.3006
25.4164	10.2917
25.4164	10.2827
25.4164	10.2738
25.4164	10.2649
25.4164	10.2559
25.4164	10.2470
25.4164	10.2380
25.4254	10.2380
25.4254	10.2291
25.4254	10.2202
25.4343	10.2202
25.4343	10.2112
25.4343	10.2023
25.4432	10.2023
25.4432	10.1934
25.4522	10.1934
25.4522	10.1844
25.4611	10.1844
25.4611	10.1755
25.4611	10.1666
25.4701	10.1666
25.4701	10.1576
25.4790	10.1576
25.4790	10.1487
25.4879	10.1487
25.4879	10.1398
25.4969	10.1398
25.4969	10.1308
25.5058	10.1308
25.5058	10.1219
25.5058	10.1130
25.5147	10.1130
25.5237	10.1130
25.5326	10.1130
25.5415	10.1130
25.5505	10.1130
25.5594	10.1130
25.5683	10.1130
25.5773	10.1130
25.5862	10.1130
25.5951	10.1130
25.5951	10.1219
25.6041	10.1219
25.6130	10.1219
25.6130	10.1308
25.6219	10.1308
25.6309	10.1308
25.6309	10.1398
25.6398	10.1398
25.6398	10.1487
25.6487	10.1487
25.6487	10.1576
25.6577	10.1576
25.6577	10.1666
25.6666	10.1666
25.6755	10.1755
25.6845	10.1755
25.6845	10.1844
25.6845	10.1934
25.6934	10.1934
25.6934	10.2023
25.7023	10.2023
25.7023	10.2112
25.7023	10.2202
25.7113	10.2202
25.7113	10.2291
25.7113	10.2380
25.7113	10.2470
25.7113	10.2559
25.7202	10.2559
25.7202	10.2649
25.7202	10.2738
25.7202	10.2827
25.7202	10.2917
25.7202	10.3006
25.7202	10.3095
25.7202	10.3185
25.7202	10.3274
25.7202	10.3363
25.7202	10.3453
25.7202	10.3542
25.7202	10.3631
25.7202	10.3721
25.7202	10.3810
25.7202	10.3899
25.7202	10.3989
25.7202	10.4078
25.7202	10.4167
25.7202	10.4257
25.7113	10.4346
25.7113	10.4435
25.7113	10.4525
25.7113	10.4614
25.7113	10.4703
25.7113	10.4793
25.7113	10.4882
25.7113	10.4971
25.7113	10.5061
25.7113	10.5150
25.7113	10.5239
25.7113	10.5329
25.7113	10.5418
25.7113	10.5507
25.7113	10.5597
25.7113	10.5686
25.7113	10.5775
25.7113	10.5865
25.7113	10.5954
25.7113	10.6043
25.7113	10.6133
25.7113	10.6222
25.7113	10.6311
25.7113	10.6401
25.7202	10.6401
25.7202	10.6490
25.7202	10.6579
25.7202	10.6669
25.7202	10.6758
25.7202	10.6847
25.7202	10.6937
25.7291	10.6937
25.7291	10.7026
25.7291	10.7115
25.7291	10.7205
25.7381	10.7205
25.7381	10.7294
25.7381	10.7383
25.7470	10.7383
25.7470	10.7473
25.7470	10.7562
25.7559	10.7562
25.7559	10.7651
25.7559	10.7741
25.7559	10.7830
25.7649	10.7830
25.7649	10.7919
25.7738	10.7919
25.7827	10.7919
25.7827	10.8009
25.7917	10.8009
25.8006	10.8009
25.8095	10.8009
25.8185	10.8009
25.8274	10.7919
25.8363	10.7919
25.8453	10.7919
25.8542	10.7919
25.8631	10.7919
25.8631	10.7830
25.8721	10.7830
25.8810	10.7830
25.8810	10.7741
25.8899	10.7741
25.8989	10.7741
25.9078	10.7741
25.9167	10.7741
25.9167	10.7651
25.9167	10.7562
25.9257	10.7562
25.9346	10.7562
25.9346	10.7473
25.9435	10.7473
25.9525	10.7383
25.9525	10.7294
25.9525	10.7205
25.9614	10.7205
25.9614	10.7115
25.9703	10.7115
25.9703	10.7026
25.9703	10.6937
25.9703	10.6847
25.9793	10.6847
25.9793	10.6758
25.9793	10.6669
25.9793	10.6579
25.9882	10.6579
25.9882	10.6490
25.9882	10.6401
25.9882	10.6311
25.9971	10.6311
25.9971	10.6222
25.9971	10.6133
26.0061	10.6133
26.0061	10.6043
26.0061	10.5954
26.0061	10.5865
26.0150	10.5865
26.0150	10.5775
26.0239	10.5775
26.0239	10.5686
26.0329	10.5686
26.0329	10.5597
26.0418	10.5597
26.0507	10.5597
26.0507	10.5507
26.0597	10.5507
26.0686	10.5507
26.0686	10.5418
26.0775	10.5418
26.0865	10.5329
26.0954	10.5329
26.0954	10.5239
26.1043	10.5239
26.1133	10.5239
26.1133	10.5150
26.1222	10.5150
26.1311	10.5150
26.1311	10.5061
26.1401	10.5061
26.1490	10.5061
26.1490	10.4971
26.1579	10.4971
26.1669	10.4882
26.1758	10.4882
26.1758	10.4793
26.1847	10.4793
26.1847	10.4703
26.1937	10.4703
26.2026	10.4703
26.2026	10.4614
26.2115	10.4614
26.2205	10.4614
26.2205	10.4525
26.2294	10.4525
26.2384	10.4525
26.2473	10.4525
26.2562	10.4525
26.2652	10.4525
26.2741	10.4525
26.2741	10.4614
26.2830	10.4614
26.2920	10.4614
26.2920	10.4703
26.3009	10.4703
26.3098	10.4703
26.3188	10.4703
26.3277	10.4703
26.3366	10.4703
26.3456	10.4703
26.3545	10.4703
26.3545	10.4793
26.3634	10.4793
26.3634	10.4882
26.3724	10.4882
26.3813	10.4882
26.3813	10.4971
26.3902	10.4971
26.3992	10.4971
26.3992	10.5061
26.4081	10.5061
26.4170	10.5061
26.4170	10.5150
26.4170	10.5239
26.4260	10.5239
26.4260	10.5329
26.4349	10.5329
26.4349	10.5418
26.4438	10.5507
26.4438	10.5597
26.4528	10.5597
26.4528	10.5686
26.4528	10.5775
26.4528	10.5865
26.4528	10.5954
26.4528	10.6043
26.4528	10.6133
26.4528	10.6222
26.4528	10.6311
26.4528	10.6401
26.4438	10.6401
26.4438	10.6490
26.4349	10.6490
26.4349	10.6579
26.4349	10.6669
26.4260	10.6669
26.4260	10.6758
26.4170	10.6758
26.4170	10.6847
26.4170	10.6937
26.4170	10.7026
26.4081	10.7026
26.3992	10.7026
26.3992	10.7115
26.3992	10.7205
26.3992	10.7294
26.3902	10.7294
26.3902	10.7383
26.3813	10.7383
26.3813	10.7473
26.3813	10.7562
26.3724	10.7562
26.3724	10.7651
26.3634	10.7651
26.3634	10.7741
26.3634	10.7830
26.3545	10.7830
26.3545	10.7919
26.3456	10.7919
26.3456	10.8009
26.3456	10.8098
26.3366	10.8098
26.3277	10.8098
26.3277	10.8187
26.3277	10.8277
26.3188	10.8277
26.3188	10.8366
26.3098	10.8366
26.3098	10.8455
26.3009	10.8455
26.2920	10.8455
26.2920	10.8545
26.2920	10.8634
26.2830	10.8634
26.2741	10.8634
26.2741	10.8723
26.2741	10.8813
26.2652	10.8813
26.2562	10.8813
26.2562	10.8902
26.2562	10.8991
26.2473	10.8991
26.2384	10.8991
26.2384	10.9081
26.2384	10.9170
26.2294	10.9170
26.2294	10.9259
26.2205	10.9259
26.2205	10.9349
26.2205	10.9438
26.2205	10.9527
26.2115	10.9527
26.2115	10.9617
26.2026	10.9617
26.2026	10.9706
26.2026	10.9795
26.2026	10.9885
26.1937	10.9885
26.1937	10.9974
26.1937	11.0063
26.1937	11.0153
26.1847	11.0153
26.1847	11.0242
26.1847	11.0332
26.1847	11.0421
26.1847	11.0510
26.1847	11.0600
26.1758	11.0689
26.1758	11.0778
26.1758	11.0868
26.1669	11.0868
26.1669	11.0957
26.1669	11.1046
26.1669	11.1136
26.1579	11.1136
26.1579	11.1225
26.1579	11.1314
26.1579	11.1404
26.1579	11.1493
26.1490	11.1493
26.1490	11.1582
26.1490	11.1672
26.1490	11.1761
26.1490	11.1850
26.1401	11.1850
26.1401	11.1940
26.1311	11.1940
26.1311	11.2029
26.1311	11.2118
26.1311	11.2208
26.1222	11.2208
26.1222	11.2297
26.1133	11.2297
26.1133	11.2386
26.1043	11.2386
26.1043	11.2476
26.0954	11.2476
26.0954	11.2565
26.0865	11.2565
26.0865	11.2654
26.0775	11.2654
26.0775	11.2744
26.0775	11.2833
26.0686	11.2833
26.0597	11.2922
26.0597	11.3012
26.0507	11.3101
26.0418	11.3101
26.0418	11.3190
26.0418	11.3280
26.0329	11.3280
26.0329	11.3369
26.0239	11.3369
26.0239	11.3458
26.0239	11.3548
26.0239	11.3637
26.0150	11.3637
26.0150	11.3726
26.0150	11.3816
26.0061	11.3816
26.0061	11.3905
26.0061	11.3994
26.0061	11.4084
26.0061	11.4173
25.9971	11.4173
25.9971	11.4262
25.9971	11.4352
25.9971	11.4441
25.9971	11.4530
25.9971	11.4620
25.9971	11.4709
25.9971	11.4798
26.0061	11.4798
26.0061	11.4888
26.0061	11.4977
26.0061	11.5066
26.0150	11.5066
26.0150	11.5156
26.0150	11.5245
26.0239	11.5245
26.0239	11.5334
26.0239	11.5424
26.0329	11.5424
26.0329	11.5513
26.0418	11.5513
26.0418	11.5602
26.0418	11.5692
26.0418	11.5781
26.0507	11.5781
26.0597	11.5781
26.0597	11.5870
26.0686	11.5870
26.0775	11.5870
26.0865	11.5870
26.0865	11.5960
26.0954	11.5960
26.0954	11.6049
26.0954	11.6138
26.0954	11.6228
26.0954	11.6317
26.0954	11.6406
26.0954	11.6496
26.0954	11.6585
26.0954	11.6674
26.0954	11.6764
26.0954	11.6853
26.0954	11.6942
26.0954	11.7032
26.0954	11.7121
26.0954	11.7210
26.0865	11.7210
26.0865	11.7300
26.0865	11.7389
26.0865	11.7478
26.0865	11.7568
26.0775	11.7568
26.0775	11.7657
26.0775	11.7746
26.0775	11.7836
26.0686	11.7836
26.0686	11.7925
26.0597	11.7925
26.0597	11.8015
26.0597	11.8104
26.0597	11.8193
26.0597	11.8283
26.0507	11.8283
26.0418	11.8283
26.0418	11.8372
26.0418	11.8461
26.0329	11.8461
26.0329	11.8551
26.0239	11.8551
26.0239	11.8640
26.0239	11.8729
26.0239	11.8819
26.0150	11.8819
26.0061	11.8819
26.0061	11.8908
26.0061	11.8997
26.0061	11.9087
26.0061	11.9176
26.0061	11.9265
26.0061	11.9355
26.0061	11.9444
26.0061	11.9533
26.0061	11.9623
26.0061	11.9712
26.0061	11.9801
26.0061	11.9891
26.0061	11.9980
26.0061	12.0069
26.0061	12.0159
26.0061	12.0248
26.0061	12.0337
25.9971	12.0337
25.9971	12.0427
25.9971	12.0516
25.9971	12.0605
25.9971	12.0695
25.9882	12.0695
25.9882	12.0784
25.9882	12.0873
25.9882	12.0963
25.9882	12.1052
25.9793	12.1052
25.9793	12.1141
25.9703	12.1141
25.9703	12.1231
25.9703	12.1320
25.9703	12.1409
25.9614	12.1409
25.9614	12.1499
25.9525	12.1588
25.9525	12.1677
25.9525	12.1767
25.9525	12.1856
25.9525	12.1945
25.9435	12.1945
25.9435	12.2035
25.9346	12.2035
25.9346	12.2124
25.9346	12.2213
25.9346	12.2303
25.9257	12.2303
25.9257	12.2392
25.9257	12.2481
25.9167	12.2481
25.9167	12.2571
25.9167	12.2660
25.9078	12.2660
25.9078	12.2749
25.8989	12.2749
25.8989	12.2839
25.8989	12.2928
25.8899	12.2928
25.8899	12.3017
25.8810	12.3017
25.8810	12.3107
25.8810	12.3196
25.8810	12.3285
25.8721	12.3285
25.8631	12.3285
25.8631	12.3375
25.8542	12.3375
25.8542	12.3464
25.8453	12.3464
25.8363	12.3464
25.8363	12.3553
25.8363	12.3643
25.8274	12.3643
25.8274	12.3732
25.8185	12.3732
25.8095	12.3732
25.8095	12.3821
25.8006	12.3821
25.8006	12.3911
25.7917	12.3911
25.7917	12.4000
25.7827	12.4000
25.7738	12.4000
25.7649	12.4000
25.7649	12.4089
25.7559	12.4089
25.7559	12.4179
25.7470	12.4179
25.7381	12.4179
25.7291	12.4179
25.7291	12.4268
25.7202	12.4268
25.7113	12.4268
25.7023	12.4268
25.7023	12.4357
25.6934	12.4357
25.6845	12.4357
25.6845	12.4447
25.6845	12.4536
25.6755	12.4536
25.6666	12.4536
25.6577	12.4536
25.6577	12.4625
25.6487	12.4625
25.6487	12.4715
25.6398	12.4715
25.6309	12.4715
25.6309	12.4804
25.6219	12.4804
25.6130	12.4893
25.6041	12.4893
25.6041	12.4983
25.5951	12.4983
25.5951	12.5072
25.5862	12.5072
25.5773	12.5072
25.5773	12.5161
25.5683	12.5161
25.5683	12.5251
25.5594	12.5251
25.5594	12.5340
25.5505	12.5340
25.5415	12.5340
25.5415	12.5430
25.5326	12.5430
25.5237	12.5430
25.5237	12.5519
25.5237	12.5608
25.5147	12.5608
25.5058	12.5608
25.5058	12.5698
25.4969	12.5698
25.4969	12.5787
25.4879	12.5787
25.4879	12.5876
25.4879	12.5966
25.4790	12.5966
25.4790	12.6055
25.4790	12.6144
25.4790	12.6234
25.4790	12.6323
25.4790	12.6412
25.4790	12.6502
25.4790	12.6591
25.4879	12.6591
25.4969	12.6591
25.5058	12.6591
25.5058	12.6680
25.5147	12.6680
25.5237	12.6680
25.5326	12.6680
25.5415	12.6680
25.5505	12.6680
25.5505	12.6770
25.5505	12.6859
25.5594	12.6859
25.5594	12.6948
25.5594	12.7038
25.5683	12.7038
25.5773	12.7038
25.5773	12.7127
25.5773	12.7216
25.5773	12.7306
25.5862	12.7306
25.5951	12.7306
25.5951	12.7395
25.6041	12.7395
25.6130	12.7395
25.6219	12.7395
25.6309	12.7395
25.6398	12.7395
25.6487	12.7395
25.6577	12.7395
25.6666	12.7395
25.6755	12.7395
25.6845	12.7395
25.6845	12.7306
25.6934	12.7306
25.7023	12.7216
25.7113	12.7216
25.7202	12.7127
25.7202	12.7038
25.7291	12.7038
25.7381	12.7038
25.7381	12.6948
25.7470	12.6948
25.7470	12.6859
25.7559	12.6859
25.7559	12.6770
25.7649	12.6680
25.7738	12.6680
25.7738	12.6591
25.7738	12.6502
25.7827	12.6502
25.7917	12.6502
25.7917	12.6412
25.8006	12.6412
25.8006	12.6323
25.8095	12.6323
25.8095	12.6234
25.8095	12.6144
25.8185	12.6055
25.8274	12.5966
25.8274	12.5876
25.8363	12.5876
25.8363	12.5787
25.8453	12.5787
25.8542	12.5787
25.8542	12.5698
25.8631	12.5698
25.8721	12.5698
25.8810	12.5608
25.8899	12.5608
25.8989	12.5608
25.9078	12.5608
25.9167	12.5608
25.9257	12.5608
25.9346	12.5608
25.9435	12.5608
25.9525	12.5608
25.9614	12.5608
25.9703	12.5608
25.9793	12.5608
25.9882	12.5608
25.9971	12.5608
26.0061	12.5608
26.0150	12.5608
26.0239	12.5608
26.0329	12.5608
26.0418	12.5608
26.0507	12.5608
26.0597	12.5608
26.0597	12.5519
26.0686	12.5519
26.0775	12.5519
26.0775	12.5430
26.0865	12.5430
26.0954	12.5430
26.0954	12.5340
26.1043	12.5340
26.1133	12.5340
26.1133	12.5251
26.1222	12.5251
26.1222	12.5161
26.1222	12.5072
26.1311	12.5072
26.1311	12.4983
26.1401	12.4983
26.1401	12.4893
26.1490	12.4893
26.1490	12.4804
26.1490	12.4715
26.1579	12.4715
26.1579	12.4625
26.1579	12.4536
26.1669	12.4536
26.1669	12.4447
26.1669	12.4357
26.1669	12.4268
26.1758	12.4268
26.1758	12.4179
26.1847	12.4179
26.1847	12.4089
26.1847	12.4000
26.1847	12.3911
26.1937	12.3911
26.1937	12.3821
26.2026	12.3821
26.2026	12.3732
26.2026	12.3643
26.2026	12.3553
26.2115	12.3553
26.2115	12.3464
26.2205	12.3375
26.2205	12.3285
26.2205	12.3196
26.2205	12.3107
26.2294	12.3107
26.2384	12.3107
26.2384	12.3017
26.2384	12.2928
26.2473	12.2928
26.2562	12.2928
26.2562	12.2839
26.2562	12.2749
26.2652	12.2749
26.2741	12.2749
26.2741	12.2660
26.2741	12.2571
26.2830	12.2571
26.2920	12.2571
26.2920	12.2481
26.3009	12.2481
26.3009	12.2392
26.3098	12.2392
26.3098	12.2303
26.3188	12.2303
26.3188	12.2213
26.3277	12.2213
26.3277	12.2124
26.3366	12.2124
26.3456	12.2124
26.3456	12.2035
26.3545	12.2035
26.3634	12.2035
26.3724	12.2035
26.3724	12.1945
26.3813	12.1945
26.3813	12.1856
26.3902	12.1856
26.3992	12.1856
26.4081	12.1856
26.4170	12.1767
26.4260	12.1767
26.4349	12.1767
26.4349	12.1677
26.4438	12.1677
26.4528	12.1677
26.4528	12.1588
26.4617	12.1588
26.4706	12.1588
26.4706	12.1499
26.4796	12.1499
26.4885	12.1499
26.4974	12.1499
26.4974	12.1409
26.5064	12.1409
26.5153	12.1409
26.5153	12.1320
26.5242	12.1320
26.5332	12.1320
26.5421	12.1320
26.5510	12.1320
26.5510	12.1231
26.5600	12.1231
26.5600	12.1141
26.5689	12.1141
26.5689	12.1052
26.5778	12.1052
26.5778	12.0963
26.5868	12.0963
26.5868	12.0873
26.5957	12.0873
26.5957	12.0784
26.6046	12.0784
26.6136	12.0695
26.6136	12.0605
26.6136	12.0516
26.6225	12.0516
26.6225	12.0427
26.6314	12.0427
26.6314	12.0337
26.6314	12.0248
26.6314	12.0159
26.6404	12.0159
26.6404	12.0069
26.6493	12.0069
26.6493	11.9980
26.6493	11.9891
26.6493	11.9801
26.6582	11.9801
26.6582	11.9712
26.6672	11.9712
26.6672	11.9623
26.6672	11.9533
26.6761	11.9533
26.6761	11.9444
26.6850	11.9444
26.6850	11.9355
26.6850	11.9265
26.6850	11.9176
26.6940	11.9176
26.7029	11.9176
26.7029	11.9087
26.7029	11.8997
26.7118	11.8997
26.7118	11.8908
26.7118	11.8819
26.7208	11.8819
26.7208	11.8729
26.7208	11.8640
26.7297	11.8640
26.7386	11.8640
26.7386	11.8551
26.7386	11.8461
26.7476	11.8461
26.7476	11.8372
26.7565	11.8372
26.7565	11.8283
26.7654	11.8193
26.7654	11.8104
26.7744	11.8104
26.7833	11.8015
26.7833	11.7925
26.7922	11.7925
26.7922	11.7836
26.7922	11.7746
26.8012	11.7746
26.8101	11.7657
26.8101	11.7568
26.8101	11.7478
26.8190	11.7478
26.8280	11.7478
26.8280	11.7389
26.8369	11.7389
26.8369	11.7300
26.8458	11.7300
26.8458	11.7210
26.8548	11.7210
26.8548	11.7121
26.8637	11.7121
26.8637	11.7032
26.8726	11.7032
26.8816	11.7032
26.8816	11.6942
26.8905	11.6942
26.8994	11.6942
26.8994	11.6853
26.9084	11.6853
26.9173	11.6853
26.9262	11.6853
26.9352	11.6853
26.9441	11.6853
26.9530	11.6853
26.9620	11.6853
26.9709	11.6853
26.9799	11.6853
26.9888	11.6853
26.9977	11.6853
27.0067	11.6853
27.0067	11.6942
27.0067	11.7032
27.0156	11.7032
27.0245	11.7032
27.0335	11.7032
27.0335	11.7121
27.0424	11.7121
27.0513	11.7121
27.0603	11.7210
27.0692	11.7210
27.0781	11.7300
27.0871	11.7300
27.0960	11.7389
27.1049	11.7389
27.1139	11.7389
27.1228	11.7389
27.1228	11.7478
27.1317	11.7478
27.1407	11.7478
27.1496	11.7478
27.1496	11.7568
27.1585	11.7568
27.1675	11.7568
27.1764	11.7568
27.1853	11.7568
27.1943	11.7568
27.2032	11.7568
27.2121	11.7568
27.2211	11.7568
27.2300	11.7568
27.2389	11.7568
27.2479	11.7568
27.2568	11.7568
27.2568	11.7478
27.2657	11.7478
27.2657	11.7389
27.2747	11.7389
27.2747	11.7300
27.2836	11.7300
27.2925	11.7210
27.3015	11.7210
27.3015	11.7121
27.3104	11.7121
27.3104	11.7032
27.3193	11.7032
27.3283	11.6942
27.3283	11.6853
27.3372	11.6853
27.3461	11.6853
27.3461	11.6764
27.3461	11.6674
27.3551	11.6674
27.3640	11.6674
27.3640	11.6585
27.3729	11.6585
27.3729	11.6496
27.3819	11.6496
27.3819	11.6406
27.3908	11.6406
27.3997	11.6317
27.3997	11.6228
27.4087	11.6228
27.4176	11.6228
27.4176	11.6138
27.4265	11.6138
27.4265	11.6049
27.4355	11.6049
27.4355	11.5960
27.4444	11.5960
27.4533	11.5960
27.4533	11.5870
27.4623	11.5870
27.4623	11.5781
27.4712	11.5781
27.4712	11.5692
27.4801	11.5692
27.4891	11.5692
27.4891	11.5602
27.4980	11.5602
27.5069	11.5602
27.5159	11.5602
27.5248	11.5602
27.5248	11.5513
27.5337	11.5513
27.5427	11.5513
27.5516	11.5513
27.5605	11.5513
27.5695	11.5513
27.5784	11.5513
27.5873	11.5513
27.5963	11.5513
27.6052	11.5513
27.6141	11.5513
27.6231	11.5513
27.6320	11.5513
27.6409	11.5513
27.6499	11.5513
27.6588	11.5513
27.6588	11.5602
27.6677	11.5602
27.6767	11.5602
27.6856	11.5602
27.6945	11.5692
27.7035	11.5692
27.7124	11.5692
27.7124	11.5781
27.7213	11.5781
27.7213	11.5870
27.7303	11.5870
27.7392	11.5870
27.7392	11.5960
27.7482	11.5960
27.7571	11.5960
27.7571	11.6049
27.7660	11.6049
27.7660	11.6138
27.7750	11.6138
27.7839	11.6138
27.7839	11.6228
27.7839	11.6317
27.7928	11.6317
27.7928	11.6406
27.8018	11.6406
27.8018	11.6496
27.8107	11.6496
27.8107	11.6585
27.8107	11.6674
27.8196	11.6674
27.8196	11.6764
27.8196	11.6853
27.8286	11.6853
27.8286	11.6942
27.8286	11.7032
27.8286	11.7121
27.8286	11.7210
27.8286	11.7300
27.8286	11.7389
27.8196	11.7389
27.8196	11.7478
27.8107	11.7478
27.8107	11.7568
27.8018	11.7568
27.7928	11.7568
27.7928	11.7657
27.7928	11.7746
27.7839	11.7746
27.7750	11.7746
27.7750	11.7836
27.7750	11.7925
27.7660	11.7925
27.7571	11.7925
27.7571	11.8015
27.7571	11.8104
27.7482	11.8104
27.7392	11.8104
27.7392	11.8193
27.7303	11.8193
27.7303	11.8283
27.7213	11.8283
27.7213	11.8372
27.7124	11.8461
27.7035	11.8461
27.7035	11.8551
27.7035	11.8640
27.6945	11.8640
27.6945	11.8729
27.6856	11.8729
27.6856	11.8819
27.6767	11.8819
27.6677	11.8819
27.6677	11.8908
27.6677	11.8997
27.6588	11.8997
27.6499	11.8997
27.6499	11.9087
27.6499	11.9176
27.6409	11.9176
27.6320	11.9176
27.6320	11.9265
27.6320	11.9355
27.6231	11.9355
27.6141	11.9355
27.6141	11.9444
27.6141	11.9533
27.6052	11.9533
27.5963	11.9533
27.5963	11.9623
27.5963	11.9712
27.5873	11.9712
27.5784	11.9712
27.5784	11.9801
27.5784	11.9891
27.5695	11.9891
27.5605	11.9980
27.5605	12.0069
27.5516	12.0069
27.5427	12.0069
27.5427	12.0159
27.5427	12.0248
27.5337	12.0248
27.5337	12.0337
27.5248	12.0337
27.5248	12.0427
27.5248	12.0516
27.5159	12.0516
27.5159	12.0605
27.5069	12.0605
27.5069	12.0695
27.5069	12.0784
27.4980	12.0784
27.4891	12.0873
27.4891	12.0963
27.4801	12.0963
27.4801	12.1052
27.4712	12.1052
27.4712	12.1141
27.4712	12.1231
27.4623	12.1231
27.4623	12.1320
27.4533	12.1320
27.4533	12.1409
27.4533	12.1499
27.4444	12.1499
27.4444	12.1588
27.4355	12.1588
27.4355	12.1677
27.4355	12.1767
27.4355	12.1856
27.4265	12.1856
27.4265	12.1945
27.4176	12.1945
27.4176	12.2035
27.4176	12.2124
27.4087	12.2213
27.3997	12.2213
27.3997	12.2303
27.3997	12.2392
27.3997	12.2481
27.3997	12.2571
27.3908	12.2571
27.3819	12.2660
27.3819	12.2749
27.3819	12.2839
27.3819	12.2928
27.3729	12.2928
27.3729	12.3017
27.3729	12.3107
27.3640	12.3107
27.3640	12.3196
27.3551	12.3196
27.3461	12.3196
27.3461	12.3285
27.3372	12.3285
27.3283	12.3285
27.3283	12.3375
27.3283	12.3464
27.3193	12.3464
27.3104	12.3464
27.3015	12.3553
27.2925	12.3553
27.2925	12.3643
27.2836	12.3643
27.2747	12.3643
27.2747	12.3732
27.2657	12.3732
27.2568	12.3732
27.2568	12.3821
27.2479	12.3821
27.2389	12.3821
27.2300	12.3821
27.2211	12.3821
27.2121	12.3821
27.2032	12.3821
27.2032	12.3911
27.1943	12.3911
27.1853	12.3911
27.1764	12.3911
27.1675	12.3911
27.1675	12.4000
27.1585	12.4000
27.1496	12.4000
27.1407	12.4000
27.1317	12.4000
27.1228	12.4000
27.1139	12.4000
27.1139	12.4089
27.1049	12.4089
27.1049	12.4179
27.0960	12.4179
27.0871	12.4179
27.0781	12.4179
27.0781	12.4268
27.0692	12.4268
27.0603	12.4268
27.0603	12.4357
27.0513	12.4357
27.0424	12.4357
27.0424	12.4447
27.0335	12.4447
27.0245	12.4536
27.0156	12.4536
27.0156	12.4625
27.0067	12.4625
27.0067	12.4715
26.9977	12.4715
26.9888	12.4804
26.9888	12.4893
26.9888	12.4983
26.9799	12.4983
26.9799	12.5072
26.9799	12.5161
26.9709	12.5161
26.9709	12.5251
26.9799	12.5251
26.9888	12.5251
26.9977	12.5251
27.0067	12.5251
27.0156	12.5251
27.0245	12.5251
27.0335	12.5251
27.0424	12.5251
27.0513	12.5251
27.0603	12.5251
27.0692	12.5251
27.0781	12.5251
27.0871	12.5251
27.0960	12.5251
27.0960	12.5340
27.1049	12.5340
27.1049	12.5430
27.1139	12.5430
27.1139	12.5519
27.1139	12.5608
27.1139	12.5698
27.1139	12.5787
27.1139	12.5876
27.1139	12.5966
27.1228	12.5966
27.1228	12.6055
27.1228	12.6144
27.1228	12.6234
27.1228	12.6323
27.1228	12.6412
27.1228	12.6502
27.1228	12.6591
27.1228	12.6680
27.1139	12.6680
27.1139	12.6770
27.1139	12.6859
27.1139	12.6948
27.1139	12.7038
27.1049	12.7038
27.1049	12.7127
27.1049	12.7216
27.0960	12.7216
27.0960	12.7306
27.0960	12.7395
27.0960	12.7484
27.0871	12.7484
27.0871	12.7574
27.0871	12.7663
27.0871	12.7752
27.0871	12.7842
27.0781	12.7842
27.0781	12.7931
27.0781	12.8020
27.0781	12.8110
27.0781	12.8199
27.0781	12.8288
27.0692	12.8288
27.0603	12.8378
27.0603	12.8467
27.0603	12.8556
27.0603	12.8646
27.0603	12.8735
27.0603	12.8824
27.0513	12.8824
27.0513	12.8914
27.0424	12.8914
27.0424	12.9003
27.0424	12.9092
27.0335	12.9182
27.0335	12.9271
27.0245	12.9271
27.0245	12.9360
27.0245	12.9450
27.0156	12.9450
27.0156	12.9539
27.0067	12.9539
27.0067	12.9628
27.0067	12.9718
26.9977	12.9807
26.9888	12.9807
26.9888	12.9896
26.9888	12.9986
26.9888	13.0075
26.9799	13.0075
26.9799	13.0164
26.9709	13.0164
26.9709	13.0254
26.9709	13.0343
26.9620	13.0343
26.9620	13.0432
26.9620	13.0522
26.9530	13.0522
26.9530	13.0611
26.9530	13.0700
26.9441	13.0700
26.9441	13.0790
26.9352	13.0790
26.9352	13.0879
26.9352	13.0968
26.9262	13.0968
26.9262	13.1058
26.9173	13.1058
26.9173	13.1147
26.9084	13.1147
26.9084	13.1236
26.8994	13.1326
26.8905	13.1326
26.8905	13.1415
26.8816	13.1415
26.8816	13.1504
26.8816	13.1594
26.8726	13.1594
26.8637	13.1594
26.8637	13.1683
26.8548	13.1683
26.8548	13.1772
26.8458	13.1772
26.8458	13.1862
26.8369	13.1862
26.8280	13.1862
26.8280	13.1951
26.8280	13.2040
26.8190	13.2040
26.8101	13.2040
26.8101	13.2130
26.8012	13.2130
26.7922	13.2130
26.7922	13.2219
26.7833	13.2219
26.7833	13.2308
26.7744	13.2308
26.7744	13.2398
26.7654	13.2398
26.7565	13.2398
26.7565	13.2487
26.7476	13.2576
26.7386	13.2576
26.7297	13.2576
26.7208	13.2666
26.7118	13.2755
26.7029	13.2755
26.7029	13.2844
26.6940	13.2844
26.6850	13.2934
26.6850	13.3023
26.6761	13.3023
26.6672	13.3023
26.6672	13.3113
26.6582	13.3202
26.6582	13.3291
26.6493	13.3291
26.6493	13.3381
26.6404	13.3381
26.6404	13.3470
26.6314	13.3470
26.6314	13.3559
26.6314	13.3649
26.6225	13.3649
26.6225	13.3738
26.6225	13.3827
26.6136	13.3827
26.6136	13.3917
26.6136	13.4006
26.6046	13.4006
26.5957	13.4006
26.5957	13.4095
26.5957	13.4185
26.5957	13.4274
26.5868	13.4274
26.5868	13.4363
26.5778	13.4453
26.5778	13.4542
26.5778	13.4631
26.5689	13.4721
26.5689	13.4810
26.5600	13.4810
26.5600	13.4899
26.5600	13.4989
26.5600	13.5078
26.5510	13.5078
26.5421	13.5078
26.5421	13.5167
26.5421	13.5257
26.5421	13.5346
26.5332	13.5346
26.5332	13.5435
26.5242	13.5435
26.5242	13.5525
26.5242	13.5614
26.5153	13.5614
26.5153	13.5703
26.5064	13.5793
26.5064	13.5882
26.4974	13.5971
26.4885	13.5971
26.4885	13.6061
26.4885	13.6150
26.4796	13.6150
26.4796	13.6239
26.4706	13.6239
26.4706	13.6329
26.4706	13.6418
26.4617	13.6418
26.4617	13.6507
26.4528	13.6507
26.4528	13.6597
26.4438	13.6597
26.4438	13.6686
26.4349	13.6686
26.4349	13.6775
26.4260	13.6775
26.4260	13.6865
26.4170	13.6865
26.4170	13.6954
26.4081	13.6954
26.3992	13.6954
26.3992	13.7043
26.3902	13.7043
26.3902	13.7133
26.3813	13.7133
26.3813	13.7222
26.3724	13.7222
26.3634	13.7222
26.3634	13.7311
26.3545	13.7311
26.3456	13.7401
26.3456	13.7490
26.3366	13.7490
26.3277	13.7490
26.3277	13.7579
26.3188	13.7669
26.3098	13.7669
26.3098	13.7758
26.3009	13.7758
26.2920	13.7758
26.2920	13.7847
26.2920	13.7937
26.2830	13.7937
26.2741	13.7937
26.2741	13.8026
26.2652	13.8026
26.2652	13.8115
26.2562	13.8115
26.2473	13.8115
26.2473	13.8205
26.2384	13.8205
26.2384	13.8294
26.2294	13.8294
26.2205	13.8294
26.2205	13.8383
26.2115	13.8383
26.2115	13.8473
26.2026	13.8473
26.1937	13.8473
26.1847	13.8473
26.1847	13.8562
26.1758	13.8651
26.1669	13.8651
26.1669	13.8741
26.1579	13.8741
26.1490	13.8741
26.1490	13.8830
26.1401	13.8830
26.1311	13.8830
26.1311	13.8919
26.1311	13.9009
26.1222	13.9009
26.1133	13.9009
26.1043	13.9009
26.0954	13.9098
26.0954	13.9187
26.0865	13.9187
26.0775	13.9187
26.0775	13.9277
26.0686	13.9277
26.0597	13.9277
26.0597	13.9366
26.0507	13.9366
26.0418	13.9366
26.0418	13.9455
26.0329	13.9455
26.0239	13.9455
26.0239	13.9545
26.0150	13.9545
26.0061	13.9545
26.0061	13.9634
26.0061	13.9723
25.9971	13.9723
25.9882	13.9723
25.9882	13.9813
25.9793	13.9813
25.9793	13.9902
25.9703	13.9902
25.9614	13.9902
25.9614	13.9991
25.9525	13.9991
25.9525	14.0081
25.9435	14.0081
25.9435	14.0170
25.9346	14.0170
25.9346	14.0259
25.9257	14.0259
25.9167	14.0259
25.9167	14.0349
25.9167	14.0438
25.9078	14.0438
25.8989	14.0438
25.8989	14.0527
25.8989	14.0617
25.8899	14.0617
25.8810	14.0617
25.8810	14.0706
25.8810	14.0796
25.8721	14.0796
25.8721	14.0885
25.8721	14.0974
25.8631	14.0974
25.8631	14.1064
25.8631	14.1153
25.8542	14.1153
25.8542	14.1242
25.8542	14.1332
25.8542	14.1421
25.8542	14.1510
25.8542	14.1600
25.8631	14.1600
25.8631	14.1689
25.8721	14.1689
25.8721	14.1778
25.8810	14.1778
25.8810	14.1868
25.8899	14.1868
25.8899	14.1957
25.8899	14.2046
25.8899	14.2136
25.8899	14.2225
25.8899	14.2314
25.8899	14.2404
25.8899	14.2493
25.8899	14.2582
25.8899	14.2672
25.8899	14.2761
25.8899	14.2850
25.8899	14.2940
25.8899	14.3029
25.8899	14.3118
25.8899	14.3208
25.8899	14.3297
25.8899	14.3386
25.8899	14.3476
25.8899	14.3565
25.8899	14.3654
25.8899	14.3744
25.8899	14.3833
25.8989	14.3833
25.8989	14.3922
25.8989	14.4012
25.8989	14.4101
25.8989	14.4190
25.8989	14.4280
25.9078	14.4280
25.9167	14.4280
25.9167	14.4369
25.9257	14.4369
25.9346	14.4369
25.9435	14.4369
25.9525	14.4369
25.9614	14.4369
25.9703	14.4369
25.9793	14.4369
25.9882	14.4369
25.9971	14.4369
26.0061	14.4369
26.0150	14.4369
26.0239	14.4369
26.0239	14.4280
26.0329	14.4280
26.0418	14.4280
26.0418	14.4190
26.0507	14.4190
26.0597	14.4190
26.0686	14.4190
26.0775	14.4190
26.0865	14.4101
26.0954	14.4012
26.1043	14.4012
26.1133	14.4012
26.1222	14.4012
26.1222	14.3922
26.1311	14.3922
26.1401	14.3922
26.1490	14.3922
26.1579	14.3922
26.1669	14.3922
26.1579	14.3922
26.1669	14.3922
26.1758	14.3922
26.1847	14.3922
26.1937	14.3922
26.2026	14.3922
26.2115	14.3922
26.2205	14.3922
26.2294	14.4012
26.2384	14.4012
26.2384	14.4101
26.2384	14.4190
26.2473	14.4190
26.2473	14.4280
26.2562	14.4369
26.2562	14.4458
26.2562	14.4548
26.2652	14.4548
26.2652	14.4637
26.2741	14.4637
26.2741	14.4726
26.2741	14.4816
26.2741	14.4905
26.2830	14.4905
26.2830	14.4994
26.2830	14.5084
26.2830	14.5173
26.2830	14.5262
26.2830	14.5352
26.2920	14.5352
26.2920	14.5441
26.2920	14.5530
26.2920	14.5620
26.2920	14.5709
26.2920	14.5798
26.2920	14.5888
26.2920	14.5977
26.2920	14.6066
26.2920	14.6156
26.2920	14.6245
26.2920	14.6334
26.2920	14.6424
26.2920	14.6513
26.3009	14.6513
26.3009	14.6602
26.3009	14.6692
26.3098	14.6692
26.3098	14.6781
26.3098	14.6870
26.3098	14.6960
26.3098	14.7049
26.3098	14.7138
26.3098	14.7228
26.3098	14.7317
26.3098	14.7406
26.3098	14.7496
26.3098	14.7585
26.3188	14.7585
26.3188	14.7674
26.3188	14.7764
26.3188	14.7853
26.3277	14.7853
26.3277	14.7942
26.3277	14.8032
26.3277	14.8121
26.3366	14.8121
26.3366	14.8211
26.3366	14.8300
26.3366	14.8389
26.3366	14.8479
26.3366	14.8568
26.3366	14.8657
26.3366	14.8747
26.3366	14.8836
26.3456	14.8836
26.3456	14.8925
26.3456	14.9015
26.3456	14.9104
26.3456	14.9193
26.3456	14.9283
26.3545	14.9283
26.3545	14.9372
26.3545	14.9461
26.3634	14.9461
26.3634	14.9551
26.3634	14.9640
26.3634	14.9729
26.3724	14.9729
26.3813	14.9729
26.3813	14.9819
26.3813	14.9908
26.3813	14.9997
26.3902	14.9997
26.3902	15.0087
26.3992	15.0087
26.4081	15.0087
26.4081	15.0176
26.4170	15.0176
26.4170	15.0265
26.4260	15.0265
26.4349	15.0265
26.4349	15.0355
26.4349	15.0444
26.4438	15.0444
26.4528	15.0444
26.4617	15.0444
26.4706	15.0444
26.4885	15.0444
26.4974	15.0444
26.5064	15.0444
26.5153	15.0444
26.5332	15.0533
26.5421	15.0533
26.5510	15.0533
26.5600	15.0623
26.5689	15.0623
26.5778	15.0623
26.5868	15.0712
26.5957	15.0712
26.5957	15.0801
26.6046	15.0801
26.6136	15.0801
26.6136	15.0891
26.6136	15.0980
26.6225	15.0980
26.6314	15.0980
26.6314	15.1069
26.6404	15.1069
26.6493	15.1159
26.6582	15.1159
26.6672	15.1248
26.6672	15.1337
26.6761	15.1337
26.6761	15.1427
26.6850	15.1427
26.6850	15.1516
26.6940	15.1516
26.7029	15.1516
26.7029	15.1605
26.7118	15.1605
26.7118	15.1695
26.7208	15.1695
26.7208	15.1784
26.7208	15.1873
26.7297	15.1873
26.7386	15.1873
26.7386	15.1963
26.7386	15.2052
26.7476	15.2052
26.7565	15.2052
26.7565	15.2141
26.7565	15.2231
26.7654	15.2231
26.7654	15.2320
26.7744	15.2320
26.7744	15.2409
26.7833	15.2409
26.7833	15.2499
26.7922	15.2499
26.7922	15.2588
26.8012	15.2588
26.8012	15.2677
26.8101	15.2677
26.8101	15.2767
26.8101	15.2856
26.8190	15.2856
26.8190	15.2945
26.8280	15.2945
26.8280	15.3035
26.8369	15.3035
26.8458	15.3035
26.8458	15.3124
26.8548	15.3124
26.8637	15.3213
26.8726	15.3303
26.8816	15.3303
26.8816	15.3392
26.8905	15.3392
26.8994	15.3481
26.9084	15.3481
26.9173	15.3481
26.9173	15.3571
26.9262	15.3571
26.9262	15.3660
26.9352	15.3660
26.9441	15.3660
26.9530	15.3660
26.9530	15.3749
26.9530	15.3839
26.9620	15.3839
26.9709	15.3839
26.9709	15.3928
26.9799	15.3928
26.9799	15.4017
26.9888	15.4017
26.9977	15.4017
26.9977	15.4107
27.0067	15.4107
27.0067	15.4196
27.0156	15.4196
27.0245	15.4196
27.0245	15.4285
27.0245	15.4375
27.0335	15.4375
27.0424	15.4464
27.0424	15.4553
27.0513	15.4553
27.0603	15.4553
27.0603	15.4643
27.0692	15.4732
27.0781	15.4732
27.0781	15.4821
27.0960	15.4911
27.1049	15.4911
27.1049	15.5000
27.1139	15.5000
27.1139	15.5089
27.1228	15.5089
27.1317	15.5179
27.1317	15.5268
27.1407	15.5268
27.1496	15.5268
27.1496	15.5357
27.1585	15.5357
27.1675	15.5357
27.1675	15.5447
27.1764	15.5536
27.1853	15.5625
27.1853	15.5715
27.1943	15.5715
27.1943	15.5804
27.2032	15.5804
27.2032	15.5894
27.2032	15.5983
27.2032	15.6072
27.2121	15.6072
27.2121	15.6162
27.2211	15.6162
27.2211	15.6251
27.2211	15.6340
27.2211	15.6430
27.2300	15.6430
27.2300	15.6519
27.2389	15.6519
27.2389	15.6608
27.2389	15.6698
27.2389	15.6787
27.2389	15.6876
27.2479	15.6876
27.2479	15.6966
27.2568	15.6966
27.2568	15.7055
27.2568	15.7144
27.2657	15.7234
27.2657	15.7323
27.2657	15.7412
27.2747	15.7412
27.2747	15.7502
27.2747	15.7591
27.2747	15.7680
27.2836	15.7680
27.2836	15.7770
27.2925	15.7770
27.2925	15.7859
27.2925	15.7948
27.2925	15.8038
27.2925	15.8127
27.2925	15.8216
27.2925	15.8306
27.3015	15.8306
27.3015	15.8395
27.3015	15.8484
27.3104	15.8484
27.3104	15.8574
27.3104	15.8663
27.3104	15.8752
27.3104	15.8842
27.3104	15.8931
27.3104	15.9020
27.3104	15.9110
27.3104	15.9199
27.3104	15.9288
27.3104	15.9378
27.3104	15.9467
27.3104	15.9556
27.3104	15.9646
27.3104	15.9735
27.3104	15.9824
27.3104	15.9914
27.3104	16.0003
27.3104	16.0092
27.3104	16.0182
27.3104	16.0271
27.3104	16.0360
27.3104	16.0450
27.3104	16.0539
27.3015	16.0539
27.3015	16.0628
27.3015	16.0718
27.3015	16.0807
27.2925	16.0807
27.2925	16.0896
27.2925	16.0986
27.2925	16.1075
27.2925	16.1164
27.2925	16.1254
27.2925	16.1343
27.2925	16.1432
27.2925	16.1522
27.2925	16.1611
27.2836	16.1611
27.2836	16.1700
27.2747	16.1700
27.2747	16.1790
27.2747	16.1879
27.2747	16.1968
27.2747	16.2058
27.2747	16.2147
27.2657	16.2147
27.2657	16.2236
27.2568	16.2236
27.2568	16.2326
27.2568	16.2415
27.2479	16.2415
27.2479	16.2504
27.2389	16.2504
27.2389	16.2594
27.2300	16.2594
27.2211	16.2594
27.2211	16.2683
27.2211	16.2772
27.2121	16.2772
27.2121	16.2862
27.2032	16.2951
27.2032	16.3040
27.2032	16.3130
27.1943	16.3130
27.1943	16.3219
27.1853	16.3219
27.1853	16.3308
27.1764	16.3308
27.1675	16.3308
27.1675	16.3398
27.1585	16.3398
27.1496	16.3398
27.1496	16.3487
27.1407	16.3577
27.1317	16.3577
27.1317	16.3666
27.1228	16.3666
27.1139	16.3666
27.1139	16.3755
27.1049	16.3755
27.1049	16.3845
27.0960	16.3845
27.0960	16.3934
27.0960	16.4023
27.0871	16.4023
27.0781	16.4023
27.0781	16.4113
27.0781	16.4202
27.0692	16.4202
27.0603	16.4202
27.0603	16.4291
27.0603	16.4381
27.0513	16.4381
27.0424	16.4381
27.0424	16.4470
27.0335	16.4470
27.0335	16.4559
27.0245	16.4559
27.0156	16.4559
27.0156	16.4649
27.0067	16.4738
26.9977	16.4738
26.9977	16.4827
26.9888	16.4827
26.9888	16.4917
26.9799	16.4917
26.9799	16.5006
26.9709	16.5006
26.9709	16.5095
26.9620	16.5095
26.9620	16.5185
26.9530	16.5185
26.9530	16.5274
26.9530	16.5363
26.9441	16.5363
26.9441	16.5453
26.9352	16.5453
26.9352	16.5542
26.9352	16.5631
26.9262	16.5631
26.9262	16.5721
26.9262	16.5810
26.9173	16.5810
26.9173	16.5899
26.9173	16.5989
26.9084	16.5989
26.9084	16.6078
26.9084	16.6167
26.8994	16.6167
26.8994	16.6257
26.8905	16.6257
26.8905	16.6346
26.8816	16.6346
26.8816	16.6435
26.8816	16.6525
26.8726	16.6525
26.8637	16.6525
26.8637	16.6614
26.8637	16.6703
26.8548	16.6703
26.8458	16.6703
26.8458	16.6793
26.8369	16.6793
26.8369	16.6882
26.8280	16.6882
26.8190	16.6882
26.8190	16.6971
26.8101	16.6971
26.8101	16.7061
26.8012	16.7061
26.7922	16.7061
26.7833	16.7061
26.7833	16.7150
26.7744	16.7239
26.7654	16.7239
26.7565	16.7329
26.7565	16.7418
26.7476	16.7418
26.7386	16.7418
26.7386	16.7507
26.7386	16.7597
26.7297	16.7597
26.7208	16.7686
26.7208	16.7775
26.7118	16.7775
26.7029	16.7775
26.6940	16.7775
26.6940	16.7865
26.6850	16.7954
26.6761	16.7954
26.6672	16.7954
26.6672	16.8043
26.6582	16.8043
26.6582	16.8133
26.6493	16.8133
26.6404	16.8133
26.6404	16.8222
26.6314	16.8222
26.6314	16.8311
26.6225	16.8311
26.6136	16.8311
26.6136	16.8401
26.6046	16.8401
26.6046	16.8490
26.5957	16.8490
26.5868	16.8490
26.5778	16.8490
26.5689	16.8490
26.5600	16.8490
26.5600	16.8579
26.5510	16.8579
26.5421	16.8669
26.5332	16.8669
26.5242	16.8669
26.5153	16.8669
26.5064	16.8669
26.5064	16.8758
26.4974	16.8758
26.4885	16.8758
26.4796	16.8758
26.4706	16.8758
26.4617	16.8758
26.4617	16.8847
26.4528	16.8847
26.4438	16.8847
26.4349	16.8847
26.4260	16.8847
26.4170	16.8847
26.4170	16.8937
26.4081	16.8937
26.3992	16.8937
26.3992	16.9026
26.3902	16.9026
26.3813	16.9205
26.3724	16.9205
26.3724	16.9294
26.3634	16.9383
26.3634	16.9473
26.3545	16.9473
26.3545	16.9562
26.3456	16.9562
26.3456	16.9651
26.3456	16.9741
26.3545	16.9741
26.3634	16.9741
26.3634	16.9830
26.3724	16.9830
26.3724	16.9919
26.3813	16.9919
26.3813	17.0009
26.3813	17.0098
26.3813	17.0187
26.3724	17.0187
26.3724	17.0277
26.3724	17.0366
26.3724	17.0455
26.3634	17.0455
26.3634	17.0545
26.3634	17.0634
26.3545	17.0634
26.3456	17.0723
26.3456	17.0813
26.3456	17.0902
26.3366	17.0902
26.3366	17.0991
26.3277	17.0991
26.3277	17.1081
26.3277	17.1170
26.3188	17.1170
26.3098	17.1170
26.3098	17.1260
26.3098	17.1349
26.3009	17.1349
26.3009	17.1438
26.2920	17.1438
26.2920	17.1528
26.2920	17.1617
26.2920	17.1706
26.2830	17.1706
26.2741	17.1706
26.2741	17.1796
26.2741	17.1885
26.2741	17.1974
26.2652	17.1974
26.2652	17.2064
26.2652	17.2153
26.2652	17.2242
26.2652	17.2332
26.2652	17.2421
26.2652	17.2510
26.2652	17.2600
26.2741	17.2600
26.2741	17.2689
26.2741	17.2778
26.2741	17.2868
26.2830	17.2957
26.2920	17.2957
26.2920	17.3046
26.2920	17.3136
26.2920	17.3225
26.2920	17.3314
26.2920	17.3404
26.2920	17.3493
26.2920	17.3582
26.2920	17.3672
26.2920	17.3761
26.2920	17.3850
26.2830	17.3850
26.2741	17.3940
26.2741	17.4029
26.2741	17.4118
26.2741	17.4208
26.2741	17.4297
26.2652	17.4386
26.2652	17.4476
26.2562	17.4476
26.2562	17.4565
26.2562	17.4654
26.2562	17.4744
26.2473	17.4744
26.2384	17.4744
26.2294	17.4744
26.2205	17.4744
26.2115	17.4744
26.2026	17.4744
26.1937	17.4744
26.1847	17.4744
26.1758	17.4744
26.1669	17.4744
26.1579	17.4744
26.1490	17.4744
26.1401	17.4744
26.1311	17.4744
26.1222	17.4744
26.1222	17.4833
26.1222	17.4922
26.1133	17.4922
26.1133	17.5012
26.1133	17.5101
26.1133	17.5190
26.1133	17.5280
26.1043	17.5280
26.1043	17.5369
26.1043	17.5458
26.0954	17.5458
26.0954	17.5548
26.0954	17.5637
26.0954	17.5726
26.0865	17.5816
26.0775	17.5816
26.0775	17.5905
26.0775	17.5994
26.0686	17.5994
26.0686	17.6084
26.0686	17.6173
26.0597	17.6173
26.0597	17.6262
26.0597	17.6352
26.0507	17.6352
26.0418	17.6530
26.0418	17.6620
26.0329	17.6709
26.0239	17.6709
26.0239	17.6798
26.0239	17.6888
26.0150	17.6888
26.0061	17.6888
26.0061	17.6977
26.0061	17.7066
25.9971	17.7066
25.9882	17.7066
25.9882	17.7156
25.9793	17.7156
25.9793	17.7245
25.9703	17.7245
25.9614	17.7245
25.9525	17.7245
25.9525	17.7334
25.9435	17.7334
25.9435	17.7424
25.9346	17.7424
25.9257	17.7424
25.9167	17.7424
25.9167	17.7513
25.9078	17.7513
25.8989	17.7513
25.8989	17.7602
25.8899	17.7602
25.8810	17.7602
25.8721	17.7602
25.8631	17.7602
25.8631	17.7692
25.8453	17.7781
25.8363	17.7781
25.8274	17.7781
25.8185	17.7781
25.8095	17.7781
25.8006	17.7870
25.7917	17.7870
25.7827	17.7870
25.7738	17.7870
25.7649	17.7870
25.7559	17.7870
25.7559	17.7960
25.7470	17.7960
25.7381	17.7960
25.7291	17.7960
25.7202	17.7960
25.7113	17.7960
25.7023	17.7960
25.6934	17.7960
25.6845	17.7960
25.6845	17.8049
25.6755	17.8049
25.6666	17.8049
25.6577	17.8049
25.6487	17.8049
25.6398	17.8049
25.6398	17.8138
25.6309	17.8138
25.6219	17.8138
25.6130	17.8138
25.6041	17.8138
25.5951	17.8138
25.5862	17.8138
25.5773	17.8138
25.5683	17.8138
25.5594	17.8138
25.5594	17.8049
25.5505	17.8049
25.5415	17.8049
25.5415	17.7960
25.5326	17.7960
25.5237	17.7960
25.5147	17.7960
25.5058	17.7960
25.4969	17.7960
25.4879	17.7960
25.4790	17.7960
25.4701	17.7960
25.4611	17.7960
25.4522	17.7960
25.4432	17.7960
25.4343	17.7960
25.4254	17.7960
25.4164	17.7960
25.4075	17.7960
25.3986	17.7960
25.3896	17.7960
25.3807	17.7960
25.3718	17.7960
25.3628	17.7960
25.3539	17.7960
25.3539	17.7870
25.3450	17.7870
25.3360	17.7870
25.3360	17.7781
25.3271	17.7781
25.3182	17.7781
25.3092	17.7692
25.3092	17.7602
25.3003	17.7602
25.2914	17.7602
25.2824	17.7602
25.2824	17.7513
25.2735	17.7513
25.2735	17.7424
25.2646	17.7424
25.2556	17.7424
25.2467	17.7424
25.2378	17.7424
25.2378	17.7334
25.2288	17.7334
25.2199	17.7334
25.2199	17.7245
25.2110	17.7245
25.2020	17.7245
25.1931	17.7245
25.1842	17.7245
25.1842	17.7156
25.1663	17.7156
25.1574	17.7156
25.1484	17.7156
25.1395	17.7156
25.1306	17.7156
25.1216	17.7156
25.1127	17.7156
25.1038	17.7156
25.0948	17.7156
25.0948	17.7245
25.0859	17.7245
25.0770	17.7245
25.0680	17.7245
25.0680	17.7334
25.0591	17.7334
25.0502	17.7334
25.0323	17.7334
25.0234	17.7334
25.0144	17.7334
25.0144	17.7424
25.0055	17.7424
25.0055	17.7513
24.9966	17.7513
24.9876	17.7602
24.9787	17.7602
24.9698	17.7602
24.9608	17.7602
24.9608	17.7692
24.9608	17.7781
24.9519	17.7781
24.9430	17.7781
24.9340	17.7781
24.9340	17.7870
24.9251	17.7870
24.9162	17.7960
24.9072	17.7960
24.8983	17.7960
24.8983	17.8049
24.8894	17.8049
24.8804	17.8049
24.8804	17.8138
24.8715	17.8138
24.8626	17.8138
24.8536	17.8138
24.8536	17.8228
24.8447	17.8228
24.8358	17.8228
24.8358	17.8317
24.8268	17.8317
24.8179	17.8317
24.8090	17.8317
24.8090	17.8406
24.8090	17.8496
24.8000	17.8496
24.7911	17.8496
24.7822	17.8496
24.7732	17.8496
24.7643	17.8496
24.7643	17.8585
24.7554	17.8675
24.7464	17.8675
24.7464	17.8764
24.7375	17.8764
24.7375	17.8853
24.7286	17.8853
24.7196	17.8853
24.7107	17.8853
24.7107	17.8943
24.7018	17.8943
24.6928	17.8943
24.6839	17.8943
24.6749	17.8943
24.6660	17.8943
24.6571	17.8943
24.6481	17.8943
24.6392	17.8943
24.6303	17.8943
24.6213	17.8943
24.6124	17.8943
24.6035	17.8943
24.5945	17.8943
24.5856	17.8943
24.5767	17.8943
24.5677	17.8943
24.5677	17.8853
24.5588	17.8853
24.5499	17.8853
24.5409	17.8853
24.5320	17.8853
24.5231	17.8764
24.5141	17.8675
24.5052	17.8675
24.4963	17.8675
24.4873	17.8675
24.4873	17.8585
24.4784	17.8585
24.4695	17.8496
24.4605	17.8496
24.4516	17.8496
24.4516	17.8406
24.4427	17.8406
24.4337	17.8406
24.4337	17.8317
24.4248	17.8317
24.4159	17.8317
24.4159	17.8228
24.4069	17.8138
24.3980	17.8138
24.3891	17.8138
24.3801	17.8138
24.3801	17.8049
24.3712	17.8049
24.3712	17.7960
24.3623	17.7960
24.3533	17.7870
24.3444	17.7781
24.3444	17.7692
24.3355	17.7692
24.3265	17.7602
24.3265	17.7513
24.3176	17.7513
24.3087	17.7513
24.3087	17.7424
24.2997	17.7424
24.2997	17.7334
24.2908	17.7334
24.2908	17.7245
24.2819	17.7245
24.2729	17.7156
24.2729	17.7066
24.2640	17.7066
24.2551	17.7066
24.2461	17.6977
24.2461	17.6888
24.2372	17.6888
24.2283	17.6888
24.2193	17.6888
24.2193	17.6798
24.2104	17.6709
24.2015	17.6709
24.1925	17.6709
24.1925	17.6620
24.1836	17.6620
24.1747	17.6620
24.1747	17.6530
24.1657	17.6530
24.1568	17.6530
24.1479	17.6530
24.1479	17.6441
24.1389	17.6441
24.1300	17.6441
24.1211	17.6441
24.1211	17.6352
24.1121	17.6352
24.1032	17.6352
24.0943	17.6352
24.0853	17.6352
24.0764	17.6352
24.0675	17.6262
24.0585	17.6262
24.0585	17.6173
24.0496	17.6173
24.0407	17.6173
24.0317	17.6173
24.0228	17.6173
24.0228	17.6084
24.0139	17.6084
24.0049	17.6084
24.0049	17.5994
23.9960	17.5994
23.9871	17.5994
23.9871	17.5905
23.9781	17.5905
23.9781	17.5816
23.9692	17.5816
23.9603	17.5816
23.9513	17.5816
23.9513	17.5726
23.9513	17.5637
23.9424	17.5637
23.9334	17.5637
23.9245	17.5637
23.9156	17.5637
23.9066	17.5637
23.8977	17.5637
23.8888	17.5637
23.8798	17.5637
23.8709	17.5637
23.8620	17.5637
23.8530	17.5637
23.8441	17.5637
23.8352	17.5637
23.8262	17.5637
23.8173	17.5637
23.8173	17.5726
23.8084	17.5726
23.7994	17.5726
23.7994	17.5816
23.7905	17.5816
23.7905	17.5905
23.7816	17.5905
23.7726	17.5994
23.7637	17.5994
23.7548	17.5994
23.7548	17.6084
23.7548	17.6173
23.7458	17.6173
23.7458	17.6262
23.7369	17.6262
23.7369	17.6352
23.7280	17.6352
23.7190	17.6352
23.7190	17.6441
23.7101	17.6441
23.7101	17.6530
23.7012	17.6530
23.6922	17.6530
23.6833	17.6530
23.6833	17.6620
23.6744	17.6620
23.6744	17.6709
23.6654	17.6709
23.6565	17.6709
23.6476	17.6709
23.6476	17.6798
23.6386	17.6798
23.6297	17.6798
23.6297	17.6888
23.6208	17.6888
23.6118	17.6888
23.6029	17.6888
23.5940	17.6888
23.5940	17.6977
23.5850	17.6977
23.5761	17.7066
23.5672	17.7066
23.5582	17.7066
23.5493	17.7066
23.5404	17.7066
23.5404	17.7156
23.5314	17.7156
23.5225	17.7156
23.5136	17.7245
23.5046	17.7245
23.4957	17.7245
23.4868	17.7245
23.4778	17.7245
23.4689	17.7245
23.4600	17.7245
23.4510	17.7245
23.4421	17.7245
23.4332	17.7245
23.4242	17.7245
23.4153	17.7245
23.4064	17.7245
23.3974	17.7245
23.3885	17.7245
23.3796	17.7245
23.3796	17.7334
23.3706	17.7334
23.3617	17.7334
23.3528	17.7334
23.3438	17.7334
23.3349	17.7334
23.3260	17.7334
23.3081	17.7334
23.2992	17.7424
23.2902	17.7424
23.2813	17.7424
23.2724	17.7424
23.2634	17.7424
23.2545	17.7424
23.2456	17.7424
23.2366	17.7424
23.2277	17.7424
23.2188	17.7424
23.2098	17.7424
23.2098	17.7513
23.2009	17.7513
23.1920	17.7513
23.1830	17.7513
23.1830	17.7602
23.1741	17.7602
23.1651	17.7602
23.1562	17.7602
23.1473	17.7602
23.1383	17.7602
23.1294	17.7602
23.1205	17.7602
23.1115	17.7602
23.1026	17.7602
23.0937	17.7602
23.0847	17.7602
23.0758	17.7602
23.0669	17.7602
23.0579	17.7692
23.0490	17.7692
23.0401	17.7692
23.0401	17.7781
23.0311	17.7781
23.0222	17.7781
23.0133	17.7781
23.0043	17.7781
22.9954	17.7781
22.9865	17.7781
22.9775	17.7781
22.9686	17.7781
22.9597	17.7781
22.9507	17.7870
22.9418	17.7870
22.9329	17.7870
22.9239	17.7870
22.9150	17.7870
22.9150	17.7960
22.9061	17.7960
22.8971	17.7960
22.8971	17.8049
22.8882	17.8049
22.8793	17.8049
22.8793	17.8138
22.8703	17.8138
22.8614	17.8138
22.8614	17.8228
22.8525	17.8228
22.8435	17.8228
22.8435	17.8317
22.8346	17.8317
22.8257	17.8317
22.8167	17.8317
22.8078	17.8317
22.7989	17.8317
22.7989	17.8406
22.7899	17.8406
22.7810	17.8406
22.7721	17.8406
22.7631	17.8406
22.7542	17.8406
22.7453	17.8406
22.7363	17.8406
22.7274	17.8406
22.7185	17.8406
22.7095	17.8406
22.7006	17.8406
22.6917	17.8406
22.6827	17.8317
22.6738	17.8317
22.6649	17.8317
22.6559	17.8317
22.6470	17.8317
22.6381	17.8317
22.6291	17.8317
22.6202	17.8317
22.6113	17.8317
22.6113	17.8228
22.6023	17.8228
22.5934	17.8228
22.5934	17.8138
22.5845	17.8138
22.5755	17.8138
22.5666	17.8138
22.5577	17.8138
22.5487	17.8138
22.5398	17.8138
22.5309	17.8138
22.5219	17.8138
22.5130	17.8138
22.5041	17.8049
22.4951	17.8049
22.4862	17.8049
22.4773	17.8049
22.4683	17.8049
22.4683	17.7960
22.4594	17.7960
22.4505	17.7960
22.4415	17.7960
22.4326	17.7960
22.4237	17.7960
22.4147	17.7960
22.4058	17.7960
22.3968	17.7960
22.3879	17.7960
22.3790	17.7870
22.3700	17.7870
22.3611	17.7870
22.3522	17.7870
22.3432	17.7870
22.3343	17.7870
22.3254	17.7870
22.3254	17.7781
22.3164	17.7781
22.3075	17.7781
22.2986	17.7781
22.2896	17.7781
22.2807	17.7781
22.2718	17.7781
22.2628	17.7781
22.2539	17.7781
22.2450	17.7781
22.2360	17.7781
22.2271	17.7781
22.2182	17.7781
22.2092	17.7781
22.2003	17.7781
22.1914	17.7781
22.1824	17.7781
22.1735	17.7781
22.1646	17.7781
22.1467	17.7781
22.1378	17.7781
22.1288	17.7781
22.1199	17.7781
22.1110	17.7781
22.1020	17.7781
22.0931	17.7781
22.0842	17.7781
22.0752	17.7781
22.0663	17.7781
22.0574	17.7781
22.0484	17.7781
22.0395	17.7781
22.0306	17.7781
22.0216	17.7781
22.0127	17.7781
22.0038	17.7781
21.9948	17.7781
21.9859	17.7781
21.9770	17.7781
21.9680	17.7781
21.9591	17.7781
21.9502	17.7781
21.9323	17.7781
21.9234	17.7781
21.9144	17.7781
21.8966	17.7781
21.8876	17.7781
21.8787	17.7781
21.8698	17.7781
21.8608	17.7870
21.8519	17.7870
21.8430	17.7870
21.8340	17.7870
21.8251	17.7870
21.8162	17.7870
21.8072	17.7870
21.7983	17.7870
21.7894	17.7870
21.7804	17.7781
21.7715	17.7781
21.7626	17.7781
21.7536	17.7781
21.7447	17.7781
21.7358	17.7781
21.7358	17.7692
21.7179	17.7692
21.7090	17.7692
21.7000	17.7602
21.6911	17.7602
21.6822	17.7602
21.6732	17.7602
21.6643	17.7602
21.6643	17.7513
21.6553	17.7513
21.6464	17.7513
21.6464	17.7424
21.6375	17.7424
21.6285	17.7424
21.6196	17.7424
21.6107	17.7424
21.6017	17.7334
21.5928	17.7334
21.5749	17.7245
21.5660	17.7245
21.5660	17.7156
21.5571	17.7156
21.5481	17.7156
21.5481	17.7066
21.5392	17.7066
21.5303	17.7066
21.5213	17.7066
21.5124	17.7066
21.5035	17.7066
21.5035	17.6977
21.5035	17.6888
21.4945	17.6888
21.4856	17.6888
21.4767	17.6888
21.4677	17.6888
21.4588	17.6888
21.4499	17.6798
21.4409	17.6798
21.4320	17.6709
21.4231	17.6709
21.4141	17.6709
21.4052	17.6620
21.3963	17.6620
21.3873	17.6620
21.3695	17.6530
21.3605	17.6530
21.3516	17.6530
21.3427	17.6441
21.3427	17.6352
21.3248	17.6352
21.3159	17.6352
21.3069	17.6352
21.2980	17.6173
21.2891	17.6173
21.2801	17.6173
21.2712	17.6173
21.2712	17.6084
21.2712	17.5994
21.2623	17.5994
21.2533	17.5905
21.2533	17.5816
21.2533	17.5726
21.2444	17.5637
21.2355	17.5548
21.2355	17.5458
21.2355	17.5369
21.2265	17.5369
21.2265	17.5280
21.2176	17.5190
21.2176	17.5101
21.2087	17.5101
21.2087	17.5012
21.1997	17.4922
21.1997	17.4833
21.1997	17.4744
21.1908	17.4744
21.1819	17.4654
21.1819	17.4565
21.1729	17.4565
21.1640	17.4476
21.1640	17.4386
21.1551	17.4386
21.1461	17.4386
21.1461	17.4297
21.1461	17.4208
21.1372	17.4208
21.1283	17.4208
21.1283	17.4118
21.1193	17.4118
21.1193	17.4029
21.1104	17.4029
21.1015	17.4029
21.1015	17.3940
21.0925	17.3850
21.0836	17.3850
21.0747	17.3850
21.0747	17.3761
21.0747	17.3672
21.0657	17.3672
21.0568	17.3672
21.0568	17.3582
21.0479	17.3582
21.0389	17.3582
21.0389	17.3493
21.0300	17.3493
21.0211	17.3404
21.0121	17.3404
21.0121	17.3314
21.0032	17.3314
21.0032	17.3225
20.9943	17.3225
20.9853	17.3225
20.9853	17.3136
20.9764	17.3136
20.9764	17.2957
20.9675	17.2957
20.9585	17.2957
20.9585	17.2868
20.9496	17.2868
20.9496	17.2778
20.9496	17.2689
20.9317	17.2689
20.9317	17.2600
20.9139	17.2600
20.9049	17.2600
20.8960	17.2510
20.8870	17.2510
20.8781	17.2421
20.8602	17.2421
20.8513	17.2421
20.8424	17.2421
20.8334	17.2421
20.8245	17.2421
20.8156	17.2421
20.8066	17.2421
20.8066	17.2510
20.8066	17.2600
20.7977	17.2600
20.7888	17.2600
20.7798	17.2600
20.7709	17.2600
20.7620	17.2600
20.7530	17.2600
20.7441	17.2600
20.7352	17.2600
20.7262	17.2600
20.7173	17.2600
20.7084	17.2600
20.6994	17.2600
20.6994	17.2510
20.6905	17.2510
20.6816	17.2510
20.6816	17.2421
20.6637	17.2421
20.6548	17.2421
20.6458	17.2421
20.6458	17.2332
20.6369	17.2332
20.6280	17.2242
20.6190	17.2242
20.6101	17.2242
20.6101	17.2153
20.6012	17.2153
20.5922	17.2064
20.5833	17.2064
20.5744	17.2064
20.5744	17.1974
20.5654	17.1974
20.5654	17.1885
20.5565	17.1885
20.5476	17.1885
20.5386	17.1796
20.5386	17.1706
20.5297	17.1706
20.5208	17.1617
20.5208	17.1528
20.5118	17.1528
20.5118	17.1438
20.5118	17.1349
20.5029	17.1349
20.5029	17.1260
20.5029	17.1170
20.5029	17.1081
20.4940	17.0991
20.4940	17.0902
20.4850	17.0813
20.4850	17.0723
20.4850	17.0634
20.4850	17.0545
20.4850	17.0455
20.4850	17.0366
20.4850	17.0277
20.4850	17.0187
20.4850	17.0098
20.4761	17.0098
20.4761	17.0009
20.4761	16.9919
20.4672	16.9919
20.4672	16.9830
20.4672	16.9741
20.4672	16.9651
20.4672	16.9562
20.4672	16.9473
20.4672	16.9383
20.4672	16.9294
20.4672	16.9205
20.4672	16.9115
20.4672	16.9026
20.4672	16.8937
20.4672	16.8847
20.4672	16.8758
20.4672	16.8669
20.4672	16.8579
20.4672	16.8490
20.4672	16.8401
20.4672	16.8311
20.4672	16.8222
20.4672	16.8133
20.4672	16.8043
20.4672	16.7954
20.4672	16.7865
20.4672	16.7775
20.4672	16.7686
20.4672	16.7597
20.4672	16.7507
20.4672	16.7418
20.4672	16.7329
20.4672	16.7239
20.4672	16.7150
20.4672	16.7061
20.4672	16.6971
20.4672	16.6882
20.4672	16.6793
20.4672	16.6703
20.4672	16.6525
20.4672	16.6435
20.4672	16.6346
20.4672	16.6257
20.4582	16.6167
20.4582	16.6078
20.4582	16.5989
20.4493	16.5989
20.4493	16.5899
20.4493	16.5810
20.4493	16.5721
20.4404	16.5721
20.4404	16.5631
20.4314	16.5631
20.4314	16.5542
20.4314	16.5453
20.4314	16.5363
20.4225	16.5363
20.4136	16.5363
20.4136	16.5274
20.4046	16.5274
20.3957	16.5274
20.3957	16.5095
20.3868	16.5095
20.3778	16.5095
20.3778	16.5006
20.3689	16.5006
20.3689	16.4917
20.3600	16.4917
20.3600	16.4827
20.3510	16.4827
20.3421	16.4827
20.3421	16.4738
20.3332	16.4738
20.3332	16.4649
20.3242	16.4559
20.3153	16.4559
20.3064	16.4470
20.3064	16.4381
20.2974	16.4381
20.2885	16.4381
20.2885	16.4291
20.2796	16.4291
20.2706	16.4202
20.2528	16.4113
20.2528	16.4023
20.2438	16.4023
20.2349	16.4023
20.2170	16.3845
20.2081	16.3845
20.1992	16.3755
20.1992	16.3666
20.1902	16.3666
20.1902	16.3577
20.1813	16.3487
20.1813	16.3398
20.1724	16.3398
20.1724	16.3308
20.1634	16.3308
20.1634	16.3130
20.1545	16.3130
20.1456	16.3040
20.1456	16.2951
20.1456	16.2862
20.1366	16.2772
20.1277	16.2772
20.1277	16.2683
20.1277	16.2594
20.1277	16.2504
20.1277	16.2415
20.1187	16.2415
20.1187	16.2326
20.1187	16.2236
20.1187	16.2147
20.1187	16.2058
20.1187	16.1968
20.1187	16.1879
20.1187	16.1790
20.1187	16.1700
20.1187	16.1611
20.1187	16.1522
20.1187	16.1432
20.1187	16.1343
20.1187	16.1254
20.1187	16.1164
20.1187	16.1075
20.1187	16.0986
20.1187	16.0896
20.1187	16.0807
20.1187	16.0718
20.1277	16.0718
20.1277	16.0628
20.1277	16.0539
20.1277	16.0450
20.1277	16.0360
20.1277	16.0271
20.1366	16.0271
20.1366	16.0182
20.1366	16.0092
20.1366	16.0003
20.1366	15.9914
20.1456	15.9914
20.1456	15.9824
20.1456	15.9735
20.1456	15.9646
20.1456	15.9556
20.1545	15.9556
20.1545	15.9467
20.1634	15.9467
20.1634	15.9378
20.1724	15.9378
20.1813	15.9199
20.1813	15.9110
20.1902	15.9110
20.1902	15.9020
20.1992	15.9020
20.1992	15.8931
20.2081	15.8931
20.2081	15.8842
20.2170	15.8842
20.2170	15.8752
20.2170	15.8663
20.2260	15.8663
20.2260	15.8574
20.2349	15.8574
20.2349	15.8484
20.2349	15.8395
20.2349	15.8306
20.2438	15.8306
20.2438	15.8216
20.2438	15.8127
20.2528	15.8127
20.2528	15.8038
20.2528	15.7948
20.2528	15.7859
20.2617	15.7859
20.2617	15.7770
20.2617	15.7680
20.2617	15.7591
20.2617	15.7502
20.2706	15.7412
20.2706	15.7323
20.2706	15.7234
20.2706	15.7144
20.2706	15.7055
20.2706	15.6966
20.2706	15.6876
20.2706	15.6787
20.2706	15.6698
20.2706	15.6608
20.2706	15.6519
20.2796	15.6519
20.2796	15.6430
20.2796	15.6340
20.2796	15.6162
20.2796	15.6072
20.2796	15.5983
20.2796	15.5894
20.2796	15.5804
20.2796	15.5715
20.2796	15.5625
20.2796	15.5447
20.2796	15.5268
20.2796	15.5179
20.2796	15.5089
20.2796	15.4911
20.2796	15.4821
20.2885	15.4732
20.2885	15.4643
20.2885	15.4553
20.2885	15.4464
20.2885	15.4375
20.2885	15.4285
20.2885	15.4196
20.2885	15.4107
20.2885	15.4017
20.2885	15.3928
20.2885	15.3839
20.2885	15.3660
20.2885	15.3571
20.2885	15.3481
20.2885	15.3303
20.2885	15.3213
20.2885	15.3124
20.2885	15.2945
20.2885	15.2856
20.2885	15.2767
20.2885	15.2677
20.2885	15.2588
20.2885	15.2499
20.2885	15.2409
20.2885	15.2320
20.2885	15.2231
20.2885	15.2141
20.2974	15.2052
20.3064	15.2052
20.3064	15.1963
20.3064	15.1873
20.3064	15.1784
20.3064	15.1695
20.3064	15.1605
20.3153	15.1516
20.3242	15.1516
20.3242	15.1427
20.3242	15.1337
20.3242	15.1248
20.3332	15.1248
20.3332	15.1159
20.3332	15.1069
20.3421	15.1069
20.3421	15.0980
20.3421	15.0891
20.3510	15.0801
20.3510	15.0712
20.3600	15.0623
20.3600	15.0533
20.3600	15.0444
20.3600	15.0355
20.3689	15.0355
20.3689	15.0265
20.3778	15.0265
20.3778	15.0176
20.3778	15.0087
20.3778	14.9997
20.3868	14.9908
20.3868	14.9819
20.3957	14.9819
20.3957	14.9729
20.3957	14.9640
20.3957	14.9551
20.4046	14.9551
20.4046	14.9461
20.4046	14.9372
20.4136	14.9372
20.4136	14.9283
20.4136	14.9193
20.4136	14.9104
20.4136	14.9015
20.4225	14.9015
20.4314	14.9015
20.4314	14.8836
20.4404	14.8836
20.4404	14.8747
20.4493	14.8747
20.4493	14.8657
20.4582	14.8657
20.4582	14.8568
20.4672	14.8568
20.4672	14.8479
20.4761	14.8479
20.4850	14.8479
20.4850	14.8389
20.4940	14.8389
20.5029	14.8389
20.5029	14.8300
20.5118	14.8300
20.5208	14.8300
20.5297	14.8300
20.5386	14.8211
20.5386	14.8121
20.5476	14.8121
20.5565	14.8121
20.5654	14.8121
20.5744	14.8121
20.5744	14.8032
20.5833	14.8032
20.5922	14.7942
20.6012	14.7942
20.6101	14.7942
20.6101	14.7853
20.6190	14.7853
20.6280	14.7764
20.6369	14.7764
20.6458	14.7674
20.6548	14.7585
20.6637	14.7585
20.6726	14.7585
20.6726	14.7496
20.6816	14.7496
20.6816	14.7406
20.6905	14.7406
20.6994	14.7406
20.6994	14.7317
20.7084	14.7317
20.7173	14.7228
20.7262	14.7228
20.7262	14.7138
20.7352	14.7049
20.7441	14.7049
20.7530	14.7049
20.7530	14.6870
20.7620	14.6870
20.7709	14.6870
20.7709	14.6781
20.7798	14.6781
20.7798	14.6692
20.7888	14.6692
20.7888	14.6602
20.7977	14.6602
20.7977	14.6513
20.8066	14.6513
20.8066	14.6424
20.8245	14.6424
20.8245	14.6334
20.8334	14.6334
20.8424	14.6334
20.8424	14.6245
20.8513	14.6156
20.8602	14.6156
20.8692	14.6156
20.8781	14.6156
20.8870	14.6066
20.8960	14.5977
20.9049	14.5977
20.9139	14.5888
20.9139	14.5798
20.9228	14.5798
20.9317	14.5709
20.9407	14.5709
20.9407	14.5620
20.9496	14.5620
20.9585	14.5620
20.9675	14.5530
20.9675	14.5441
20.9764	14.5441
20.9853	14.5441
20.9853	14.5352
20.9943	14.5352
20.9943	14.5262
21.0032	14.5262
21.0032	14.5173
21.0121	14.5173
21.0211	14.5084
21.0300	14.4994
21.0300	14.4905
21.0389	14.4905
21.0389	14.4816
21.0479	14.4816
21.0479	14.4726
21.0568	14.4726
21.0568	14.4637
21.0568	14.4548
21.0657	14.4548
21.0657	14.4458
21.0747	14.4369
21.0747	14.4280
21.0747	14.4190
21.0836	14.4190
21.0836	14.4101
21.0925	14.4012
21.0925	14.3922
21.0925	14.3833
21.0925	14.3744
21.0925	14.3654
21.0925	14.3565
21.1015	14.3476
21.1015	14.3386
21.1015	14.3297
21.1104	14.3297
21.1104	14.3208
21.1104	14.3118
21.1193	14.3118
21.1193	14.3029
21.1193	14.2940
21.1283	14.2940
21.1283	14.2850
21.1283	14.2761
21.1372	14.2761
21.1372	14.2672
21.1372	14.2582
21.1461	14.2582
21.1461	14.2493
21.1551	14.2493
21.1640	14.2404
21.1729	14.2404
21.1729	14.2225
21.1819	14.2225
21.1908	14.2225
21.1997	14.2225
21.1997	14.2136
21.1997	14.2046
21.2087	14.2046
21.2176	14.2046
21.2176	14.1957
21.2265	14.1957
21.2355	14.1957
21.2355	14.1868
21.2444	14.1868
21.2533	14.1868
21.2533	14.1778
21.2623	14.1778
21.2712	14.1689
21.2801	14.1689
21.2891	14.1689
21.2891	14.1600
21.2980	14.1600
21.3069	14.1600
21.3159	14.1600
21.3248	14.1600
21.3337	14.1600
21.3427	14.1600
21.3516	14.1600
21.3605	14.1600
21.3695	14.1600
21.3784	14.1600
21.3873	14.1600
21.3963	14.1600
21.4052	14.1600
21.4141	14.1600
21.4231	14.1600
21.4320	14.1689
21.4409	14.1689
21.4499	14.1689
21.4588	14.1689
21.4677	14.1689
21.4677	14.1778
21.4767	14.1778
21.4856	14.1868
21.4945	14.1868
21.5035	14.1868
21.5124	14.1868
21.5213	14.1868
21.5303	14.1868
21.5392	14.1868
21.5392	14.1957
21.5481	14.1957
21.5571	14.1957
21.5660	14.1957
21.5749	14.1957
21.5839	14.1957
21.5928	14.1957
21.6017	14.1957
21.6107	14.1957
21.6196	14.1957
21.6285	14.1957
21.6375	14.1957
21.6464	14.1957
21.6643	14.1957
21.6822	14.1957
21.6911	14.1957
21.6911	14.1868
21.7000	14.1868
21.7090	14.1868
21.7179	14.1868
21.7268	14.1868
21.7268	14.1778
21.7358	14.1778
21.7447	14.1778
21.7536	14.1689
21.7626	14.1689
21.7715	14.1689
21.7804	14.1689
21.7894	14.1689
21.7894	14.1600
21.7983	14.1600
21.8072	14.1600
21.8072	14.1510
21.8162	14.1510
21.8251	14.1510
21.8340	14.1421
21.8430	14.1421
21.8519	14.1332
21.8608	14.1332
21.8698	14.1332
21.8787	14.1242
21.8787	14.1153
21.8876	14.1153
21.8966	14.1153
21.8966	14.1064
21.9055	14.0974
21.9144	14.0974
21.9144	14.0885
21.9144	14.0796
21.9144	14.0706
21.9144	14.0617
21.9144	14.0527
21.9055	14.0527
21.9055	14.0438
21.8966	14.0438
21.8876	14.0438
21.8787	14.0349
21.8787	14.0259
21.8698	14.0259
21.8608	14.0259
21.8608	14.0170
21.8519	14.0081
21.8430	14.0081
21.8430	13.9991
21.8340	13.9902
21.8251	13.9902
21.8251	13.9813
21.8162	13.9723
21.8072	13.9723
21.7983	13.9634
21.7983	13.9545
21.7894	13.9455
21.7894	13.9366
21.7804	13.9366
21.7715	13.9366
21.7715	13.9277
21.7715	13.9187
21.7626	13.9187
21.7536	13.9187
21.7536	13.9098
21.7447	13.9009
21.7358	13.9009
21.7358	13.8830
21.7179	13.8741
21.7179	13.8651
21.7179	13.8562
21.7090	13.8562
21.7090	13.8473
21.7000	13.8473
21.7000	13.8383
21.6822	13.8294
21.6822	13.8205
21.6732	13.8115
21.6643	13.7937
21.6643	13.7847
21.6553	13.7758
21.6464	13.7669
21.6464	13.7579
21.6464	13.7490
21.6464	13.7401
21.6375	13.7401
21.6375	13.7311
21.6375	13.7222
21.6285	13.7222
21.6285	13.7133
21.6285	13.7043
21.6285	13.6954
21.6285	13.6865
21.6285	13.6775
21.6196	13.6775
21.6196	13.6686
21.6196	13.6597
21.6196	13.6507
21.6107	13.6507
21.6107	13.6418
21.6107	13.6329
21.6107	13.6239
21.6107	13.6150
21.6107	13.6061
21.6107	13.5971
21.6107	13.5882
21.6107	13.5793
21.6107	13.5703
21.6107	13.5614
21.6107	13.5525
21.6107	13.5435
21.6107	13.5346
21.6107	13.5257
21.6107	13.5167
21.6107	13.5078
21.6107	13.4989
21.6107	13.4899
21.6107	13.4810
21.6107	13.4721
21.6107	13.4631
21.6107	13.4542
21.6107	13.4453
21.6107	13.4363
21.6107	13.4274
21.6107	13.4185
21.6107	13.4095
21.6107	13.4006
21.6107	13.3917
21.6107	13.3827
21.6107	13.3738
21.6107	13.3649
21.6107	13.3559
21.6107	13.3470
21.6107	13.3381
21.6107	13.3291
21.6107	13.3202
21.6107	13.3113
21.6107	13.3023
21.6107	13.2934
21.6107	13.2844
21.6107	13.2755
21.6107	13.2666
21.6107	13.2576
21.6107	13.2487
21.6107	13.2398
21.6107	13.2308
21.6107	13.2219
21.6107	13.2130
21.6107	13.2040
21.6196	13.2040
21.6196	13.1951
21.6196	13.1862
21.6285	13.1862
21.6285	13.1683
21.6285	13.1594
21.6285	13.1504
21.6375	13.1415
21.6375	13.1326
21.6375	13.1236
21.6375	13.1147
21.6464	13.1147
21.6464	13.1058
21.6464	13.0968
21.6464	13.0879
21.6464	13.0790
21.6464	13.0700
21.6464	13.0611
21.6464	13.0522
21.6464	13.0432
21.6464	13.0343
21.6464	13.0254
21.6464	13.0164
21.6464	13.0075
21.6464	12.9986
21.6464	12.9896
21.6464	12.9807
21.6464	12.9718
21.6464	12.9628
21.6464	12.9539
21.6464	12.9450
21.6464	12.9360
21.6464	12.9271
21.6375	12.9182
21.6375	12.9092
21.6375	12.9003
21.6375	12.8914
21.6375	12.8824
21.6285	12.8824
21.6285	12.8735
21.6285	12.8646
21.6285	12.8556
21.6285	12.8467
21.6285	12.8378
21.6196	12.8288
21.6196	12.8199
21.6107	12.8110
21.6107	12.8020
21.6107	12.7931
21.6107	12.7842
21.6107	12.7752
21.6017	12.7752
21.6017	12.7663
21.6017	12.7574
21.6017	12.7484
21.5928	12.7484
21.5928	12.7395
21.5928	12.7306
21.5928	12.7216
21.5928	12.7127
21.5928	12.7038
21.5928	12.6948
21.5928	12.6859
21.5928	12.6770
21.5928	12.6680
21.5928	12.6591
21.5928	12.6502
21.5928	12.6412
21.5928	12.6323
21.5928	12.6234
21.5928	12.6144
21.5928	12.6055
21.5928	12.5966
21.5928	12.5876
21.6017	12.5876
21.6017	12.5787
21.6107	12.5787
21.6107	12.5698
21.6107	12.5608
21.6107	12.5519
21.6107	12.5430
21.6196	12.5430
21.6285	12.5340
21.6285	12.5251
21.6375	12.5251
21.6375	12.5161
21.6464	12.5072
21.6464	12.4983
21.6553	12.4983
21.6553	12.4893
21.6643	12.4893
21.6643	12.4804
21.6643	12.4715
21.6732	12.4715
21.6822	12.4715
21.6822	12.4625
21.6822	12.4536
21.6911	12.4536
21.6911	12.4447
21.7000	12.4447
21.7090	12.4357
21.7179	12.4268
21.7179	12.4179
21.7268	12.4179
21.7358	12.4179
21.7358	12.4089
21.7358	12.4000
21.7447	12.4000
21.7536	12.4000
21.7536	12.3911
21.7626	12.3821
21.7715	12.3821
21.7715	12.3732
21.7804	12.3732
21.7804	12.3643
21.7894	12.3643
21.7894	12.3553
21.7894	12.3464
21.7983	12.3464
21.8072	12.3464
21.8072	12.3375
21.8072	12.3285
21.8162	12.3285
21.8251	12.3285
21.8251	12.3196
21.8251	12.3107
21.8340	12.3107
21.8340	12.3017
21.8430	12.2928
21.8430	12.2839
21.8430	12.2749
21.8519	12.2749
21.8519	12.2660
21.8608	12.2571
21.8608	12.2481
21.8608	12.2392
21.8608	12.2303
21.8608	12.2213
21.8698	12.2213
21.8698	12.2124
21.8698	12.2035
21.8787	12.2035
21.8787	12.1945
21.8787	12.1856
21.8787	12.1767
21.8787	12.1677
21.8787	12.1588
21.8787	12.1499
21.8787	12.1409
21.8787	12.1320
21.8787	12.1231
21.8787	12.1141
21.8787	12.1052
21.8876	12.0963
21.8876	12.0784
21.8876	12.0695
21.8876	12.0605
21.8966	12.0516
21.8966	12.0427
21.8966	12.0248
21.8966	12.0159
21.8966	12.0069
21.8966	11.9980
21.8966	11.9891
21.8966	11.9801
21.9055	11.9712
21.9055	11.9623
21.9055	11.9533
21.9055	11.9444
21.9055	11.9355
21.9055	11.9265
21.9055	11.9176
21.9144	11.9087
21.9144	11.8997
21.9144	11.8908
21.9144	11.8819
21.9144	11.8729
21.9144	11.8640
21.9144	11.8551
21.9144	11.8461
21.9144	11.8372
21.9144	11.8283
21.9144	11.8104
21.9234	11.8104
21.9234	11.8015
21.9234	11.7925
21.9234	11.7836
21.9234	11.7746
21.9234	11.7657
21.9323	11.7657
21.9323	11.7568
21.9323	11.7478
21.9323	11.7389
21.9323	11.7300
21.9323	11.7210
21.9412	11.7210
21.9412	11.7032
21.9502	11.7032
21.9502	11.6942
21.9502	11.6853
21.9502	11.6764
21.9502	11.6674
21.9591	11.6674
21.9591	11.6585
21.9591	11.6496
21.9680	11.6406
21.9680	11.6317
21.9770	11.6317
21.9770	11.6228
21.9770	11.6138
21.9859	11.6138
21.9859	11.5960
21.9859	11.5870
21.9859	11.5781
21.9948	11.5781
22.0038	11.5692
22.0038	11.5602
22.0038	11.5513
22.0038	11.5424
22.0038	11.5334
22.0038	11.5245
22.0038	11.5156
22.0038	11.5066
22.0038	11.4977
22.0038	11.4888
22.0038	11.4798
22.0038	11.4709
22.0038	11.4620
22.0038	11.4530
22.0038	11.4441
22.0038	11.4352
22.0038	11.4262
22.0038	11.4173
22.0038	11.4084
22.0038	11.3994
22.0038	11.3905
22.0038	11.3816
22.0038	11.3726
22.0038	11.3637
21.9948	11.3637
21.9948	11.3548
21.9948	11.3458
21.9948	11.3369
21.9948	11.3280
21.9948	11.3190
21.9948	11.3101
21.9859	11.3101
21.9859	11.2922
21.9859	11.2833
21.9859	11.2744
21.9859	11.2654
21.9859	11.2565
21.9859	11.2476
21.9859	11.2386
21.9770	11.2297
21.9770	11.2208
21.9770	11.2029
21.9680	11.1940
21.9680	11.1850
21.9680	11.1761
21.9680	11.1672
21.9680	11.1493
21.9680	11.1404
21.9680	11.1314
21.9680	11.1225
21.9680	11.1136
21.9680	11.0957
21.9680	11.0868
21.9680	11.0778
21.9680	11.0689
21.9680	11.0510
21.9859	11.0332
21.9859	11.0242
21.9859	11.0153
21.9948	11.0063
22.0038	10.9974
22.0038	10.9885
22.0038	10.9795
22.0038	10.9706
22.0127	10.9706
22.0216	10.9527
22.0216	10.9438
22.0216	10.9349
22.0216	10.9259
22.0306	10.9259
22.0306	10.9170
22.0306	10.9081
22.0306	10.8991
22.0395	10.8991
22.0395	10.8902
22.0395	10.8813
22.0395	10.8723
22.0395	10.8634
22.0484	10.8545
22.0484	10.8455
22.0484	10.8366
22.0484	10.8277
22.0574	10.8277
22.0574	10.8187
22.0574	10.8098
22.0574	10.8009
22.0574	10.7919
22.0574	10.7830
22.0663	10.7830
22.0752	10.7741
22.0752	10.7651
22.0752	10.7562
22.0842	10.7562
22.0842	10.7473
22.0931	10.7473
22.0931	10.7383
22.1020	10.7383
22.1110	10.7383
22.1110	10.7294
22.1199	10.7294
22.1288	10.7294
22.1378	10.7294
22.1467	10.7294
22.1556	10.7294
